76822
50772
31565
48074
74356
42250
2551
15801
64532
15340
81826
26372
42321
34694
55263
5210
69705
57756
10039
42263
42204
17310
63667
27724
7171
2453
80611
12153
55701
58332
34824
44947
2859
8132
72302
69468
71141
64064
67256
64479
37886
14078
38509
33156
6946
19732
9937
63816
52964
54975
54062
44991
9668
1839
85097
18934
40888
63681
79253
41643
18756
2382
38287
69228
33384
22228
59952
4512
24152
47998
23876
536
71028
66890
28451
41774
26987
38462
58007
16684
68190
74808
27342
12415
10705
34544
64343
6348
66324
44805
17349
42249
71364
72849
86739
29390
76151
77866
43101
79098
55605
82032
37921
3130
17920
411
118
78594
82145
23488
7331
40851
30342
9351
17872
59201
16632
78832
56936
58387
18046
34091
31157
84850
85963
84515
21018
6735
56789
18258
67567
35679
54547
44581
87309
36315
81576
28589
69012
88214
22017
6907
19373
13226
52331
77185
22086
32026
64965
69945
35320
70490
20774
74964
13668
65315
63397
30634
69707
57064
44267
52831
48100
7816
66329
39776
52314
57937
15688
73612
60282
64518
37267
69170
81862
6751
29412
87767
33299
36191
12711
3256
83024
70770
63028
65566
37544
1101
71222
39687
29337
25279
20060
6869
51681
2012
42637
64554
21633
29796
68495
18177
85882
58869
42009
85214
9115
34889
13640
16988
35305
81725
26850
12236
86150
21534
81798
74465
6170
42718
26016
70749
33475
55591
70779
52318
63201
56067
16018
52437
28170
431
27944
40761
35202
8044
73928
19450
85180
16659
37010
76700
83329
75183
52358
25183
13575
78570
24190
7678
58699
59175
4744
73866
47961
69726
80568
10696
18205
25005
24500
76182
76062
43733
15411
21419
18950
77881
57116
78849
54030
84520
82671
48000
87111
39103
77921
70570
22519
34934
44738
35598
12925
75090
81932
6610
7168
79988
19609
15609
67029
76551
5627
31274
41615
2106
57350
244
79080
21462
425
30090
80148
66043
44170
46166
62180
15461
29615
20714
65198
21599
28389
65424
44231
1721
41765
3821
47805
32315
71752
81203
3786
46670
18274
75397
72462
48616
17779
24742
51906
27861
39391
25587
40613
73517
67201
60287
63468
34629
42603
5733
7889
26844
22009
45940
5123
51029
83854
17674
15278
66966
66999
13472
7902
69193
7827
68934
69345
38499
13915
2252
27897
40590
40067
18268
15287
44569
37187
70252
81128
71467
2722
8173
64659
53736
64884
41963
54487
64229
85266
26113
11647
27390
20425
61537
16868
54273
33343
84460
40938
16993
44960
78027
36598
18047
47404
3097
54904
19161
51609
87166
37762
80039
38220
26253
66538
67577
33997
54157
81121
59180
56212
46028
75100
67605
27507
46582
45962
35605
75769
69197
72626
86346
85080
42753
81352
72454
3010
25759
32554
40129
54079
5015
37816
87746
32060
10784
41016
87002
21902
47918
30021
78009
29674
25901
9465
56563
59943
9369
10092
18354
78183
11154
4727
55426
17537
24610
58498
59234
85160
43203
23809
4870
76344
80129
3714
76073
8739
80744
17636
60084
39987
81347
4335
43097
75539
46357
61581
53615
22973
7320
22566
13377
8109
3186
75084
43986
75504
10732
67227
59418
79462
78871
13304
30239
76039
2480
21994
24432
51814
1559
19202
83385
57084
30707
73548
826
54286
85733
25843
42330
78755
14715
29111
32464
3528
58011
11471
50829
32675
26026
25158
73583
74045
47146
47656
30176
63756
32898
3704
81014
34577
40050
25299
47437
30572
43373
200
26342
74478
46579
40781
67623
37662
47796
74769
52723
19815
74786
67847
56250
65925
23587
54801
13814
47283
70255
55333
15479
13760
15108
8321
62076
58194
27855
75554
40795
66473
79271
12022
33521
67136
62314
36607
68512
78608
41779
34970
41334
55655
35833
53130
21801
24423
18164
14619
7880
55545
67013
63198
64577
24902
6221
50801
75065
14561
77515
1234
40411
86367
4924
56166
62130
86933
19188
74357
75523
57792
8308
53825
54275
2262
48414
42425
9995
22509
78317
67728
55688
46790
24512
37064
72009
22916
81831
74618
47976
50155
74770
69151
75443
35588
25114
57437
33099
8771
27183
3232
73031
5405
54033
62093
56734
20835
4900
9329
84957
54352
77776
38989
77896
42106
14747
7064
49226
16362
61699
3877
9406
25347
52913
18389
79061
58197
87409
27011
84370
61410
61578
66171
51756
66261
79911
13228
87692
63603
9968
74004
20782
3185
71564
44812
11872
13241
66847
49256
56073
16015
48811
65462
41243
66052
33643
46785
60168
16138
30054
67615
14876
33440
2244
68025
20891
53031
14947
64136
75803
30888
16296
11752
86614
2837
83518
49422
81650
65550
16522
49280
10010
81160
81446
6599
609
5486
1828
73413
26217
39405
14637
8036
19152
64252
45162
40847
38204
76799
71112
65770
54923
61092
16070
27437
22338
86977
57062
14145
65351
21174
26078
22232
41200
22746
25189
38752
78925
71291
39065
28969
53584
53013
8824
24445
49926
62418
85099
25241
49184
22215
49975
67442
52557
33398
80589
19283
38398
37824
54325
8257
42756
58581
34622
54388
83545
53360
32496
16619
10417
43214
51034
81843
79806
72953
67216
12533
4145
57977
75026
30946
63636
30998
68054
79767
77566
86935
50364
27557
66711
72890
65885
38099
50608
6471
58202
33523
31346
45436
76719
13494
71602
19811
24853
6859
48514
88318
32879
7417
47702
40747
73142
64073
65296
44699
55596
56110
31098
65181
72819
26324
35813
35974
9047
81049
6449
2346
39579
38329
584
79012
73107
10508
65791
72853
5451
24901
84577
46505
63308
87509
8992
49113
70693
79071
62772
4382
75748
53684
11984
16206
20895
39296
9615
31954
48046
21750
69218
49845
32949
45616
76806
30235
29056
76321
7014
75009
87305
54450
14998
44579
80182
3716
46290
82240
6790
56782
3959
59712
14442
10764
58225
86172
13172
36592
42959
45789
22837
72209
22192
66597
4689
7734
21508
45242
1655
72130
53821
1525
69314
68689
87334
78533
1280
141
68676
79840
54854
35465
2984
85319
1108
34888
23118
79082
61440
11559
24328
36126
43243
6146
53552
77525
74136
28395
76296
41319
53593
83242
9630
10500
28003
27327
35794
42739
23270
66295
80026
81850
4517
39632
38045
81748
56126
21041
48580
29361
19080
38846
7974
44259
76564
31281
70632
4536
17046
56635
26535
18538
27891
11578
2187
84488
62553
17490
34819
86748
57752
39642
46813
86664
27385
85159
64851
71025
61620
2248
57789
37011
5994
5413
22852
23662
24291
65207
62306
66574
58915
18390
62936
63935
19692
22173
54176
56238
26760
55777
11859
51891
68641
36090
49008
6130
20270
57480
58949
5686
18383
75532
21981
49907
22681
17591
68400
54964
80533
83618
52438
72236
19179
15020
17478
33034
14783
14498
22913
43141
28894
78128
76254
68975
80619
64423
81547
75334
57904
4487
12156
6539
50483
55108
39258
12207
79646
3070
27835
62785
16820
18905
49662
83050
60370
34841
47921
48942
10934
52855
61212
67526
78417
29402
12176
8006
35352
81448
75152
73150
74574
85892
18357
62975
15636
78872
12148
40514
15948
31238
4602
32672
32783
42526
83034
18812
76580
27769
9789
30670
37103
80461
68523
62903
42519
84230
4379
1147
27256
63765
6336
3633
82580
7548
24639
40543
50696
77531
65136
39222
17479
68878
9287
79407
24107
4055
61407
16251
82565
11439
44827
19840
20974
65843
946
67498
71648
2672
185
25784
43943
16885
21134
50664
25402
41728
44764
29536
64132
59730
10385
50240
14192
43552
81619
70422
41125
25497
10679
69004
64244
9453
77267
60174
68143
48662
73270
21094
57311
66850
11590
17460
78707
32606
32826
87833
74297
81035
11835
12709
52423
53335
79301
21965
28205
12470
14787
76491
32474
31169
83877
70507
65872
53824
4801
70604
39811
16148
32858
567
18437
51375
14844
27262
70860
35114
53591
85947
12712
16094
67869
73751
19798
46187
79579
43289
62670
39368
78473
3242
10143
57921
29212
23650
68474
17110
2524
45273
27185
41811
35519
71107
31059
86116
33626
14821
77938
2936
1021
67078
17218
77476
36665
73169
7867
67878
22400
87790
53948
66854
24682
28294
27014
52905
66872
910
39144
62359
59567
10514
51543
80689
38913
68577
54454
40405
78329
9325
61006
7190
23196
8752
2438
70935
80421
52841
11729
33994
87610
47554
47797
397
791
61231
34994
41735
27393
61395
37420
17281
88181
31185
50095
34594
68619
78955
83996
28225
76106
24448
16669
20003
72718
1301
48665
15687
65297
39196
64597
85876
40925
67952
36011
38386
33476
69447
66947
34145
8058
59453
74959
37236
16122
15191
33855
35463
82698
37661
2687
34752
28632
50621
57801
78035
1033
70151
52025
16890
77262
9873
16125
29787
84142
38037
22412
30577
73284
26008
49734
24476
43475
23037
80418
74407
27135
2681
11923
52184
18491
61645
69981
87824
13419
41059
8625
42644
19215
15056
21127
74523
37540
79183
21096
82019
41302
17685
55343
30482
45396
63150
77290
15529
65291
63901
28532
26528
46942
939
76726
28718
61100
6681
70763
371
72065
70256
58074
60803
82392
20198
46352
41670
57628
21768
26292
80103
83158
41070
76697
38559
9662
42652
57678
2057
4029
60404
13965
20634
54582
23979
49366
45722
53107
13090
67426
5831
70849
53066
79202
30767
51185
67565
5821
86608
29306
21686
70131
23931
68167
54110
84498
9890
12439
6350
2784
26977
64849
64169
40921
33357
12958
33044
47707
70650
63027
24175
15571
60476
29205
61004
83125
14869
6760
11593
61668
21300
48915
53570
24916
780
79957
49174
47314
17881
73430
19390
38259
78794
24216
22127
21866
75833
79674
57826
34836
47108
71006
82039
9916
32846
51959
28364
24344
33277
26406
80495
20331
77723
67714
19186
55460
24983
51740
28715
43632
24187
23188
57719
69342
25146
64295
55510
29329
16369
16721
55092
85161
11775
54508
48620
30649
81172
82425
43216
948
43680
44566
8871
26157
33640
54738
8100
34021
73816
83176
74673
8641
75406
48055
66829
49687
47790
69402
71802
31342
71323
7841
25919
22325
33867
35088
12771
11284
68976
820
38460
49176
37133
50639
12969
88125
31227
74151
15188
19751
29239
37792
22042
85422
34446
71839
19371
39310
28462
33840
28508
19143
1039
74324
32804
54596
44507
69630
9451
49408
62195
67101
43932
28066
28192
3586
82771
10033
58090
83843
47730
15285
77039
13881
13027
8929
65365
54572
11988
41076
76465
18974
75668
71817
57440
34565
75481
84934
53639
18216
23554
46387
10760
75498
80161
69262
70790
11822
42544
60433
66419
39414
62392
12650
40386
1052
73710
3317
13838
28962
71207
2874
2081
59411
39363
59222
87982
62981
24700
32721
37800
23942
62656
53049
16297
26821
54082
9928
44161
12717
48162
65067
47891
26668
51727
67938
60584
87481
19452
66798
63890
22235
13560
7071
44342
37186
86016
5334
32544
84289
82954
72025
66318
3077
66883
30273
12814
71099
23434
30144
14191
20202
43372
46291
47667
4936
69235
27365
77423
64195
12247
56486
76473
63005
31896
34002
64299
66136
25062
44681
19018
39123
37807
23580
36150
57912
77550
43124
48451
19082
64989
21334
88176
30495
46046
31512
9420
67359
87348
35339
30011
40629
59395
53061
59206
19981
31278
61909
26453
51834
17328
26560
30662
79461
8613
4687
27412
64257
64376
12071
1283
67685
15214
31630
36778
21916
68629
42534
13596
52923
3477
33486
62525
49607
9547
40465
17902
51683
44893
18181
50187
78433
81154
54769
11099
14979
66443
78016
64961
36137
27138
17717
82100
62668
83459
22648
26632
57785
74336
14010
27609
20114
77349
79570
49891
83267
18465
50657
26986
64337
26806
14706
43883
48728
13910
87802
15027
38416
27761
13743
7695
33391
47302
37925
18203
41957
34232
49754
65787
58552
7388
47063
58816
68838
10396
8152
55703
17468
88097
64114
85014
18314
41203
51556
14575
7204
59797
6951
57404
2744
50312
83164
6438
59670
21027
34085
26134
48656
25359
31996
7074
17632
62919
31165
2343
33491
52912
58488
58814
36456
1812
10272
81137
62716
71821
382
15781
5259
52778
43026
23873
9877
17026
25722
73941
7422
70688
18662
73863
52691
77696
61199
1654
84583
70517
15570
23986
42784
69714
70535
25199
82532
58684
57760
29281
54481
4181
75247
9608
30975
72839
77640
26105
41157
68732
68847
76668
66879
33611
25847
14285
47970
1247
66248
58395
30140
64688
85566
24812
46865
4850
61738
61390
68793
18267
398
55566
43982
46781
61741
21485
11667
13807
45795
76730
8584
14210
48271
51712
27585
35641
47356
40843
64748
45604
68968
82502
211
67890
24731
76021
25200
48696
73168
45247
29453
38725
34407
46285
56896
23232
75615
82129
36689
19790
63149
23840
5902
13492
86063
69102
12945
48252
73304
29664
78415
35413
27928
8423
67984
14459
46916
29679
73948
40923
23526
72224
48791
52929
6043
53582
22176
14389
1479
43509
59666
84538
6873
5504
4608
85617
22300
65381
6343
25220
29504
36289
19299
38735
31890
71217
80095
60650
83779
88083
6298
85693
30773
64972
62993
53193
40073
80308
85224
86104
12248
1800
86535
45490
35131
23982
80895
60069
41831
38861
68430
39205
76196
69259
34169
77401
8952
23584
55772
63905
74609
14223
77620
65445
40158
35307
76897
62930
62029
52067
24435
28141
73491
74615
58420
70664
44444
62695
70587
73029
15115
22342
5969
12090
20138
46993
67486
34519
31125
61598
196
47425
52111
46001
45231
49317
74780
65693
12947
9169
68118
86018
49337
34206
29833
55384
81033
31384
17389
29652
18294
67598
42409
17450
82680
12374
58368
27154
63317
60258
37269
81695
55668
39580
39311
78476
34264
20718
17196
10090
17847
68983
18893
27602
43995
18782
21703
9504
48370
16384
38184
79678
29254
17275
72501
73917
10415
62642
68092
84180
13967
79709
53106
12848
2298
65388
26980
26024
34931
73743
37665
25522
17606
28729
46842
58753
47714
82106
43638
30807
17177
47912
56712
82264
23848
70096
65678
66177
58364
68543
34909
87485
17303
24713
21346
24513
30823
35464
42994
60927
73359
61144
44244
20866
44004
75036
70203
74908
65004
30033
13282
18202
56530
33442
84405
31154
44525
57571
12699
7927
34363
5595
86451
35113
76367
86236
74026
61082
21612
32287
85252
74277
1202
63373
54910
19325
25795
8702
70031
71770
46210
1336
29698
62429
2151
9479
7311
43557
24378
78023
64602
59520
39162
45342
71969
45779
47234
27228
57928
6325
43303
10146
55511
15861
45809
37421
73147
3402
19167
85500
77681
15677
7829
66631
68677
77909
80071
72311
30485
27019
9942
77984
34176
70106
57056
23561
2025
75620
509
75248
28573
11948
28407
4047
12775
86745
41729
18597
42995
85296
76587
28604
49545
11543
79981
31241
53976
1910
83247
54924
77544
38502
7743
80377
60588
85578
75141
69167
7404
24134
51605
33128
3571
24674
20208
46850
78353
31218
8740
44238
53685
34311
334
72207
36220
13913
49936
5904
63758
41767
65338
84842
84083
22446
54817
20650
27910
36552
30138
72382
44610
966
38477
56187
1121
79124
14553
77347
59515
55587
36670
85150
42007
14859
83316
53241
15791
39182
79147
7821
27181
84018
35074
64496
69593
26675
42478
36697
5748
34487
22680
46663
75812
602
57683
60993
40420
54429
53897
40303
46849
56421
67520
11666
21959
16981
24257
24138
49143
58464
35829
64484
42635
6168
50972
71541
52773
49817
66915
27943
3164
54781
20004
56441
27611
7070
29975
80184
73989
21328
20303
46284
29323
57182
80812
2227
7583
1784
71915
83952
35099
15357
20055
56349
19377
40883
59931
75279
20726
150
81044
47858
33858
26198
71603
3708
37486
85734
48673
77892
84433
69115
14545
82412
31214
63664
74100
82143
48133
40329
53029
87141
51713
32328
64440
60572
22495
57911
32633
40679
86128
18230
18471
4576
39656
46808
20642
9578
83860
53922
41646
35427
37981
81380
67270
36570
18236
20631
73965
57579
85029
77870
86377
25945
66932
12816
27450
6898
41230
57493
84218
87816
65500
38429
7705
9480
65295
40770
50880
15981
44219
83383
56538
58149
69584
74599
8887
71884
66892
4836
87598
10393
67065
73017
23356
37248
54917
1715
17511
34328
24482
3254
63209
19410
33469
12643
65113
15705
11239
15966
56912
37264
71209
61897
28785
825
14444
8231
70182
46093
2149
87623
83489
14244
36627
87888
16072
6411
53727
62437
49161
51562
87852
51323
24478
66219
13592
24838
71023
19070
15885
81373
41394
48622
57743
64383
66370
77745
39237
6005
47848
14754
83508
47296
79047
80664
22331
47853
6813
70481
66515
49154
83017
22371
27357
13351
61382
72050
82804
8031
76983
43105
70799
13920
14773
24227
65200
66379
2490
687
20967
26446
34290
66276
19599
86649
80036
7866
71341
50627
11092
11517
82751
70698
61756
64259
87483
3435
57940
25333
184
41044
4624
48049
1973
27420
36557
36399
37156
24468
20979
13927
52911
65886
2661
48154
85808
9282
54857
4411
11219
57402
4676
35102
38783
59312
84489
87354
23664
82622
20550
11674
86409
31516
40132
51133
38265
26624
23807
4837
65845
59748
46547
66958
61925
62210
6272
62216
56109
64092
4100
15826
83500
54754
27695
40286
2783
34581
59898
66336
76429
42924
17997
36979
80179
36536
14526
27448
36401
11592
47186
53880
88112
1371
161
13889
4323
62795
72761
67411
14940
37876
63370
64895
77845
38136
73645
39362
56076
26914
40936
38680
39232
85217
53771
33826
74299
50863
25433
68970
78256
82026
45998
63306
57805
5677
74037
17904
48161
87256
38491
79155
37196
73584
14598
63782
71551
86493
66259
85543
61760
63087
22168
19681
59119
38630
37922
36924
55228
38643
56482
41943
65641
41930
47744
63780
61544
79843
54522
75848
35119
76865
63177
78167
26563
40008
42179
60877
56631
61796
14092
76845
35883
3336
23824
19990
59711
29557
66572
6586
69687
6016
55453
65156
85837
57742
44054
61584
5461
3107
61712
10470
43256
20611
32566
10165
14677
18996
59612
13261
27457
52959
38923
22677
12500
52780
56163
70929
44361
29863
72985
76636
76650
46560
9085
74058
62951
32310
29894
55287
13182
53293
63292
931
5174
36738
25106
65562
19970
54050
17518
9737
22898
500
74018
86021
62920
4780
81863
33205
47589
61794
7714
37867
4782
75658
12572
36906
63569
49014
56708
77637
35083
4450
64960
19669
33066
6971
82448
14385
81898
82163
69049
39745
43553
44394
49290
78930
67058
5779
68222
16267
22918
37667
27494
24440
8184
76164
44079
62116
57663
60245
50322
70250
62479
81582
32033
25949
15012
5989
16531
45408
10883
70010
2236
33677
8223
51311
66558
85478
81170
55314
9716
65306
58189
56549
36566
83966
51706
10065
82770
75193
72976
23002
79750
2198
61209
47962
43273
86070
1785
46370
28885
58733
41105
77354
19861
35207
78420
59948
81732
51381
81928
4280
85366
70887
80146
19950
68634
33674
34444
71731
73297
78272
84025
22164
83793
15467
4461
14977
85272
39249
58051
31775
41031
22739
22818
34831
37278
47153
52812
47507
2753
44703
47171
53129
59577
34758
58040
31505
20294
86527
19670
76200
30336
37247
68367
29000
73687
53995
42748
1146
8884
72989
61388
60182
65426
37747
63587
54065
83217
32760
52203
68296
30659
40227
77040
55497
66708
5250
28137
7589
22323
12536
56569
56834
29290
30524
28869
47720
3104
54090
47311
1122
42787
87460
79978
40305
64493
31046
19587
86794
36663
71330
42051
35879
24884
51602
48345
72722
77230
80820
21573
4269
25016
49655
10586
35676
17181
68937
48512
14863
30323
38566
28860
73904
30710
30006
73106
35690
56111
42553
10131
13523
72277
32094
55265
65511
5914
55622
70853
23324
61473
7649
51664
20886
79043
9066
41976
33237
78365
81145
69692
7684
57481
45397
29767
8070
67717
75609
70859
55915
56234
46743
29301
47881
44003
29522
88222
78564
53913
83226
76553
48443
13912
74823
14582
29468
47012
73171
35021
20696
17205
17849
28161
71254
61539
61599
40234
60173
60
33594
14595
57046
43793
27587
67129
44074
51223
32650
5358
86144
49319
15612
71161
23850
51627
51638
24374
84508
22273
37249
12907
17139
11407
11950
49268
934
13337
51548
66366
52675
85572
11849
85362
24035
42740
44352
2616
38046
81739
48507
8726
64655
82588
15940
65990
22501
31738
37890
12442
66625
67315
22294
63978
12681
2441
16075
87537
20877
16314
18623
60811
44341
68694
51787
59114
49760
40687
41880
37060
9275
83264
71628
37541
83431
33377
67822
14502
38510
36863
23056
61213
86317
83591
47558
26162
65265
1484
20456
37498
40980
71281
69308
16227
34673
77496
802
50003
9894
44523
75798
40604
75257
13515
10030
52483
87426
81591
57095
41468
66781
70050
77647
22004
24354
71656
68520
69873
64319
19489
81008
80636
74482
60434
40730
33872
13602
33622
9174
42664
56370
71069
51396
47372
41295
38533
50893
63137
27272
943
69394
40852
53873
70392
62453
25617
42366
81753
12032
52250
24256
23306
33869
63212
54860
40660
33788
39204
56798
84595
51914
2499
3684
27101
68718
15480
75414
56184
77025
73131
48144
13986
70933
40892
65753
20699
65475
85955
29351
1634
49206
19011
77873
80035
76554
42558
85146
57614
48301
19021
5581
12857
39409
56391
5009
75457
82615
776
60386
43958
57509
67836
68832
39531
18601
38629
32044
49705
71183
81562
16005
2541
24311
80835
36242
80207
50403
19067
38363
52014
62699
73434
43358
2688
79422
54432
15849
64256
61817
4688
13189
31742
45744
40650
59557
17183
16002
58445
68352
23455
18775
32463
40051
32938
73180
82173
63109
13395
76705
71369
39136
8642
7252
1578
35480
8216
63225
76695
81785
25480
29809
2383
77000
73190
47660
59141
49854
10188
45283
328
5308
72296
36931
45013
21546
37309
67560
84568
21613
32467
55165
16253
32528
65960
81638
7184
25108
15061
25988
17187
8588
87857
52752
62499
17454
2222
19066
59620
81988
86654
53487
61448
87986
43942
44896
11885
49563
8910
84663
64746
23401
57552
9604
51679
5378
84635
4144
18997
31941
33932
11945
63743
58114
1496
64166
56845
5262
55254
49904
38703
34939
25290
279
52783
49177
46814
85902
16593
70880
53167
4586
5251
69600
30261
24386
64865
66687
76365
78290
50015
78865
19398
44655
37231
16145
3910
33482
26046
32237
23144
23698
208
78446
71749
25100
57880
87186
40079
3062
39698
86820
42809
17094
56897
317
50750
31618
16797
60091
53454
61732
34982
614
76923
20436
32926
34974
64210
66686
47053
83962
61744
78896
78601
55896
1893
65159
63427
25105
25859
10875
47497
25432
27289
32160
66724
7845
50256
8970
81254
58852
50531
75596
34173
83070
33884
76952
60515
47653
77187
30857
62435
2240
11386
3938
54676
37752
59636
81683
45583
47959
22761
41743
84004
23889
66280
29094
30121
69881
14322
64125
81553
80109
87681
1046
83915
16192
10905
35257
30573
49316
83402
78643
4739
59264
34808
75295
81041
45200
8329
66267
33638
63199
14065
39451
49134
60878
12647
2482
13759
48916
68250
30638
64779
14948
28745
87682
78145
74248
50872
15044
9629
42177
18305
5729
63413
12145
21738
68311
78449
9565
9253
82733
56275
8233
9782
75929
44596
27670
76736
30831
65346
62502
70022
67816
54946
10487
20227
10755
16630
59298
51077
72759
52382
78260
6490
68105
60713
68432
66866
20864
53285
50510
8942
50830
44744
32489
65017
80285
8827
87533
85645
5131
43640
1024
30022
74280
43139
3033
80934
29978
26444
49943
83260
49300
62967
22742
23471
51592
82798
2991
21474
27621
83923
18731
4544
73914
55469
47192
44785
51094
4082
2667
19097
27204
33378
87860
41082
26417
76735
63113
79940
26321
72688
46421
5060
43341
56383
38347
77607
19378
23243
43679
28498
60445
88105
4818
44369
83060
7029
31375
25731
29958
22364
33312
43783
31892
65625
24232
78144
2280
16141
26393
79274
51802
34809
16775
34973
48879
3507
60294
42888
80557
59766
10481
33981
43776
25431
62393
68056
49391
82422
66900
54163
80186
65840
9178
79166
31421
69842
59215
57722
43138
76919
20641
26143
5600
86865
23649
47717
1894
49666
84976
57319
31112
73618
87711
83415
7564
56041
42512
46799
59137
83525
85000
86278
75570
71825
77977
26128
23592
57443
3047
17001
17084
17312
76502
4112
44834
57633
43588
61489
38249
24028
68110
28697
54117
17202
75683
5858
10497
58344
61333
62131
2574
13902
47838
74497
60667
51511
51666
66281
1831
54334
4657
63302
9387
82980
5194
23513
23060
34653
65108
32708
1901
29567
65646
9297
1954
70341
84765
72153
64347
15078
20920
20411
25471
18253
32649
50957
62768
81511
73401
51741
82596
47823
4539
6936
67597
2925
71703
6330
78219
55449
19308
56231
71747
37798
87710
77418
20131
11638
40895
33736
22904
52046
81566
73389
83615
6223
36478
39981
79553
38296
68527
66526
3019
85852
33308
34610
34962
45311
18417
15382
8535
48029
66855
73660
8078
57037
3137
40221
51969
19780
24455
87355
15468
16449
32916
78494
16062
38123
43211
43526
8358
77108
12539
35028
4916
10106
77022
72237
24633
77259
11056
29515
56428
40395
51865
65934
62907
8856
2973
64731
33876
8203
87441
4446
76494
86858
70101
63745
73400
26969
77630
25964
47875
59549
83342
2883
82525
34224
7195
58823
56598
55141
38665
74382
66669
38273
59192
83961
76447
49043
57950
34619
33188
76509
29377
82750
61920
64783
63102
14639
79555
27911
78321
21771
49257
78720
87502
3295
51123
52559
5431
84811
24810
40085
14308
20695
58682
44746
53760
55535
9019
62778
75761
40436
82693
59687
55292
78119
65713
51040
19964
84898
23378
63574
8493
54196
60090
7703
71786
61341
56853
37049
15086
311
76460
59115
55740
65554
24998
82959
30019
77350
9106
24114
34865
75417
33712
47316
58337
74955
4438
40001
86553
65758
23342
60493
60577
46269
43813
21073
69223
34295
41384
44648
59734
67334
22933
54515
80376
84982
35027
61445
31350
80003
82810
47144
22109
65494
30101
23082
58251
60361
66369
84135
70551
40142
73652
28602
21511
7370
19874
42114
13565
29317
33463
80505
47685
66270
69257
1763
13532
55284
46195
20332
18644
76885
41318
23782
54150
36608
2495
22899
32162
29029
4413
28149
29950
35268
72670
74169
61514
4372
58863
14045
19025
65785
24840
44283
46577
22620
73972
85463
32511
909
29858
78441
18502
52075
38143
57770
57804
65078
11327
38321
18542
27068
85125
81900
22359
8353
77228
80801
18921
35287
21443
11007
40253
20570
59592
5051
67339
73061
13849
36195
34537
24741
66483
81025
83524
83737
45802
42880
41531
48542
34279
37532
27220
38197
79107
48936
54173
73085
81708
19637
9249
28925
55418
50598
11933
16078
56522
15503
76304
7440
5383
81207
22035
72739
1006
44256
57217
70990
76219
13673
4690
9304
26820
14633
8295
58199
45709
53401
25090
2491
56062
11779
71390
33085
77336
45855
12292
16144
68564
9446
54009
32391
33750
30745
62041
32149
73110
45593
78173
48901
51201
38455
32015
450
7903
22531
27005
8185
51092
78876
48243
42127
43115
40352
70311
76602
75402
18133
31075
45636
7800
59796
23442
16060
34481
48312
41917
48567
87026
65816
26400
65964
65127
66268
70892
21043
59991
2328
50987
68176
12909
9769
25905
65926
21744
44716
81721
7141
50274
44185
5890
31404
38672
18182
61967
60967
37657
46760
67325
10291
64970
86506
9684
38656
83317
49453
73187
39512
57262
11998
74701
62767
39495
75978
78969
86247
45134
85622
42285
63158
67528
3053
14845
658
34632
64749
61787
29565
36714
35298
82544
87187
83708
72279
54782
15372
31867
62560
7614
51331
33008
21295
64201
38728
69580
30390
39241
85124
53612
26042
40466
48552
989
26715
69398
78744
33295
28069
51776
35583
83979
62568
26547
83614
57822
20032
21193
47255
2126
70495
84782
65864
60543
9607
4220
11731
46296
22366
59808
31315
31309
78522
17009
60752
49572
13939
81473
62016
361
87282
85872
76728
49198
7264
38014
28980
81483
5319
63806
10413
43150
66582
21660
84992
14456
21476
47136
38275
26156
3134
83012
18409
51863
57864
50605
80388
29483
58255
4860
38052
50675
83940
58005
7653
49602
9476
45843
3334
40886
23884
15271
60703
46032
60281
48194
85068
77462
63273
65822
8131
68828
67161
21608
35958
44082
55036
81812
69191
7945
32756
19014
1016
86995
60098
54269
75208
76914
61460
67385
77101
37782
7429
43772
17776
57820
7486
85343
13922
73097
75552
84121
29039
8157
83732
38867
81866
84132
4258
67050
24054
87217
75213
17229
36677
14620
19940
77524
29562
61097
65559
40297
31872
71049
26317
37123
46212
61905
56377
68121
18682
33064
61240
44757
41039
42996
36095
57630
49308
46044
2944
82877
29646
46965
57492
84972
38634
16365
38142
4984
84552
4995
27763
48709
83825
80637
72372
16991
24896
39757
23847
36136
40015
16260
80814
87780
43497
87184
10811
80709
65472
46650
87992
76221
71065
22828
67962
14379
37500
65984
25637
44760
85593
58696
26350
14557
57618
57115
36415
24752
5801
37592
11990
60401
13210
34210
16071
47247
13394
19222
80781
88122
6747
2143
59866
81980
3488
54499
30586
61204
47249
41581
72811
9461
72783
82611
12503
15037
49112
65093
62731
45979
10476
13828
47993
80316
81635
48117
34272
30284
57257
62325
65333
45800
82848
70086
42943
14148
64718
49781
55644
27770
12360
1814
6078
73679
47967
85081
73081
7435
76205
12342
9102
88159
84014
48633
15186
85490
82211
68077
1690
80618
69101
48152
16869
34717
77878
80600
11411
84858
66659
35360
28854
9040
33732
20975
80172
25412
55679
74384
62308
86919
20770
13840
55164
61627
72958
4134
69503
40242
54383
34588
32245
47001
83515
25700
73486
82050
46002
39947
69942
87487
777
80061
85983
38876
82920
73260
29370
17391
61142
64429
41263
64389
46302
85031
34340
15423
71243
77905
26510
84020
2456
60971
39492
38719
49382
19852
13754
55095
25536
31110
7241
63473
5187
13676
67883
66468
20867
81287
10177
1885
2971
85556
16507
6687
49669
44212
25818
47078
43251
68737
82005
73337
44228
49597
31408
74646
8939
13455
38880
54046
6512
84592
61327
17680
16997
25451
33222
17232
1779
41984
5734
9320
74325
80639
64281
53268
83922
45472
12318
36983
29616
180
50303
28945
52081
48724
79733
9977
63133
59255
49708
85419
15829
41584
30287
44488
29133
52047
9091
71157
43250
56696
32498
86299
34875
15070
16926
48333
45034
1667
72164
49617
22564
47706
55811
58574
61429
27689
63204
36996
69631
11904
3987
24212
70394
73052
33011
86666
8600
2321
42992
3027
20250
36087
36810
77684
5328
36000
46191
8627
62332
17251
2513
82483
79216
13691
44347
75063
40773
70338
80044
44664
69775
84423
45859
37437
19272
2364
38871
44529
51353
6191
4996
29438
46030
30515
42218
17348
4829
58600
27643
23005
87991
67618
80226
85774
34983
70146
23860
11400
65422
80237
31962
58900
32836
46714
26908
53638
32267
80761
1919
83058
57640
10464
36875
22786
39636
68239
28919
16565
21310
19476
59209
83239
59659
58447
60826
84880
13888
78713
5222
85530
18935
83533
26816
72528
9966
44559
40974
79768
43376
10022
59865
78068
80680
33040
75288
69767
14628
43695
71662
41908
7461
7793
13904
57845
19848
53440
14165
32553
83497
32871
62669
43104
74822
85830
65185
43582
45011
10209
36919
31805
14231
66942
85520
46795
44411
25453
72256
14029
56600
36745
7176
81384
69702
75252
75763
52312
51693
80209
9389
50389
81750
70727
19094
17217
77272
25420
19126
1145
67480
75423
64639
38606
20951
54858
14302
49764
80173
53691
81762
23271
87350
70438
47575
47532
42061
35973
29852
31017
46674
2689
61455
77683
56175
4682
4169
20025
64771
46634
54367
28878
69828
25754
81215
23683
21104
70040
44644
87078
30395
84007
11175
59547
80808
68023
47907
84354
72806
46121
63462
26450
56220
59639
34967
10398
64005
39216
20249
23169
22723
9433
40996
88156
5609
46146
77366
48291
19087
22548
23064
29602
57740
19917
11953
49332
44717
17740
72453
18300
20935
67960
51675
56319
59253
81589
72213
39676
81795
10898
86132
56685
19403
59935
23676
33183
78835
60243
55428
74015
80339
34724
59264
81303
19314
