62265
17139
20196
68252
50411
60372
46742
18176
39862
40168
28287
64363
32313
49889
46696
59390
18707
44351
57026
54696
14345
38070
10444
26853
27799
2323
67179
52856
50098
22532
5575
24628
30628
44988
58438
59136
15892
13922
9371
29745
36486
36713
52377
9708
55580
63060
17428
35810
13381
58153
18524
13204
67875
59188
42505
35361
14673
5584
65580
54951
7167
72079
41346
7021
59605
34405
69149
53764
54019
59796
17603
256
47479
14430
15564
27706
14553
41810
51426
59473
11853
20079
49457
19731
12269
14556
36198
31455
33117
24427
60193
46009
12633
60486
67090
57853
55177
69716
28323
38711
34659
32819
6141
59166
44818
26545
14121
46263
14521
5761
2904
15025
35800
58757
21060
50345
69077
54440
34122
24536
12285
70734
48905
37777
55615
42049
15233
42981
69219
46957
21719
4193
67894
44222
59228
8745
23774
12951
62067
61178
4840
63326
33491
46455
63828
62326
14888
72223
52701
11678
56270
58039
63179
28968
16133
2448
31137
67435
65012
61328
48816
40094
69770
45633
26274
48393
20914
57584
12222
58071
53185
42948
46291
47329
2317
39417
18337
5552
20750
60788
23281
59411
23103
23623
25017
49993
61896
42057
58337
44665
71335
32713
5458
8110
35448
15062
4938
43343
30154
61174
44390
59013
67859
56495
5999
31228
50948
12572
19662
66642
37956
27988
28719
71554
65554
40953
44130
34079
57137
62715
3933
18046
53091
50643
8805
45988
9742
52694
63502
13722
21726
61140
539
53548
9075
39432
30911
7485
28568
69643
14938
64343
35177
43136
63246
53878
32225
58315
36476
18052
1065
59349
39678
10677
8423
15971
13716
49957
72158
16343
41941
35677
71151
13650
15968
65619
7356
61602
44659
54367
64131
25227
3405
13554
25529
53870
49710
44475
54796
3095
4464
62622
4814
18135
68390
60157
44639
41754
35436
12577
66246
62233
63631
49252
35317
61805
30724
59109
7234
65391
35454
61794
10542
47804
19824
57311
31500
36739
66766
60180
62143
15003
31170
16019
33750
13898
44066
33976
44619
4922
63891
71072
25401
62525
47402
48477
4091
39703
4151
45742
4071
17020
56343
19693
61577
22038
27976
68135
70041
16779
30350
69700
49374
28442
68717
3726
47905
28330
69034
70528
42012
41220
6919
24760
12366
19110
43590
30315
41728
15582
38953
47296
36996
8875
14567
16513
43382
17073
41547
36171
28426
60250
68405
60624
9171
37593
9309
33936
56334
59736
49651
33768
24372
68862
63622
8644
9863
63729
62917
10618
21570
27278
20459
25302
11192
47595
48165
40744
55354
58000
34637
12509
42972
66614
42850
13972
66691
31478
59729
62820
10948
57001
70152
4516
61544
42968
49470
5929
63937
30963
6666
53371
4144
10269
71230
58512
22765
15186
13076
39811
67188
40665
16466
50961
5602
27111
26805
70428
63053
61507
39828
44697
72164
46686
40286
20430
60494
50733
53376
5431
50216
52386
61980
50126
64080
42645
69176
7590
29218
18424
35963
68377
22158
18071
39285
39638
13286
2260
54463
52292
18311
647
19919
62030
32847
70311
66558
54705
55953
59792
8208
42036
16698
63945
8115
59679
50451
20558
62923
9368
18834
68993
10543
69156
69965
50736
1650
28319
7808
70618
28111
21757
1255
43629
61321
39693
62040
29034
65384
54185
65754
33602
44814
32962
42179
55315
16787
27660
59510
26670
3652
22623
25505
60492
65380
46010
37855
8246
19402
58178
55858
38761
53268
944
8992
6761
37205
31771
8266
48830
5594
55459
53276
47351
58483
24293
3719
21318
43823
8052
50913
58635
1895
58174
24924
41416
7403
33520
49731
10479
59464
43299
9146
33420
43605
50644
58936
52364
9621
25423
46208
64324
50629
53613
63467
32172
38151
18319
628
43906
39320
54954
35718
62657
66261
12764
3401
51826
16421
67116
51379
48405
59664
11797
27328
57635
60529
71831
14933
56375
58012
23808
47738
59346
62460
20110
62776
32255
62808
33777
35593
32453
64579
27882
28658
37155
13604
22427
13299
24796
59649
7945
17782
57399
174
19959
10161
23630
29182
52603
13587
69073
69378
21096
56394
27516
13905
22652
6493
50956
9567
45402
51272
47546
905
37936
23728
66813
4225
17708
3499
20447
22706
32828
44429
59712
9102
71120
30155
34968
70616
40465
9914
67579
9054
26931
47297
14596
64686
40354
19632
64255
14877
64786
11747
54321
10608
40514
34334
12066
23023
35991
20153
53977
19808
56726
29542
49077
7402
49961
47860
16268
25292
5840
57183
24588
16228
41360
4267
15802
39583
55734
16782
55003
37123
39586
1224
71660
35974
19108
47632
11081
42837
16028
14221
17906
35290
45423
6928
11284
33222
37710
65002
23757
70613
31132
32403
18755
42167
69391
5650
46663
14845
14133
40289
32792
1616
65606
43889
42303
55342
8576
22343
70168
37658
65239
51602
72165
43853
33036
58092
62906
1584
22610
63764
10201
61049
44997
16826
8350
20970
41937
18301
26726
54968
39142
27179
31665
11089
9094
41368
40112
25282
45260
16570
59032
23528
16926
40920
45592
29227
68293
71459
52789
16204
39495
38984
30120
43654
50282
24809
57126
22740
57802
67878
35994
11295
21822
12195
56874
64339
66232
31569
71472
2946
26193
25555
44600
3073
29710
55415
59516
13782
24016
13302
14272
31682
60598
19658
66925
1424
49322
58027
25011
61255
26512
71966
48170
14236
63961
7374
9207
65076
65507
67907
39856
47639
699
37838
48913
14154
7581
51101
3813
2416
40562
26087
35614
45147
8461
47800
42202
29226
61913
51494
34314
19973
59036
21051
31958
48101
34560
3765
4105
66228
9572
17730
3174
31704
43653
16505
52232
68944
71754
48545
16659
64498
50574
66329
35829
4159
8220
25067
46662
28389
5272
51720
35717
29785
59265
36948
41284
44585
54617
26924
17795
30214
1810
33006
37654
59717
69887
49616
40477
17561
47076
43379
48525
3460
70699
1979
39452
26501
38115
20002
25474
6059
68840
522
15323
32823
38370
37042
8961
33121
38226
48301
17259
5021
21673
37502
13573
13179
4258
6464
43614
43358
26807
17098
7994
66878
16186
28290
14658
55726
39782
55453
24728
46314
31104
1159
19129
23047
30831
24934
55283
62090
6973
35469
31320
27972
70558
62674
6526
14739
67125
26578
5016
1707
48414
15215
57530
49777
53868
45758
66720
5252
11899
10772
12311
44427
37496
59483
12644
42754
88
53337
49178
14909
9557
56614
64085
20736
44002
68263
30650
62185
56098
16806
55897
8399
65828
36763
20832
60163
31126
24977
34324
44500
13431
20696
48494
40606
40060
52549
29150
3595
12450
70012
23516
690
55978
65589
24709
35547
33881
36954
18463
26202
36964
7778
55853
48290
15945
62094
51566
51785
56349
27862
37460
5360
42725
44430
25126
68094
59902
69399
22220
60932
28455
27791
56184
31517
1871
23890
14712
30575
31594
63195
26256
30427
50203
48118
56213
41069
16280
20039
53111
17630
54310
20323
61948
15032
53265
8251
29477
65691
18174
11929
25144
59777
39245
29137
71748
26048
4170
44533
44607
30073
32004
20863
61452
9366
1373
68510
42781
27554
51674
22683
69258
12767
46794
23348
43662
70345
23830
8422
20388
39508
4333
38511
61217
22856
12687
47196
59914
4572
53808
13161
65998
3721
10183
51553
49695
45303
71389
23229
45976
58156
58534
38287
51491
27046
42114
35895
51657
24321
34971
14276
28759
25365
35045
35057
54108
1359
67877
4670
69440
69433
57100
6805
58420
30352
35140
38889
24073
14575
19256
49825
25680
47021
14649
60209
67371
47960
68253
36655
17065
43380
12218
14787
38072
909
59158
20940
17665
6240
56942
37140
50551
35705
14694
53596
43397
19994
67071
24647
46500
12003
12334
36622
60332
14453
48822
68225
15376
66404
37342
46968
67849
31558
67058
71187
2964
61359
52513
70548
70481
23051
54928
9100
39928
6145
66865
16829
26157
21950
45235
6149
61026
41696
46851
66528
57011
45602
14701
3641
65607
53603
2889
578
31182
26077
3627
55320
39669
11449
23077
26441
33322
59918
33932
41281
60871
3179
72043
26509
55282
37133
60082
15127
33959
53873
54007
61853
63805
30718
40205
32878
2243
1239
36691
10046
24447
29341
42259
5067
17077
2358
40402
70750
1964
18473
3257
34648
29654
27074
58589
14444
37403
61109
59119
67832
12653
16378
21988
17473
44701
32190
37102
27590
22807
34942
18316
7444
31716
35220
70347
25604
47959
20444
23243
68864
71063
63880
64562
59083
37902
12099
71309
40693
58135
1335
21049
5661
39273
45606
8816
47313
12273
65472
24206
58705
66527
52762
61377
21615
14746
25299
2669
44083
8359
42767
16785
51689
66586
38740
25078
17267
4970
39903
5
65991
1905
49766
5515
20671
56698
42621
33364
22825
57989
34646
25845
2190
61994
25112
9495
13569
27022
55376
32220
38853
60013
18278
19534
41659
16645
15271
12899
48565
59889
3186
33316
11716
12255
1365
24385
52145
44472
12727
21288
34236
55303
36552
32017
28069
66499
38658
49850
56034
22267
21801
28131
10286
26277
54065
43365
23945
14099
17610
66718
43029
39790
46459
62722
52537
14597
22505
16101
35723
43553
38156
37107
52091
12410
69605
69247
21007
26165
38766
57051
41181
60536
70470
68281
45562
52362
16801
35790
65976
7049
29962
45576
63187
66441
50950
3485
16173
11350
18590
7644
57351
40856
50462
34856
15902
53481
29784
876
24632
44289
54506
36652
46415
27494
14206
28631
61824
58606
36478
23121
46581
31849
17418
57405
6934
12981
17468
22510
24559
72065
26967
49228
15799
69400
68170
35175
32125
3479
56537
32242
15703
26896
11049
11971
43168
61917
28126
62607
1264
20779
68917
24941
65241
706
30457
24825
72198
36496
4729
62804
14974
40395
17754
53175
926
6731
61383
50130
21641
31824
36378
47845
47396
57561
48435
3860
2835
30509
32404
44642
14041
41189
72173
41669
25143
3382
21595
23612
13395
44623
28004
45188
33685
59335
24162
6922
40604
51339
51451
53281
13567
64922
41347
54607
49293
11153
39969
4073
64762
71887
40523
56798
30686
15168
20865
11599
21152
42325
55323
9754
48050
69681
29699
11744
22246
52942
70176
46573
56691
8212
25729
52449
59966
43575
40087
71576
25858
52651
71113
2664
48897
16754
33539
51228
7278
24651
48626
60689
23535
4177
60571
60465
40886
28385
59350
21157
50646
41981
40761
67700
21617
39890
27392
12070
14546
65730
65871
55606
64052
16647
50977
15580
32288
34232
6409
31089
60809
534
55587
37117
26829
30783
63482
5651
46043
68259
63887
48384
26948
62504
36687
59754
21205
48776
42281
4369
39573
50942
7540
29364
67019
14365
63110
38427
2360
9760
35531
3245
47926
26659
36459
814
13098
39020
56600
60864
39623
54213
8090
7145
53915
46226
69878
58720
1944
60287
26601
69367
10234
31717
38615
59943
52323
67136
36503
35653
57533
32437
47885
36462
36923
38628
68039
26747
68183
12352
56283
40199
2945
52939
14824
21380
69955
19839
11800
72114
43535
43350
21636
22105
65104
60669
6446
48597
33892
18690
69426
71466
7366
55369
13223
19595
9010
17856
50540
36712
13311
39163
57485
30980
20825
38186
68420
71030
14995
36828
60087
34600
25432
53698
9595
17519
4926
47568
32561
39101
15911
54481
10393
26073
1866
56284
41084
6993
63811
46537
31604
66664
35134
7986
38754
42812
52827
55619
65381
6967
49916
15657
55749
9507
6296
21853
70
23899
19078
49453
43996
34148
29937
44483
56983
42803
14125
34929
8605
10225
3590
23746
37432
16170
61490
53439
58767
12390
23296
61300
11210
65202
2787
8454
46605
19753
66310
8976
7522
28822
71865
30883
1101
28975
12559
13374
23102
56717
58715
43010
46717
54741
64341
12318
56611
8679
53494
6854
63125
10042
51564
2755
64204
34098
10632
8822
34216
55659
51545
43559
47677
16612
4988
10991
35377
69645
49372
11937
14777
18101
41805
19957
49191
7706
62943
23131
40336
24264
34121
46734
10590
61918
56581
59562
60282
13824
21919
44264
21093
28890
60736
65530
41519
43448
7443
22543
54591
19215
24279
65879
37472
1828
56211
21423
38881
52659
24522
29050
37094
24265
49399
14145
21949
29373
5048
23758
41075
23868
53263
39141
3066
14557
44875
26715
46578
70758
2642
60896
41008
47549
15000
45774
9399
49783
49323
4683
30912
7275
59609
26634
19507
48627
29624
33469
35908
64566
30160
22466
54312
38282
65069
5923
64569
34355
19016
51419
23031
6632
48874
38067
9693
9545
21335
65675
40758
11306
64823
4287
3887
41161
19426
47027
7040
60801
17912
56660
25814
37187
54918
38517
6500
31857
7114
41521
51715
55582
70296
64347
24443
54392
22251
2590
24564
9544
5086
34392
57075
50907
27069
54369
23568
42571
15772
58346
52542
28814
1020
52882
43709
48956
41296
63478
662
66767
15309
32576
71816
27072
23394
6366
70449
59870
5420
28745
59031
8859
1935
71443
35157
21549
32308
36039
25114
17474
18207
69188
49283
17723
37077
34889
40589
30173
41556
43393
59709
19576
18973
38063
21522
64731
57716
24691
65550
42692
45860
33950
36235
67840
60238
60203
8056
33622
27753
59850
65656
54888
27358
68267
4863
61180
25414
48838
37027
36694
16547
71565
53523
54244
8292
19071
802
35286
66355
49928
14911
23264
68994
53739
50873
13249
6976
59107
68069
51562
11673
44822
9536
61222
23817
53882
21924
61701
37034
49543
15213
41349
7524
33980
51138
20907
45661
70222
127
7518
25590
65594
8041
60807
61464
31151
24299
33466
51031
44039
31644
67545
18837
23009
16759
48244
25439
12906
30482
66083
54691
11069
4995
59043
8119
16501
34056
20354
6392
43779
66208
28340
19811
65685
12935
22030
63877
17289
66513
44395
63913
8914
49688
40400
10588
40370
17961
9600
33527
28399
13445
17269
15779
24913
50446
18592
48931
20869
23177
27928
59154
9218
23263
63323
70536
45745
68180
30063
3260
50600
4070
47024
41406
30075
39182
48425
11016
23419
51634
26273
56559
7279
57614
22305
16693
18216
62389
6193
63584
19325
53773
55843
27243
59466
3168
65110
7136
55668
32520
5281
22495
52572
59957
66243
65000
69797
36892
63570
7742
19330
18088
66489
14622
36303
26168
46863
9899
21560
68236
62562
4530
47778
20360
68892
42538
26594
63619
29471
23418
68433
29718
43381
50686
43699
40423
50572
48834
9586
32206
22916
9432
8963
58082
18718
17446
65624
61833
26962
38096
65838
71308
52579
14448
16284
47964
22557
54962
32369
6759
69212
4895
12038
42212
53324
27231
26137
28920
53321
1922
2554
35760
41587
21953
36301
70162
57473
36376
19930
56514
25888
32817
68367
53378
12106
48514
32568
38645
42895
44001
35000
62012
9073
8002
44189
17091
13145
54666
13711
61106
41660
11840
20478
27139
30651
37483
8288
618
22461
60051
10651
57091
68543
70714
57035
20193
1956
26052
71886
27307
43981
71617
42071
69253
19521
57457
53447
26893
52025
10814
45467
21285
67359
61102
55916
56516
29205
42497
68903
50146
68639
23483
42508
6004
65678
24518
21709
30240
15024
5332
61167
46878
45170
42907
56240
68820
10834
17863
330
15527
11222
23543
46255
63247
20578
8969
27708
22300
62286
63068
30309
16229
34972
37192
34945
57476
41318
62466
49974
55498
4502
11408
36229
60620
53123
60295
30602
31727
1167
58263
60996
6378
63289
41670
35615
10709
51233
11086
30958
52783
42637
43171
21768
17683
43445
19214
47693
11499
66515
8703
25677
40177
41115
14425
63228
30367
29140
34547
51787
16523
54809
44767
45712
19579
68044
24906
37382
23608
44017
54497
23279
2214
28895
32914
65763
44125
65891
55085
21998
65668
37206
53252
40488
48079
11134
71819
31559
2067
26416
72101
43797
58375
44508
27337
34935
12783
48750
38770
29522
7700
14833
30848
28483
26789
64973
50073
31819
8674
15108
33720
9403
71691
21688
14281
50571
45676
43134
68114
57970
36935
29443
65546
44677
23972
12902
64511
35254
3921
62836
38574
27341
50866
16749
38554
30012
31783
4256
52655
27368
25093
29151
25113
57005
8809
54267
25004
31720
61338
58097
10607
32820
47273
31353
58482
63034
38250
71815
9671
6429
32216
58485
31240
32067
9306
29585
49439
15027
70047
19303
54859
1390
56285
18776
46730
60725
57608
12681
19073
36164
68661
20906
18390
54864
26818
48665
20833
25537
15789
18188
18894
53555
27940
62911
24471
32647
40964
4886
65441
38285
35221
36128
27496
8589
31696
35383
38972
13269
6433
29024
71773
37490
66344
13909
69491
56089
46410
22737
35016
5450
26830
2543
45277
26036
26129
53313
51340
67094
10412
55839
59496
37076
14705
67182
63819
44868
9351
52023
54092
33200
60909
71089
9646
8852
2394
46365
32917
33407
283
37086
68700
50186
4548
46741
56992
43693
50801
23792
19955
63602
51485
52746
20918
31221
48642
33462
3220
60605
40823
71726
59059
49356
13043
66606
34872
59960
34068
36210
52631
37368
23591
57427
54238
46892
15826
12338
52133
27060
57636
27035
7670
5324
39008
69652
56056
57968
12967
58769
45292
34215
23655
65102
46230
14975
63645
57435
53812
55674
42576
66783
39058
67023
54749
36031
67764
26203
45622
50475
58671
48672
68790
17089
51354
22879
61904
43742
46398
65758
12596
32173
43084
7634
42695
38582
34367
67993
23104
28029
13375
23995
51939
49981
37797
57884
30114
58396
25317
57620
12804
45088
13634
69507
21748
55620
18432
40741
41352
32257
46183
63875
8738
19800
38987
42443
50860
46751
39635
43483
4524
35464
34201
53167
57930
56467
6450
71163
36777
47115
55743
23333
36169
721
30438
26131
35470
30003
58106
12104
13116
2979
8940
54172
53634
8067
30127
24997
40994
10732
57878
17392
43165
55490
23303
1602
40806
64895
35514
13244
8562
67945
1106
33453
26885
8144
27045
39689
70897
12
10841
59022
11575
30592
65188
24593
18335
39876
50915
16850
66763
48848
23292
49469
28539
21693
30205
51917
485
376
69163
70674
49991
12200
36899
61552
50993
66028
29760
31577
5801
50068
5462
6933
28726
38102
65934
10010
21174
65359
24681
35567
12857
19086
19213
68767
70401
8831
34415
6445
66371
47961
37349
54041
63288
63127
22183
60928
15748
66498
20950
59274
30421
71514
64221
8127
7498
27827
62864
44721
69728
10924
28449
10723
47858
33488
26788
68013
33168
4345
761
37939
34233
13995
551
52214
19231
24938
31018
36469
39392
7123
28015
20338
3218
15077
41290
22333
38823
14408
14634
33863
33699
62926
38468
34353
52432
5532
25450
17968
58897
47973
60165
60342
284
25393
23038
41541
45472
8395
8608
7349
66254
10676
20060
53822
23589
5772
21483
69644
22229
49214
14325
9891
3413
67364
35918
64509
31381
40947
45310
68050
44569
49718
69852
57450
33017
63242
49810
3075
41819
13442
68412
7126
18832
71390
1151
61121
26956
44653
61462
23672
53937
51327
51984
12904
61592
2396
29956
11746
7173
11954
62258
52130
46102
62026
33438
28776
6098
49401
20610
31488
39241
34982
68210
45777
38455
29712
9175
45428
58866
28070
39372
38107
46061
25290
58090
33828
57382
24730
14474
21978
5788
7623
25838
18288
20629
63592
39880
44190
11540
30272
64688
9020
58016
14890
63133
48864
7454
12686
50346
68632
45683
70712
27566
2607
58305
33415
44696
42478
3720
45087
35517
53463
10283
45924
69112
39139
69069
5919
44887
13279
8072
34520
26301
49940
7665
565
33790
5025
50543
5055
36985
14545
34588
58436
7754
16083
60505
65616
36245
45267
8714
9981
9130
21061
8058
36956
19201
26552
65647
2456
28212
31189
988
9327
51568
54204
68203
11537
45504
5558
963
52322
63939
1849
778
68461
36008
40691
35523
64448
55419
67012
60582
48110
64561
3922
6151
54931
4095
31979
15974
34931
12588
62735
43371
4466
23159
54513
17270
10087
6833
186
51158
5762
54553
29528
70273
9824
63122
42283
42905
64367
40273
7755
72209
59168
37216
38123
20129
9239
25570
56665
36962
48268
42017
34649
9247
25640
51876
17154
3831
19082
43673
59074
66385
22664
61468
7671
61817
38252
48614
64785
32860
20767
6116
16015
29440
51304
64135
32901
63204
51610
50515
33589
42605
12039
20826
32164
38298
3082
20885
12709
65592
66892
56558
30098
34322
15372
24325
1615
36861
33119
53216
40129
24729
44088
71669
8864
20362
18574
45597
58060
50339
35238
41303
34713
57688
47614
58129
8000
27915
51182
44275
62964
15370
30485
64858
18789
23921
4179
70955
5503
25710
37074
48523
68354
47822
17959
25426
66725
58614
4332
23284
9538
3836
38128
38516
68496
42464
1124
53168
55462
70840
55193
40756
37010
39015
55748
20059
29064
4905
2272
72225
45970
57277
56310
32623
17560
2883
15258
35272
8512
67106
625
43563
26953
45075
67165
69345
48890
43924
23626
23283
18670
46284
17985
40208
7662
30642
61318
3520
11680
13703
26281
1476
64314
431
53092
70465
22235
19816
55406
66927
39567
20864
61601
33635
62952
52748
36928
70736
15216
57076
11518
49826
62601
10744
12553
1140
54907
52205
56044
46173
59899
55554
30046
44694
38707
19288
31250
15219
46481
34573
39906
23610
46737
22507
3886
2039
48559
48589
71102
70436
26547
18116
24041
12862
4216
47226
71073
60563
11059
21650
49722
69089
30089
13837
49833
42655
29561
40304
33210
19297
421
63464
6641
71784
59531
48240
22301
17777
36311
11939
35726
34091
69980
9845
2674
61723
12122
25659
17680
57038
38417
65609
13079
6293
27703
24242
19855
55454
57890
22847
47630
30927
22883
877
63839
15286
23803
47826
67989
71287
51311
51448
4792
23498
41766
59034
40608
25149
20017
33202
36606
48260
69903
48641
2839
65462
18835
42704
41814
31470
43959
65033
48442
16038
61344
20560
69960
7150
15964
67714
16419
17040
21381
21248
32765
30308
64708
36653
29924
68308
36010
21928
24619
32749
57649
60426
66983
6163
63919
21434
9223
39310
37030
60559
47945
15347
52341
61446
40285
22592
25734
67599
33554
41436
58823
69783
51501
920
30853
28526
18897
59612
36728
57262
11500
33695
3308
451
68625
29728
39412
68756
8544
69777
60262
64318
69166
51310
58227
10810
47054
22678
58603
36607
32018
54512
11345
47843
36115
61573
6798
4809
25084
45257
28732
52723
68612
68439
29053
18059
56697
2158
25301
71699
62694
19634
27465
66276
42746
23637
1024
10460
59780
59333
61279
20537
8687
47465
40906
34536
15454
21489
17406
3175
2346
3973
55594
31582
36412
71990
63239
12797
38089
23196
28601
23924
57615
27969
37652
15561
49920
26969
67479
34418
44526
69772
29577
11958
48896
53209
9390
39017
42599
62113
32040
25099
71329
32075
52098
25678
57325
34352
5875
25650
48040
12268
12181
68366
71485
51696
44856
68796
5509
17216
49379
30788
15558
19326
70022
5846
70855
38530
32131
23969
32467
4324
70370
61216
6331
70445
3502
21941
37799
54319
446
21845
23561
29853
9372
69060
70875
24649
33728
69045
18600
18420
41748
15120
66283
31830
70258
16238
48930
47141
27929
42226
19106
39290
27422
71236
60003
11283
17107
48449
59865
10178
39500
27796
33146
23939
45688
66477
54174
34020
5814
32441
29458
37884
33535
66398
55133
48019
15012
443
60514
33401
18801
50982
8337
42573
32378
54634
41854
66466
55319
39923
6986
15308
17431
8449
22289
38736
4213
67719
55651
13221
32528
46665
62848
27644
2789
20058
65524
70655
11601
1364
7899
13994
34950
29022
50437
29981
60491
20867
65169
60392
22733
27684
19425
3744
63404
46792
53241
64857
12350
47482
25703
1823
54209
44226
44432
16807
26592
63747
54648
12926
26089
21484
60845
1634
35416
2867
59877
43425
52443
51317
29398
55146
66874
27989
44251
36799
17295
65811
28102
64022
44925
33048
4500
35787
26318
35142
64702
70911
52975
42266
49535
70603
2345
46272
13390
42427
54916
398
57179
45964
63259
38855
68320
6815
21667
21480
35862
67929
61317
66118
71579
61474
51245
506
56959
7413
11863
34857
52344
32925
54595
37108
60436
69313
17501
33080
2670
21234
52775
47294
69893
15706
11164
17112
20135
4289
48662
12102
53861
40710
71258
11058
71625
9502
59917
41550
11347
43329
49988
40648
10337
6460
29912
25571
52062
68346
3884
50191
7415
17750
31092
24278
61476
29356
47463
2352
39370
39216
34790
66883
6709
66695
40976
9015
52596
50430
51144
2277
39916
70954
45859
11438
63061
11806
43748
24268
4005
71947
19469
39775
22282
41164
12425
63113
19961
37073
818
59018
22452
56087
19144
72048
2821
45326
6154
62071
41453
20415
36091
41373
56526
42128
21912
13072
30273
2818
38735
59922
60615
27923
57513
10353
21406
4013
54070
47570
32915
38257
23569
69952
70104
42159
66919
30526
58380
21216
38927
46025
3419
2529
9782
40839
53280
37130
70622
42946
12849
58578
43512
23646
54975
8528
57027
28228
28609
1426
67711
29202
61025
51281
69132
57119
66733
42041
9688
31183
1710
18492
49265
34773
49707
3611
30537
21984
35087
8171
34683
27385
12976
64782
46809
31392
26139
46626
41695
48398
6913
50074
68273
19263
53418
51620
40984
45209
42418
35075
18578
22515
38312
60489
56763
8770
50884
42732
32481
13601
53871
58990
57487
45250
20760
40170
58333
58061
27299
33831
70710
25806
66080
35849
38798
14239
70459
30829
51581
53351
33608
41073
60397
25446
17147
23136
23549
68719
12259
15531
8277
40912
31916
71941
59587
30434
16272
23997
49879
32246
69392
31429
54657
68083
51565
26524
13899
62077
8747
20947
63003
28030
20012
54805
12103
28999
48871
10052
27617
58081
39255
21848
29125
55286
44192
20449
70637
5049
37994
60622
35212
6719
6290
16901
66308
8983
24950
13681
33260
40846
70476
3387
42949
15250
59297
44773
65667
14230
7352
4785
52553
19416
9120
16702
30884
39437
25986
23458
29533
22630
13976
10280
59911
22039
68002
11508
18232
47792
12664
56142
70250
14472
47795
23075
69854
2922
30300
19587
45695
42785
47526
69233
7539
23092
7900
31814
49730
348
56811
16516
11083
51627
4695
14387
48903
52139
67087
27381
1279
12754
70994
10714
59298
71490
35145
188
3762
1733
18841
1295
6708
2833
4585
23804
18827
23978
34286
40154
21006
33860
31790
28802
39687
13750
15292
31284
58331
6583
27863
40990
48644
34258
1627
16377
17655
69939
15950
11571
7795
61598
809
1480
43440
28314
57339
55015
56513
64302
12825
13345
69526
37792
53014
46927
36104
47268
54946
61226
63605
52136
12126
1070
65539
36844
60219
42929
22397
50772
60171
54952
31579
22469
6228
59138
48516
25152
23788
2728
45196
6875
40495
59145
36449
28185
32929
63895
16102
17932
42375
72017
39049
37241
36281
12356
28150
59060
26026
44848
24397
31955
50205
15187
50711
30590
35115
54120
33914
13880
55598
30720
46790
17990
40887
3597
32362
55552
53055
35474
12598
1470
41420
50194
54574
30865
61968
13130
18780
9379
36577
7201
41642
47081
51313
7481
63481
17436
15854
4885
57353
64599
52455
34149
54896
4205
56999
13293
56281
33763
7496
41094
38047
27298
13422
34011
50285
45214
56679
39460
61346
71334
57328
10277
18270
1681
45371
13037
6166
13955
28222
21477
65198
65921
63216
27051
43922
962
10589
37373
65126
29235
29185
70763
65217
68033
37182
42394
9974
1472
14848
16126
50514
28214
15115
54282
71036
36813
66244
28003
21386
6989
13149
5311
12604
42682
62637
36099
53426
26217
43306
28374
42977
62534
30152
14075
29073
13709
2583
38062
65287
21909
70083
28532
57437
22915
20072
49149
45541
44631
63863
20477
27999
44090
29396
28805
34394
4403
2081
11432
66705
30225
57996
10894
2148
54284
37410
57120
45943
39018
42520
58906
12260
47829
34386
28172
63391
62629
35465
3532
19224
64403
47040
56711
53968
23173
44255
36745
54757
46268
52545
28844
54423
45649
10821
24671
33042
18970
38797
5133
10850
3580
50666
63190
31136
56570
24565
44686
18045
50837
68718
39341
30951
9179
23879
54424
70207
42287
52345
27028
22580
62321
10123
28835
13508
54008
53080
45741
22685
16866
4444
44301
60261
12483
46086
22108
46584
30818
54499
8927
8254
24858
25707
28204
70280
3895
47849
60654
51583
8732
54114
41756
63566
10349
66689
68168
37240
11704
46975
65548
58440
24213
52968
35354
36373
59524
48744
32833
65570
9680
58819
69849
52821
4983
50176
3215
8818
56554
71012
21388
36913
30264
61870
13336
47399
6801
19548
7455
15098
7087
10628
28315
18467
23536
26997
47537
44459
68685
19573
29649
70958
45046
61883
31341
67611
36693
67640
57200
65673
41540
37207
7412
41178
56750
42301
57246
50405
15391
50010
64093
54248
63761
25217
16671
4710
37006
12897
10613
25725
52607
65581
12799
30065
32613
51118
45685
37740
35081
31664
27720
33186
25726
43002
1546
12635
53783
67041
52885
41741
30084
41085
8186
10194
44576
650
37623
68557
7231
8260
7885
65508
11849
6014
62756
23671
55112
33751
12482
3436
22263
15709
57085
1334
2959
14028
9939
25992
39886
29929
68713
68147
26941
436
19462
28710
5334
3988
8317
63954
14225
69514
31499
4194
29013
37443
8012
70489
33524
62491
43652
14067
38419
4473
37080
63776
53723
25811
3541
68811
20421
51808
4180
57595
47911
23777
56078
33944
25332
18511
5157
63751
55467
35043
27274
19705
196
47607
36858
54350
43848
42784
71690
71618
2380
15497
41813
40506
52602
19149
19010
19408
8475
40223
18692
50195
5037
58466
56228
13331
50163
63582
37984
40409
70726
7942
910
71051
14507
34203
64488
1285
21035
1074
27237
28292
56807
37887
56442
1186
31848
35663
62654
15310
23223
69396
25477
52642
52598
7552
3556
65568
40898
49586
69050
20443
50867
6975
1764
66920
29447
61558
36771
56305
37900
2976
9050
26337
24714
19757
55090
65266
35516
22080
9111
55420
20653
59807
12551
60950
65296
37954
4892
870
42529
61898
43989
40501
19575
45650
5564
63556
56295
38116
66126
883
65995
37016
10647
16863
58638
43145
11332
12051
53018
36173
1062
25861
21197
1829
40387
1194
42062
62359
60189
55894
11305
59749
61293
47943
41262
65101
15538
1198
44191
39323
12345
56140
26159
54291
28555
46206
54973
54047
29519
15020
69690
21624
12121
71942
49577
28855
8265
62613
56813
39656
63572
39530
60285
43320
15143
20157
44908
2850
20425
703
28584
340
46882
21684
1075
14190
16349
35183
6060
27350
29115
4316
26503
13713
26775
62221
70397
26413
27318
44588
7226
63652
34849
70627
32556
58609
47695
12539
53273
14292
15859
29436
14631
53533
2140
70934
40214
33710
53456
70385
41613
57208
45033
62317
43988
55111
46674
34582
7637
23911
33120
5931
8919
70537
5159
47063
23652
13222
26196
36372
59964
32631
46420
19760
60720
55794
5243
6562
5284
60309
10059
39350
31723
36339
30683
54261
34589
69631
59596
10669
46453
15222
36987
51123
32271
109
40097
17567
203
27544
66868
58915
36002
60334
5848
61031
53222
725
51550
13126
57681
3063
43408
34603
53744
46990
53240
2641
53005
68918
3182
35197
10453
37770
61251
25033
31918
53214
25160
33376
33922
57537
47658
17122
44521
2302
56426
28209
10374
21102
48978
25598
18016
49089
33288
8519
34179
13410
32681
30561
49540
49123
14372
26049
12808
66268
1237
72001
41026
5283
36287
7055
49246
1313
2062
47660
39131
9229
70014
27161
28333
5226
44451
56671
9044
41482
27860
8082
35554
63748
37763
41483
51488
14128
17229
31963
34410
63573
37293
1504
60877
1916
66740
38180
41039
58850
32966
36080
58631
41630
8849
22464
28662
39990
48846
52373
9346
58917
58551
20497
49202
37512
61499
60649
6633
56990
50630
11997
56505
48557
41336
66897
33740
14255
40160
28628
15111
31802
38505
54559
30418
9687
7258
2617
44463
29461
26889
14446
45543
9735
54965
3818
63309
16398
19334
10402
29158
61903
57582
51575
37150
64775
70074
8377
43704
32069
25304
63648
54309
16913
52575
7858
8124
13995
29612
13546
46948
22031
4121
64370
61382
45894
8764
39457
5911
65892
45758
55018
67663
5099
31816
53511
13199
30537
25867
30213
51530
65296
21842
50082
23288
34506
16115
40937
19858
61199
32168
63685
52463
33183
12326
27360
