86967
71785
87381
6434
26145
20226
995
88946
88526
16551
23528
60036
24371
101026
49296
71088
35081
67752
66794
75706
7856
93152
82243
45232
99281
99006
60007
101238
67427
8056
71257
87544
108755
48506
66514
61569
74768
37279
59438
53063
12686
13372
53439
82597
20807
19096
37519
70897
109507
90137
99750
13452
73031
54486
100809
82390
64762
18248
34956
106354
82487
107445
18990
43384
12279
82838
86437
101552
35942
92678
43323
5799
53060
1630
93651
115367
60757
25907
8629
76123
92109
29970
28736
32990
79566
9199
60379
10752
106557
90636
106346
13750
54596
89434
69380
68875
75144
56183
106555
26961
30215
45859
18739
88465
37150
50881
71929
83385
88122
51678
101324
89185
84187
49777
44769
70498
63229
49977
6059
66309
15393
100367
2237
110242
53976
10626
48658
87810
6375
72758
71626
21099
102666
61788
96357
24355
89175
102020
6393
88000
82164
17065
94031
58967
56879
56198
77268
45274
65161
49958
46532
39507
105891
64763
88143
50710
1080
57553
12114
108343
114178
22334
91352
92107
24534
92207
9825
78945
91017
56368
26337
109814
43867
80681
103360
68317
8442
21064
13205
1237
3601
106044
29270
108046
72133
61832
34922
21105
104155
63068
11577
47424
98397
86942
100777
86862
30385
94099
24746
89988
41138
47085
44658
20794
89011
64417
49024
98600
114057
12010
70629
12227
75526
79730
102793
88266
45276
10714
106371
16996
5706
46133
62472
8922
12647
100526
58620
108580
113729
6907
77905
4381
51413
105996
14259
76696
45516
75158
70708
36860
106342
91212
85680
109285
70366
112165
23875
39747
23903
44707
106514
104916
111037
78352
97683
89320
102913
37710
79613
105160
35232
49103
3756
29727
31758
96882
77039
67889
77073
13331
83108
54651
63735
57230
91862
100660
99391
24422
57892
4555
82938
81116
30772
31319
50545
24916
62980
14460
72350
87908
98554
50820
113395
108987
88241
73311
110807
75012
8222
23999
75885
82648
101671
78851
37837
51519
18030
2556
27011
107931
112887
26293
55996
98644
114590
80741
96432
38033
87916
112347
79075
69269
20240
14262
4123
14821
20786
99748
64731
18045
43261
39538
29640
60284
46205
95903
75757
1932
57969
51985
12543
101459
53036
63498
109029
99830
67736
23578
58441
93172
88184
36679
16846
20230
33990
84087
48690
100218
12935
8736
108820
64039
61812
29291
15022
110269
68298
62707
106222
61436
98214
23056
67768
96997
33851
55064
243
85590
36914
14626
38014
99895
42198
49732
104629
78025
27019
81626
16912
10963
52284
19738
79581
75586
9030
11302
100949
36663
61933
32329
112320
18837
97602
12701
76757
108675
15189
51415
32116
22121
98215
41413
93397
90089
110329
68919
76876
68243
90116
82099
72919
115339
49332
60434
11499
88467
69042
19866
61522
1832
47421
23672
90675
18617
40345
30921
93036
59077
104826
29430
49127
96856
131
85415
94426
3937
107718
32292
26039
44214
79077
353
28282
38852
3022
13428
41524
37269
21409
64124
71072
3459
70635
48363
101107
4373
115270
79926
28284
22439
96909
95227
87493
51726
25897
68785
70800
25660
109273
73854
23463
32751
43009
114182
64947
69978
75733
47440
95582
31387
108676
545
71315
86796
93209
36867
10069
88647
99924
43651
72251
9768
47859
52072
14098
76693
22565
5779
44432
46555
19078
3695
4604
91433
40750
81052
15907
84953
91989
38756
16156
41569
69572
38999
89824
12234
89905
91407
44542
11494
75806
44551
19493
64740
46129
107871
93863
46530
44568
106751
64009
55439
20000
105920
57169
33106
89126
31812
25500
102935
55300
101163
71305
49324
55023
65240
80403
86688
99532
111643
75076
48538
86008
110455
54370
22097
31609
83435
7092
51311
4353
65607
72738
91700
58287
17202
26236
37774
15245
4953
31080
76297
67300
2241
102122
12902
36520
26067
81585
104387
40210
78082
61618
20150
35857
52257
105963
65328
101368
27985
21215
97836
49797
4067
23907
58683
40719
72195
81584
113222
30036
110233
82965
10913
110573
108424
107526
20640
27836
73132
41289
65283
36366
57874
72219
56282
96768
52748
103639
16567
23876
90692
105361
59284
4347
24607
65036
28356
6653
108884
17990
16326
13498
81866
34458
73167
14935
79008
32962
80929
22624
75958
3038
25915
96089
4633
20191
111218
91658
31139
11510
106540
50437
65644
38072
88984
6808
58841
86738
89419
111136
42140
56221
98210
63624
103799
7758
20946
50696
112964
78968
779
97687
74674
54635
51847
10498
102627
67868
47393
64364
29342
24810
50677
101389
77499
72942
74744
40832
36826
83902
31366
72556
77987
71241
18784
52056
21529
2876
113331
17793
62080
26672
72882
92679
81799
74401
103874
33465
103641
57832
61537
39909
114044
43559
19626
43632
110326
74920
104871
19930
63249
111019
53805
3557
37713
12096
95636
80399
54067
54924
30785
110325
24112
69800
33119
26053
35206
97912
82691
8818
93156
72955
81551
109445
2359
45368
60259
71571
105107
29741
2383
76699
62526
4766
91725
25964
65316
93310
62466
97788
89998
30893
82191
57838
18887
46743
91050
107678
23166
92863
53963
96087
80592
37615
32481
89166
103991
6404
18520
45395
24574
103348
58085
92745
44841
52901
106752
60528
81213
77281
47506
52944
43476
24845
34500
34056
110521
12004
46580
69313
58907
4799
16807
9312
87867
35769
14961
12050
78091
110086
112639
99995
74540
103774
100830
65024
2051
6098
24251
98027
3881
75372
61620
24157
74955
98080
29357
45670
56432
59430
41775
55575
26329
106535
75919
95450
27480
8857
24211
39482
23051
57300
55307
66362
71279
39313
19471
88965
10161
87172
73486
46465
81648
49237
57376
45548
69017
110369
69318
77729
12747
96026
91710
95847
18414
19653
109274
40423
33785
39796
62320
12963
823
62435
21513
63679
65714
75823
95722
48597
21193
24387
8651
51446
100977
91184
78132
55821
1578
97252
78718
84326
106794
56673
114770
100197
35707
45940
82830
80671
21367
95438
110582
100476
113514
15530
90790
28871
58160
15151
40534
29418
39327
37350
77428
23671
30848
52875
5596
18896
38804
57527
8297
82613
65385
21195
83433
61202
36075
86769
40526
62712
29131
17432
80020
5992
84918
91677
69419
2789
75032
65637
91035
64432
17568
10268
51994
32036
52625
4796
105585
75099
9514
88064
59689
105774
91081
98874
72206
11333
12678
7770
65497
65810
91671
30818
38332
54036
7761
70301
19383
101783
89460
114701
30343
35214
13873
114210
83650
39237
82087
85011
92525
42566
67519
2041
86548
89872
71415
59118
99743
71831
104697
78040
48984
14808
74941
4906
53827
75109
39792
5177
43615
81334
114955
19654
44326
13460
107992
7479
37651
21638
51937
61417
89521
43781
26703
57390
50136
99659
51386
80353
1148
67001
70592
110883
4920
61173
39054
70539
42722
30370
30176
49339
26774
100737
109198
7415
70045
86436
19507
66258
26405
59327
103213
30312
96152
114993
10271
91200
91691
40515
79307
88202
96622
68276
18141
68247
18205
33608
114551
47707
35530
54490
7898
99735
70181
30104
42893
68469
79043
52604
88253
11615
112874
14271
18759
79074
29312
105282
112174
19029
55977
14825
104177
106292
74802
9865
98329
27033
53320
44736
109498
26748
81639
110206
20301
71391
71103
50483
75884
49788
74320
103587
80064
88276
12495
41802
27858
41836
15198
57752
33645
15231
46282
49006
84656
23367
24032
104752
102744
22279
32892
113758
75970
71687
111617
83643
47987
79339
94473
89747
6724
54734
9473
20218
65823
26661
86495
106460
85008
85275
82033
46913
50949
43734
40165
42013
25056
21930
106982
75949
98704
51996
110401
79033
49708
42252
21777
87425
58469
82790
76030
3500
86762
84835
67703
44469
17542
19357
26065
2354
98378
104747
46487
55702
97637
71322
93967
80880
108154
40664
16049
31433
100691
42667
110106
113103
65088
45218
22901
6408
105104
17056
51152
12253
25520
29211
55446
12133
65157
109565
70953
102979
87214
14611
2411
81590
88637
55629
15664
22214
57462
13316
7474
93899
10219
22734
33497
67558
22069
114816
102115
23819
90862
22476
38431
88028
68048
44565
27633
85302
52814
54761
57611
69179
5691
61853
16256
44593
51308
84411
40003
38848
31969
71493
9489
70945
15736
46021
37091
60984
50008
72537
95639
48721
113751
19157
63318
8446
67478
63922
9214
79521
22700
108860
32260
86832
95371
7270
51243
20310
101697
39808
40039
90977
38420
77494
91589
54657
98355
77443
7335
83869
112292
10978
86236
63186
38665
109104
35880
59453
52559
28897
88952
70252
36493
8337
89308
101724
75904
86334
25362
69904
86323
75179
56007
68146
4911
105188
13208
34283
58930
99852
79815
100730
79488
26202
75089
58901
10139
41589
82068
37495
64159
35015
21947
61662
43761
91892
76008
29167
31236
77877
95447
86543
66800
781
7939
16691
20424
106189
53346
58440
86818
113020
81208
20095
100601
74582
68600
55177
2500
65502
106544
99179
100074
19062
111733
78343
3179
24240
110993
86737
105897
93525
111515
100201
74975
32279
20357
21869
101303
45693
72653
83134
106100
105018
88319
38788
94403
110061
99666
33793
103855
99497
644
71996
53916
88230
29132
14868
17408
58321
98824
9753
70182
71272
46842
75941
87404
39938
101305
85728
66596
45654
47371
21826
87680
105999
39930
29052
108738
17406
64444
14171
106525
8162
6857
95276
70478
103957
6100
50134
81663
32134
55026
41755
70661
25937
100797
36712
99230
56533
23106
58022
37256
12239
97759
54188
21505
65778
99677
42740
1696
72588
59503
55346
83490
45172
104160
77360
26675
9713
52022
85525
76456
64605
83596
45438
594
64333
37834
918
50632
88514
26973
74647
81018
55748
99535
28301
95386
41998
23157
79796
35982
34177
51721
9123
41148
70324
110075
52361
67739
27620
74742
61703
45288
75708
31578
49743
17218
58023
30641
68498
47817
84294
65684
76687
110948
18621
105924
10160
19232
7373
28459
58689
38515
53917
28407
47854
108499
41530
21916
1428
79898
54738
38897
48245
102645
79484
96014
84254
73583
56102
54006
24463
10726
28213
95358
41643
55348
34304
57391
76367
97236
113060
93145
27900
15700
63187
37702
65344
54515
30396
21097
112907
21567
114600
24636
33412
90402
96189
49289
63575
1179
101778
5381
46304
114776
54848
3125
79291
9068
105723
92650
8510
72550
110209
21185
94500
25461
63051
48410
2882
77745
12662
77836
10323
81665
25891
54750
104630
75399
65171
111959
48296
41058
60204
114016
97161
11025
76535
56699
21657
53985
61500
74546
112478
59831
113358
38862
7324
13572
15157
79758
103858
40467
84927
53557
26581
80036
51888
101675
19993
90264
28713
96090
86538
1151
97157
21138
101580
103846
82883
111225
69264
39460
61718
59515
63133
39939
104195
56899
52432
77545
92053
111272
78928
63897
107768
3851
17803
110424
114724
45324
71506
37539
2933
108532
101654
18373
107184
45038
72666
29881
65847
35892
49725
86373
28198
12259
16038
90159
99436
12774
1551
57609
38336
62272
54888
105082
7985
75886
71948
106254
103526
37967
519
103421
28632
26569
69705
17884
5289
14742
53888
99782
35843
36775
19320
64049
12910
19644
111402
48375
105319
62592
16201
44799
22108
70312
44619
20162
6843
58096
12164
94702
55344
2507
7633
7749
44213
19688
29843
96156
662
22482
1635
4431
79893
9208
99772
19361
59450
79234
70871
34466
105789
73200
82387
74052
67358
69069
25667
48524
35526
18666
9757
50334
98228
111974
108739
88119
57127
81660
56532
28720
8671
101451
77998
48817
9550
12570
113790
50937
27865
66185
57688
23496
95219
75841
18150
14563
29674
60471
44954
36063
70224
112125
45681
115423
57029
69910
82508
58488
93417
3970
94443
8537
10765
43401
26132
87542
43657
47264
93854
17892
4797
10080
60323
55755
91348
113397
33327
59585
107774
81397
98114
104270
78310
108960
98328
38272
27908
23006
5448
89217
26221
64179
14828
72066
42801
24067
59039
33997
29302
114242
63075
67544
333
104421
21757
46919
30097
89154
83905
15614
106859
101741
75422
76714
31224
36844
80623
84872
74443
100386
84202
20242
818
52341
63042
50359
45599
42757
84928
79172
60883
59255
18800
10079
68285
38034
64495
33551
60701
29470
50799
114698
23973
19907
44791
41647
649
54456
103853
39822
38643
2071
28153
80037
63181
9742
87754
94114
12172
48434
57703
59546
21591
45615
30100
58631
51578
89170
8153
95790
110906
87379
60059
80493
35875
49516
28381
39469
71108
94268
80210
85703
98735
40283
98821
109550
79940
63043
93421
88205
5633
36132
24288
99707
35484
56415
2002
105211
49749
114942
93127
33043
52784
44349
5185
114018
82653
6847
50346
11508
5724
100759
49317
86563
18023
62956
85638
59133
23877
6505
66915
18649
113815
67505
11885
52058
67192
34200
83098
26948
79401
58797
94032
34822
48535
35425
34223
59778
88963
63962
14411
40978
59352
52317
11614
70327
49316
14011
40866
85487
65148
56924
102454
21668
80025
100690
105975
84860
44103
105862
58088
3194
110998
90694
105396
57389
39339
94441
93658
17125
110324
78235
76283
97873
110997
73099
70976
40174
17230
75170
105715
33479
11549
40692
47722
13307
15635
39872
35903
94930
74569
59992
87649
1773
50622
113708
113712
108452
87919
34747
69857
108941
73398
27890
1018
79702
7924
111373
111276
26825
49573
80598
59144
56260
97818
110156
40700
60668
39130
109478
90861
87957
11371
46570
21448
101312
55596
98351
47836
39447
100906
29918
110387
22594
72369
105841
107429
31908
63295
21229
103465
14890
5598
76357
87496
92405
88419
44789
48529
74593
82204
60567
49044
39146
82609
94453
29081
53338
31859
70961
66136
106608
30905
101857
104595
33840
105132
11220
30469
21330
90148
34059
66708
42176
37242
34077
85028
38048
56933
48825
49457
106946
24606
50217
5786
100729
21429
32886
50932
47406
65129
65460
97544
45898
109064
104913
76280
44121
27799
113806
78003
68617
58045
84159
81582
99413
10232
62206
12735
65121
17730
57268
72748
103529
60469
70777
72429
24977
42719
57574
113398
78596
41106
73324
30614
114910
45921
83237
36862
79167
111260
67197
35293
14048
2984
85905
25979
108806
6517
20029
58240
9301
8541
27107
71155
96938
19538
59609
84628
20372
110070
76844
49500
32686
19981
95323
113881
74678
52046
35309
86372
28685
9022
104762
59268
93582
11135
40173
81331
50347
58773
6439
103838
91653
12833
76408
32434
81246
78513
81806
38087
114283
46066
69559
38103
17102
73630
25471
12895
95129
98158
14643
517
98347
81055
50544
76647
20277
26250
37220
61414
11639
56046
18146
13920
7475
79451
48761
25300
109124
51981
61905
76967
31221
55330
457
80345
107648
83575
93472
90898
91
2254
33932
93871
76674
91703
66992
42312
2486
60733
69379
43038
22832
18318
77583
963
19452
23765
1939
38748
7892
26291
94247
46192
7495
88021
101889
73464
91054
80653
103126
43312
104672
73208
29427
34931
56433
51717
104486
53636
21422
108673
45196
104055
29847
104303
52458
41158
99223
20919
10544
50860
52305
14214
66048
97585
80788
56857
105242
80806
70737
31762
34586
94634
6515
115273
53729
44080
61756
31538
98528
39628
72099
36947
23156
44478
25050
37755
33869
10915
95795
29673
7400
43100
91966
104056
25269
108256
18868
21119
81358
54581
1214
91316
39753
112195
22817
55150
35603
68707
18148
86960
12589
28934
65838
106145
3244
54342
24661
35637
44597
15463
108196
101006
14819
52259
87400
29852
64681
31845
22749
90070
49640
93825
58395
58140
4059
85016
52523
18127
63732
57317
103251
48656
82615
50289
94514
91970
73181
99889
111168
11163
76056
53579
28906
78594
16379
62087
18428
42171
110528
69488
42303
18448
104518
113326
63036
90009
15841
100952
4877
66291
22378
96081
114862
40597
40547
72413
75748
72367
12867
85571
82416
111479
12311
64538
1977
59349
90667
47612
65225
60942
78825
100719
26177
104467
37659
96018
52116
38422
29915
95699
17269
5851
62542
107787
68733
104441
88916
89303
81111
42921
19168
82818
9889
73270
35809
13590
53485
91798
94538
25757
52433
106536
33292
112590
41215
19048
3837
21524
37956
78800
30723
31757
58429
8603
4307
22147
95976
79491
21792
85333
96333
48209
82411
109900
101967
75244
14583
1125
24099
57367
78553
80035
75057
100937
20448
27331
15194
69458
46352
65707
64107
19276
33044
24372
112589
95737
32567
273
34673
66371
18668
66215
79168
36563
14657
76520
52052
75212
10280
21558
34308
66910
15607
111224
97124
111241
99567
100704
89930
80522
3590
68551
62957
35819
96932
15647
6339
15954
52337
32865
52694
10968
8235
108922
77665
37392
40121
94088
11277
10014
91810
36296
47261
37048
48866
112208
101985
27655
108966
93810
40945
43332
48014
9523
100506
56499
2539
71805
86528
106438
114636
13245
86634
57530
78989
110734
47245
43132
31689
4560
34730
69099
35326
108732
72827
54213
33241
15262
33160
103524
73645
5267
14570
38155
28044
37677
9863
28710
35196
50722
342
106436
54359
27333
28702
3985
61759
89995
10233
108601
35781
72437
44193
103937
90626
16826
27101
62742
109072
30406
43159
100988
43176
29871
64724
30866
55535
57743
76058
33789
40779
49107
99501
55557
43660
52924
27586
64856
9504
17391
24346
26984
90323
83695
12607
84693
69192
3413
737
27777
22112
32081
40825
16189
62686
27827
83635
107181
45983
24210
45054
35984
58060
6183
19450
111104
32360
92069
49634
54847
98947
3036
101296
32919
96482
63753
6317
57986
34368
107494
57100
79369
19399
63365
85206
97008
67364
102799
95817
74033
56808
3423
56575
7943
29784
81615
67657
8338
31608
58435
8063
33358
71173
72726
36355
31310
63974
24426
27290
113299
102066
31314
3047
46868
14707
1733
111251
26987
103768
78192
80700
49889
76791
91534
49676
108660
70973
64296
22179
76259
81990
36097
36759
89706
43238
93000
99695
60586
18183
54584
93200
4562
60625
71054
24778
72870
7180
43229
31891
4033
78019
107881
16312
85222
17974
48584
97939
109473
79405
27681
95828
13385
36027
33094
111803
68449
102144
58651
110918
44035
17325
2710
113006
10724
54945
26504
69225
89391
25413
872
59175
33086
106391
72012
42481
92853
11367
85802
34698
74204
84280
88825
45192
10969
32502
45408
110293
105738
37052
100849
7600
53511
47832
102361
20456
114000
36344
57851
9866
81502
40134
27791
58948
50262
81498
56416
20064
2199
81754
76426
18761
114918
29387
2840
99403
105268
1683
44448
83844
62242
101167
28818
96377
54071
9896
65059
74410
77297
24881
95189
98276
6173
3802
12955
70597
16323
46117
36503
82941
31686
94395
72692
104361
142
11314
9749
37148
75148
89317
51969
113990
30676
68700
107535
80215
114052
12896
10496
79922
35011
90401
22893
61648
73673
9175
40944
17744
64022
59262
68392
34501
114115
92244
65203
72452
92197
80850
31016
115271
12715
29635
47331
49697
60550
34923
14347
99917
105719
80595
76420
73350
98489
112985
70069
86483
11261
11077
61426
96818
114213
85896
15583
93034
89827
73759
26884
28527
64618
45418
30252
82086
73731
13487
41741
115514
76612
81797
40884
9835
49288
52733
12305
68864
32267
102111
66569
106458
70217
14748
77825
2994
68105
107869
114036
71480
86757
91243
69747
108764
92549
56356
66809
101068
77304
115425
32185
44578
84969
86616
79855
9074
58077
101375
21176
23627
53024
88032
45058
33375
43976
43118
3465
58614
13585
51437
110888
106987
44276
52695
89932
62192
31101
107017
76539
17919
9401
43493
19473
29988
49049
41769
7730
53707
69432
43561
23975
61049
36790
45762
8816
91981
78523
19858
105517
92516
66593
71
42519
46459
18836
64040
115201
63746
80411
73162
109529
80240
94269
87555
4054
31650
40795
58937
84597
46266
55567
74459
48814
110166
110511
92259
62243
88195
108453
82045
17067
93281
96191
77764
107314
79509
66210
36491
69446
11785
34728
83953
70875
71144
114760
38163
66871
101770
90342
99329
80938
57226
5279
58878
75205
80428
47196
49236
13756
54132
92238
51869
37241
15169
53734
89222
99930
28789
60300
50997
49372
95879
73433
43972
85983
76488
15869
2786
105995
77635
12336
93282
83755
18916
86177
66846
7780
10479
113533
57297
91581
7114
78095
93489
83043
7559
113427
34834
77679
68631
9327
83948
37462
109904
28226
93322
8728
23038
39687
15353
66703
69241
10441
36101
42155
51336
16648
85533
23988
74877
53298
35339
81470
114821
15026
78189
91269
3024
98694
3716
4947
40127
88128
109219
462
60907
66257
21015
20725
78576
10188
54171
74081
44365
11876
106872
59805
20659
39397
60715
108070
88010
28502
72094
7927
3539
74140
92896
14525
15476
112882
13117
14202
9017
12984
108881
20398
49852
22897
57642
113925
62625
50288
112966
114344
1680
51775
89075
83736
61934
101811
91902
38630
67616
109304
2590
13986
37852
32463
4160
114594
16061
84680
77647
31486
79305
67115
11171
64314
10250
39777
93222
13257
87150
18648
49413
94250
115274
103710
94609
11776
47792
4204
84372
92221
3391
10459
33838
233
17371
8078
114313
8822
86876
74544
60612
18261
10449
78285
1654
73110
95742
57954
36676
64719
39665
82842
87488
10286
28760
14591
93416
51469
26070
25664
3066
84962
113957
19257
94151
96403
52335
13663
68488
94643
47368
109151
94288
55780
65137
8414
45911
2015
110974
76103
91151
3084
68357
65105
1296
33520
49496
93821
48670
48494
67234
114106
37745
13089
69295
99177
88659
97850
95878
30288
2670
54982
8578
70196
92952
60428
55126
10174
547
54756
15713
11889
76090
64814
105559
26362
88235
41082
96252
67784
70763
52613
111092
109700
16163
72198
108974
62183
95783
68658
53285
88971
86615
33329
104305
89129
94248
30154
65381
65588
1639
67444
6125
23411
30327
113247
28777
108612
101544
26078
83055
18079
41553
70247
77457
86492
19330
74663
43783
48511
103679
99390
80718
88629
71945
81809
82998
35419
26648
89496
105879
46991
78298
112416
82018
71621
66898
114874
26575
50348
102296
38941
72293
98649
34613
52368
44516
108642
37109
58475
69810
48513
43250
45
3462
103071
111060
62587
55842
13854
58574
27556
87314
109587
56295
74667
72055
49816
36368
17904
21224
75517
24858
12899
98987
5821
26872
83207
113764
29433
16615
83366
11425
95950
70665
60019
70353
50255
17540
26853
100615
113549
10758
34734
37458
23285
99569
45947
100984
88275
108281
6076
66694
35385
62852
113038
79257
40490
13888
59899
2085
35623
83481
58114
70372
54187
24016
85150
52763
41209
89897
63591
1343
29556
51556
917
21163
46933
66711
85787
113086
83911
33
87534
115446
111906
97376
101774
41947
87290
109449
25282
15913
100921
31395
69044
77860
60809
71488
63854
12013
91744
106773
39947
96607
87734
71267
92012
79091
109987
46642
82903
35303
52067
29473
24133
15016
82158
49176
9181
83139
69393
47805
115502
16273
113911
59627
11347
63530
50850
15563
74468
71956
91670
10295
69690
50196
79735
113013
84702
56817
96762
43860
89541
23985
9649
113518
33390
52287
37280
36527
19561
109233
19798
45774
37199
40966
21411
32891
27496
8362
57396
33437
54705
101652
90562
18584
90081
27379
6200
47783
53575
113700
17649
56835
28744
110869
39281
85281
36777
19351
113851
93430
26518
40167
101912
106409
44021
99461
103176
115042
102751
77393
16985
49155
88315
114390
81569
28861
4444
20432
3061
71598
67781
6072
1506
48351
88303
57921
64962
45359
29901
83822
63378
51407
74991
108338
12881
65595
79564
6665
91621
78791
33649
31967
62228
16343
34170
31262
22537
23626
20412
102363
81491
1215
19228
72392
15168
6564
72078
80983
105776
86536
112904
77120
80377
102162
47593
42618
96888
64656
17200
102508
83036
65783
4161
60790
17359
96358
12369
109045
2836
56118
60904
42605
36242
97139
88889
68550
25307
98173
20909
104566
45462
72273
47112
81853
105258
82408
100057
44966
29714
40623
15274
112587
56320
58130
87737
55356
15724
50070
26940
51987
98654
77002
19345
21341
66676
90216
38962
32823
29856
61052
76143
33391
22818
51693
104142
100617
15424
43321
55110
109364
58219
19252
112648
98250
45925
27647
81771
32645
53183
103881
29986
61301
35281
76291
23352
96562
72281
97383
14741
647
84349
27462
40078
107693
108621
736
57720
50470
113026
105294
55419
24004
87114
13410
95979
43612
71676
19367
84881
4245
39374
59544
41520
41034
49042
9923
25625
61890
72290
15526
54108
83553
57572
75357
69553
112492
26731
9833
106692
9368
76438
411
21538
87612
88081
52880
64571
10830
105883
88126
50893
51379
109454
71731
88886
34314
49831
1088
28123
4657
86636
44755
92867
25745
24159
28498
28313
86535
23542
14622
98043
104491
53783
31640
24457
89855
4105
15102
108962
84941
4352
40921
43908
11228
80979
14249
31003
46429
20622
66664
45452
93147
103897
91053
95287
15056
37411
98358
21089
48271
110880
69413
1288
46674
39328
76275
21760
27009
82806
82905
96769
39371
112960
102362
67176
29898
77585
17525
26011
105527
19139
71074
17876
70349
70177
67717
106309
58494
34078
26090
86041
25368
3399
94329
110751
113049
63393
4442
22104
38696
60408
88554
4101
43210
97824
46295
85072
114374
46576
35417
47092
102072
23659
49643
19544
22486
110635
8072
76243
98493
25145
68492
12831
39861
7533
68340
77055
77743
2368
20987
18976
46705
90813
36778
39326
96121
20767
79592
93403
24199
73831
42927
43430
91687
75115
53499
81033
42226
87120
115341
38062
95502
114426
95580
40711
92852
93340
92704
88181
92999
36448
41417
3949
96790
15539
62170
87410
114794
52977
84066
115399
76292
66667
37368
71807
81709
59511
23297
61513
51890
23606
18703
38521
67368
83534
102035
110863
6810
32016
101385
113281
30253
87877
54105
77990
5777
8171
32518
110685
74976
11631
34635
5299
96040
73794
42819
44767
89597
103922
22239
6390
24140
12484
53712
30230
79127
83901
31745
106529
8847
33993
103595
91878
52314
1545
27875
67986
11003
40756
28999
101981
54190
59597
59938
27880
86101
2646
32050
98057
304
38054
110600
95115
1759
33919
64663
6176
34448
91345
52755
92844
46259
114132
98306
69165
85836
76921
107135
57145
224
10873
61672
79950
19430
66608
79584
102813
20037
70822
83704
104949
80664
25198
34120
4066
96975
53887
10797
52620
74902
12688
85063
64363
113153
32491
59539
95994
30419
96971
85866
5601
53555
28030
48809
62038
83625
22840
23152
86618
62713
62529
84653
56728
80702
34576
57784
61010
28172
103194
54250
82579
31667
22181
109578
12008
28139
63029
7531
74030
27918
60016
65473
41193
54776
14322
17226
81262
104680
9862
106029
17401
42789
44399
92969
108862
112600
1668
31071
103131
7266
62673
60199
27805
6678
98635
15729
70611
85442
105178
81199
20022
78346
21737
94189
40425
30043
11155
107996
82723
35250
91389
15256
26032
100517
24034
101566
77075
88287
6854
104279
61392
26645
22667
13391
86104
23731
53066
2043
54022
100411
112576
63372
30727
50473
46632
47272
79022
84521
16260
102339
93564
48447
81471
37065
63594
46847
77454
78895
85908
86394
82956
87999
96871
33877
97681
16114
108802
108920
97468
68303
75379
111769
36517
16149
49770
75712
79709
103245
68468
23516
88860
51926
49597
37656
105140
90597
45112
22946
55536
86851
53373
24964
96433
14636
39514
68397
79680
21062
14158
65766
90255
98640
62819
64682
108791
74708
50112
103062
91872
31958
94568
91147
45153
85583
42291
74482
113830
1292
5539
64975
47352
96858
92387
21507
8625
89696
102528
113776
35813
34699
54381
2543
11579
62553
24429
111777
62105
347
6020
21701
60426
27748
35068
93325
108904
14094
7295
247
63954
81588
32921
22196
97815
11781
55528
37548
41090
81241
95378
34529
66689
80290
13063
52884
90333
113853
60243
75826
48386
96240
31705
84276
72146
79190
49792
46956
35869
109946
63927
101344
67591
108367
79617
3549
83318
31004
71593
56487
4684
37391
113066
62916
62126
115475
25609
61007
96406
23450
10769
13511
57947
3467
107439
24414
82006
24215
29911
100675
51704
4189
65896
40360
16568
53656
26496
23324
79804
105773
90233
4586
99478
81097
38887
23561
69622
11138
45895
45156
108851
33733
21722
48760
78937
47398
85354
84413
36576
17622
102130
92019
67403
12966
56384
51019
7010
38333
30073
11527
11318
17536
12487
38524
107272
59600
67696
68847
100962
46821
73919
79542
84173
56836
92694
56862
88546
50615
33920
112474
82644
54762
105027
97177
107459
63891
101915
4006
109788
90226
35172
84118
31152
33686
40616
14216
17995
29348
19575
102733
108097
90298
29589
17251
41074
101500
58105
38019
60166
100555
51425
8012
7435
71096
17670
9603
82849
34060
81048
82301
85418
6569
74987
74561
66084
11040
44973
62274
858
76236
30545
32091
87069
91681
60727
115179
94515
93483
65646
109992
111236
14018
40780
85137
4326
3589
90482
109710
73266
79942
103505
87461
72790
93541
48850
114300
28746
109157
61489
11934
34160
108720
6986
92756
86732
5816
6410
108511
103083
53239
15423
105619
71865
49904
9120
60142
97515
105621
61314
68557
64732
51635
41506
26997
19175
51843
65650
29255
74513
7402
38419
10020
65795
54562
47056
87147
42592
89727
36561
38040
739
36731
28976
100670
102178
33762
14509
84564
111163
56418
14309
76319
2927
79203
34642
63155
90026
113537
97647
25518
13490
114772
47610
52642
77985
62854
15722
111117
35832
20199
94267
103781
27771
46061
12748
82446
6271
54344
107651
3236
36911
89015
54623
52339
54890
3643
7848
75267
38100
14866
103884
2267
90311
93424
15267
67614
95705
45415
33284
106684
75550
35239
56351
30237
43355
27157
94040
79914
81786
96259
84594
101656
19082
39127
66509
110624
98454
51115
15112
82502
30656
20966
79533
17533
65539
76756
85529
40851
43765
22885
95896
100432
85608
70863
54614
13393
60319
23913
75387
64183
91039
64426
106600
63135
50801
37934
19231
103029
92033
85993
88670
90927
47276
85477
65014
33821
88349
43866
42837
57612
22270
69850
91736
22977
28168
47333
31728
98185
48488
57106
12504
45217
57273
105323
49234
445
96116
81753
56606
9206
80069
47324
32072
31012
10979
59849
49264
37576
61893
115362
64038
14125
59745
38257
26673
48112
106592
88300
65309
22591
106262
38262
50698
77562
30685
74940
42413
108308
76206
45919
8089
13813
39125
92866
21427
59499
62927
19709
49302
71309
45144
33062
39975
99568
82734
20017
56050
75929
34508
110385
33473
37147
17808
28033
100112
113840
104877
96036
34282
97142
109414
114664
37306
93548
24830
97869
52914
69277
6469
8692
54450
103725
26850
62315
80682
62812
7047
115343
73354
101522
46169
70907
10039
84978
45634
10269
34297
109078
59595
15934
31885
41780
93868
970
88057
62196
13061
43662
85489
76698
22910
28326
97119
72719
23560
83422
84149
111161
90117
101934
62002
68191
88019
58765
49161
23018
20069
67940
77900
95420
100551
98576
31732
29454
112072
14510
16249
111544
16458
71578
86572
63997
75877
38839
112606
28391
93323
113280
113659
8797
115346
106261
5643
58071
109528
62347
21471
55116
62548
114183
37131
7053
66016
23809
37613
20004
85492
10292
15687
9316
25204
30488
53046
7654
89555
105684
48039
30718
62568
96819
93382
3202
22447
62891
9493
48684
55873
62969
7178
56918
46287
111713
108052
59965
62298
79801
20429
24446
101936
6083
112387
16899
96980
27289
103528
9420
16546
93720
10653
6651
28510
105565
104729
34259
95998
4009
71552
49762
112528
73999
87863
5635
54208
85683
23908
91521
10533
54609
72285
63650
573
77325
100410
46413
32856
66844
73753
91919
21342
4008
25680
30315
15567
38466
102170
81189
87915
93084
55707
15116
67022
1141
46932
63492
100886
46270
25266
34856
100168
39979
71766
80342
105899
45160
62944
32117
50476
17105
93941
108057
111064
45069
80774
82794
83283
91829
1089
49008
37881
112356
19786
42436
48216
38694
21717
106327
6720
49522
3748
19739
33751
106351
56723
27578
45835
58245
40853
48604
35974
42352
80865
41068
106118
10647
18438
96296
62949
101945
88837
55066
51471
70057
92772
74425
94252
115324
36704
62288
109585
55260
12639
106733
36437
54435
6729
76480
37103
57907
39239
27688
32508
107771
52530
51550
101382
114179
23209
83430
27049
16254
89686
90892
69842
85597
82109
74807
52575
66024
40061
113575
106790
55382
20828
11438
37739
10257
10728
12582
39848
88578
55919
1235
94991
75938
66232
45428
32377
56019
26278
31298
36744
82923
103139
28825
67927
59488
6564
99187
64200
65316
108116
4533
88138
39398
32076
100111
