10633
65394
42389
50160
38818
72284
90
46330
76419
31400
78343
21136
62899
67707
18941
62791
45615
58686
77583
15636
73310
59580
54944
43364
73382
59350
70698
51645
61792
71897
16150
22211
6986
10892
20069
38544
21518
14645
559
72915
6069
23180
24976
31195
67619
81111
45646
13331
64266
51969
48340
21620
81422
1364
67901
63032
49676
68025
3342
30988
64213
44913
38541
83056
325
49494
82597
83222
27488
7461
51101
23747
11030
61705
32538
12444
65480
48080
13647
48805
4219
63127
85665
1973
27204
58588
50879
72605
16166
45173
20650
1843
80541
51838
74907
36945
15308
18294
81462
72362
55611
62938
18332
7714
48756
4337
52509
58855
73147
26403
68783
10939
11833
29988
33269
35099
26921
18408
2027
72435
74653
78280
42729
9582
37120
31725
26258
4357
58126
4871
59673
54937
84374
53656
65725
61787
86071
53841
7674
41525
44968
29440
20277
83082
70356
83224
81914
66170
73555
28965
26961
3231
66796
525
77366
45489
58543
26703
28087
15249
39951
52781
15744
84521
69440
976
58136
65232
64570
5738
29767
28373
78681
20089
4456
81557
67849
23813
40588
12957
49682
85783
66733
26812
56113
52878
25196
76635
39465
24225
49336
27575
47314
39687
59497
27611
58529
38395
42020
39847
49321
79811
62624
4688
35486
74890
48642
72851
57926
706
24253
51397
47793
62825
39755
86189
60275
19216
12937
40777
46426
737
66997
57053
83826
52953
22460
65368
27322
83144
78934
32466
52409
49448
65862
37064
60586
51551
54201
33399
76961
75167
33154
54086
54473
7796
32011
41302
29462
17938
6237
70863
77108
12398
51205
37269
64308
19390
84503
1341
39574
34280
71757
32961
7857
2140
37997
67090
2311
45881
56238
80998
26348
85924
15520
53073
41722
85071
82071
27498
43580
46115
42143
23840
78474
74068
32324
48966
65176
9056
11571
79965
59651
17171
79756
2179
75229
27400
62024
64484
47650
20221
73840
72581
29957
3910
68399
31611
40168
62490
3271
60728
72704
31732
83342
6749
73600
23315
86231
4208
51860
61970
13597
9659
33630
40005
67121
51602
64995
74189
7023
21347
81677
56139
44859
16451
38875
28649
58773
27686
46363
43069
20485
1166
29167
81864
26659
56276
77721
85497
42638
32590
71548
36444
51657
35667
8758
5064
39170
4732
78183
22951
48335
21761
46423
16782
31515
38972
58628
45003
22812
17390
46575
52633
74649
75922
4127
51646
8468
60095
84396
30312
71666
10726
61569
15029
5116
61827
14308
21158
33194
41359
52783
52629
26396
82687
42961
31185
83096
84475
13202
75783
5092
55169
15527
2838
36314
8383
24749
6501
16484
34124
10595
23022
64152
57338
74585
73448
15975
57975
45758
5271
40229
59913
22597
49329
25447
32083
13787
15930
74172
46289
20310
11381
55192
53200
42723
8788
35976
85728
56695
51663
77999
52924
6483
12135
64891
18692
8634
55177
3871
31236
15494
64640
69094
63277
30386
2984
81627
956
3683
3748
23966
21446
70251
58130
42608
4728
72586
38446
67229
14463
55328
19866
1895
29154
62343
35313
76897
70933
44808
25555
5279
54914
51445
81686
11618
46765
13512
18665
52818
84958
27023
8346
26302
21390
65844
23118
64567
50372
82531
24602
38685
19049
52347
11555
76682
45895
4232
16151
55957
51568
7672
27465
589
12820
4872
12191
85093
54760
37153
76483
4644
41100
1176
54712
40175
23985
65377
44757
34391
6109
30661
1552
17441
69226
13238
2283
12649
21565
20474
17450
75653
18897
9139
53005
56454
26909
2095
44006
45946
1659
69429
58174
11918
56935
73086
1407
16641
64810
8576
10253
61887
15466
6123
21456
1455
49235
52188
22099
42434
49666
5651
25945
14360
15346
83519
416
72750
2610
64379
15320
13370
22955
27142
37443
42990
19706
57514
53149
30447
31532
54102
25880
20149
70976
48865
83698
21133
85327
32420
42909
16504
66506
72159
8883
6238
58776
33489
1541
41030
48168
11247
8026
27618
17852
80942
8856
17307
18574
38369
29227
72272
35584
36916
48958
70877
23333
78300
21407
78385
34657
74176
76177
1022
73771
45823
42948
40872
18403
68772
32006
52719
73144
82873
22274
72182
4419
71790
62653
65996
27115
34571
30107
26289
7824
18974
7701
81080
19951
40268
67623
64312
20959
60919
30211
60851
83767
51817
14367
15478
19150
58488
502
28465
49893
84681
9716
23243
33687
78531
63631
24513
18292
79509
3526
24569
47954
81753
80465
58579
41573
32461
81394
13529
55964
22150
80176
21687
70637
69971
59375
74863
12431
53577
24392
8489
18499
20501
51154
32880
52619
32499
47060
9037
28136
601
8599
32159
85378
19237
65221
68744
65142
48395
20333
36105
50636
57876
27437
30580
21248
57171
14880
4042
36387
76226
61942
17173
4554
70611
30654
47861
52553
42248
5463
82866
50947
28275
1359
10480
8786
82587
76354
76509
40908
30218
7761
26410
4970
61812
69999
66251
64276
78318
52308
68950
12131
21096
53380
11852
36963
7772
53602
78738
77079
29099
29998
14532
5346
16198
4696
63394
10519
12819
26256
78870
29182
48244
54270
77564
28403
13916
80088
19218
71959
14001
75983
7643
47079
7244
34559
25403
56093
38330
45540
47658
69
43203
55873
5210
2829
13963
52201
9733
60341
66332
37972
39906
63305
60219
57155
56021
70468
80820
20533
43854
27381
28570
21939
75993
42839
12104
61033
4449
7926
1052
76823
76771
66163
53692
54750
12925
13181
6385
61604
51394
4005
28755
50360
78821
29602
47547
53803
81602
68765
63947
53460
43201
70305
83945
36714
12277
40651
27817
66768
4179
80869
46897
10974
37133
50843
11683
66564
56081
11255
18293
168
15556
73663
17187
43925
3623
66722
37395
11158
6897
52100
2540
56242
23058
33450
29659
20552
59304
48000
65672
78120
84964
43078
58045
67513
77789
59144
72835
17079
75252
77064
217
3694
76843
65156
78802
11026
18909
70667
72387
58021
12572
33923
74673
166
16025
50847
7863
242
27911
48276
52955
85216
14012
73450
6320
68494
17293
79656
56336
30318
52309
6101
10364
74605
70090
79690
68940
50878
68358
5535
50134
19940
56348
37723
35166
4686
26233
24300
74337
45723
82238
13266
37693
6840
1956
40491
10293
4992
68060
78240
48419
68415
9390
42042
57181
10344
73096
37703
83732
72966
76930
24062
67398
40478
12167
68540
49172
46053
81297
80690
13092
27233
3314
15186
27193
73579
12597
18273
10835
58589
55690
80801
33038
2313
49277
43560
76908
79038
70850
78256
52888
49802
85321
27929
43128
37569
21348
20375
62461
45169
12380
36977
13651
66244
37747
2018
50377
2916
83044
6852
33241
8396
29763
37423
20790
72603
2552
18278
52906
49363
65198
62277
68137
29948
57468
81935
9866
6216
84365
26328
55915
52764
16322
23128
18708
51412
3485
55670
71526
74661
41220
38730
55731
5511
1329
20502
6285
85221
39271
30649
15671
2194
57991
84652
80744
23603
13158
19874
8550
76471
84592
22895
74053
81442
64537
76951
27886
23414
34572
64430
9256
74944
45621
69360
49921
34475
19777
81087
66364
25923
82909
36956
18813
35332
48743
81724
1602
10707
4953
71338
39234
32492
66404
76040
75445
23218
56881
17451
1419
75105
29250
11750
38380
71125
82771
57265
82213
36135
65663
10202
33415
4528
71147
85125
24801
49768
61147
35826
58707
52645
70256
33204
47801
25105
66630
25048
85873
68862
64452
13130
54702
29819
5974
266
17491
7481
8478
7175
29088
6219
78672
37069
37607
52067
37358
22826
40999
41309
61776
16144
67654
6051
16009
65252
80819
17192
66375
79577
9204
29587
69706
77652
84683
84942
29815
23691
83805
72807
53097
81341
82813
84954
3711
58595
39654
60296
81384
42673
57186
50754
34276
58548
53296
29673
64524
56636
21644
29198
80392
35496
27561
75603
5244
24596
4935
45588
85067
46485
5839
38738
84829
78340
33324
48342
47412
49603
83085
195
5970
13087
52830
16234
69357
65890
78651
81243
8030
35491
71761
29340
1877
69670
68919
72025
6234
53761
59897
64201
4184
12992
37506
45949
64675
10579
24085
25126
60401
68534
48349
45930
66500
63099
55732
33516
41764
34220
79671
8990
32354
73898
768
41757
85344
54123
21202
25773
71450
9634
58230
49059
79976
32677
39206
55803
66847
42332
73019
80692
84486
15991
38959
36642
63746
977
52677
2724
69791
30456
67858
10758
11212
7592
36743
42026
76998
23258
45509
9614
3771
11530
75168
66418
9941
59236
922
49457
73342
65525
23181
18313
64426
71693
14675
73604
84352
53382
51439
12028
23997
57105
30283
26574
15736
56496
32113
75823
53750
67044
80433
23166
73050
3556
41348
7577
22979
48284
26169
76575
52268
34392
6229
46913
46159
50709
23637
80389
30134
71059
20961
51666
15310
59218
76941
53621
45678
4540
26113
32925
44470
43013
55786
41193
39957
63120
21970
34682
25012
25209
75034
6214
9234
53581
51690
58621
42191
67632
65785
28127
12684
68203
50651
51318
79169
26585
48216
46562
16817
5280
428
47015
84878
16660
24926
67971
35922
34338
64932
925
83134
85050
34806
62143
42428
22845
48666
19523
15831
56609
19399
35128
10187
47430
33182
11662
24059
1524
40331
67428
64743
85120
2056
31776
54685
18268
56765
26568
65038
55265
28078
54529
80170
31658
2508
14434
85218
77205
56374
54216
3019
66513
38033
25689
73437
6939
11796
64639
56487
36179
74896
20195
51402
60120
7024
1071
75520
47112
70773
82577
31905
2319
11866
13632
69164
66415
55399
3474
13466
57683
69771
61122
72411
29825
17939
78141
55926
35270
3103
26893
49252
16774
45811
64859
35853
54901
4072
78392
60585
31063
33898
12356
69106
81067
74356
19494
46204
50953
18816
60209
44254
37739
64056
61905
76332
34053
15362
84981
45491
35620
18765
25208
44000
28197
45521
46428
59781
76807
14611
52144
29485
45080
17625
18529
40359
8035
59889
73280
44164
25800
65825
8494
14419
25682
29403
83630
73502
9785
76619
37649
14856
45788
43564
19697
16474
85526
5636
70348
61739
78929
81612
74264
20730
40484
81490
70387
7712
74929
55295
34735
2760
28762
39902
57062
52803
46494
53325
47449
48908
77509
47912
14707
24750
2009
57200
52601
31979
35410
65171
27981
1011
16467
29393
5528
55607
45367
85829
56281
48268
49766
64167
74390
81733
43700
8136
9611
56801
37021
11734
56271
52214
32646
73933
49456
31728
18094
653
21487
54354
66297
5442
64283
64693
84409
3243
75754
56957
6308
26221
20399
3938
34132
29251
34394
74016
43026
43729
62121
81002
15759
3708
36871
17378
39920
40306
69947
60114
11346
29122
77323
21022
11818
64927
26925
44065
21706
79462
32403
36489
83410
15018
4549
46409
67231
20771
60105
22809
81006
1897
19162
23306
12084
31823
78057
85037
50664
2042
77731
71944
9969
15133
52205
58786
17976
64964
76712
58299
9487
60609
54085
77321
83666
13949
45848
71437
36694
8083
11731
744
32766
21779
19051
7794
54890
23946
48588
63731
47873
1974
25704
48366
42387
31888
47820
47549
82067
86169
6717
74096
142
69387
55460
52088
7903
35730
55056
29443
79247
58940
38278
21024
51804
41581
19066
21930
5282
84236
77586
56065
1292
84893
37472
44616
77796
22197
61215
82850
42627
72996
57316
71892
69368
28955
28320
22675
73969
10413
72818
78587
50232
20267
3811
48595
77112
65951
1985
50098
68995
74429
67672
31213
38467
61367
59557
62201
53686
75249
63815
54425
48029
46071
10720
13131
12593
72451
84433
21282
85541
44857
42399
84154
24284
80782
11826
58744
23842
60557
16934
48572
50416
22207
62827
75240
73809
23075
63616
13107
29043
32384
76259
53354
10393
24885
27971
15872
29990
42406
45437
83231
16147
35705
45380
24281
2385
10312
16579
59601
21095
66993
32942
24789
25473
19743
16875
52326
19028
7979
51594
85397
77133
41611
83965
50877
24897
59171
37824
37919
30957
44732
39545
50485
61197
66320
23687
41628
32201
73103
77350
1328
50818
37326
72474
85446
37448
13109
74143
68646
4519
67380
57308
19287
75718
13045
32922
14097
784
9132
75046
5077
34742
69500
66966
78555
41963
66872
15332
43034
13808
73510
16575
39889
66085
73432
22860
76008
12177
70365
74616
74111
53688
61618
11131
59343
31703
19274
61630
65414
62091
29966
30785
949
38528
11020
20886
21261
56676
3422
70602
29790
39560
21610
59762
31773
66278
70275
66220
25611
35163
8696
43526
72365
16405
4180
14632
9914
48152
7551
36772
16074
30632
39779
25157
59513
8847
54909
57001
5739
75366
64340
12263
3531
12183
50497
61832
71418
1811
21997
83070
35664
79885
29137
65851
78421
69797
12779
30063
56445
60030
30433
78930
43567
72109
55374
69936
8514
76381
28024
19342
85631
75493
11561
74450
48761
39401
36156
50745
78298
16158
37415
81141
9968
41715
25631
47367
80849
24952
62291
44503
32297
17918
24197
56298
79228
6235
76588
27452
46541
20272
38184
14746
29985
2136
55105
15381
44457
8672
4860
66923
72837
65938
14207
82738
33074
83129
66050
53878
83764
5451
5622
33169
80539
23338
64243
19266
14120
58089
15959
46310
10683
4705
18773
73442
3878
14785
14699
37173
5315
53247
69613
49499
15526
58232
45831
33933
25089
46263
74580
24183
13648
23735
5585
76271
44449
17435
45844
23614
17472
46888
69675
16270
66582
45130
24456
53341
33306
62034
82014
15125
20361
37189
66158
75061
62445
36842
44229
56640
74913
7114
80691
77802
57391
19861
49451
2877
35307
39734
45235
57498
23831
20046
33620
33274
5331
52590
14878
35236
79543
29866
33052
78039
31556
83136
48086
66147
54681
51751
64153
47363
2281
58613
79502
67340
72983
28948
11547
67893
25899
79827
51260
40166
85249
62317
48620
38574
41778
65346
4635
49369
28647
28597
72710
34706
75467
69856
70727
20882
33006
5362
70078
72292
64785
19533
54896
78292
21239
13902
22286
61004
63494
65400
18601
70998
74168
68916
40209
50496
85297
54316
35945
64224
34319
53667
47294
7997
7204
74346
34071
70879
84527
77758
11598
46692
46816
15361
40945
23063
417
47172
33817
35066
36670
30390
18197
20687
40087
83865
3940
8264
57677
46880
53892
67637
20811
79755
75126
82332
58337
2841
84913
77589
26225
6428
81859
38214
75600
38553
71298
54669
6106
56561
18185
28734
15299
21326
13971
58334
23114
34545
73259
80410
68958
19302
67508
31874
81086
79216
27995
79036
78381
7200
68299
1425
12868
38431
84038
72324
55646
74241
58
38838
65659
55627
21938
13273
37265
21827
54194
29015
33389
73594
59387
2726
81722
23171
10184
75880
4897
9271
32539
51759
21030
80119
77362
18633
8039
23191
56959
17549
32573
69916
46337
12314
32635
18834
5232
58771
27022
49989
19735
42333
62218
60143
81656
67066
52992
48209
60280
6269
59710
58181
85903
35879
34016
6704
11576
12991
47127
35890
61145
18925
6210
83561
45525
57743
12315
28973
57064
79624
75489
15733
49537
58164
51833
32839
21715
18071
3038
70958
23393
81414
7218
79920
58121
82945
84437
23202
39838
48648
78665
70560
42818
48227
22646
75671
7275
80628
81893
82135
54227
10765
7976
36468
29723
14025
35280
59290
21617
7349
2676
29093
74307
53105
54905
13286
35406
12846
41681
67818
24072
66484
15694
29269
84560
84850
56133
13785
1238
75333
26869
58879
35703
2387
4129
58783
3489
4851
77158
66953
67983
30220
85207
65301
48090
31758
71385
26911
42550
81016
15840
21594
1561
15621
36255
82249
79399
76351
43796
69732
73166
20057
11082
29451
40366
71515
22543
57554
34899
69874
56689
14971
48614
36385
23763
70925
2365
29788
7223
42486
20985
57342
83860
764
55505
46635
5066
77215
64991
11191
29696
14819
48641
83681
36873
85858
42088
20112
19922
83431
29640
53553
52812
58118
17389
7789
62974
33897
42538
47166
8142
47267
1717
56479
46750
17051
22758
82498
77611
61572
48759
76105
42749
24800
67115
60461
69958
16819
16984
77171
84553
26619
76942
21214
69087
5997
41089
30693
6907
83974
23497
52460
45961
43731
58980
77134
23564
75344
58366
10348
31391
65135
82529
4762
20460
77678
79776
29291
52554
51694
69875
78271
61788
47989
20119
12738
29111
845
57112
18894
69351
13946
50489
28496
54510
84097
34000
71574
39958
74807
4494
69299
71473
60305
29652
65473
75287
30471
70776
74859
62473
34705
2521
20913
20041
50062
15656
85214
80340
23698
63717
40889
13108
4361
40659
65501
75625
55320
77955
68155
15413
54482
74406
38267
74960
57430
84085
4861
49803
19544
20861
8156
17012
12953
55054
18315
47006
10631
42753
16267
5001
65326
40833
7869
37075
60181
53060
19217
39375
82306
16690
21567
60661
75072
36824
17161
83780
62482
3865
53810
20685
52646
28952
76775
80497
56194
31165
16459
75509
28429
43883
49210
71748
1908
83168
59534
23179
38700
15501
81433
80106
35541
11723
12676
42950
78491
73915
78542
77668
30305
35195
49608
82553
28474
8120
14057
84009
81513
32782
45674
61224
64942
66520
61460
18714
78803
734
71719
42415
74350
81876
46454
8431
15886
2709
30528
3555
24587
66187
29212
69253
20700
32194
31023
14457
40764
75966
50772
42869
63600
85022
10120
38246
10128
66932
1690
48248
49220
12789
1965
64858
78611
80637
49556
45728
53360
78104
27074
82888
51067
31132
24532
82360
38458
15430
73714
38642
86080
20016
62771
6962
5044
80882
48084
58221
46889
52676
76415
556
4185
73035
45849
64363
5751
56671
48994
73286
5227
5485
7314
42298
6940
44600
18993
31512
31537
254
21154
22418
54142
47230
11504
33650
73392
37701
40689
59661
37883
59151
62165
63193
62541
78486
51389
51786
83768
40332
61723
42599
49047
68168
32658
36302
73540
41980
51652
33511
36735
31596
74208
48034
47369
83023
2224
66161
63523
21711
43445
29242
11882
28006
55449
34100
54549
85995
56380
66177
40622
75357
40631
9238
29493
41649
61198
72641
81009
39668
3631
28646
10504
8596
45523
60813
47570
52429
72401
70403
39044
13145
13525
35027
5644
69206
63591
55401
14624
60618
50627
78789
85621
11756
84837
48665
46784
70451
29542
39436
67247
72906
66693
67211
59462
11876
56591
20166
69933
58685
29235
16598
30384
84045
12954
60712
49924
6305
54723
24967
58900
27528
53407
52345
20013
6601
49605
70536
46637
24407
48050
65258
7775
63372
15461
22624
44693
86045
27780
19681
18011
43935
84227
36478
34445
29519
83116
48353
71051
65526
35305
25796
45144
15294
12225
23294
2718
44824
8933
16502
46406
22950
78829
41243
54977
18631
41326
39940
927
80343
7164
27334
16864
43652
80428
41077
43617
43009
21605
22255
30182
16308
47720
11176
11970
50037
5472
78265
13214
63294
13309
82899
64728
3264
82157
74827
70208
64294
79787
79324
48148
17039
84999
37909
48458
64202
43641
32995
45776
62785
31527
13894
58816
14503
27219
57471
65964
85687
13385
60570
5319
14499
67035
76361
64670
21553
56585
11722
68324
53314
44405
15971
28447
47518
24316
33551
12949
52785
69021
71837
5794
78445
71281
49029
43885
85686
22361
43711
49681
77922
26275
59892
44991
59834
80671
3913
67659
6895
53787
57951
75097
8461
27247
35198
73726
5941
17129
71501
82251
2116
32794
79821
41556
37179
84811
34609
15974
55006
7695
31483
3144
2591
10913
11509
25045
24545
74912
26759
25451
75550
85898
61187
2454
42419
2815
82431
15182
77517
24743
45672
24209
20024
32055
15388
71243
58015
23608
39748
36523
63173
54724
83761
27997
27920
28905
4109
42003
66283
11384
11262
32762
49254
22768
75984
23239
15261
79373
12562
58719
18566
58936
4015
38145
54007
81963
71736
64226
42093
42894
78361
33721
69953
58129
10598
30007
81481
78994
64737
50858
50767
75593
38952
21061
29658
14158
83516
40114
40317
37063
40857
47208
62683
144
64078
81468
82898
52564
44484
66031
23517
39237
78422
80147
51001
7838
5263
7835
33613
9471
35037
67125
71290
61689
1754
49180
23777
61772
55223
66341
77978
20805
22071
22851
57585
36711
73509
73664
3740
18302
76242
49639
53762
76673
46123
16741
66509
38781
78047
1094
3506
78567
29360
76553
42186
41148
16823
44384
38320
59533
21461
71225
40348
29806
47478
12763
55361
6652
22642
65161
20412
74035
47636
35858
16196
73841
75498
456
30897
33964
41070
69751
65451
23214
47164
22720
68340
5466
48048
70979
63063
18417
43518
65933
80035
27126
3376
44849
79396
16346
77640
33523
25654
31914
66194
56745
53217
50454
2181
52407
46895
42231
16945
29074
36108
2546
2381
29597
68782
70835
24997
81277
42705
79554
74380
1905
52348
42291
57746
79981
58254
76057
70693
18311
7963
29565
59040
63037
21079
83586
43939
68447
19245
64133
21278
66501
12145
11489
36809
9651
54280
71880
10286
50477
36231
22044
83388
43726
32346
14232
84686
71219
61151
18467
20531
40302
13105
84334
58395
18106
14346
30907
43476
48776
13979
31993
25150
32761
37530
17286
80404
53826
73164
10534
4371
38932
79114
37124
18350
23126
81240
30070
37907
50833
65796
63964
32973
34423
67266
60233
65867
72249
69100
29976
26611
18076
32329
73685
84255
78006
24082
9398
31188
76367
26239
19665
76076
43946
51372
16880
22878
44305
11128
17511
51319
64050
21629
44135
6378
32690
28924
3508
57864
44850
34601
47759
20592
49973
59770
46584
1340
66439
77571
77939
2240
82795
78258
77380
30076
32612
16812
32003
78962
82411
60360
39326
31695
80735
62399
60230
47133
43813
7383
69821
4359
82305
1868
28867
19647
79938
50002
83577
4853
79951
56692
13781
14427
80767
72893
53785
4076
67779
31482
66917
50302
29534
19948
80860
69577
2787
28450
26360
60340
80312
31784
52038
70982
64507
44440
3384
83806
36999
43508
44797
13756
58341
11544
82052
36430
8597
61166
80029
73617
76504
83482
5905
31632
38599
12478
68440
27335
40970
59254
50249
84067
84318
77630
50133
33962
41440
1085
6588
40902
10403
64172
10690
16392
32485
32465
52005
48927
15423
55224
14538
69876
49000
41900
17891
13720
8374
3307
41064
85115
36067
52112
9587
20300
43881
83512
31214
64897
30669
126
12126
65943
37613
14936
25417
42646
23940
51009
66775
1499
71773
50274
56213
66615
81907
12927
84896
77639
48925
62124
35903
64644
24761
54623
55894
61840
84646
61387
14656
22309
46084
76648
3639
19208
56247
16101
642
8934
25941
66891
63340
76903
61839
1657
53507
2715
26307
81423
19242
35080
20196
60628
61762
25313
36558
44979
17461
60479
9026
86043
47168
17159
51984
32897
48418
39763
80562
61677
79274
80034
15955
30904
39820
66983
7015
56326
42238
41966
44992
68416
56198
10367
25726
20590
40274
47544
31831
49735
1042
51728
71117
39449
78893
80677
58086
62613
48238
68624
56420
52382
15579
38410
12261
75769
23394
74504
23390
72492
35674
54468
34696
40456
31904
21067
50152
10662
84777
18008
17989
19998
62157
76513
44779
19855
23814
65924
57689
36015
45148
65060
80264
54959
61127
43181
74686
45013
22260
66824
84876
14695
25571
44327
63157
65467
12583
63395
25446
57757
56955
48524
63313
82342
16135
41404
68184
60482
36733
53497
23178
6002
14815
57883
30520
75958
7937
50007
52438
48985
21691
4330
656
10118
64805
3784
32999
11762
18286
51822
65986
64380
9948
45020
74506
68616
58048
75839
57978
54481
85519
306
18667
46258
86155
45732
36335
7119
36228
42563
12014
78501
16524
15163
2099
50537
71119
28609
26907
84907
32248
72096
25664
25285
69370
5150
9337
37040
6743
22531
68015
5114
66533
40059
62164
30680
49045
18693
78434
47361
23919
24528
80699
4695
4010
66825
46384
21824
44990
47510
83402
10494
83006
43222
27943
2072
40248
32147
1264
22558
59653
42910
71833
16649
76397
9924
73168
33851
39535
35238
69767
34070
16732
60185
51388
59902
67944
84785
30748
20934
44668
44469
421
50676
38811
55259
52899
36055
59233
68302
60604
59725
35682
14976
73359
6796
38632
81026
64809
2351
24548
49444
76764
45252
48171
36423
49598
72832
21536
6118
84226
40001
55061
61535
27636
29470
44497
17681
70545
19896
5117
43000
59563
42775
7249
5900
2409
21656
26380
20086
53921
82077
14484
51783
21097
5558
55784
28068
76239
13514
39718
9654
2659
51712
36300
15468
71033
436
47855
46481
43948
40851
10660
65426
8916
79630
78236
28616
28683
27342
69141
73287
1537
19005
18539
23644
55638
70593
76366
23593
20449
16176
46718
74534
81224
79132
47781
38950
36995
63088
74121
19214
75315
59565
62772
82115
85784
6811
82650
4344
47473
5872
14967
85029
26055
16039
10331
58977
85794
61520
3559
41094
19818
60299
16244
44027
80080
73924
34509
46974
10142
14603
74018
56464
32906
83149
18984
13411
53121
29252
49709
1427
50130
19286
63346
35510
54043
50080
18130
64907
64962
12293
7830
73475
82984
6552
44906
38043
67792
19755
27343
36700
6164
79696
73281
80101
207
49878
19355
2396
10548
57287
79615
52090
23948
46302
62715
10840
80561
68725
3450
80395
72113
23303
14379
59767
67787
71753
22229
25095
47074
18933
4646
54511
85394
34654
37900
73597
13823
79124
65152
67147
76821
26141
11981
34211
38019
8033
48320
2968
9155
85658
4708
13621
65230
79768
6878
61031
16591
55782
19556
27439
21057
71115
31892
81531
52943
22997
47972
20632
82807
16655
51912
59887
31179
4110
52727
16879
8669
5689
84478
50621
18546
57488
1041
80368
59645
43141
38617
35675
39251
24907
44494
424
46909
33449
24166
74325
33871
80259
34335
42793
19529
31357
52994
5513
44171
57566
62311
67640
4779
31143
70792
35358
291
72536
5126
37094
74182
12978
54347
5576
35797
20547
10791
36958
7537
16187
84634
72646
55617
83507
2934
61751
56782
57076
26408
31398
46444
77488
13316
47663
5725
41595
18050
39623
13085
8423
67297
53648
23851
46997
63258
37315
74091
5995
6395
27624
60368
76508
55503
5906
2753
66371
5192
73462
59130
37852
82905
58091
70916
25586
83934
26451
72801
20989
45096
37899
34891
25160
85262
60068
62128
6748
21904
34452
66710
36397
68478
70408
37974
81925
73474
63283
73417
32239
79342
47798
54551
15846
75549
30884
2875
59943
21544
62079
28406
34074
66963
14059
59983
75704
56915
29168
852
77528
30297
56203
24535
76193
27181
22477
67872
4163
82941
57816
19296
76026
29283
82776
79625
42830
34741
64125
20446
14203
15701
70685
38855
12180
73393
57254
78069
35377
58503
18210
60448
35329
80272
76184
58523
79529
29327
55005
52800
73390
52175
82800
53650
79839
52181
18900
48021
49877
41996
49953
8410
48313
9793
55991
31907
37714
9956
53197
4294
2963
86057
72739
25502
38243
20042
39306
33916
68564
79426
55866
67826
65946
29774
11240
18988
40715
66761
75041
52547
53451
81794
69622
69456
3010
61927
53268
26368
24422
50728
3599
73817
58308
16205
74846
29831
72459
37605
78578
77811
26090
23344
27169
62295
21035
34336
83282
38608
70981
53148
30660
36974
57793
58533
40606
5929
78369
19433
22470
86190
10821
44690
28900
15454
27524
59794
82973
72833
57960
8164
34065
45585
62523
1422
25075
50957
14982
56426
42028
22763
1179
4720
9257
78082
77086
22433
25317
62999
67473
75076
56027
42794
61003
38655
25149
78453
39865
34014
55707
67307
38492
49762
22927
23781
42866
22908
22869
56821
80862
43648
11669
18795
61118
13294
36697
9923
13439
12209
44713
12628
19202
82841
31927
57712
1546
854
81389
24520
15985
38517
62269
280
48360
64863
33989
20179
55213
71121
868
55767
46991
18908
46060
49141
46177
45483
18543
917
25801
25737
30812
74662
20482
50645
25457
43235
7550
26423
19070
30620
1236
47503
16753
10639
74802
41249
18649
55462
63477
11510
13463
51475
61231
80808
84068
61638
14118
70568
47690
38555
64187
17323
79818
85684
65832
26224
61549
30534
8918
2773
81198
18800
60111
37996
29290
44498
82065
49092
16128
33456
49360
40859
27021
24049
27129
39705
12120
29279
28408
63359
60122
81679
67713
86137
53162
6423
28812
67037
29604
13729
41464
28923
48045
19930
58871
83478
26818
51764
13850
23548
14799
72989
38454
72627
1724
61182
53014
59756
74551
63119
75411
50987
74786
74774
28257
52239
44745
5153
54582
23783
56879
13046
29914
72546
52354
44062
81867
58122
83235
57203
42725
48026
69175
45292
74227
39072
4977
33291
21142
63751
53388
17665
11319
71752
22425
67403
71763
24896
59117
15645
78841
32385
83628
5690
35977
79636
2184
63185
45468
32725
62923
56226
17609
80092
8409
40971
42384
15922
81184
3653
6242
8105
85325
48764
36542
2735
70919
23351
66003
10381
66119
77206
21999
32351
62501
4944
50710
75841
39386
54823
75393
66686
68740
36674
6801
38493
29653
28437
9742
39891
33651
36565
76537
8111
19656
6370
44675
4513
23832
38752
44029
935
75018
72398
31661
40843
62628
42102
54609
80142
2295
81085
59291
74491
57643
82495
20911
81305
80749
56177
29336
19358
35161
49016
32302
28545
55490
1498
77073
16538
9353
24157
51436
36023
58322
54379
63938
77519
36589
38359
69517
72450
82770
52669
10107
73520
28366
85475
23877
75088
37790
13493
35950
1920
6296
8421
67577
66623
52538
15097
72560
75578
64561
11446
67688
20243
38475
59981
72896
59119
20927
75817
79553
28269
24460
77489
68083
20252
76924
18027
51379
27141
83614
25978
22474
61872
50666
56757
17686
71487
10254
29209
74502
18940
39529
12574
71312
45611
31156
51891
42346
76598
6579
12354
33181
44687
62174
72984
38155
80881
31219
3044
37244
46348
47296
37708
50475
45467
13048
51546
2292
30827
61156
29528
23145
14809
75407
49881
73289
70423
34228
51334
20147
73666
79960
10252
21713
7002
23619
51398
66271
42996
13910
24662
60358
80864
42686
13299
65677
38170
2379
48989
41991
15839
16832
65284
13657
59775
3985
83120
50996
70628
32479
38961
52020
81877
24891
75646
19989
3829
65821
66451
83844
34925
12448
57605
7225
58239
29700
52393
964
58275
2308
9817
10385
32235
16936
26912
49430
5074
34721
73764
72195
39126
37197
59211
665
53709
9445
25144
58764
55942
76384
55319
68367
41594
32467
28157
69866
19191
46181
59948
59003
28376
35887
51649
68066
50662
72481
80396
7980
4493
18612
11021
48153
49423
65397
79190
33975
82924
27907
57176
80086
39459
51749
29345
11682
73188
67934
8941
73378
79209
77227
37203
31501
1242
32949
3360
73135
33185
77672
80282
62056
5572
80836
83714
71570
42039
20504
35174
38745
439
21172
49407
85710
19838
46049
16345
5037
21556
79913
33566
18192
85332
64652
13825
65090
28659
61179
81
44487
15356
57390
43591
69899
55119
17251
2176
82478
29416
6158
37825
4477
12091
15452
16113
61478
23999
28119
54541
54148
34769
25934
44071
45382
34876
66885
66206
75997
53969
38115
65599
14782
35794
41670
72202
80309
50783
24634
29804
80514
43694
9406
67463
78356
51075
61947
33464
58138
65389
21434
26037
83152
86213
83012
5713
25492
41083
33890
11935
10865
56015
51750
58017
68500
2289
21273
63430
16549
44464
863
53657
72831
41340
71563
70737
83487
64064
12419
59077
68165
5470
76055
73294
50042
21959
63518
20437
44022
55142
60259
21726
57679
7271
65006
10041
10933
70566
45443
35862
18289
45748
32930
37334
63853
1168
48480
85236
65478
24036
42357
55559
71579
15360
80788
19026
25976
27486
38983
22844
58951
75708
38085
84577
25413
4987
35748
66256
46751
35869
38105
33061
28892
413
32332
71274
64498
15950
57083
38425
46131
7683
2270
68291
32710
82420
45082
59641
66607
65840
10379
39952
84353
80551
78425
81247
7036
50329
13599
67605
58321
10745
26429
2202
40293
25866
52217
39924
14135
106
23695
84566
5359
34096
29693
71585
82333
43535
75204
69747
35680
64554
20971
5994
68951
40127
16673
65751
56594
76052
17676
7929
84315
5053
33161
20260
20510
34299
7631
16908
84253
44647
44448
74254
24933
6802
19778
62945
77895
79587
45239
6904
52825
66642
67768
31889
2213
81455
43869
66236
15949
85661
2994
37058
73829
58538
48765
10427
66005
60251
28462
16659
58129
52378
14766
70662
83421
34698
34582
16232
74953
9768
54302
50457
