108905
98396
10069
36167
55668
76138
26349
71549
14088
55476
44275
95618
33899
38233
94927
86527
89146
86180
95755
10974
21461
107704
2521
42265
36780
81586
54694
28867
18326
21884
54810
22848
19385
11011
72523
59484
29085
66667
84118
16171
104657
30341
57965
87872
54721
103577
27065
29388
10987
100624
20176
36583
82727
70659
3531
78256
48870
54846
22418
43788
22106
20082
32227
16880
24247
77080
12012
103335
44803
90358
54288
39351
46276
39375
48026
90308
35362
7882
48508
53792
40128
51875
110820
59168
112254
9979
32672
107497
13942
52269
63312
9538
22995
33921
30398
9376
12858
31399
98813
25520
57171
48491
24633
58335
46165
62560
33319
22763
41520
110714
48514
45453
90570
86028
102509
12567
70268
109100
5003
72322
110711
23174
34442
35082
46069
71929
82417
99119
53462
32066
66572
4617
10176
112952
32247
51806
102724
55663
69266
47012
70611
8511
4726
14985
23868
7699
26861
114454
90745
6490
58813
102016
66048
61993
60004
65196
92627
42630
75343
99996
78271
101181
30180
65583
97318
25482
3617
53417
41440
82710
25412
84711
9813
55519
66719
17925
17840
108710
44673
10247
47168
75850
2522
82534
40536
26079
90131
86570
40188
71424
19483
52274
109072
78541
36593
110484
91299
107085
66920
57294
18929
50104
64312
22593
26003
112894
40811
67455
76453
57812
8230
39207
16075
64457
47181
5267
40702
101035
23858
36771
9423
93252
17733
39731
243
5030
95236
18815
21184
63240
39111
81679
11752
70573
12750
104442
15104
1595
3261
69559
66527
70809
68408
20867
17038
31479
94905
38957
15062
103841
88565
72962
78465
22371
36909
84992
40859
45210
34412
102360
114421
65338
111080
17929
36254
58371
101915
109981
72762
94621
110619
64773
45380
76268
17742
65105
68453
96424
23450
3350
98305
79510
23201
13597
5824
58821
64993
6094
19875
41859
3786
95927
113796
62783
70883
77264
55442
50270
61892
74543
100839
35431
45856
53187
26455
52698
111558
71326
4486
364
82013
25919
88538
61864
104892
92483
100903
90846
26176
13643
91968
91127
43635
63518
80027
32561
25167
87500
66538
22934
97313
59409
105021
79476
105795
71233
7698
18995
113096
72151
101268
74342
81051
8338
56382
48980
93116
35447
67191
104993
89687
87648
12212
28416
110691
96898
41423
27049
107076
105762
2020
90714
75263
62722
81432
90055
98020
29946
56955
6674
106307
66996
69261
99907
67891
76245
108731
65974
23410
75572
14237
75990
80927
56115
5676
65622
39768
17601
2865
99899
94118
6576
16058
91977
110435
103373
100732
61126
28685
24958
111498
84102
77025
90975
1518
112572
70669
109462
60372
38893
45422
98817
110282
27697
90717
9074
2977
19477
41158
12801
16870
41874
44413
4901
76404
109915
57990
21806
26880
2230
61850
76382
71195
84035
84003
60407
53477
84107
46314
80670
99258
99306
74497
9088
26799
38968
43320
93827
82597
81518
60649
82115
106273
54232
2624
95610
44723
2968
88380
18330
52203
89686
68793
52658
79153
92160
1329
44464
60559
85297
84101
73245
61491
24202
68762
57729
74401
14440
83473
42347
83967
58250
6015
64757
6519
334
29328
69779
86685
66790
9238
108616
76180
96538
69501
35248
82202
100981
35373
68950
28352
47455
26837
18893
46991
4123
100014
27416
67518
105009
98410
90645
53585
90918
19479
22510
32206
24849
30401
88690
88122
772
75022
78426
91916
110101
58245
21000
27277
43452
81440
19376
77323
99397
95665
97064
76423
105702
64648
92498
95694
19808
33119
60161
12176
67449
66712
103081
94918
94394
8563
44572
20864
48803
114470
49294
26978
103936
91608
58811
79231
99431
10134
19620
80654
81805
97658
113920
4508
3552
94397
61208
33846
106703
103908
16658
87985
10635
30560
70653
8817
43016
48019
101990
15541
81917
52056
95475
14739
105964
4111
30220
4087
86617
82605
52828
13426
88844
27417
13923
49252
100234
54030
40175
105870
106691
97999
46729
74775
50661
1336
81187
46001
25054
64159
41718
71258
110003
57246
35350
55578
73422
35166
5340
69877
28034
61686
5507
20449
73510
18665
42190
24433
70941
51377
68585
42876
84877
71743
93788
23926
37242
32683
32743
38061
68219
49174
24891
4624
76202
70189
64386
20454
99460
11632
72471
42840
71883
15142
74030
90534
87393
16231
8298
47923
9794
89428
56814
66194
46642
106215
19445
58644
73190
57537
46674
20946
96802
11089
42594
34246
106149
78007
72504
85027
80592
33753
42448
89045
49590
108236
70243
125
101966
102505
18242
57093
49299
56398
108600
14999
100592
94331
14366
30997
81213
111079
33408
6271
104473
88024
52263
17009
90079
13530
86798
25627
72640
73905
15985
73571
7221
2917
58196
25250
33204
480
101561
63272
102648
11496
69546
52519
54215
69145
48274
84482
26930
51828
70434
57540
98445
57660
38611
58289
81326
106816
105222
112501
47655
96616
58226
83253
72890
65536
106048
30485
51255
14524
4563
95608
86673
58354
489
86154
108437
32092
60050
36768
114341
81117
103651
104547
62245
83486
106907
101799
62993
57936
20741
112484
59885
84739
20254
35705
79955
79720
65963
86457
101471
65208
46131
18795
81759
103507
4158
41275
91579
47870
29374
85103
102806
67638
15954
5768
71024
55167
90794
97057
114193
77126
53259
27969
11205
37139
109939
65900
38830
50469
45317
80642
69759
82184
61318
30287
50259
37405
35394
26331
84106
79999
45334
42087
78471
11975
60091
16502
22507
10510
40938
50704
73583
52908
92890
66903
38535
73634
42142
47908
2620
25890
56728
62880
112038
47464
68273
64460
29189
18760
80453
13590
76494
84012
66624
81171
5032
61550
95276
48335
104904
23399
39485
26495
71472
56991
42207
60736
107646
62220
68321
81552
1366
9076
88661
38677
45417
59203
40181
113642
22481
35978
13727
35827
34699
36170
108757
69213
42123
21104
58606
8847
101909
13496
78198
68734
30308
54167
99017
32460
61434
2515
54100
40417
30260
80601
66155
113143
104736
53802
37926
26528
82555
54760
31892
83077
72092
55634
84126
31839
80774
62709
76844
42035
30744
87067
95206
95619
8196
11020
105426
95242
63153
52708
29897
37174
42547
9909
59893
40764
83873
8980
54756
92846
61834
47283
14625
103022
95850
51825
78805
55402
99821
9367
61145
80246
38991
99717
90412
97703
41426
14860
96194
93629
34181
30761
52614
12268
109359
2019
82583
72108
20075
106746
99983
54379
35967
77701
71949
42321
46645
84063
41381
45198
57763
46820
15443
93648
43145
40225
10384
70857
8370
11749
283
89904
110183
13233
114005
62116
79034
91701
85324
61775
101128
2280
11229
68220
7579
41966
12315
90890
2281
102407
48084
36260
106053
56401
26246
23808
77645
109328
8595
70922
34325
74451
18791
98971
70697
85855
68464
68211
8605
58845
83884
41655
103870
32054
84914
3962
70707
100413
87352
5568
67243
7307
8562
20440
14577
85174
21624
93802
31334
104838
83857
90933
47643
37649
8783
29785
112689
29205
50266
108524
2350
86963
52192
85565
101684
21714
69537
54941
104257
112062
100281
83387
57788
47095
97654
50506
53032
59532
55194
36224
97319
41701
92274
102737
54997
44660
108660
19763
61340
6803
98955
82327
62442
112537
59594
15646
14428
81322
46804
72391
100816
66267
65343
100685
15252
77737
71283
13907
19127
111928
45672
55641
5185
14332
96631
40619
86980
15083
61944
46060
101058
62506
14261
92873
32498
37717
103069
102829
3279
46940
6133
82947
104898
108349
33756
48112
11217
9001
20655
89846
34787
111002
44423
20013
71031
47761
42155
1897
2586
40497
7226
103119
113174
110735
11001
46352
5846
4385
52568
39191
57838
86364
34984
86755
7919
17526
19925
17073
85604
74038
110468
25870
103896
39995
110661
80582
62207
97928
27498
86831
74732
38239
84743
106287
66199
73304
47909
85532
33007
11215
63004
9669
60171
27827
14479
88263
85484
31049
83723
51628
4544
105262
99827
972
87000
67256
104358
76701
42038
41472
104230
63526
50615
33761
33449
32315
78910
113311
45653
1907
11830
60226
62439
98407
43501
84498
27644
52465
53863
21972
7714
86274
106874
9910
41249
55158
53732
34532
4850
38525
26245
9526
79568
111152
90343
26866
20612
52890
67145
73513
959
80523
93635
30377
97809
73896
53210
101850
50117
82014
103471
18233
78868
47256
14182
45196
29858
72004
73804
92183
82671
87831
91153
78045
86411
56615
56280
3129
6574
53742
34401
51898
95166
19322
41272
91955
24052
2452
26421
28969
88828
26395
111211
41271
103579
64385
61881
32146
91384
53227
82836
67192
14193
50216
97598
49718
57172
107460
105797
7659
28120
47083
22329
16747
114225
92348
23049
13792
108826
55291
112357
102017
31853
11293
7057
102743
111864
34425
105918
38685
45861
69231
62826
59634
88824
111106
76912
96728
36455
113968
86918
83022
64747
62597
75565
64562
15263
57245
68636
72052
114108
113285
44527
5313
93249
86804
33292
23196
64649
107697
82038
95774
56565
3209
37562
17559
1813
53058
23283
99499
87741
30380
24349
37433
100913
103391
68796
79900
96438
62529
2951
7403
79375
50762
21659
958
58739
37127
2011
75949
54054
75064
29527
101902
67459
10748
97944
14153
30096
34374
11006
29900
43976
6924
64430
107601
5537
60659
83655
86706
11285
30849
205
96627
65168
103792
88002
90074
58087
65670
33557
44630
102246
40408
82519
22819
95726
10230
15144
65773
39711
104028
94751
49315
34221
75261
29020
24614
39836
33566
112944
28457
5260
67784
17628
5655
6434
70397
80684
83654
57061
21327
49563
5681
71723
91177
55412
80464
105363
41731
14255
67207
46279
57067
23827
84133
26113
109230
45345
51978
71320
52077
9457
95710
54071
5915
7633
93532
98049
111073
29888
10676
60064
43613
38374
9605
6819
45301
15110
93386
93808
14886
61249
6711
1187
76865
52137
113278
83471
51289
71505
91207
103101
87424
114468
36492
72536
1013
78652
57532
43784
66883
112809
69317
34216
51429
25198
86324
27075
97571
40581
83275
5737
31933
11528
37551
24030
89334
92683
79073
69204
66405
84833
103296
27122
3471
62740
70838
93866
68328
49124
35169
90090
29106
21934
21517
85707
5347
95208
19553
88729
105201
90541
86915
59284
73690
49478
98009
14377
91167
2315
71077
92768
55767
24691
3072
96499
113940
36487
66897
78825
52042
93266
68348
102546
98976
42610
77250
89418
59288
59310
8935
37363
67034
43773
10330
107912
94039
114518
68472
24963
81316
59648
94140
44285
48345
3561
65834
67347
33855
102984
44236
84069
69003
806
65732
858
72444
85233
108877
96016
99517
18997
90214
28339
38763
75181
104136
8505
59727
79650
106841
6048
36750
78712
77214
81630
31076
57996
22883
48940
99366
3009
66777
20048
46255
95711
53448
73003
35220
79185
55110
90735
24211
100542
88253
105660
112014
113718
32590
76817
18067
80894
1953
82335
45435
60548
103594
72980
25550
23942
81557
6713
47893
12972
78537
79702
714
17307
29555
100799
88474
71857
33967
35390
42800
17893
11843
79045
75184
49511
23788
62781
11156
69301
36589
31929
58649
57301
64068
111657
113152
46358
88049
80599
84752
102549
103137
89051
20723
47858
54205
85978
51053
43354
63352
87628
108885
15394
44467
42132
111092
61203
39403
110096
20080
11992
83835
94677
93214
45507
45510
54849
13649
25555
48214
99854
68520
96596
93894
107176
41117
30970
25326
93292
228
63826
49509
25621
48100
4992
55424
67411
97876
97543
70903
44713
93612
112803
112146
103478
61270
91039
94943
79172
17475
91567
65611
19602
7992
58755
100075
16649
63626
38461
5574
66494
113950
105801
61861
37819
69019
74046
40460
5085
71867
30754
109339
30234
38486
103930
100961
55511
61914
58733
21093
40627
98726
57872
79052
110919
93521
103230
38012
80082
55688
24810
30563
48779
21361
34945
50829
51166
12973
92884
45635
92265
26427
76092
41707
106733
82585
85453
11713
20841
55464
26361
4804
80327
19337
12755
9504
23120
20926
79086
85959
38313
81578
49348
85771
13184
2041
78380
79004
59892
2375
49693
10838
80087
16630
59325
103111
8879
85368
72145
86843
20055
90344
93938
16806
73943
80020
19955
46143
6373
6072
95703
84849
24689
6129
85241
66416
1642
14872
34581
97129
76802
101136
40343
90631
39879
13631
96268
20605
73897
63437
17366
63755
98720
104689
108664
29590
72435
21336
20515
39053
107914
91176
77453
72660
39788
78128
89682
4407
32109
104171
58939
56062
107207
104654
49341
1783
65525
89372
76134
53164
54426
102022
101109
77381
7092
87672
34796
99155
83511
29764
35460
36214
53148
89872
16557
3306
36152
77050
97189
60836
55146
79933
45511
44174
38462
35492
100942
23612
98250
83707
20961
87241
38974
55793
67307
45021
57275
96544
72087
94316
88477
93581
69224
73559
3263
52907
22943
80451
107455
26920
93739
23693
61662
53104
52000
11384
51618
33717
57902
85009
95204
76264
30958
62516
43728
70937
69923
19744
37932
74940
105467
98959
8122
50900
29051
107414
49239
83947
75049
24166
1810
45647
5140
48894
52396
16297
39110
32811
56178
3476
37423
21715
53555
8352
62885
3723
6165
21504
72855
14048
107886
19980
95928
98191
74104
54629
77824
53754
114006
17872
55754
78016
27825
54998
55716
110829
24996
65874
56676
5575
3240
93933
43337
89379
16829
49529
30973
72625
9777
21108
31141
25291
78273
64028
92924
73899
13822
12358
107662
72885
66239
28230
36980
26526
27694
5389
14040
67348
12926
306
56780
89020
108988
101794
88845
18244
15100
38345
53704
45852
65300
57557
42607
87485
80190
40730
15656
10927
77739
41566
76630
83771
39938
70911
51736
88192
21073
46318
85231
39163
98125
89442
35229
56883
847
87384
67746
3993
76452
93702
97755
11421
26567
8171
2253
96034
57973
48642
36563
112602
11766
69557
77997
32684
48355
55159
99663
72259
30251
13107
25833
57600
29788
59122
105876
48644
111482
100720
48761
5566
21291
31327
35952
113207
106291
48185
57399
111239
109515
112389
44976
15156
111570
95624
59831
51507
3696
8425
8713
6325
90522
27845
52945
8909
40154
39832
16135
87090
68940
113931
65843
95790
76689
87284
97878
97730
51145
114415
29055
67713
65711
15846
94155
73623
50080
1021
68882
88185
84392
33703
74400
104011
97119
104675
52539
42716
79012
1800
87902
64843
113711
45700
81914
15020
52787
19605
65708
90258
11591
17927
40588
94599
49201
83081
107932
88713
47763
61328
44125
4799
22351
82995
28025
57033
76619
100752
71871
65014
17051
15562
2343
112141
11852
72431
87828
14863
7311
9240
1159
79869
106022
83061
109506
101341
104439
13472
34398
80977
4525
61778
42988
29731
66260
26589
53065
20124
90341
3120
50127
8700
16217
28556
44982
5598
37017
3382
40963
19128
4003
39328
37586
19458
13215
61975
5974
64033
112524
32423
90027
98245
88972
37968
32127
54483
64787
70156
15716
111652
23487
49624
35222
103058
94215
2680
55142
29442
65410
112740
8805
87196
6707
99839
12187
34844
99753
37179
25841
90197
89802
42363
43682
95706
7315
95442
41396
47952
69594
107502
74359
61810
17868
35468
14474
111845
16879
65737
91910
91210
28954
61048
66603
2250
58812
89711
66415
90035
59698
73825
92304
100468
36351
3873
86884
13598
25904
188
111718
379
4662
38662
80226
13195
95750
74122
102465
81240
32173
18854
80541
19214
96832
110363
10749
53908
71586
64448
63982
98172
26971
61615
102918
105536
40953
49413
43236
62694
54616
67970
78635
30945
28819
9058
38125
62482
67462
114670
96899
68670
87717
98443
444
4086
61825
4851
61995
107114
84375
56312
73426
57315
38869
21621
15434
1550
112214
72318
33831
51115
88716
76814
61091
112555
106752
25865
10479
29427
12528
254
106410
25497
113943
70135
41197
104068
6851
49959
61219
48598
25835
94756
7829
85809
16753
57521
80136
34367
40638
22748
88227
35503
25017
5307
64735
24922
55047
47399
11786
58938
100361
26190
91988
61373
76037
76284
65145
16319
27955
83354
87199
56689
37759
28276
72386
105090
81214
79872
16317
47025
113092
55686
39919
28899
20708
40412
94046
26810
78164
105179
4451
21285
628
9251
30101
87467
57292
37916
111236
30675
15623
101687
15560
82357
87761
108869
48991
89845
52794
1515
36268
77674
66372
34470
52715
89074
71249
31826
72924
65512
19478
97744
97970
3317
28450
73876
14396
11694
4163
97022
58046
7767
112439
65922
54155
50685
1249
9624
78482
21047
7644
109283
92480
75720
12779
25831
37134
25584
9446
76775
10959
112248
32584
21397
61058
14418
40169
19353
59774
35200
28101
16097
51257
13446
24197
21564
90692
13159
23023
65633
16851
19971
19028
30370
58860
18716
74442
14830
15026
60950
25361
80128
88043
113352
53787
13313
1054
36769
19380
13074
27220
54336
73788
6844
69268
17424
109659
4382
27047
69711
86160
30063
109342
36981
43771
75439
2035
113851
25789
84793
7906
60284
96281
39728
31229
4349
74841
100642
46289
81794
91003
94263
36918
3649
49001
47130
51709
95819
37343
110574
23342
86950
113017
10263
82715
73987
106487
38649
87458
11665
102073
12835
70497
13163
86147
64546
24359
25103
88751
6965
96405
91157
66202
97406
68841
24555
21014
40933
97888
100005
91195
46442
19159
44901
32970
44233
82558
19666
81559
68070
50077
10289
81092
63386
50641
47882
43268
18824
41413
38734
91175
16995
19954
77117
76200
16235
89167
77058
72840
18462
53711
32481
19029
70668
93356
32104
57230
100010
40599
6111
75101
105644
101530
5878
82411
50258
57227
99812
15807
88406
97172
31274
102331
47626
98490
41209
30025
27946
60948
1455
36435
103090
33070
78733
69902
46917
20999
79505
32566
76567
2934
38785
113585
111393
56628
29950
1060
27963
33568
16672
10481
25921
93729
34481
30659
106791
52567
57620
45436
76647
81497
69507
24549
89281
51435
21871
67184
89866
27090
90842
46795
47104
82200
106595
108608
9321
65074
54519
75262
23272
37896
24606
33647
105696
54559
6445
96481
43532
93860
94641
9051
41310
22588
9962
96808
19684
76257
100269
66784
88189
111694
1020
39681
12445
47111
99915
112663
69892
23117
37895
69474
71264
55537
27991
47637
7616
8383
80570
70938
30478
44131
107871
47570
84769
61284
22920
108249
89390
6771
81435
70333
38421
90875
52249
103824
29678
13020
65454
38516
104557
42748
23332
83358
50681
40936
37250
32311
50947
40242
80646
28674
12195
72233
11046
26741
10950
11573
6712
113997
43500
86217
112905
22714
55979
18674
12039
48946
2930
52731
79537
85347
76369
12213
12600
36951
22928
100390
10668
77357
33623
33083
110337
10199
72152
40056
54306
102223
39791
101552
15451
54937
29180
104888
99514
16127
18500
31868
111438
106426
57290
11107
12756
51861
90276
72920
79675
38340
17624
43190
64051
72829
1970
40352
86966
24826
20456
71288
45497
83789
4546
31533
30002
10464
54290
108819
112336
19149
67021
101049
29944
34650
92790
79583
62204
44408
40644
39954
60198
8414
66344
21928
88048
11956
51963
83197
89105
76084
58520
67887
9305
98965
7189
51608
75386
32610
64505
19860
53450
60240
84486
30769
114476
79791
44524
34334
35428
11026
25656
40479
68708
63311
43789
107077
106913
8826
5168
9663
46895
15831
60384
85227
107132
102671
113346
19653
34158
12840
75508
26423
75727
54913
38777
52532
62642
49467
64737
8526
112755
34267
37988
19909
72370
47984
39264
106009
101265
25091
75656
55300
86290
48288
90951
54976
71221
48283
111378
68491
42703
25940
27492
34672
108459
111886
82776
29744
111422
12898
65820
68277
56625
72538
45404
114685
92401
65223
110089
40724
50776
88475
90428
85663
5714
32343
52513
11065
23161
106890
9150
5941
22617
99410
13060
7675
71512
22977
90340
27317
109543
24889
89060
5956
95406
32915
44759
39014
4628
84359
35883
18685
102249
106728
48981
22551
16469
6041
44800
97991
111447
62886
7278
17571
11467
33686
77011
76218
105140
88443
2307
2952
39434
54453
52369
108835
104781
60417
106970
111837
16129
38704
108816
10933
95787
39945
91651
23153
76924
8643
53756
89446
68985
53388
63700
42258
64330
9031
19967
113088
42296
24565
26075
13936
51175
43667
70716
101738
91942
28957
107665
47071
99006
92021
56525
5068
112192
19938
43520
24537
15348
28476
64647
8518
71353
47510
43386
71646
85757
95332
2764
103206
101045
81634
98482
109614
51064
39009
109055
10389
88428
95877
17147
88912
104085
46865
29541
100051
114055
50449
75830
91130
107621
4412
33126
73986
16888
75127
102406
55836
44841
44506
64235
41527
33117
96278
38811
14395
25672
67047
24234
20907
14526
51394
68009
66246
80594
7247
79992
5118
22881
33017
56245
76892
27682
16931
75890
36266
68157
101666
12608
5091
62176
2142
107061
11369
14151
95808
10038
108271
113833
36859
3098
43946
25516
53751
51840
107996
74004
89869
70629
69643
20700
46393
5407
90473
95253
104253
83592
64290
47407
7176
98054
64309
93539
21668
91154
20500
11614
103990
60299
53117
55683
53336
57085
47327
72188
92993
1116
10275
59151
13292
57908
18755
31848
1868
54594
38924
77802
95492
90899
63599
50826
84912
64951
60521
54271
4696
70025
5777
109318
71925
5388
6208
76682
31280
14530
80080
36852
36786
88270
94738
75544
63947
59262
85402
29978
44855
30397
60722
2133
14278
10453
19162
14850
68094
15935
101288
99134
5404
49660
72088
47484
39727
101928
109280
32709
10977
9793
39510
10594
106442
72666
16221
69459
47654
32258
104186
61191
90626
43954
107080
63870
72919
35206
29720
84391
54801
110367
43546
94508
23671
37852
89816
58963
9815
40233
53139
90968
17382
75442
56917
49072
47002
44706
36621
63987
83349
20595
28051
80071
53536
83988
24426
79250
65092
65795
51143
41581
24703
64834
105929
47090
112732
5451
56839
4775
69884
17341
22754
14260
53473
42156
26076
68290
53277
10824
79838
82536
99850
108289
65119
108643
63389
48939
53001
68937
101062
57663
86400
98295
15400
16243
87802
24316
58317
88689
27388
16560
98521
112488
66189
101741
12306
22729
82659
29084
107793
43904
64738
84555
106625
7729
104565
106792
68690
44393
107919
94483
22851
97885
43469
30212
67728
37505
10893
47605
14128
79545
1668
32975
10791
13357
101006
45355
16606
41610
9374
87737
34236
97444
52180
55431
56931
82420
99759
51414
27409
83861
25385
100261
89135
82695
18456
52410
29733
94630
13176
98700
107888
77675
58888
42255
113
7931
79039
108968
41056
8494
107290
29886
100416
50041
16181
96334
27014
37599
87996
25024
59475
105252
77209
25135
109300
110819
53883
89004
21520
77183
4115
63497
90052
40302
87324
2117
74951
18555
43903
30118
31979
80902
17716
24867
88753
72770
81769
114168
65458
75824
42239
3468
1342
86525
51277
52733
19743
43333
56775
71028
9796
15147
90483
31454
77221
104388
95455
75410
41849
11028
4831
109241
31294
72793
18344
38369
9771
100998
99709
29553
6139
70530
59550
31277
4272
5282
64560
8317
105977
64199
86002
11042
81034
106035
16480
51854
7683
36429
99904
7789
33178
81346
22839
57225
49065
10633
3756
51912
113374
26028
19394
23395
41059
59879
78090
66560
71230
87736
7962
48654
13579
84687
92241
48211
24683
72652
39355
74970
79978
40376
19518
51864
24697
101322
38881
84455
82916
35293
52193
58005
6539
47318
9814
59390
64691
72113
31403
24684
22655
12124
97150
16521
31272
101664
110062
89228
54517
35471
85454
101606
63218
67920
30992
16818
96551
18064
39814
11076
61155
26058
74580
77481
68677
80538
35269
84008
103803
79775
82503
33537
41525
102334
68258
98323
28684
85821
27097
104000
74937
40537
57921
1817
30128
98904
69203
105697
89172
14231
107719
111847
73579
79744
90267
17973
91693
102242
74211
108563
4494
38740
26426
77614
38173
86921
101802
70710
41785
106740
63224
81563
76511
5832
3274
26896
86559
64688
98393
52379
3654
84341
12673
66682
97827
54950
30314
47812
26583
79022
1858
109932
50147
8035
17513
71900
35202
74191
70921
13334
109530
43409
61123
73301
110146
78330
39765
14276
38897
83393
99939
111973
95503
2356
5688
91163
21676
94089
34065
67026
28443
22010
113141
21112
60179
73283
54692
9679
85777
63807
26922
99424
60101
98663
8451
49229
112518
86140
93948
19346
98265
4939
38889
99090
16299
94538
74899
20017
69694
25183
66448
37321
36434
48889
38042
57284
50060
76196
25929
75514
73361
35759
107910
61172
105135
33041
103105
49748
40744
38334
17505
73424
40350
13654
87621
102170
19846
24013
95846
34055
24172
51421
109078
73326
10173
106429
70982
60825
71380
17319
66652
50852
54173
50191
70824
51823
46144
12111
90942
100963
66087
48287
41955
11094
98590
29466
106096
99100
12138
42847
14986
39481
111557
79635
110638
5838
95669
51986
31414
79123
45257
88077
53930
88135
24743
11634
63265
17683
52201
65319
105440
62435
2791
96562
70879
3084
9817
18962
113644
70940
7291
18910
20664
36637
79089
70892
27395
110359
36590
72210
23699
19556
68738
64414
71919
62842
14499
82322
94496
55619
94358
3628
71655
20186
76931
101520
39573
74319
85359
101332
20880
68417
13652
73407
9152
50002
100656
79263
91380
99785
27017
114260
42572
15308
66565
34597
35570
78560
12754
23795
93848
70701
107925
69981
29239
70120
15277
75428
27405
15131
1142
11946
89269
9528
60448
43548
58351
8535
55696
81779
97415
75406
41602
81328
9224
77121
105805
101371
102596
1435
112162
51418
43814
10041
97128
59977
15129
88275
29260
68605
82630
96675
56739
108509
37734
28341
107855
79048
87165
46
112448
10356
20509
66478
100526
62737
36184
73547
84162
95604
66799
5757
40840
44452
83860
8254
42130
66615
82802
18730
60263
16571
26013
103862
21498
84981
15508
64125
28800
14773
68172
23310
48664
44922
99634
11153
75243
74858
107544
93971
47359
28047
108374
60818
30817
92441
27773
95662
40715
113414
13447
70844
112444
1664
47164
70069
14112
22903
111254
10273
1479
26792
85308
19158
30406
22379
27579
100925
42856
63504
52427
1495
15694
64923
112143
1123
110957
81342
38697
97984
21906
29637
67541
3372
50783
36004
21781
104816
59404
87449
77397
41370
40041
64658
92845
44990
56738
53402
13776
88998
21017
107435
76329
51234
28105
11582
12630
43801
67984
2797
89910
12169
70983
68381
27808
98157
50327
26802
39279
6715
62992
39371
80893
95930
27749
9261
15530
54699
59430
12652
3411
37477
13167
66190
13367
63393
29179
39266
26163
61223
34427
35876
73269
48799
46553
67809
84390
22953
79780
100522
12975
78030
64160
63401
14016
65227
33000
73266
28829
98028
94864
14738
82104
12867
84552
38872
14979
18831
104149
62766
100601
63638
8913
21693
34380
857
101215
68089
92469
82453
7700
39496
27712
97434
51837
69007
69394
37369
52018
24405
85134
56165
91369
14728
39225
102785
25611
7455
8303
13316
38792
19278
87581
88619
5114
94012
22268
108693
46529
36275
72236
62755
4915
39096
72198
3178
72117
89082
40113
13798
66191
111499
62225
104831
99734
93644
19934
43709
58698
92407
47389
58524
1773
97039
74527
64693
3730
88926
15721
2023
69773
180
1313
42670
60290
28517
59833
111286
112824
67195
56652
106546
113077
27813
75844
43867
59625
31422
76937
31429
74708
49926
14328
64320
110092
49733
32261
4733
7459
85723
3521
100765
11219
75308
109785
35157
59620
45740
52595
6529
98944
85953
3736
88888
31238
53915
103304
76968
5198
35131
98645
68029
41150
100364
86365
65023
58224
19949
70099
45591
69983
79666
29088
52032
83605
74130
82261
103978
84825
94880
92045
11570
111607
63132
27438
30208
5734
91366
60773
57675
8014
78970
112804
65628
54042
107666
27100
5042
69993
103526
84595
46005
97935
27691
74571
46496
56588
110963
13099
28207
12435
101517
39885
20511
49092
42461
67097
89990
49443
15286
84211
75802
16005
85026
34842
7719
30400
104070
45450
35980
26995
18692
45589
57988
77256
93652
54027
36293
100322
50459
18440
109364
94441
77748
56763
10095
44066
44167
37530
71541
51022
30807
106111
59442
101129
78360
66520
93056
112822
66040
102123
107304
73044
18847
53559
22029
96475
33789
101688
92787
720
63134
5634
61589
77128
26065
47056
610
36193
91422
34681
106480
39223
3107
63330
89108
102890
42556
92167
105072
32266
12342
18965
103282
36176
76145
113196
98
98437
69868
35015
8187
74769
11732
28334
1008
8592
22190
30082
48008
22919
55460
74505
32077
13059
55190
36134
21374
64496
49821
88342
73223
40249
55199
104464
53764
27293
96290
100567
52043
51173
57094
107870
75249
83413
1393
52487
20163
48156
20974
105694
53025
10210
8788
28073
65472
109396
62476
38201
35062
42260
56175
108521
49942
2602
29578
93959
113754
106856
38767
107270
2899
760
102736
111704
75683
71669
4125
102939
44267
61449
2171
112739
100772
911
56313
9066
42101
8918
109577
30393
28489
7791
92452
103875
20569
16610
32704
7192
83634
533
33840
81706
74288
38031
76274
44766
43044
103977
44738
19529
110939
38335
85638
73460
77227
22276
81003
55781
82097
41072
81384
13092
78788
83656
53147
18229
48322
253
97062
70636
114590
8149
98047
71173
79766
97017
58769
28380
71324
30653
38971
43039
4547
60142
87879
7275
76011
99404
101554
59489
13346
35080
94487
90416
16273
42535
97140
87896
106843
70428
15673
35413
21846
23873
92578
109736
30728
97874
24115
63687
46767
63728
97856
171
15939
38084
44906
97614
31588
87821
1874
46066
63604
91031
59800
38415
93271
108932
7868
85530
13152
94346
55307
9520
50492
110353
95412
109797
20804
100358
93146
12814
8905
59615
22596
40028
19449
105606
554
91703
42660
88879
60606
71163
16350
5626
37820
56058
91332
27305
76360
32942
1919
106028
57288
83621
113832
9133
3776
88417
63112
30508
96691
61032
44531
34524
39385
67471
82047
100453
30650
10104
54764
78152
40201
95853
51907
45637
49251
565
82693
8422
93304
18258
12895
15545
92248
27471
75318
108723
20516
94717
44041
91435
3191
33236
76205
53998
97894
101498
28514
86739
98829
66064
39456
74315
49621
43388
58455
34295
35186
86653
9168
51163
52961
105468
90935
52329
82180
112246
27699
107295
53096
1482
108021
10641
45007
2200
78309
73716
74022
103178
9002
13511
54031
81984
79686
60752
32585
41148
28436
82669
24330
5329
66821
10505
14156
113827
94700
112010
44944
7287
16721
57084
18384
98034
96645
15964
48740
56855
72589
40122
6930
31375
38089
92006
84781
84802
91354
14568
10486
63333
95212
33883
64803
58301
67681
10726
92041
97887
50610
97619
996
65239
101258
79972
109367
111429
7127
34706
12720
14754
63795
22757
56988
83778
13194
109313
75570
45460
19606
73824
22664
111028
69719
33835
49346
42816
2353
81682
81026
44118
32712
81654
64548
100891
108132
46382
92060
34466
93588
19845
91119
18263
25749
21420
46331
9326
18327
56365
59525
112408
4182
41558
67954
66075
79036
75963
48316
106501
86454
52566
114419
51096
85546
108887
72269
101793
69385
26275
8833
42324
66522
100630
91014
95705
92141
69987
93244
23449
50105
75251
63859
104789
51964
109116
52811
69094
66210
37449
63639
90543
14337
7016
19455
7775
2626
30621
44091
37308
87585
49546
102468
81235
66824
23330
95948
25926
30316
106742
46532
62407
62631
35954
36050
102843
29109
48813
54567
92050
87727
92656
105981
97845
20721
45150
30863
29136
88357
1566
82237
32980
57210
81601
40563
2594
4174
65621
94375
80237
95219
113806
60353
18507
82893
65705
15648
113652
16345
31507
56954
21271
35785
48720
23386
36398
49800
26157
28850
46796
11656
30824
34245
54123
51547
13878
53556
104055
59916
103161
71169
102755
79188
19103
21240
17022
34263
104410
7908
43764
22432
79088
104225
34327
87607
25755
26305
50881
51653
23770
110418
25431
57091
7360
41534
35144
89044
38721
23721
473
70509
41274
24882
62260
70327
44362
86321
112253
77338
1122
8124
90907
5588
2006
10352
54476
72256
28486
94513
21580
88646
64214
76838
11268
87932
49321
45308
49501
76373
109994
22320
106692
44186
27182
1656
1248
46079
100780
36975
85441
42393
25977
102387
2826
56587
84634
43478
109583
97574
105818
94885
82709
55550
89523
47708
8481
33058
335
102529
67971
106195
64277
74586
70877
110968
87213
63433
32252
60702
79952
820
5931
73727
65745
804
43988
42904
77876
49928
14681
90009
19465
87365
46276
11631
18281
65849
71471
83206
88803
3081
101351
31740
58389
23950
73922
72327
64196
