59188
54810
90528
27877
22376
25207
44245
16908
10072
47888
95476
24018
749
96579
19033
68135
48238
57195
53334
34018
29011
88092
49608
35419
53692
42438
15686
39441
75251
57648
60193
15589
70303
3915
86995
1073
56195
51942
64392
54296
98927
91725
99235
8281
85939
51628
78066
47891
22997
803
70739
56856
9533
103297
10054
69892
48637
29005
66496
95190
63488
62224
85041
100556
63394
10584
22570
49820
50579
10006
29183
100187
49764
31130
91902
52066
1381
77009
15943
92968
45069
20180
97777
84301
68149
5511
15333
5648
87478
82954
87337
90850
63799
16069
3784
44712
93426
38078
32721
17063
5736
76704
60090
22871
74264
41470
85656
87382
57502
34922
88700
83498
9078
68729
34506
75250
77910
13731
90531
8484
57228
62832
51907
54941
91281
93270
88429
60592
21673
84360
66444
35777
79821
33157
83060
49539
96119
67500
1478
43524
101828
92426
49421
55332
63695
83225
17087
102502
2193
76899
95804
58240
73627
2116
78492
69838
8008
94415
82918
61508
98325
16474
15063
9166
69662
102929
21569
65918
9269
4593
96688
5717
3794
81755
92942
85771
77971
62228
49379
74005
9707
80201
98088
90278
25841
47062
5003
18296
34707
76816
22332
68119
65084
71835
12309
87138
63078
29276
80121
26518
16125
25858
42603
95523
82502
60451
26154
86789
14885
31774
9517
40978
25088
49626
62477
66210
98993
24570
63730
58842
18701
67373
58800
78660
39841
32168
11803
46027
10266
90294
52313
9931
83288
51651
79200
1091
75067
35845
49982
31005
80024
23512
14651
86107
13305
40655
14085
46045
81652
45423
44597
79034
54100
46207
33428
46562
99391
17120
61290
318
6393
6999
95960
47481
37436
1064
96140
31462
83087
35666
80556
79871
22532
22857
92926
31201
78458
23061
73551
18549
69927
65791
83231
5048
91085
89365
69594
3652
82739
34639
15980
70779
21662
62549
11953
42033
36522
84148
53429
72900
61650
101900
73720
63425
102017
32149
5221
82213
24405
28366
34906
95469
342
70021
88678
77582
93082
65060
88615
84014
54680
85565
100091
84322
49643
15572
45537
51069
74484
75369
72701
27253
69574
33255
73205
64182
68878
52613
83673
53032
69071
77589
74052
83612
99457
60768
34482
41139
6810
61783
66669
73679
56049
40504
88698
61434
1007
100076
95839
9594
56321
70870
2346
102320
795
100148
84918
258
56708
38176
36735
91117
85383
34716
10421
33544
18900
3638
58160
84540
43621
103161
65167
88445
93187
46485
651
32236
55982
10957
51785
36838
92676
50767
63500
46363
35302
20754
42013
74284
3243
4194
38405
97326
96799
54903
21701
46216
66414
99774
14118
12751
39143
28852
6992
83714
19715
55035
42288
76886
93130
79305
70844
44010
71451
83146
37039
80285
24208
31912
47419
65873
59912
100097
45943
40573
26153
54795
14312
58187
44655
92273
74035
88422
2744
59031
52948
4515
63831
100183
7076
69102
45747
7663
27787
23564
66312
94868
20381
30677
90510
8505
102766
72226
53207
7434
55124
48188
101370
54981
1156
38697
78277
48709
15388
89440
82868
59937
33077
30023
45019
37989
31785
44567
18505
85464
66981
84622
43535
55771
92957
33643
2493
101417
72798
87446
72814
95488
12098
82933
24507
8466
97039
52731
56784
12964
27135
20164
42167
63962
91770
11649
38676
29260
81411
87539
33926
31633
9066
17937
50558
69003
12677
99820
46847
76343
95589
96120
67072
72372
90398
39559
75074
37297
44400
87530
10885
65555
61963
37884
43112
47175
18303
26866
48920
8539
47259
8714
14624
74994
91541
14478
39708
7366
59223
316
851
73561
93447
24523
97535
65234
92574
94352
57803
10802
28071
59644
70940
29133
9332
85219
70965
47965
58052
42276
90579
99228
60935
74140
91430
27167
38476
26177
630
28143
16786
49969
44203
41724
67758
45288
13206
8850
72515
3009
69415
27098
50421
93069
84974
48130
95662
57504
27446
60069
29354
35423
50885
15783
48179
45006
85068
6795
46423
60387
32067
95250
54264
57177
96350
68953
25355
102001
56433
66511
10994
19832
26275
10419
98404
67845
16038
10254
83428
72666
84087
19097
41614
36947
83839
26178
60636
74167
42886
97908
15338
101942
28338
85957
94296
6365
6371
43094
13122
32890
96047
92469
15798
75764
102384
98920
5770
26522
80504
66434
40595
70388
45067
13251
38608
96847
97267
22414
7596
26188
88359
5153
21076
7191
83604
93602
13722
100546
94059
36363
39286
3246
73639
76573
26023
60914
5861
79812
34757
35749
15648
99765
100203
21846
45763
96877
79950
103226
83454
17011
59925
45860
2321
585
96509
21021
72368
7053
96536
21890
15370
100273
36641
100625
42140
9735
91226
23415
7296
25231
97849
40691
37581
4069
94982
30183
71442
32534
18976
74409
94823
34771
30614
75837
62255
27957
66122
69627
37729
54194
77386
100352
14234
80881
57275
5827
88130
6727
91625
92540
53934
74237
45901
86706
79384
43554
61698
44738
97422
43357
64710
68257
73690
93670
2202
33863
75813
41616
80003
103181
5364
21048
97315
70171
6220
30077
49114
65412
62475
73620
87424
67330
58616
74349
66853
3468
49095
45349
97913
77279
44122
58493
5166
3573
55454
45584
38544
56160
71742
102648
28387
53694
53774
94218
13653
26141
432
2857
38319
8755
8830
71028
49654
17978
61574
24914
102919
45014
23752
43897
95682
84064
21815
57511
90126
67621
33764
3417
34285
35405
22667
71098
19867
24468
37114
37567
60372
72483
97611
67013
23923
20529
46468
64349
5408
22108
30179
23085
83658
70374
79573
22935
325
13883
11031
103239
61965
68674
43858
69867
49135
7615
42172
60624
44935
58378
12840
56606
90902
5967
44946
89396
7735
49305
85368
43731
33889
68881
99763
99219
70972
101020
74791
48205
64344
30688
5546
548
36246
46484
40145
101621
10211
64565
83542
84359
45353
61865
25366
56703
78331
91475
95386
23455
53567
22509
9537
24198
4648
94194
84962
22144
17940
70719
83224
71560
83201
17033
69979
100649
39083
25189
24882
18697
29959
30922
23584
89668
76682
99287
44254
93255
94179
31861
43963
91451
47559
18173
33819
41442
78334
47873
5224
21518
61748
25372
83789
75504
51237
73383
4817
33456
79572
13133
61589
1390
82980
94506
2557
85182
75396
87809
20719
55975
24790
8475
60794
77964
83976
17979
78594
70118
18891
101271
60318
87543
66460
89905
17791
67862
29370
35289
7178
49341
90226
60686
22203
53088
30
87218
71645
102438
96814
54741
16025
30696
28026
42318
54838
57307
32756
37840
28589
47361
22470
91933
6424
90764
95685
8315
90668
56823
33067
44409
90384
47319
53771
40657
12551
9200
89378
32277
93156
32462
56064
73553
18304
4606
29833
87300
9497
74679
87710
60899
47896
15875
90469
37236
33949
18867
83588
85729
88720
38610
7578
35190
99048
26342
85126
11738
97977
22380
69592
29214
101747
54285
66202
101801
32755
758
76431
33950
35954
89465
52136
80753
54169
10258
18544
36387
57624
50521
51042
53939
89149
49063
90250
9163
76934
45395
50284
5929
67345
40429
14244
81242
15143
59514
97897
35681
86610
83413
89029
85649
45040
93391
72362
75947
8585
100639
37760
79040
84534
49014
97698
45361
842
32687
63192
41868
100496
57095
16496
67421
78415
68310
100701
24999
39388
79257
68144
28641
19116
54084
22770
85328
71872
9570
52868
68765
8895
91195
57415
62909
53257
22396
77125
12699
59314
25423
225
37369
5284
57271
81745
20253
29234
18281
74730
8101
55654
90730
13533
76629
101531
54159
56423
98946
54348
27808
4312
58366
70263
150
29401
96041
53324
68070
12244
25536
18082
62321
46962
23382
21962
66154
17492
4592
42846
41226
16441
10743
96706
44640
20947
57160
74682
43127
59821
91338
76664
41051
85152
80066
44912
4658
29854
58883
30379
97260
15394
65512
70578
19695
1981
34792
20496
37301
64452
25044
17699
8148
4739
7905
89310
16014
90336
31287
89079
16532
29520
36020
93067
89364
33353
88214
20217
66977
41459
80265
21502
409
8846
97631
67948
97839
101773
39379
75672
88109
42391
102964
42987
70468
85156
61265
46340
58294
13156
38257
39349
76788
57964
97394
3965
89769
86540
92403
80893
26755
68657
62656
95025
65157
174
30704
14295
55623
26666
26979
55888
95158
97963
39058
18903
84219
33052
4403
38621
95339
72274
95849
8649
9626
40198
43164
95128
68662
30747
28004
95527
5185
36210
94990
31747
92189
89943
101872
43498
14953
85052
34705
69394
54309
50094
1097
91535
3260
69973
68715
57162
12822
7894
89607
22140
49680
71521
88281
75797
26540
71008
30833
29746
42409
38785
57100
99174
36344
83506
69894
81538
57130
86009
53290
65867
24765
101731
28050
98631
89437
63057
58812
87831
95163
78803
37045
37574
102833
49707
48551
17971
49366
33183
89356
688
39757
49118
29238
44082
72554
13575
64529
41935
65797
32545
39926
23488
40409
51326
44113
54737
80184
23612
73094
74137
47566
96080
9198
37248
102723
72160
15913
88645
92583
66615
84847
8224
72458
82452
94516
94031
21430
59265
70361
55998
35390
23100
82991
14614
16042
37938
69469
63946
25241
94362
77341
48288
63444
23362
48000
14037
9256
65107
14431
47505
50117
42027
50515
6369
7524
64226
30376
58351
46996
12526
58320
86776
26554
102643
18431
18766
59744
97228
43254
35371
49712
74018
72717
3321
84966
94091
96891
30863
12503
33821
76196
46532
15777
85869
94529
69133
78433
14172
5486
97794
61202
69368
25291
73215
47963
46341
99173
40258
58570
86835
76145
80937
5933
47895
15194
15066
34613
58998
46115
85140
68125
61397
72768
98542
39925
34992
22743
79791
39018
16605
60713
24628
71803
55216
89421
37363
38138
44087
50635
62767
39053
77652
18995
62811
58359
59442
30655
35934
94947
48225
47974
31980
38408
82829
41634
69218
38338
878
1997
3872
67542
20623
86638
75582
26734
22118
7162
4348
44467
44918
2958
45490
55845
55297
86258
57423
32531
34578
19179
66658
99498
46314
2413
35570
43840
55223
71241
92227
18855
7144
40905
81769
53935
85471
71737
92321
4915
17077
29301
40858
649
22602
90546
36942
68714
63380
80047
44534
69026
9616
62587
95145
73786
72169
79777
6709
72620
53197
69704
15489
17795
25871
30925
29603
77996
9161
53811
100948
4
9047
73661
8328
98913
50372
1219
22492
9895
65362
54118
54008
7138
95550
8720
31628
18481
50235
15710
44825
17145
73234
32997
60081
98279
4156
29710
64987
91991
47018
44427
51524
1871
29709
47167
41951
92005
34483
76416
4250
17829
42355
50249
34186
103254
71440
43009
37311
34806
16699
94700
51361
93219
83997
54196
9429
35983
40884
72101
101194
44151
54524
40630
101260
62275
70209
91515
100048
66144
78900
49206
63196
86464
94441
73425
10406
78860
62781
17643
55538
87101
80367
72676
92643
41759
80235
28814
21800
95178
51809
28929
86035
70977
9194
19802
83935
100426
28552
24398
22164
70750
178
22618
54590
102941
36078
47429
57896
22198
56361
28720
48688
68017
89268
9718
35613
100613
76908
75506
37210
36975
46855
54965
73524
45224
33236
6089
95508
100704
40323
73517
66304
69486
80325
18487
44970
26006
39514
81228
68855
33448
86463
28684
95053
32224
48780
28655
13311
1495
12343
12496
49488
74690
27148
66268
66342
3596
17519
101296
36465
81239
30217
22242
40328
40545
61546
37739
101918
38801
102951
20789
96500
36091
57592
903
49616
44328
2880
94946
22391
68882
70718
29596
100949
23537
86619
98339
45560
69863
7058
43335
14794
76241
35663
62079
5495
88410
22598
98265
50064
44330
19405
35887
18488
24618
7420
35994
91937
86352
47139
33527
8228
87606
71529
18211
14206
62872
53438
86773
1182
58111
73693
85509
48134
95724
24196
86189
83875
76305
73864
69383
22060
84325
60102
102424
70335
12300
42760
38095
94400
4983
96629
61706
28126
19093
42786
94899
12657
65697
34665
6446
71550
99927
15778
98528
32666
45085
5239
37748
64970
55465
16557
54640
4859
53118
28961
40876
86010
100282
49809
94102
13321
12865
62536
82196
60978
16631
8857
73387
61543
59293
40221
95848
17342
65290
74751
10305
89733
79456
63829
49692
82290
37404
68843
63509
6523
102159
50347
18921
9145
43697
50995
94834
32881
13586
33741
73347
65606
88745
59931
29077
72183
53594
65921
61411
33836
44374
74997
63229
51501
92331
40550
82140
36692
76060
13739
14211
8607
24709
69458
100058
14145
51747
92137
72180
92656
78732
101138
59980
55566
56122
59774
36886
72224
10470
46937
85057
44592
24497
65467
97580
85529
55218
43892
17554
4587
88149
49219
58307
53839
19481
7232
89927
59594
77813
57553
22793
58603
6169
36682
96480
85539
74243
56532
56820
64616
33610
326
94034
32237
25958
39341
20852
3326
81449
93034
31622
35973
7597
57882
81671
58547
87456
51350
2943
21737
84680
18677
3712
62064
72340
18654
62695
48599
12101
65716
65556
101551
14350
87410
89711
78544
52963
12854
68065
87954
3123
75418
86427
85021
8425
45382
96904
85232
86946
48969
98152
34659
7913
44067
53494
27399
91780
86089
99846
91852
20726
62393
7386
49069
35207
87083
23201
80213
8332
54201
56685
17822
53551
82427
77711
55914
49025
1861
79588
57410
56950
26278
16524
102414
21895
73688
100890
34723
4051
76143
64184
67279
62667
70519
27101
35005
69493
15643
18122
526
86705
70409
52293
5713
98830
68996
97690
89893
70271
34394
28310
37161
24438
41398
73333
34939
88330
57515
29317
5023
10889
1508
51224
58385
57763
85309
41851
97194
62226
8320
10278
37260
22621
69849
55595
93527
73206
60744
52851
24534
25459
78404
85967
29600
81170
61882
91083
9070
67476
93459
55732
26618
99793
6816
62008
31812
53010
61007
4389
45008
78065
3143
54995
70830
96258
7453
23361
87004
61187
37370
55827
98536
86984
33704
102237
62241
100427
80279
36281
55545
45585
77955
24344
75961
39410
7620
16926
92467
13420
41678
52734
52013
29078
96345
57439
73473
65408
23636
70184
28675
36434
60503
51671
100754
102421
67865
11515
68542
37202
32276
101991
63211
12788
85425
18477
24695
7031
23028
35294
99370
50491
60095
102225
43159
57904
67362
34719
33580
32440
98207
94113
90231
85082
103286
74763
80834
71746
76026
23688
49522
46766
68959
9892
102103
76376
50217
22727
80338
919
32876
94236
34686
45109
90096
66963
48246
11794
80548
74841
28867
19505
52777
6380
38893
10504
94004
48558
68295
41238
4001
9199
18301
13075
27372
14270
101739
21637
60545
68280
35870
49542
58171
13805
32242
56896
92095
74342
53195
66498
84203
54598
35533
57963
96773
41584
9666
3518
12898
47859
20714
47835
43739
24077
15225
58782
11287
12994
22792
41697
51632
53979
56952
92567
32725
32601
12575
99283
62730
68876
1991
75236
28578
96407
5744
36099
74586
7343
4271
87793
60777
17061
57669
61701
45221
43424
54109
4410
101827
85731
34673
64281
64491
55733
56749
54709
21667
66185
83155
27432
13084
81697
88154
58938
93308
45607
64006
4393
54553
82439
21433
44042
30904
42145
78547
70563
26774
30983
40223
38709
88581
2122
88468
86291
91318
17910
59592
17854
40438
38736
43351
46277
27263
62355
45670
45464
77484
4715
36074
37637
69148
59914
88069
22992
86973
2722
6673
99065
28670
40998
18245
13959
95043
19010
4388
69906
89159
37575
7705
22327
2406
8808
61516
101393
101419
71089
15247
14375
94190
45455
58144
69191
44435
97662
101242
31792
21842
27704
71262
92049
17770
94201
27039
26994
9443
38669
59068
31542
7892
71921
1212
67709
57238
51490
55773
26668
32001
74128
10831
567
64189
78293
28919
81601
34005
51492
402
8903
87077
87829
67185
29220
31254
52476
28102
81488
41929
99471
28494
9596
67233
32073
22417
30017
78840
2422
15411
66879
28535
53037
40219
9334
66501
85758
86406
31891
76605
45036
85512
5078
45021
32476
25727
93832
8343
36780
8718
90816
81939
77277
94643
31674
20794
84576
79880
14570
47924
47219
24697
3112
90159
56727
76062
68839
21254
30652
84896
86075
35089
36000
29750
66597
32955
64477
100725
95963
50473
69098
56733
21934
1772
35789
74086
902
5681
4352
35046
55396
6798
60273
76256
77036
73173
12799
63368
8576
91748
86394
85607
94309
96512
96698
44354
19403
83197
11741
27995
98709
16294
39588
70735
97562
79316
69794
27176
41907
70343
74423
37055
19159
87322
46662
60715
21561
81257
37808
20525
22331
4026
57503
17891
90703
93309
87566
25896
82792
94615
75025
95004
21587
12722
1275
24258
38543
63782
7504
96482
14818
73756
69638
96335
80593
101853
38844
54713
23639
90470
8765
58436
883
49674
29174
18110
40560
81374
93463
101366
58280
97370
29928
62325
16445
79902
78185
89500
42067
27450
40156
61245
9777
41116
50535
102530
56318
24225
53903
37696
80847
1331
35955
82288
96361
56088
91425
30008
69284
52418
43537
11897
30741
17054
48368
66315
6241
80782
10170
54765
19023
911
35251
37802
33251
58922
2677
11258
4109
60154
96905
49767
49836
14524
59823
82570
59371
95594
100779
22066
2588
59216
50629
30443
66429
23818
24254
14767
58044
12168
78720
93695
9275
69970
48157
87407
37757
4724
8190
30047
77779
5384
92569
38158
54219
84441
57346
24182
36150
43750
90610
89445
47215
45510
26132
14140
38027
61886
84699
51049
32722
94144
79199
98114
61620
62943
10956
71989
49429
9925
14928
6116
47081
86791
83611
15126
13032
23727
87644
75292
35376
55748
15405
70465
50048
65895
90202
34395
99437
30597
34388
1021
45279
6706
71109
69225
12423
41395
91100
80581
41490
40879
86481
20052
47572
66067
92284
94410
98784
70102
56185
12467
63771
43267
75001
53220
101248
66191
11303
39001
63697
86366
8214
9887
21945
97650
73659
9719
8437
35262
75629
36775
97434
68536
78255
38191
66206
93569
45917
1644
76215
100846
15594
43371
92361
25236
94051
13778
89296
11397
85741
80707
1083
44670
83661
50768
81548
5228
64641
39520
50056
81963
45457
47439
42716
68645
87447
34967
97677
22003
4714
17477
88561
78018
50465
60024
52543
92830
79110
98794
70344
65017
58660
26826
111
53682
49959
81473
21235
47288
59524
28806
50233
92354
87462
32564
5725
25843
66628
84661
72418
79853
74836
94420
10987
65738
239
59627
74483
68672
100319
51383
79381
20799
12224
72838
39994
37278
50808
16893
66097
92970
38283
39964
28487
46907
75583
94043
56443
72321
86057
49497
78581
66336
10986
29348
84961
46214
9730
10428
85485
81721
73612
14462
48898
61998
62136
80148
77673
52310
100942
7390
80341
90873
43867
45043
21808
58150
26544
801
6725
59877
13503
101273
73324
60742
45520
9054
36970
21126
18207
46222
3684
79587
52572
17566
64875
67840
40354
57218
64930
7311
47064
34689
55178
91234
80626
24764
26419
51749
6986
69170
4894
35498
24552
11556
44261
37128
29956
56287
61623
67057
44991
61847
46158
44139
31349
57983
33156
53787
7098
74739
79815
50466
59858
54670
36928
37483
45990
40853
98559
42119
18358
8247
17261
90352
100130
61994
75616
29435
92721
77862
12505
33068
30830
64214
97450
1066
61509
77697
17684
71882
77535
61973
94960
48777
73079
22416
87916
102587
82506
50613
21620
76120
46874
34359
31931
59670
47575
35363
102875
52935
75168
61654
6114
1204
94794
42155
17923
39609
85139
64458
94994
39211
64809
2755
48287
87409
4537
55275
60289
64615
45749
34827
36621
53110
100406
59428
43
45777
74627
35861
93741
52331
47423
13737
71183
77495
19891
83769
79477
54994
86374
48841
39481
81633
50228
62202
21420
6324
65149
18460
86688
63387
102979
42272
20771
26948
40116
89069
55350
34777
64024
81518
84369
79306
70855
88519
37598
59126
99523
62948
59102
34838
57913
13833
43450
59082
90893
17045
40922
62586
51590
11864
86288
47864
41778
42934
15741
71998
80274
39314
77942
35992
55053
35215
72571
61930
1341
44102
98085
34962
52844
23031
34140
38502
12326
72575
56184
72052
3670
52942
93754
52827
48569
591
91088
30994
11553
83633
26081
13956
71393
9348
72675
59734
102042
37681
35582
56825
50754
74950
788
32393
27940
66686
3142
7670
1692
66733
18331
90314
14561
18736
95738
86757
100554
3782
65875
71519
86761
87345
3715
10991
102457
84920
86593
30191
17789
23694
82830
55191
10699
79189
6029
89454
63478
28804
85439
56580
68002
6669
81889
10961
24942
42210
88697
75153
46455
66229
28307
36542
72439
75227
50172
69631
40735
89516
66419
8091
82030
82827
17076
63855
16937
98239
79604
42655
32795
26240
81194
49920
27104
76655
998
67121
33721
82826
60379
2746
96397
39192
42799
199
11389
3826
94115
3913
44718
82529
2652
55692
82036
1120
69007
18395
25175
54369
28275
3279
28297
96310
49580
28370
85305
94749
83671
68476
11800
39789
73380
25096
39690
30073
60201
8023
101442
10264
83546
46861
85221
58969
90918
79245
5550
59568
44938
56765
39137
69249
35476
21651
85621
59238
79405
101205
31636
94095
66793
23511
68994
64041
14625
98867
98545
50857
8733
3220
91416
1067
71636
65757
73189
8793
70974
82178
82138
42165
64095
28877
15412
42412
48123
1958
17726
38890
133
60593
2178
56715
63957
98062
76303
3472
63857
1877
4249
29294
9084
25374
32095
22809
68924
4013
92351
90296
83159
23626
70175
93789
39848
86180
65024
24357
38566
89018
39666
11295
17908
34794
80786
8110
17974
93546
30004
24505
40484
37451
58060
47093
57612
99405
76735
41191
96775
27152
11991
75321
46765
86787
47214
39850
41323
37143
82050
90809
61539
33980
101409
58653
39436
22143
97771
72708
47475
86605
83465
78796
9949
99012
8290
78478
57892
4355
19581
52351
67932
18372
95252
62720
57314
9133
29010
57167
9422
31729
100332
37012
76133
76239
28984
101037
93200
66076
68341
85295
10765
40564
97384
60578
63236
54620
14684
85070
42425
69347
38772
102673
66214
38889
30167
3343
91038
89011
14851
6121
8991
20993
28096
60072
60774
34460
96210
57590
40958
14831
29024
10585
96413
59488
2647
77428
45727
52641
1227
1302
16649
101303
11752
75024
25470
84106
48416
48904
21246
40442
75827
6818
58159
21750
43264
60623
54271
51717
28710
79508
13815
79488
35652
3780
11224
10532
10589
81363
75037
63370
38091
90362
1799
54528
98101
88377
70508
11124
75556
1963
62560
10572
55084
28117
8976
79921
96385
29182
32375
16612
4783
46077
50850
47231
28466
70909
38001
17930
41326
92054
63865
42794
4470
10359
48143
72113
21442
50860
40826
35490
48950
15283
84853
17977
24010
56603
54526
65493
62873
8087
73908
76822
36518
60492
43642
34767
90158
19911
29506
97124
71894
19176
92607
65198
8709
52839
17611
33057
12377
70487
19988
64960
23205
68955
44715
87210
102647
53653
2602
65988
12638
28903
48044
51467
97760
9829
60930
23093
97486
13034
17088
58412
61273
68698
69169
29154
49619
101065
60518
89002
39533
48581
73293
16775
91760
18713
21549
9260
48942
9474
25646
95074
38926
82568
44017
73601
1469
27606
71159
41274
5771
8992
15457
71840
27687
26529
62722
3601
39596
55206
7846
79136
67959
4497
53474
71792
61128
63106
86506
13065
81737
91481
74299
20475
98785
101443
77722
96934
99356
103197
75668
74840
38042
95982
84081
83184
72344
53708
67409
30295
9051
66267
76702
26370
97019
100468
81588
101545
29497
61815
13649
25753
84234
53397
86982
64167
85708
45063
54848
78999
22907
103010
94347
53683
60514
16396
15295
22811
13817
41766
90446
96892
18446
87069
36908
11537
19703
98442
47116
78548
64727
9747
45715
30547
26519
14546
2128
92449
50863
15671
60144
32774
32792
97526
47478
93796
76624
99875
26874
4687
82257
57630
59356
74410
88218
80283
64266
57451
99425
19548
66639
89787
101034
20218
190
20972
87268
31522
64905
18102
27356
87695
51193
22764
1632
30028
51466
103207
102120
30036
25277
6100
96921
101723
79282
7247
69609
25898
57413
89528
66075
26482
54245
36226
50984
39669
99917
774
77583
32112
49198
51247
92208
63617
18378
7967
35359
63681
96867
101341
92521
37635
19754
1244
20569
75524
87016
36875
25092
17833
57482
83619
28768
30569
439
58308
65508
10545
25079
46295
5686
50455
40049
98505
892
94440
96722
60219
97266
24442
86621
31167
53756
81949
54449
100576
36714
81871
18951
28756
93135
1053
64682
4753
76482
66968
23970
39176
94584
53858
6270
19353
26595
97215
42720
62127
58771
67285
35221
25558
12624
80977
102351
63540
34742
97020
68392
38905
36459
48873
40257
13479
42971
25847
75660
18163
69845
20272
101602
64995
10042
15443
20800
8300
416
72376
42625
81213
26682
29901
22866
46543
25200
5419
16779
37328
9386
51894
83580
35921
64107
95735
63672
51922
101765
51035
9160
94660
6555
531
20238
73040
87971
30296
36965
34681
43835
20438
67523
16698
62208
72276
88737
82620
72945
80181
68290
19320
71610
6734
50719
79223
55560
1332
43187
72097
82027
91528
50958
6087
11652
102861
51708
12750
43649
66317
58024
82550
6394
58168
89216
37484
4276
89948
60883
77526
81322
83330
57450
37244
90405
49024
48295
31432
73055
72592
84154
54908
69862
906
2435
60645
5390
66372
91485
55892
30250
19205
2006
92585
32698
9728
43933
12180
47312
44920
93914
61952
31133
57858
63025
25362
53687
27207
37902
95126
9293
70500
9899
18668
39509
35971
17425
98734
45834
40015
71806
75746
94109
24212
78431
93037
39907
74363
30292
47141
23003
1959
34945
9757
32730
50502
76460
95206
47560
61634
61401
26472
62612
98251
41760
82527
101634
55532
78845
2326
42960
101196
11624
74268
54595
28075
17970
97505
95182
2461
22636
66228
6539
2902
49048
29428
27790
45138
98533
98556
30804
16286
49055
63687
103140
40501
70094
16227
69432
81478
40347
18219
103198
102197
14706
13295
59767
69573
16888
10038
34235
15818
84039
29319
35155
52306
76787
46074
42195
43685
21530
53596
46892
28740
16403
33234
4374
27950
87151
33391
45941
19406
27475
86904
94016
34559
97651
51092
36494
75217
74582
26402
88884
7908
41870
102552
82921
24469
56004
89713
21881
27351
71511
48148
67998
63220
96882
35484
17093
5819
19209
6638
94486
98012
3630
15659
90519
74088
85568
83371
75005
69801
41255
90554
15185
37705
79884
12202
25662
25874
33051
98415
64999
13071
88243
44528
14432
40121
101619
19500
27974
82179
61804
68668
46033
91835
22139
89147
97314
74835
4064
84449
52860
83870
33743
30400
9237
41068
34064
30682
38496
63251
41898
23620
42915
29331
69634
41512
98197
98096
66521
78847
101054
15121
57157
78679
84709
84398
88075
30109
39389
60429
86252
56523
85988
76681
20666
2367
82807
81985
42540
42770
68616
74151
1735
17967
66695
48419
845
18875
102189
84660
94071
85965
30713
31810
21968
93381
71482
5405
80549
22648
41807
30740
97836
55234
53181
73120
65287
47649
4672
74020
54343
76966
74329
70653
95332
5160
53809
85275
76800
54104
68055
63700
97278
60349
12478
75079
101549
76273
85366
29574
22239
13683
74039
41456
89251
68424
24157
85603
84291
63924
48363
5612
28423
74113
85406
82471
50229
80914
99428
57854
44222
87242
3056
15936
16058
99026
15652
55936
65282
71778
27272
93617
16002
6875
56047
78355
41819
57531
46398
86461
95853
25741
39008
82624
94219
50503
30386
59099
81040
89745
51277
14906
5478
29757
102343
62389
63146
32987
78114
62915
76041
100040
92502
662
53325
28965
6117
98399
58512
48171
52838
8088
60788
21507
56236
88319
80013
93367
10158
43628
48885
28970
69545
22427
54046
79841
6537
6774
20486
52615
25335
100277
73957
47605
90866
97248
3859
12479
38332
82794
46577
51347
90478
75028
84992
40181
5991
92380
29524
78827
9437
86595
15563
86862
11615
81462
14324
35481
101804
101413
86177
23479
39416
44397
67682
32574
102464
28950
44253
23195
72699
38199
63742
47546
15147
7519
97618
81698
26814
18427
85590
66580
31841
82073
101315
75683
62973
35881
48197
4846
55283
22087
9840
101144
70652
82706
12353
19265
100572
68942
47567
78637
48380
54746
21525
76104
12937
98374
95886
48407
49560
19597
93893
100212
23027
84247
23067
28808
70217
26213
21524
10932
53744
51103
60515
57405
72034
73248
38024
96961
10715
100064
54442
22282
52926
76516
35028
20093
67411
101098
80635
82811
26671
18143
59765
89240
40203
83894
89836
71735
82808
24704
46664
64560
21275
76089
42882
55514
31618
76440
36585
8181
77709
20337
60974
29545
75613
48933
19544
81824
66406
31461
77072
84236
70315
64177
43954
10764
74425
24119
58948
73716
80876
74196
88036
68235
77885
89033
31471
86747
69539
10567
33942
57290
82566
38163
56406
38865
83173
85806
39142
62814
61370
38401
86667
46613
21519
96723
28967
6390
46446
31927
30986
69869
29546
5084
64666
53046
22672
68900
81773
88067
60085
11471
72014
54853
56069
25093
34151
21166
3524
88444
7658
100866
79559
88491
82
40194
100827
68531
32167
2088
19470
64889
6341
52806
69052
47465
66482
16840
62304
60557
84438
26105
37733
57588
12185
19950
18805
56227
93756
96661
54396
18831
57895
80418
34065
8129
12737
24568
62739
48110
67925
13392
55225
12888
27233
22210
57468
45616
51757
14283
98345
1560
61163
77643
15062
85605
39978
98722
7069
80918
92907
55278
41682
94776
30946
58788
93145
83171
51166
19601
77480
58975
19110
76269
34146
71570
95865
77004
51888
72840
69935
2144
47655
77149
12142
69766
3853
81270
79298
77283
72030
4688
81960
41423
38873
39134
86146
70290
64091
95354
101506
70758
23783
23899
13781
46247
47846
10842
6203
3875
91441
53921
60820
102224
33598
98271
49408
96077
89584
22160
39525
45431
55897
35617
40402
7154
61725
99726
70557
48651
95117
57000
56985
49918
61108
98665
90571
71502
7550
27769
5062
50083
14541
90225
731
41581
87021
62416
22280
330
93577
79308
53617
9239
28119
72779
87037
87233
49222
96004
62097
50113
76593
90805
52903
78385
92416
68146
38123
50717
24322
18832
72405
64115
14565
54695
47500
85546
100568
2520
55942
25420
16955
99140
44249
71871
57048
47928
50773
65558
102550
71766
72065
78682
17258
64163
77134
1318
87795
81614
13484
38386
84860
11021
71391
54351
88442
39098
704
47370
17072
31339
61240
24291
77490
73144
37737
16799
102212
53747
72989
30312
51073
18754
41406
34775
56411
69915
54578
28416
74395
46466
85641
46849
53161
88280
96931
50838
99698
23174
24866
89218
30328
38015
94692
31168
2208
73503
91169
63102
80783
22192
61020
42405
41781
94838
51599
30350
16567
99872
94526
8441
72446
44894
52268
95050
31317
12797
83236
48335
8752
35195
84509
66441
40547
37922
99464
75322
99976
24593
17675
35218
59830
81665
4778
65143
22910
67275
20745
3233
50619
17960
67947
73431
90987
58164
95931
40579
78491
49008
32191
55386
839
17648
52378
17060
84480
95356
50935
52862
79727
10360
33398
93632
1822
20508
63763
95995
77214
65283
100786
70843
11751
49462
2022
25195
81828
7328
60262
81923
97893
69109
69366
61752
89961
64120
57753
88850
55632
28988
89647
97991
11673
88438
84256
5675
43396
75526
8659
71791
19183
42453
41342
1001
37823
40447
75700
47134
98482
17306
28695
20116
40822
57124
73556
22786
66455
72516
32368
96364
18550
64891
24797
57467
289
37631
9998
29945
37780
71518
7589
93968
87430
42593
10512
58911
43763
57846
7730
23256
16514
99131
76929
97169
27147
100563
7071
89974
102695
70859
76395
74464
12216
74886
12265
38516
44710
42803
86040
44459
6153
48146
94248
63132
790
35735
87600
45413
85475
42541
33301
17571
37531
53302
20034
37152
99407
86217
57480
41994
13831
3434
7226
9112
32573
37508
42581
25170
5387
56416
53722
33055
51720
37102
87032
35694
7791
92986
58495
63746
22759
34116
67588
12895
48573
72229
83420
101820
51960
18837
6736
46218
51077
10565
63871
20417
24760
78774
42281
12463
43780
74061
80193
100747
7340
90076
82401
29314
46951
51452
95470
16731
61496
97666
1210
86841
49251
102073
99068
32436
10101
40320
32215
83211
65280
57770
89432
16862
16118
53328
76660
57845
7937
51808
86650
57134
3548
73658
53309
10683
41416
17394
54104
23661
80668
98111
20270
42933
83729
38135
15323
84756
96796
