86505
36208
15019
36765
13820
52861
48136
74487
21370
17227
26925
58743
81680
77105
52656
75983
36734
16940
30737
63124
73810
53991
45605
49277
9761
57304
73383
11882
63599
12208
55701
70545
13215
73908
42176
18576
60234
62477
6316
88026
30455
29588
77112
14511
3730
5009
10760
7926
51362
26041
52822
60500
12909
76620
57635
68922
46661
84703
67515
32516
38770
745
71921
18605
818
17969
1429
12543
36814
66052
79977
61028
29835
84467
72059
65919
58122
3734
80856
73622
23340
18407
13741
8559
73987
32719
83070
58561
18058
45725
46425
75275
38437
54890
35250
20699
44158
87347
36501
65196
29784
84790
54803
70773
18337
6721
19746
51448
2833
85061
30533
13584
28272
64327
50244
14803
59479
44075
46319
67666
37116
9733
34957
77117
81390
66397
43830
68220
18157
25517
15591
83658
29831
11189
55062
4136
24010
78376
5342
68229
26668
15621
20319
58025
84569
81258
47685
26393
18524
40689
67437
6100
10755
5376
25745
32947
5646
57495
30118
81737
75494
22386
73982
68423
65698
69383
47035
15273
76214
74447
80053
19349
32244
9985
32842
6419
31562
2135
71108
25115
71831
4653
11409
49716
78612
46291
6635
19384
77271
43969
32591
40967
31213
51235
56123
74367
57352
30744
56899
47185
10452
18732
31437
42578
28542
21540
87552
26516
77341
54478
8785
68404
23602
44429
48139
24742
56985
65177
15209
65174
8222
12776
70165
8289
14565
4685
26289
29756
4187
60256
73791
47254
25334
4972
31939
82640
67318
84658
48226
53006
55391
56291
70818
27588
8999
32438
48910
39732
37797
50570
65822
11743
62427
9276
29565
33228
41980
86030
70182
28652
40993
80022
24594
71841
24136
65517
79539
73187
64770
69014
67610
28247
7096
4826
75862
75038
64009
836
62111
24398
9461
12838
49748
35681
49471
75535
16512
18024
46034
57772
40524
22324
81615
22544
79688
5460
52537
604
41273
15183
28837
64625
51239
79500
10322
82789
45746
30820
20646
50138
76880
14884
100
86715
54484
14572
59103
83142
68164
49130
33591
27280
68811
75605
49018
63636
2233
57159
54445
52640
7195
68288
37124
5130
24704
28051
28628
21227
36347
17371
6839
69250
74482
65443
46603
22426
7618
30642
36541
17882
84893
86315
79636
20113
80532
48100
51215
9712
36291
20347
11187
64632
45802
57575
60650
11863
40990
24959
73823
939
24273
41123
8842
76318
82997
71798
21448
11609
1573
56015
6283
24546
63968
42601
36244
77846
16352
32428
26081
48084
15966
67046
5262
49303
38988
2760
85205
17294
50707
155
9252
1930
33297
67640
19774
50103
13315
23295
5528
29534
61607
18323
4249
75015
15960
80018
19316
85688
69298
1741
58039
5940
51276
76748
75715
41393
36908
57542
57332
68088
6524
56477
87752
29935
27004
27364
79696
10023
83116
66882
59850
79621
46381
66824
69002
71423
47881
6294
3550
12942
67339
53491
85782
68189
64576
34254
30993
23464
66147
41652
51252
44562
87471
40848
30550
15521
84211
49311
8353
84948
12656
18294
69452
67756
12455
86186
7889
55734
27705
59832
82305
58856
85217
77598
65990
66922
54975
5965
47551
71178
23280
7895
37410
28926
76795
68781
1465
53121
22356
56700
49931
38034
31825
66982
22010
53607
87909
18378
31036
32186
63375
8192
35558
7091
74328
39871
42443
69905
27307
51789
436
25342
7648
58293
45246
6901
12570
5420
40053
18078
67107
62444
59670
61696
29714
58719
27766
13251
4479
57166
84018
8144
23902
34761
35723
14398
44755
78643
64573
84198
22945
41818
40403
41362
42045
50530
37721
28182
68780
31212
41399
72657
20522
40454
62734
52835
31494
53150
40890
71258
23873
68509
46344
56135
4562
45877
19798
45873
37144
21
26095
179
65374
78577
44778
20644
29817
7473
53153
8360
38084
64322
3521
68602
73381
25319
81629
1408
73294
86771
77756
15268
51411
29145
79256
40836
20130
53476
42702
35860
45754
70570
74592
65890
49686
87884
66379
51618
10537
30967
6124
51274
19932
67867
67403
86946
47648
42529
59869
29623
38546
77504
33993
55441
57853
35810
34819
28013
55812
34169
74536
47865
73644
8215
55656
57118
58627
62467
79895
45080
22588
87206
82033
78285
33537
11489
14069
56377
117
50119
34631
46765
54718
42117
2694
71484
35534
42849
69795
73975
33670
10456
76949
45825
35738
15700
42148
69902
70024
44673
30126
9185
43836
11121
45133
81783
67031
25097
5667
7508
14777
68886
25893
11272
71648
82638
15860
30751
40920
5535
40272
72797
5377
5993
29444
40703
32525
46613
39961
16151
59242
10212
28306
17876
23803
76713
38614
82081
44011
74804
29640
53823
19735
64225
39643
42788
2931
54103
44923
75503
54044
80484
64686
39222
10585
77868
23686
79428
86049
48128
32040
16483
48704
38835
78227
72536
48657
83548
6055
37473
37159
81319
830
66501
38358
62493
10171
34276
3186
28453
68003
12813
23626
26996
11406
596
49837
55868
22204
13190
13556
65812
22089
58093
80779
24744
3052
56162
65614
19972
22181
77918
46266
47334
11534
62810
37779
79331
8818
17345
18973
86308
35140
22594
32539
48183
47357
48257
84045
24551
38757
74753
60944
76154
50292
20314
65479
384
37429
67457
25695
72438
5320
54849
53714
21534
33066
4920
18376
71948
55425
37896
35285
66954
26561
41213
42169
63512
87545
49595
63813
14817
13707
24188
49844
44079
83870
15364
1830
16853
53236
11845
55979
43197
59433
67355
85623
25014
3064
31156
44195
11465
540
75319
79373
53442
51978
36712
36904
57639
33746
2841
78791
76811
74104
64851
71383
10479
55863
14368
60227
82613
19718
50979
7439
38980
72121
53173
61280
21728
67248
23872
52292
82488
19813
21252
53770
67100
75610
86116
27764
21169
40598
76472
82909
5241
10556
35136
38094
46186
60539
61222
31787
63108
66833
53822
1672
57875
84524
50286
56131
87672
43040
64368
78483
87978
52952
58240
14475
13787
84735
59343
49333
76548
36866
26821
50134
44689
9150
58179
60523
4273
57255
7548
46633
40556
53976
15893
79138
5932
43792
2537
74326
13966
65768
28277
55369
61832
45547
30010
47733
49650
50872
86931
36423
24698
79186
17280
81909
67816
29471
55246
5718
9126
62146
28355
62735
42636
20264
5384
53628
17790
25727
33696
27193
75742
43587
8832
18718
54665
39272
24928
87949
28941
15372
56434
19017
7370
59505
79270
20708
84804
30962
79540
27393
88090
76994
72093
58597
87415
76304
29538
75217
35948
35634
6157
46227
86653
31641
87830
66660
72172
36972
76148
8256
71933
11976
76788
79469
1675
37994
79961
60609
22048
75476
31644
72131
70221
65383
87727
16652
42133
57636
87855
64243
20146
72414
85995
50307
23501
32999
26160
38680
63379
58460
36005
46898
87523
38322
11986
61248
3145
19502
61647
13129
15378
51270
5797
52705
50965
11578
2866
23990
72691
53861
83618
26678
22216
67010
63273
45587
75123
16360
81695
56390
68936
87743
65656
67298
81127
29507
47057
64607
31165
27035
4031
31322
42173
61528
65307
27341
482
33543
17802
31135
42500
5846
30211
43768
86750
84492
75654
70231
44404
65950
14994
12394
2926
16993
4540
216
41425
55122
63174
76042
3507
13658
4864
71919
54232
72834
24260
62046
32214
56833
28458
79470
47121
31566
32118
14496
16943
32404
60368
29783
15835
3227
69394
26881
21492
34818
33287
66806
71542
35385
18127
5943
6543
80583
42917
67433
33087
24035
54094
21566
55798
18418
32406
21423
622
37191
63034
7581
52050
16137
29223
71499
82572
37339
34327
10584
5831
38307
74210
68089
31706
52138
81142
43250
26868
41291
27446
69946
21047
20873
20925
44220
30307
26292
29734
23933
51098
28152
8084
67032
48398
20227
84758
77672
56384
6910
75338
26387
42354
63699
1961
67116
68916
18387
53811
9030
2030
60492
30481
73357
76103
44353
18380
84323
43963
50862
87305
86536
85069
71819
52786
25054
3618
8778
11527
7955
77566
48529
74277
41106
85026
55092
87506
42547
64555
26365
38750
33181
26913
76631
11786
39586
61240
30581
19894
57799
86703
81612
16380
17883
10063
30944
68552
82486
68722
65458
72706
6088
33972
50208
85496
22390
3879
85438
20802
16196
62936
31442
34309
13078
68263
30690
28541
24908
38015
37737
54904
34483
6153
33497
74234
213
26703
23667
16081
8270
25850
36900
62768
14452
53705
48685
45521
37841
41734
10217
65551
18071
8664
30891
60449
58997
18801
78921
34488
5098
87019
82948
85
51776
14547
80553
37345
18292
14897
66904
63601
65084
47531
67588
44552
53032
53201
49003
44565
77693
21201
33818
19532
7586
42386
47994
73168
39361
86582
76738
69908
53059
49207
46273
86561
56937
7412
57478
26140
79925
34080
65347
56194
86560
37154
37503
21655
81774
66451
71856
35974
64510
66481
42600
73631
32100
35564
37979
73122
46276
43203
53518
16262
59034
32453
25919
35647
44739
19541
40045
80284
30246
52875
51178
80192
16375
76097
32303
87085
85295
27635
63039
39228
39091
47174
29873
78457
23944
20807
66306
82620
1534
1695
12951
32879
29730
3697
2975
56475
68991
949
45847
1424
55166
76853
78495
6867
49790
53399
79250
58297
63061
38422
40977
75445
30214
74177
30195
24893
49170
23805
57109
4851
44377
34145
69807
24190
80201
28191
2076
54431
8567
34796
23514
47259
32625
68876
75573
46687
26472
28914
54754
57237
36593
45027
85842
4881
63932
5976
10878
43940
57994
19805
85201
56199
52720
74176
12944
65726
71017
56082
58959
43178
70169
301
51630
4029
78722
11113
3556
87001
283
32508
31664
82509
53843
81930
80272
54964
86516
24403
37853
79867
16803
80021
82707
54009
1655
25030
24196
37237
32928
2326
9349
8590
74413
722
42171
43243
87725
16690
6111
72507
19146
13899
35533
82212
48350
48102
34490
35082
20775
83129
18183
6503
52679
67747
83078
50029
62114
62634
46539
20464
49057
74379
23341
32294
59610
5681
71239
78735
40947
25522
69768
55739
1067
32297
44382
19476
7973
70480
1792
291
1805
82091
29048
79917
851
49524
31640
50011
38673
50652
55676
66661
19333
40459
61050
62150
54379
34226
4084
41070
81924
7647
60143
27042
55989
69347
20087
81410
60847
5171
18908
75960
62902
47870
32927
50855
26991
72577
77175
47595
63314
68059
54721
3048
62230
45401
73216
4055
22881
82072
55346
20175
50672
75200
57956
80472
44482
39611
14418
48581
80923
32468
32780
6516
45871
77001
11130
52238
66281
83016
21175
56550
3298
26511
240
74422
24300
19134
8699
86422
76681
24947
49964
56756
76578
76936
2501
37083
78362
20971
63245
23508
58857
21206
1382
12718
82928
78352
39878
74849
78793
70727
25435
71545
84453
61552
9473
24705
82193
67176
76782
63690
24437
14345
44099
34610
30452
86341
84579
77178
27145
15246
82056
58
58310
71578
68465
47905
67852
64664
74703
86950
78778
35734
60035
25563
49539
11805
85375
56509
31168
18079
77108
66590
319
62092
44437
24824
17560
8475
42205
37871
36426
58631
17038
64055
82708
30750
57448
3822
63882
9000
65143
51327
60123
24430
38163
49533
52202
68906
41826
30675
10232
72013
64562
81396
39673
48407
8887
26375
33492
15032
64187
79593
55000
42710
60180
77340
11015
86026
60895
70435
56765
46365
7313
711
55295
65499
26441
57353
20050
32452
14020
70225
61518
80990
70054
54241
270
26195
48749
20803
61142
16422
40936
63083
50584
82582
72328
21744
25466
17797
24310
51849
41100
87279
65353
19574
68981
769
27756
65761
70080
2257
19121
87462
28081
52937
424
10007
50174
82129
48879
42048
51648
84054
10149
68947
68411
17283
39971
235
4294
85485
56061
28424
82641
45739
42161
65386
83325
78657
12971
57796
21589
14063
15905
16329
75097
61373
13916
61769
83338
10406
67990
20937
39845
12930
1794
64832
60071
28198
23300
73738
31638
41799
21898
83042
58987
54811
12406
86605
35712
16657
14100
68135
83259
41030
47690
69980
366
2654
7499
64598
73387
10052
11384
29039
34357
77293
15042
64542
49396
71233
26238
58852
84335
75349
19748
60565
83332
12081
15869
52360
61570
68326
14318
14791
50056
54697
35344
85353
59088
80506
19155
65730
82622
81309
23700
29093
8142
81586
54079
50439
38851
40284
32616
65595
77709
71612
10617
39805
17891
53215
87386
84533
28936
78040
2648
61277
53028
50139
13904
86387
68545
28505
36892
74001
36077
16451
41353
8158
65735
48318
72508
83224
48633
6742
52453
84573
55985
51155
67127
43070
52271
62057
47675
62592
7234
82170
19905
60815
47245
12045
16140
64279
9165
32524
2203
77520
35200
59770
6701
59038
33554
54930
67524
42338
61255
28379
73652
35398
52177
4697
6062
85881
54055
8231
12001
48187
23216
59417
68745
53963
30660
12956
74759
85328
40340
62392
33298
73209
46764
1222
87012
73013
992
65270
38947
31407
35695
32142
38551
81822
7059
69054
74095
44008
62385
44181
17288
74037
4255
9189
51174
87917
5696
31051
5103
77203
66432
30652
66938
61781
17757
6004
71343
74726
49600
35924
55070
18251
61171
65969
18212
24677
23431
92
56106
41226
11773
39233
27926
6597
76743
12144
34878
16580
80038
55945
31207
39417
69626
86720
85305
53423
15782
1195
33518
87549
7806
3725
33133
4140
81957
35464
5067
16799
57469
46184
51837
7251
29958
58433
43957
41909
30450
41596
52052
49285
15566
37367
21039
40408
35565
9041
60469
28104
64877
54463
28605
55417
30995
10882
76640
76822
46544
16827
15358
31618
51657
40390
37090
38114
25072
7773
55669
86376
55926
22701
34587
40219
72973
35162
25157
72641
61720
81674
48544
62271
27051
28530
46117
56601
37811
58651
83833
66776
5618
67783
36807
74244
56231
24964
36790
58040
19790
78453
8678
29824
67836
71356
37950
38529
814
63138
52516
43249
6242
2195
71825
77954
19096
29517
87375
59853
2164
50759
86810
85921
62373
55921
43154
30073
16490
47142
19970
15770
63111
76684
49200
15380
3599
38657
36514
51496
81200
87310
10638
84428
31597
3258
84167
41253
26024
82877
81992
51083
47439
43064
46390
75360
53198
28924
46212
77719
58544
85916
22399
58284
269
46746
7556
43346
7147
38860
33859
78629
14308
14958
28582
79318
48262
32062
14379
9266
1449
71290
20058
33238
34692
53600
19536
32264
72694
46555
52851
13958
60195
3846
50509
20977
39823
49254
67677
57000
20546
74698
71081
27132
87644
39858
77988
37004
65018
76624
29072
40708
68861
65146
14060
50176
73499
43236
41073
17240
60107
77593
87615
68489
226
14215
74543
35724
59949
29117
21191
65991
7809
18446
39120
25482
13737
77727
13464
3184
33534
12950
87100
56302
39644
76758
85997
85254
20838
81613
59766
773
37355
32993
79753
47909
78856
5345
55730
59158
42104
41300
67211
44690
36937
63870
50387
47860
20586
33712
78258
14642
34336
11749
16610
41939
75169
16316
18545
44512
19071
48279
86578
30278
83948
20912
74860
88062
48939
60740
9015
69104
13640
71880
86872
63625
4451
14390
66933
42869
20441
68907
64393
81666
80684
16836
24192
71992
16561
15187
48426
81227
27442
21445
63488
39536
76300
53887
30367
78262
58656
12122
41591
22261
74652
45915
1018
34072
30265
38845
67741
58395
4106
42256
53047
86684
68023
60124
49086
1151
22553
32207
135
85397
38859
64287
25284
62800
28597
15149
30578
1285
79039
46354
15760
55408
37272
79239
9148
26396
71700
85657
53349
6261
46435
20777
36804
59615
61671
50532
74983
70494
31127
20020
66668
57307
61197
22230
43358
30434
52527
43570
55419
33848
26566
79330
36153
31393
45790
48340
3235
64921
68577
53629
37321
17061
28226
68286
12085
50640
81625
73617
32739
66557
44122
61343
70901
39544
48747
68421
66474
30375
49624
5222
82716
25067
78014
35248
86564
44023
44742
75245
39257
24629
28723
43572
85088
10919
74431
72895
56436
3861
35141
59137
66210
4573
67725
46197
32583
42560
70163
58633
71157
39922
15693
10157
5843
9330
82579
77554
12658
73770
49023
83751
76699
21672
24116
51289
31087
62696
85859
84271
46361
29192
40088
20075
80533
36448
68113
47972
968
33731
51031
29990
42031
31362
28763
34054
51882
52955
86238
26666
11819
71117
59500
67182
82461
85267
46820
6211
43774
68510
31013
45268
20394
43354
15562
56085
78995
83812
28187
71939
63581
27674
10593
59118
41771
75231
27232
35436
60671
53716
14186
40987
71725
77226
59023
32305
75522
14422
77813
10810
32054
159
5279
68564
44239
46903
55631
76687
49357
20975
34632
29005
43012
57567
23574
62217
2688
49615
13156
69423
43642
45209
65582
73694
31164
30142
28741
50892
81455
69824
20757
1367
65418
39046
6714
51745
82174
31699
26355
58447
39403
39400
47714
14402
33353
30766
30380
17356
31540
21188
23452
77282
20741
82016
70046
82017
30251
29436
1908
58033
71641
53572
38828
24754
47655
11952
46169
84859
66061
76191
61750
50373
82207
45149
12083
62579
15560
17338
15016
11616
31659
1452
72115
12626
55991
87721
80561
33788
17830
77712
71540
4276
50213
62563
43653
10061
28158
15928
21537
74890
46589
16226
42811
75720
38557
21085
68803
43140
58012
50235
10080
15166
38093
54386
29671
58343
40864
12539
78492
75899
71867
33996
6435
39478
10228
67122
64260
60675
3925
80160
53255
50704
26858
67908
40323
65700
79229
27562
68249
77763
34002
82157
4592
44218
70250
18656
17955
918
62960
82991
40351
74345
58340
31849
76826
40380
62871
69343
73019
30423
65171
70216
1507
45585
73767
79104
47623
7152
5010
15039
66058
45355
10273
35801
31249
8646
86004
29173
37663
76059
68218
76860
1271
18842
30397
6011
45394
74247
79585
35621
47127
2028
37162
87244
6736
49405
25249
55617
58152
54850
33948
58542
78514
40744
28136
60030
45899
15851
34133
40096
33415
66805
75782
78770
34925
47394
46468
2492
26307
71219
46052
65432
13471
87397
76753
73926
81238
53759
68879
79854
47502
36858
373
62901
21110
36893
83638
2262
81218
75047
9942
20554
71754
11504
4172
61138
63259
32997
76672
72863
82684
83248
61822
65895
68463
74132
38967
28681
15002
46091
66323
60132
47918
39527
29218
74093
39799
21434
39747
48539
61733
20272
57919
43303
37579
54331
55340
19702
57263
30506
32679
82659
28760
5295
59776
85847
28827
16330
84236
83942
54396
51705
5873
15134
60057
7191
24343
13522
48708
51458
16872
42939
3438
83930
56141
35204
43062
31633
69842
61232
76287
77031
73581
47086
35239
29698
80885
33600
74894
38674
86755
65757
82576
55228
4674
3672
79954
32705
87943
37651
874
82521
32500
73018
42082
85780
38562
28842
61018
42349
63560
29481
87042
5321
79280
18414
26372
31085
33994
73872
27892
63972
28364
18932
34674
16863
37474
87337
4470
8718
17516
27484
55416
54253
58858
23570
38586
61913
86702
12604
20339
8771
78525
6343
68749
13317
18910
11885
36879
87518
49874
8574
5781
40618
85173
73152
12548
78336
50132
84716
9601
51977
27275
16087
52124
41755
86135
66018
2622
68868
11031
28372
36503
80301
65552
11143
49681
67722
52485
75496
54937
31124
41110
2353
46895
75406
37439
42967
40935
2752
55973
43411
46999
86410
55644
45586
80681
74958
86817
26248
42442
54306
23699
18188
36966
50388
49827
61937
34771
81151
35731
63930
38864
18525
71975
72447
1335
8445
68997
9956
83805
2550
63185
83234
80576
50738
4630
29278
59445
81424
46775
72454
83706
37930
15191
87099
27494
20697
75422
87328
60676
40810
32198
534
25967
72190
84435
13046
11027
4744
41096
81381
31068
23436
49821
71886
53509
59029
46439
83778
244
51265
60723
73012
60167
70914
24610
9214
86879
25791
30497
62207
52548
861
83102
55595
74467
21852
79393
46577
53162
40231
61938
44637
60625
26163
8786
45784
26459
21551
23946
76526
34433
75580
6412
65623
12736
7746
43647
9350
11227
49144
33060
83882
39034
74580
69036
61752
55158
69376
65693
31938
78399
52764
48598
44926
48873
1955
5622
55870
21083
22404
22305
74878
38204
30800
6107
35441
30860
37106
14282
80339
48636
71035
49189
16208
53340
29920
41361
62265
82085
7081
77660
69282
66698
43340
52778
12755
73665
60172
86811
79065
19367
19439
51224
14899
78758
3569
27394
79211
55192
13569
72142
53242
45926
21375
74540
42166
46489
57328
12847
66768
39760
83300
40500
42267
78165
43501
81552
76924
66895
21826
21668
32039
53575
74432
58924
46375
1437
64658
65754
34435
27007
50423
61953
26233
28183
47153
29342
43133
31892
68200
52930
84048
31181
22813
41195
50720
15421
47846
42158
81005
57251
68253
9037
15556
3966
81027
63610
72473
30976
70924
87745
16058
8101
78215
83557
81067
58210
72333
54237
63447
39075
60310
87086
61659
25303
38668
50847
71638
49621
28055
71656
8366
57729
83474
22581
54202
75609
61449
35309
55058
45157
83718
62132
20080
38995
46609
79388
81725
63879
41816
40106
10019
66623
277
59502
65769
26078
6670
70429
76825
56416
22625
10240
58334
64898
49771
33802
36433
82585
41868
67409
47904
13947
10931
27112
86144
66909
79742
58547
81835
87567
51072
76614
60274
82848
70041
18423
79196
29019
58322
2287
49008
22917
6192
81892
70285
69073
81289
1438
66883
9582
51635
66292
26535
38011
17031
68652
29455
60400
28031
9893
86619
21288
339
29620
45178
27904
46842
28437
78303
2152
12574
57775
9230
11703
45995
70001
35569
86411
43220
59860
21367
30198
35272
31230
45244
36798
83104
32461
19201
21469
34677
29746
13572
29219
30060
55958
15746
47816
24076
43339
69562
13834
43175
51065
56868
66752
37153
72127
86152
55148
82073
83014
82149
85913
67329
63839
77772
4406
2388
84124
74369
25432
426
63406
46317
6520
43022
12681
28018
72510
52808
81145
45503
65
41528
53502
35434
2249
10620
30135
74709
54714
61353
33916
66631
47181
1478
54141
15848
76159
5169
69308
53365
18886
63826
43820
51750
45036
48075
64956
70166
40666
68622
64602
73883
78265
24434
84475
46556
64489
71265
33973
72376
52852
28301
28843
22579
57415
37481
1215
19580
58331
4024
65525
77041
71147
71326
35765
6488
75541
80795
52429
37097
61699
75162
86584
3140
38568
33694
7765
17607
78328
9675
32322
56693
20642
3717
82449
83018
85736
25351
32660
73991
58990
8431
21443
25609
8227
22157
43630
49669
51067
40316
18534
62274
9100
28658
51048
85314
79624
78108
47207
45597
9316
28054
41403
5484
64742
14043
60326
11191
43356
35572
68821
70197
13570
72713
36092
17838
21327
22318
60805
352
50621
65268
18027
30778
7334
57757
25837
29701
27491
84400
24716
33922
24859
24138
5084
14321
43839
85771
71579
33024
34519
87282
62443
37147
63857
34644
50504
77093
35124
8266
52287
64398
19666
78916
85993
70233
9404
38136
79227
5842
46296
36927
15427
78644
83469
26461
68751
17014
4349
36867
37235
44467
27834
50627
54546
67415
35482
18742
56313
70137
61523
52910
3499
68978
61897
56413
56664
27962
14607
69940
7632
70367
29352
51869
48247
46352
2151
63469
69462
77618
41312
43626
2335
15021
78160
58446
47470
12793
86667
78076
11602
13444
54499
52529
28852
14163
39343
34167
6602
68980
85619
931
73553
20348
40672
35745
38890
17042
48204
35196
10655
65856
67871
27300
53775
50309
36950
80488
83304
46470
68309
27134
24679
42760
17959
23012
35954
62201
76054
50710
11727
31139
66844
62651
22759
76359
21470
24520
69342
35885
68856
17811
23833
24623
47106
64295
77412
69616
27293
41932
76036
11553
70608
78879
1665
14365
33233
10450
51163
65012
31704
80973
59435
5937
53937
48835
7546
29160
82283
71481
55513
20876
10092
59838
15807
77379
49662
85695
16927
85383
45404
63121
30174
23710
4117
2444
56887
69927
38449
53195
62789
10072
32991
2124
2267
20422
9920
29759
35746
81827
63852
25675
9483
35278
79113
50867
86166
87515
32075
73913
55447
80874
75335
32177
11001
22531
65493
23117
26048
55485
52556
10863
74493
77141
66033
57953
28869
17921
79836
86068
37817
26798
28545
77689
61519
72603
82794
30510
21043
12564
82800
6369
82037
85924
71746
44855
16466
68650
21688
38493
65744
60000
39749
54878
41390
8295
66120
40393
28235
15127
63734
43408
42577
22009
79960
84517
9776
10885
62825
59177
47085
84224
71082
85209
50789
61941
65805
52476
18923
61357
69270
52079
25094
32893
86554
56757
78911
75004
9082
75903
30052
12020
36074
41905
57603
42990
51103
7650
28438
10982
57970
40140
48080
34210
12289
72681
29157
74705
66923
24713
137
67055
21024
8794
32588
35157
3709
44021
22525
9975
81214
76446
85735
69890
24193
71177
84188
20499
25300
2337
21985
27784
21686
66335
56154
83368
54796
82571
80743
41498
47463
80750
50403
24730
79283
50183
60389
34838
82025
57770
61383
48188
48015
37602
75527
6749
8075
30851
25949
52569
23945
43196
74531
48647
60760
10325
32938
87767
80330
45245
55164
35131
71070
38580
24747
19962
79566
37118
54617
68147
55512
3737
40222
82557
19401
30535
65635
49578
67839
60201
35854
40818
50700
29164
33532
3247
19290
53913
12030
16470
26385
64238
1026
59924
64497
6779
611
44519
32853
37323
18154
9984
23370
62367
25085
57958
56618
55601
56171
75436
28594
1257
23244
68405
66197
36265
418
27864
3909
49966
56195
62925
24376
79916
23741
732
70366
11106
27735
76303
33910
27493
65310
11645
32342
9650
59715
40087
87402
25384
52752
53505
72031
81931
21783
86749
50948
86562
65964
41216
4789
4742
41892
56485
50714
8262
77724
40196
79517
80142
46038
40273
2197
17504
83479
15338
35957
27023
75302
65326
43827
83739
45963
4111
59927
54646
72042
2973
20354
48291
86109
64332
52660
84706
18126
53005
1273
56409
71654
66917
11137
18490
17908
86265
71976
9941
25039
34387
4610
84763
14586
30843
75501
48971
71959
12978
60043
40702
22694
52080
2755
12072
81078
30387
3116
27657
74102
4004
17207
24479
22683
69782
73080
44062
76487
10748
77694
48814
27521
27127
26076
70787
22825
30915
37984
31600
67927
38045
45757
60799
70215
84368
10398
85335
33757
84075
19785
59697
21413
26508
58687
7979
25289
33559
33677
4411
26138
29077
34407
70520
30236
83523
38024
78902
69962
60811
1351
74334
16692
26467
32321
12577
84446
15613
8376
11748
37621
3754
11065
54129
14360
72156
54758
24262
85046
29499
58841
41956
14807
20989
36999
84831
15519
19133
14274
14844
54762
72010
68730
79890
8046
15918
6270
54982
53901
24733
35850
84230
79313
82389
33203
25331
44005
42167
65855
11123
40797
24903
35072
87801
57177
39069
64835
75524
44459
5228
60091
67088
56564
41449
23161
13406
46617
41567
42723
33794
17465
82685
55618
58680
64712
47548
47492
23445
33593
51269
86117
29098
2653
16461
33251
87122
71882
16439
16526
47813
83216
48769
56406
27095
28040
76383
27835
40349
84900
7405
39314
33225
28698
40669
82404
10047
31879
26027
32817
74663
71467
25523
42387
60952
72294
32974
53601
83322
53780
52792
385
21610
79623
30028
67651
8756
36615
69090
66614
8648
38695
52357
11667
86891
85451
33311
5215
6465
86833
22225
76805
15212
19929
11449
8455
43866
16689
22939
78063
73906
2500
25826
9890
81870
1411
63803
67993
28012
39597
21623
82387
47692
11414
40125
69643
32531
12231
304
42229
63392
26874
68609
61934
68968
40965
22723
70617
34705
10364
53703
74207
18474
82746
63360
5049
43546
59303
76623
17670
56926
12066
13099
45160
16480
31163
3884
76385
7386
24870
55299
24588
38990
14223
53994
83789
46433
32897
69611
64592
33490
45388
50360
84846
1339
6662
31353
58893
62531
29453
69248
36132
42514
74752
12390
67642
2237
79695
83793
40283
40374
72759
20600
79282
37123
62594
35829
26173
12346
27662
86024
58744
4447
81171
58300
63409
74421
59179
19549
50354
78861
50343
18878
25297
50841
68168
20701
3857
72211
68802
18349
56803
19203
81604
77562
39705
26088
8608
83197
52445
17505
56445
25769
55533
11361
26301
56506
24066
1920
80215
66123
84286
45350
13289
25202
1804
63354
47464
74094
62851
14009
35244
60577
31415
2004
55032
46321
17553
49562
12074
41301
25977
80105
55555
51030
6067
40906
39811
76843
46797
67311
19109
84166
7835
29109
71340
72245
55807
14727
10963
40345
64872
33592
31142
39834
66939
16014
75332
44504
37465
78000
82581
41423
87156
17620
82472
78106
52743
74015
48791
16494
39730
20650
8015
59432
67921
31022
47945
57153
2245
17293
82949
9929
34253
58241
64868
5878
55433
85276
70406
23612
12288
45890
6144
5040
56035
72785
39450
26318
47147
26018
45434
46596
21107
64067
74838
22725
11238
43532
55146
26010
86671
24392
76387
80624
43246
59959
49402
58205
20258
45426
8801
85733
36455
73199
25305
74826
32290
43271
41582
48147
80442
72073
32534
22919
15098
85840
76116
81872
75321
29959
67935
1104
36138
28988
63844
23077
11919
48503
37407
38841
3612
1712
50158
3622
26435
26150
64115
84922
49208
77984
80855
32405
5835
82074
32199
82196
9864
53425
54959
4643
1771
46802
2809
20675
23801
27046
44379
63448
83225
87002
47332
37424
38137
41730
63060
995
46636
65682
35725
5992
14470
83887
67368
12494
74249
39330
19794
9850
38428
40941
28894
71995
76196
7906
41654
82967
41639
64799
51052
39289
18952
65860
12408
33870
50729
18610
70454
62630
33425
68899
50537
75640
14218
21360
38336
73202
79809
46608
84607
37491
55304
70730
39202
83302
51035
29797
37633
58568
51236
71816
21098
71813
65988
30640
36580
55776
20055
17843
76991
46164
74324
35498
60686
72564
34911
75018
79955
52958
18573
23297
72372
75062
72992
57516
11025
69005
70962
49506
72827
87253
48695
52173
87166
83775
41072
58007
23125
66702
85298
50492
53530
81893
49119
5631
59966
55316
2120
28797
51172
36257
41788
55375
62791
34329
30710
30220
11750
14200
82826
72426
531
16296
56420
51832
39559
59366
43741
19951
29983
47155
21957
76652
119
79146
11579
17029
13703
67581
87885
55050
72297
13800
74445
33657
76352
66214
81106
60644
12782
7119
65066
13651
49826
79721
20284
66492
52887
28686
48975
34059
34700
67804
12990
73423
2767
72462
74444
36017
15850
63
44080
26242
59995
28593
13553
38886
3825
22116
59888
41149
2785
9754
69802
32888
10127
68360
63454
78297
42954
36598
5333
47885
33901
78102
31672
9353
35305
56113
24367
25138
61065
36221
52436
11459
14415
79203
72221
34890
86987
55614
27899
57399
64121
26577
82148
87308
23265
15041
81738
38616
20510
65573
48880
33386
2284
85909
87123
62790
82095
43141
5769
27045
21212
69547
39642
59128
81820
17425
71587
3868
58062
50063
58573
18555
13996
12059
6949
88038
84686
39662
80117
19310
54324
66204
15277
16415
78384
40997
43160
11103
57027
86801
2048
10792
19538
1138
73214
52382
51534
81698
70751
26629
80045
30478
2740
59627
98
60441
38138
4069
70106
60393
54722
73509
23631
33142
65165
59548
15340
41831
59953
10457
67484
63862
33509
29387
69018
71408
6285
43487
46841
45415
83033
30144
6402
82429
63913
56317
35022
24431
35317
74661
70780
63129
62884
11167
25564
82331
62905
11507
33256
46301
10824
22237
69727
22045
5870
57975
19638
28520
38894
46554
45538
38405
20655
69709
20218
13459
45419
86251
72628
38095
66144
8456
39939
61789
87098
136
78278
43207
85071
40881
75706
37895
34960
87368
87536
1248
85025
50273
52408
39370
64986
80711
60082
30415
63164
80969
82924
72184
64829
18993
40134
82598
57807
20547
44534
19799
39117
51717
36939
18590
61430
76544
17396
36526
15139
25658
54704
36532
60006
51698
27466
77324
35835
74914
70557
16143
78294
48486
82931
76328
9828
31798
63554
52777
20941
38903
59755
72215
26541
44915
58669
52499
11542
73716
35940
84173
49328
43828
47337
36993
32653
53731
29956
59007
20038
69163
34194
70445
25388
88027
60531
13882
74286
24825
8806
68974
47735
67066
36407
85360
81988
46502
66532
81955
16407
19575
289
2570
62139
25954
3834
67645
43863
50127
76709
52917
4405
48764
63753
42781
22882
2526
8671
69847
59496
34828
64132
23370
11109
5611
17678
2987
71884
86515
