18246
49812
88906
94738
9962
69705
33159
58973
6326
5501
76680
6432
16682
35827
13483
48295
4108
29003
31000
33906
71479
10213
71246
97065
59940
91066
94167
63439
66115
6834
34640
82652
29409
56284
556
55053
50106
76654
621
88012
55415
63709
63016
56699
79239
14347
92855
20967
43701
29875
10390
81263
96190
70916
3277
5374
85040
20848
97101
83093
19609
82128
639
18821
81376
56107
85528
8902
30461
3888
97872
49840
30164
27276
85110
60746
86551
90068
32078
94210
81269
96940
79633
14437
62320
92160
8798
75522
27425
11522
97841
23307
86619
80100
29048
39241
13295
60825
16181
54007
34385
39806
47834
80595
48931
13838
64322
53528
93865
56701
40130
91702
14521
15120
38211
810
82123
72366
72423
97929
447
64478
96478
30542
57643
18003
89096
23255
55226
45147
50430
63176
73831
3617
19263
4212
27054
83582
65372
4493
4943
50197
42816
5950
68591
45416
52604
76849
77358
55276
58538
94840
54703
35539
36453
65765
4208
77921
67058
14748
17560
55987
64317
85610
60640
89967
59147
58597
27995
32715
48708
41887
23170
80387
66969
35300
11213
29486
54263
97984
90399
83469
91704
53909
30752
69049
17522
87450
59171
38360
69838
36080
53351
9757
74602
46269
70107
11296
67429
26509
81787
96934
10299
61506
3113
84777
57550
98294
52144
12034
89371
54347
79963
27204
59863
53735
92440
7259
87502
91189
35520
38584
37923
94374
19691
22143
72279
88958
70523
45469
751
91212
98381
9380
46691
32883
11851
26092
26936
66108
7642
25025
96459
19658
83907
61829
21244
34946
73068
82487
95425
9171
32240
71459
62345
23927
15504
59011
56270
68531
8864
7726
88475
70585
75817
84150
8349
1488
25297
98919
32266
16288
39719
34050
58137
22442
97117
6086
17656
47712
2755
38003
8524
25707
32858
81996
18728
82165
33224
81404
6473
29809
36088
26889
78361
78549
86225
85675
65877
6816
27123
36450
83894
94181
36371
53889
12130
85251
25485
93333
35849
8307
91844
64296
17009
27512
66882
6355
57147
91896
11732
36971
69477
36203
73197
10345
83060
50631
97258
84981
25382
78479
66149
99037
77179
29924
18789
46515
83415
14803
52428
23890
42534
79061
81878
86784
64960
65412
14668
18293
96823
956
9124
32283
54612
76298
75243
59991
28388
88884
6546
98676
91331
19513
14080
46948
10926
96913
67186
60468
84878
43465
25580
43809
37755
35632
17341
12906
50968
5949
62947
5271
25761
28482
32189
58980
14563
21518
95886
67073
6752
6707
98044
93823
34855
16269
82017
24388
44443
62511
46003
21302
76249
30634
1642
83550
51320
23863
42409
11239
93755
80016
72768
80445
29733
16308
78275
29091
19785
41849
31222
2805
1084
80627
33265
15642
67169
36625
42919
17064
44268
4976
40770
70467
48252
85438
70547
70666
19595
36614
77173
85512
46199
23105
15104
39690
94364
35414
40184
32894
85869
55109
24841
50174
70480
86226
40620
91225
61416
74366
50530
60125
93209
62371
74029
20228
15314
98443
39832
14613
34
64746
43011
92961
36930
37030
56521
6212
46079
59512
95316
48223
5753
65099
49830
20958
39022
52309
39292
93889
24663
70926
80356
84715
69265
74947
67885
80852
9921
38039
10149
2348
43715
82421
43737
20672
46503
3410
77077
60112
92843
52028
5967
27086
90043
63582
11495
82789
8297
50858
43191
60734
94375
77810
96161
39787
59781
74153
19485
6928
30337
24751
52540
15578
26834
77861
66367
66532
94695
15694
36445
71798
37307
61923
21434
30892
2075
90669
86346
70039
35565
72725
77563
51213
24345
18252
24545
76630
86498
17170
75783
60770
83392
2119
23342
81514
88465
33106
67923
64500
8466
66102
65184
13116
41326
73900
56099
5338
91530
44238
41742
36279
22038
84451
67716
57316
44225
89955
16599
73944
50036
15052
19633
1389
57255
9016
52848
42273
89657
2982
6217
4505
30334
53643
83377
67937
85736
46358
73917
40088
25244
81530
672
41358
3706
98767
48820
46419
68707
4111
38652
94584
88011
84825
24899
2657
90039
25807
41922
32181
66070
33346
75030
39012
34712
113
70745
88198
45834
67680
10541
38787
45433
35950
29411
25752
78240
68773
363
94330
51224
38523
71643
62500
9248
70009
83548
42404
645
78108
76457
94861
40340
82450
88277
19420
56081
14149
5555
89818
69451
55829
94287
15234
40908
11848
29824
841
33271
25454
78895
49094
92264
43029
8113
98289
9216
35896
3221
9149
36044
20125
23971
66320
81632
39644
95216
91540
39221
15122
5231
36955
36136
37193
52807
19222
88951
27256
68864
69681
71838
50877
33413
74986
62435
38624
33281
85258
82454
31761
1364
26353
56080
10964
12851
44334
66808
71223
40386
57857
91453
30156
68282
81826
38942
81209
56096
37999
99124
46016
24247
51032
5519
64097
8179
89706
16921
98318
3304
39057
22898
44848
78379
31866
84646
83009
77343
43744
4611
47551
55318
55670
23124
54226
71432
30078
34306
69620
81103
46060
37501
283
84945
41632
67978
71727
43317
80891
416
616
51038
22972
63941
89019
23196
75171
58180
87602
98201
81009
52885
78236
3289
41391
92599
95338
65301
57777
3638
33669
19082
78310
64632
10387
60580
15433
4411
47930
21136
96678
29734
15217
16737
65263
68076
62363
91491
2920
8210
5477
48922
43025
19427
36665
70025
56796
52007
22538
45692
34397
77204
47303
31118
69619
58712
51858
89369
57653
46129
45929
77898
56659
53457
76216
23855
5173
29795
86666
15113
80996
63141
9065
78217
87624
84188
77721
97038
65154
97924
66997
16763
7088
3117
5628
22511
74746
68462
45962
1399
31444
4788
39682
96066
91345
3598
72886
67136
21376
27141
56614
97884
84880
50675
46412
41324
15287
57894
73503
23333
50461
98189
3826
67220
27680
96835
96561
52709
85948
60184
22797
61672
77197
10010
30227
6525
62870
75330
964
81576
79310
38840
60648
39017
7363
86952
79546
44303
18918
10407
46868
19911
87985
55972
13269
1516
73627
68449
33821
57667
16226
94313
43673
14584
44100
90523
28795
78119
41356
57473
66600
35831
52469
5299
62183
80775
42025
68006
4584
44811
13943
10057
49538
75310
93357
71184
86520
69610
69988
89617
17310
5463
54339
75352
31825
41102
355
56626
36195
40615
16606
58502
59077
49521
30960
97875
27505
33499
92626
56292
62610
4879
73273
67771
20488
57623
74041
70962
56210
6975
78781
31787
71606
73494
45754
20000
25307
81796
19440
21019
39736
75923
51265
88105
79250
56455
5888
40863
46132
85621
95781
19087
324
38141
67940
73077
98625
15131
75122
70224
36202
55544
44969
77341
24316
67232
50268
7189
34816
24100
88536
17867
28096
18476
76175
10653
60858
60436
96082
41693
89682
5662
86331
97750
10674
4638
52287
62097
5097
18946
87567
12831
23920
38966
11448
40099
55313
28569
55982
92792
38850
43533
1883
60316
40982
3498
19729
41003
66224
20615
491
86016
70795
84874
22823
10132
6591
10636
32463
46530
17271
15240
86408
76347
58335
18012
87350
35936
16473
42530
88595
34068
60414
28721
42036
18367
74217
4987
66643
46584
7751
39731
92906
91610
51267
3127
77307
82781
4661
80248
62063
49699
93868
94514
11721
4100
72955
18470
59256
68945
18963
19847
92828
82841
31845
10288
15947
7582
97139
32501
32065
29673
81511
63191
89183
74702
6662
70799
83400
82661
74430
9137
73472
95538
56697
44246
97914
82327
44022
95710
85427
44961
19882
77937
60140
75140
95517
24793
11685
7814
91167
46645
94718
21177
92589
33709
31680
41047
81936
88405
68152
80941
61482
42953
46115
79432
28531
54795
89605
46084
88704
96307
36775
54661
65925
57522
74419
82321
47176
7594
90454
21605
37400
24895
14108
15984
31496
68593
67433
80130
48893
5701
66921
6817
28607
82778
50013
85248
91148
77244
54076
96777
6995
98131
46031
49612
77652
45121
16058
12298
79617
24901
57540
18288
93898
18857
40713
71206
92638
68326
7834
43566
57783
11468
86848
76329
34626
87111
19619
9377
64620
24341
50709
14890
17554
48316
6643
83787
43111
24779
78402
17665
5968
53407
70340
27255
93871
43601
86886
76387
38472
77846
27844
59272
99051
84974
51519
29667
2038
75635
92657
83561
66977
54694
38746
62146
29124
55101
89062
63433
50257
65157
42253
83084
45694
15986
65883
47556
35262
98606
33495
52178
63358
43780
83169
32577
5964
8503
26255
67152
97947
28090
46131
51160
94705
96897
30497
5288
63174
27739
25737
98702
20329
32260
22178
37870
14824
91831
30976
58290
76147
62595
63701
65739
20047
84645
57112
82765
29403
68825
25212
81747
34702
58238
92602
68452
62118
45368
45980
437
46097
59159
15187
31386
82560
30893
16133
90050
6539
28695
55420
72874
8781
38266
50382
21529
12876
24713
84847
82531
84068
69921
55478
73755
20567
80763
9469
48395
21199
14045
96235
71392
86277
95150
40250
63211
37226
69118
44478
9794
21056
35075
57203
34416
74571
12880
51663
22053
86979
30037
47082
28396
92677
57412
36748
84447
2440
86908
68630
28457
37420
20179
74156
39821
77367
69117
90030
95659
54752
37287
81659
24492
24891
3538
7925
32351
26828
64303
11957
159
60515
40881
78859
21349
82626
15526
2351
68516
56076
86828
2131
72256
9713
60272
55504
56403
11349
48042
53819
42787
69853
39926
18222
64005
68743
42351
18715
96287
52241
13654
39415
78233
58727
18544
72444
42316
87151
91247
77216
9782
8967
85739
26257
9984
14749
62834
93111
41267
32341
14376
2590
8525
35378
20970
25745
63987
91730
57593
18537
79198
60102
73026
86832
8882
27785
6927
71369
72918
43825
84669
18884
56647
59165
72364
54291
49906
52846
70175
17646
54946
121
62448
92355
17444
82814
19725
14308
9047
63976
63906
12759
27788
24502
21453
28176
16109
27903
66265
85686
17338
3989
30456
92288
61588
95734
68446
80651
81221
63527
58761
34211
57897
5194
23905
690
27336
43755
54836
61368
2528
79015
80307
58732
95077
51089
90968
24456
32534
77167
42831
67385
57526
71181
60196
5025
30131
58426
80539
83119
22031
7031
84034
98059
51301
72703
85571
59561
53126
62652
27283
29889
82114
44901
65476
56850
43999
86144
82486
48253
77110
42805
28977
77884
81395
47069
25265
18082
29570
90889
18162
49584
30740
31949
55641
16246
3518
34801
50949
24546
4169
11015
12648
77748
17796
71399
52962
75281
31145
47287
54982
85933
82355
60901
992
27572
29989
72
75383
28780
45869
53811
87061
12415
23267
22204
2115
84481
7136
30524
91195
44687
79586
86433
19689
9833
684
13047
64528
95463
16655
31675
61157
36015
92200
14473
97863
60143
67627
31039
6815
9750
27642
84542
50052
87138
95393
70702
20990
44513
63517
52525
17152
42362
3718
73196
81303
78647
75900
10123
3687
24098
83767
27641
13376
26391
65861
52279
1308
1553
58149
26608
93664
52187
10317
58567
46421
40193
43549
20330
49109
60719
48552
2036
45706
93267
673
72880
41525
64261
73533
47201
43770
36674
6937
36272
35792
66389
44338
55093
40139
69614
26482
27782
349
93875
71500
21754
92650
38819
81542
24194
20437
47599
22000
43006
99116
45041
90264
42124
31927
87973
80366
67363
27092
87959
51698
75781
71425
75000
9091
60117
12175
85698
81753
8118
3373
95143
97682
15666
23227
81086
63702
67330
28271
64704
97397
42151
38825
20787
42304
90112
92338
3272
57934
50391
32804
87449
65534
51580
26683
64058
50937
48394
92121
3012
90789
92865
74247
4883
45210
6285
958
24971
70262
36500
81135
53869
39997
60969
18174
25107
84019
10014
63648
45647
66410
24243
16981
64647
81904
55416
83360
45733
62246
54556
33554
27194
53356
81648
33801
28933
6250
83924
278
14965
6638
76917
11307
32490
70924
92856
8788
73506
79764
13649
4931
23057
53325
72589
22241
95889
6277
16618
88687
64582
62481
19864
67523
80095
47408
73377
76473
40663
45075
74168
45734
56831
48026
71534
10068
57390
64645
60873
77331
22255
40346
73497
82945
97680
26379
12689
41344
42770
64642
23865
33129
52259
51296
30969
69003
59665
71884
77934
48588
28328
46420
3786
61390
90813
55886
51215
50820
52403
71345
64082
21234
36857
74066
86662
3203
9029
67420
46272
67009
91668
61423
48378
42181
57598
60162
36375
82878
72825
93670
78548
7070
13879
64517
89164
34243
28215
70629
52303
81374
16380
25063
20556
84907
470
7401
14754
29915
69174
94303
7040
78556
93819
35764
50471
24175
3788
17892
71462
62818
29481
60230
37918
7728
756
84035
70103
23443
67200
4752
85619
83622
29112
74125
69765
83486
71225
83245
35129
10758
1384
72514
65439
59768
70099
36591
53884
35172
32009
7889
90126
54356
5253
19488
15673
83585
54017
16822
47113
92504
54630
39141
78194
13125
35433
30417
13776
40526
83083
51230
98595
70987
33861
25684
2437
79268
76835
89252
2231
48910
62331
28854
45918
79579
24562
21109
81515
80946
86998
94776
73281
49890
22654
61235
5844
95949
89599
11333
37192
83630
64403
43254
97854
56323
25883
65942
95422
85754
64600
67362
39603
80865
21045
10827
91127
12039
81612
89353
90293
39089
8016
58747
35193
18314
16039
54241
60567
87852
22820
60068
2447
47859
43066
38630
45039
15706
83736
91074
56316
64761
15568
47300
34804
69154
61548
30871
73261
68427
5214
13774
55712
13760
38921
95929
46306
69972
43364
10966
5429
16363
14560
58479
34522
92220
15110
45534
49936
46057
83287
23218
88810
45854
46729
3332
72501
48969
65153
91731
71390
54629
31005
546
5652
60128
9315
82590
28410
42447
90472
16064
40579
97956
50687
27678
61201
52163
2742
81438
80266
59382
30724
65611
89359
85772
2298
27634
4327
35933
82129
43760
56286
52735
69192
79153
84955
43563
52455
75952
13186
71017
38277
58297
15562
48651
60712
58967
68031
33989
37209
79107
97314
51050
43939
51202
95372
5013
28108
4077
81160
47074
85163
68110
5521
10574
30565
78725
41659
46917
91030
28437
60442
43208
86596
74214
27062
24710
43670
61841
87867
80232
44269
55571
19049
16783
31994
81817
81052
90361
8589
79503
65533
32979
83768
70466
82409
46710
71539
6946
17874
84404
37648
90759
15804
20038
88535
34399
92549
77207
3423
67471
28943
23483
63879
83035
45281
35754
29102
11146
7616
12561
63738
27749
17258
87873
88241
4462
74848
39904
37048
36342
99177
76220
87501
754
33803
53016
85476
70355
1412
2161
6737
36503
31457
3477
71048
95231
26013
86361
51790
53033
21257
32991
19476
23208
8353
82125
30797
61543
18823
33564
18305
23153
52781
55898
82418
79010
89941
38240
74281
32333
59609
26425
38781
90236
68827
26579
64021
92550
39962
97920
30741
29644
85916
60022
59909
40640
878
31046
27485
55664
51852
12520
67148
80488
67080
54012
8027
61269
49923
1719
6558
91801
17985
79134
16020
81577
29676
13794
20845
88268
94520
13280
34975
50476
62366
36831
21517
22125
21208
68896
48514
69897
48685
25039
48791
13763
63397
58358
98992
87023
79817
35225
48508
11027
72037
58029
40260
51596
89678
91342
29223
977
59658
18157
72972
91850
20460
92036
4061
33948
24336
64950
53732
56160
77345
25492
34208
56980
26774
28846
48144
71027
90184
15945
60177
71002
26987
16128
38380
21346
90201
69868
96121
75875
60662
1142
6254
48413
11246
65801
23524
87462
54712
71322
28511
63293
92909
67619
13713
664
93407
55459
11611
68957
29650
1033
30200
96087
70762
75970
41941
96486
42363
62099
66458
69495
84216
44444
15376
6805
23372
8716
59524
35089
32162
93155
28190
4648
72346
17807
67147
24138
55479
2033
24738
88237
21137
92253
1963
91736
92925
79096
60190
45333
2722
27674
17247
20453
9227
68689
47956
54006
23007
74348
16485
32819
52292
43170
22875
9520
96518
62729
21242
89653
65855
25444
53704
86826
10575
52005
83181
31286
77545
32101
27811
12784
36429
48577
21025
48888
83265
67372
12368
73410
90035
47368
50377
92817
35572
64094
26943
59635
56604
90589
47580
16336
54819
21573
9621
40932
91259
29766
34812
5095
63718
33350
91690
94457
85361
57435
20034
66632
49946
19561
60768
16012
55105
98858
11715
38450
28443
20357
61417
97433
42164
10004
88096
16704
64119
25658
40968
55475
47912
1876
48678
93457
31729
92426
68965
77051
32405
70521
57909
35440
21290
88729
69656
8533
74877
14415
22590
83861
74997
18173
71262
30964
58582
58312
56843
19432
97983
65223
71885
43922
8099
10571
25302
5101
41851
8201
35990
61325
48609
28646
34953
13172
72241
13584
91079
30110
47651
82698
84121
82848
50728
73858
39200
55363
73293
59341
52420
26139
71407
50072
66503
76494
82322
46294
84983
71797
85682
15253
495
13885
35788
41975
56457
10525
32094
90380
39160
2173
28377
32142
64867
33716
91575
85647
98587
87436
47199
63939
72573
2850
37993
49448
39913
80511
47420
1437
57956
91638
20320
674
29803
43772
83921
44637
96126
86788
76311
24365
97363
36578
80942
41731
5218
32588
27654
64315
43350
44097
50003
10861
38984
31821
41234
23447
32023
23369
35128
48619
94920
10552
6903
8762
27353
72961
69109
1751
54088
24477
30573
90721
59913
36067
88977
77514
79992
21314
11781
66558
65042
44210
38606
76747
80352
16240
94324
37944
85726
41308
48006
59826
11934
58179
47081
7718
70554
3075
33144
18911
849
47753
98889
51837
8918
89426
52744
60520
74975
92439
87437
61565
98852
92502
82666
29929
69790
36087
63283
39625
47590
29908
45924
54274
95420
87146
57733
63067
21783
40571
67632
86554
76142
24667
60630
45387
90774
52942
42653
42778
69879
10616
34262
30079
63156
65945
70873
8105
13400
83755
8761
85974
31055
96249
30379
74092
35777
80977
33385
69769
6606
88942
60148
62235
33163
59917
47182
55404
97157
97355
76259
53813
46931
10898
19695
82408
23348
82109
98817
64948
24749
92913
46892
20994
60978
87674
2711
19571
83535
77006
72520
77258
13989
27388
37863
63276
78345
50534
90562
24129
82213
81906
2589
44031
73656
2213
65061
43683
95650
94358
47823
52576
73505
12245
12618
56702
19149
52913
73469
81653
62305
44410
62014
35197
36256
2797
91897
73464
87949
89131
33899
91024
90296
83462
58929
46758
64032
58957
68150
75292
54213
20558
62734
22901
32915
37050
74680
58279
17801
66820
57542
44580
2030
85727
48576
18229
51390
62790
86108
28765
66100
52080
78566
1684
79364
36148
79659
66954
42986
69533
21724
4933
1259
77237
78801
44724
89799
56177
11929
58699
55288
17122
27568
39558
1787
54369
22169
29526
36595
14
70252
57755
72909
44062
47717
88310
520
44952
943
62456
28621
8852
1051
32778
95773
75630
56643
97768
57374
86469
44750
32948
807
33763
92641
57528
38509
80199
64963
72004
72796
259
29326
97303
80437
38814
89987
28167
43327
79492
92153
47977
51593
18641
19532
29280
53055
78238
75816
2958
96389
97510
31867
69245
66708
74821
78668
81563
56220
1065
78250
7282
23891
41889
98773
69886
27386
87363
94246
50059
77065
86846
72033
553
268
79475
14318
48532
69737
5149
26463
42748
17627
70645
71195
27126
82704
63102
15532
91090
39594
905
48615
79435
11410
21514
23440
61755
21204
49976
58802
29717
42425
24140
27950
72646
98417
212
74992
42926
42428
50238
30258
28079
74792
10326
58770
81357
82423
30484
92049
43429
25323
38656
48452
73968
81300
80813
42572
87407
15669
3630
77492
21659
27187
24885
84077
30053
12797
92912
15834
81436
34985
50785
77302
18854
18146
83696
84261
1549
91285
19863
62201
9093
31206
73804
41361
52347
38878
69205
4177
82011
30059
19158
74484
50385
68512
33081
47564
6439
20
77323
41111
62993
78302
81001
38972
7641
57554
94146
75890
32416
45784
44673
45587
68151
23951
91722
78173
92368
95565
98645
25838
19548
89670
93204
19920
45094
27467
19630
63160
71707
76984
8963
76100
70449
8558
11988
13897
4778
53116
63549
52693
79826
11527
88335
2561
88415
42476
1600
81352
22384
83601
66666
25167
52687
7960
18254
19565
60887
31790
41328
58355
45275
38241
96997
60928
85087
80319
57692
92197
97686
91800
21431
5860
57478
41215
2378
14808
1999
4300
43464
63628
859
3780
12240
94326
38588
57568
44887
58491
52432
84274
37726
90019
81668
18110
89352
53675
50938
45545
44519
60199
70859
55554
60423
25913
35989
2238
49912
44365
43764
26727
29984
8831
26356
90572
98942
10734
62886
10222
62588
58960
10927
44319
89280
37327
46609
17387
93526
57628
47961
9788
98689
61333
51048
26545
64525
51877
3121
19007
40895
18199
515
47543
34332
18997
13030
43800
17396
96402
69803
84462
57856
19657
85311
48989
19934
60018
28018
25773
1068
12915
28536
51796
22126
11606
49062
23650
15249
27865
98643
94414
53013
66227
93444
81130
40456
37304
61893
4125
48543
58237
36842
1107
51192
29641
80630
48656
12217
82448
66510
72382
4250
25380
23988
76978
86161
94786
23770
66249
65741
44546
56894
36240
96293
40596
59265
25060
12597
37915
81127
89367
48266
37698
70726
14855
71154
47964
695
22296
9767
93041
20017
77780
85310
64914
90700
37393
36941
69230
17576
35906
65095
91688
24586
78554
36237
64624
24598
71203
69995
22546
69268
27754
23250
67724
12312
25950
89336
71363
56249
58299
70328
19080
39817
16500
52277
92275
22931
70627
66773
65576
41134
49618
18410
36784
33713
33924
57315
94884
52236
75561
95665
87358
70774
80222
93146
50066
75001
21645
13540
10696
36029
33279
41514
54543
3244
16987
46859
57839
2133
31185
9604
88953
40238
9798
51904
46525
1003
11023
40667
4625
53465
41270
19888
77805
98288
36338
70234
3808
35046
12700
47882
11046
4417
43801
8469
96537
13538
8914
20569
23591
93352
86770
3985
75094
70135
81105
69615
57973
72556
81579
78298
65930
98164
47391
27459
95936
71367
34027
80037
87608
47051
87427
78084
94591
57917
39032
18950
63431
49108
58517
19120
51999
96676
28579
97166
28210
3904
58685
80089
35277
63078
33986
30276
65196
81142
43110
97795
63811
43738
2396
14314
68285
13981
69232
48569
9856
53449
79326
7998
1779
25782
24468
22711
92659
95992
87260
29712
85809
4798
13049
17644
84264
28596
90905
83986
64473
84421
78623
55599
21849
1095
31365
74344
3770
41243
33595
14176
91786
1066
70637
21947
59952
4713
42820
67228
45332
71490
39391
85417
86799
67708
64688
9456
1424
45359
83433
11314
92050
53657
25971
73255
55710
7450
17589
24813
83246
66550
81491
72676
59093
22747
26143
73912
72693
7821
58816
29873
5448
44905
74441
31115
43473
35420
21402
85855
83714
55845
77762
4956
27306
14032
67960
94717
7757
20989
10280
53608
89917
57010
98406
90440
30867
36113
8405
21629
20032
46154
37531
23204
76859
66742
53913
24523
28549
47076
4309
96193
8901
28035
54668
74359
25187
6885
93372
97549
22986
75740
71306
30043
51441
98707
92974
53158
79960
31533
29416
94060
40316
42840
25638
84118
4859
83743
31520
72921
41141
36794
62372
96691
48269
32055
70889
86691
63151
44610
64446
70436
4834
93985
47377
76948
26911
32551
93535
13933
51598
76941
26511
15181
25908
70392
26966
91865
25211
33276
60419
59118
80372
4285
91790
69606
95828
78171
79746
55358
41743
65405
85776
64243
61696
19374
56421
24658
16714
36777
50816
86414
64777
48271
565
33369
4438
70487
14889
20441
11044
25024
6333
92303
10384
64869
23505
89968
80420
33545
83293
57180
95935
57104
75775
50525
92444
65208
11807
16620
33117
66791
59470
83581
8803
40504
20220
98359
67994
39866
3408
12465
73545
50513
78797
44566
23967
48196
14111
29242
64413
13998
636
36431
34133
77060
93022
74106
41780
65250
74387
85532
4102
57743
40664
47780
54155
83212
55766
10169
27109
66225
19648
55342
91117
79441
64543
24298
87254
93952
58722
6723
457
14440
7132
16156
74889
56279
51477
89057
23762
21130
73451
56491
40002
58083
77611
30321
30847
20802
81474
84485
94998
26019
49383
63747
40452
92978
65361
44176
78041
33400
91944
11081
84163
76381
42829
97780
62822
88540
2427
15621
24684
96974
40359
18479
22028
82315
10279
33186
62667
54439
28272
93799
77741
47277
92235
21692
86935
24093
78569
89640
41964
83615
32392
44583
64601
23017
69815
28385
42857
89287
92024
15595
46904
80189
45358
69781
51012
65532
53934
73493
96740
43125
79101
72289
1710
49660
6104
64485
72959
84767
53232
45711
4966
1353
72744
57703
37043
64765
41827
46339
26412
92623
6299
44052
85518
2349
28589
74979
40068
66679
20940
87402
79787
52395
57006
20271
17340
4706
47034
88805
93528
76255
22542
29302
47330
48601
84586
17681
99122
58102
56621
93257
6258
44988
34319
40447
2756
27704
54968
65471
89871
7523
13435
52037
46237
31122
32186
89869
73123
20794
91931
23108
12802
89609
15003
15101
50076
71008
36010
36432
31106
36068
16722
65962
40289
16771
45400
30745
26265
55914
14991
39990
72969
91457
50599
17575
88637
4700
45616
60294
60990
36628
85159
76274
47976
46986
26217
79123
11297
36617
79854
82980
52104
63725
40063
41921
31827
88756
75058
86339
57846
94597
63643
58033
24785
90732
85613
15856
42579
66185
94174
2394
15627
97359
13362
9636
64423
40707
57795
61426
48227
11595
30022
34720
33856
31310
80254
21725
95914
79857
30433
38314
35614
74839
39927
66846
7486
75271
37140
15209
49698
78289
50366
20934
30151
49477
62531
77350
91464
60244
75538
11799
55754
87474
44577
67962
51846
98796
11528
85157
18622
36544
542
85517
85300
36613
57098
66886
91017
36165
34362
330
93547
7239
32612
95977
90102
31653
16579
96694
41966
58129
835
22716
7349
33903
98074
42855
23240
53049
44261
48765
2099
55451
89143
26606
49677
29442
79126
69018
70198
33706
18231
18438
30452
59573
48965
37835
29864
7704
80183
29035
9644
54754
31453
33870
69566
70027
2848
17845
89424
42457
76084
35887
36287
49749
98908
22174
3719
27416
57520
94308
72548
42528
45208
42673
14994
62663
26018
6138
95994
72989
63965
10710
81822
66047
65109
24395
19058
42623
44476
50791
94723
54073
84112
15206
42382
50760
29369
18799
72432
22882
91475
4323
3971
81799
19203
40505
20525
89279
51694
66373
25295
49098
46563
11381
21941
28667
65518
54267
2108
79651
34820
43187
27878
91720
22288
75895
75120
65627
46356
1593
72385
70490
14992
6097
66223
3039
5881
75446
87200
71404
30878
6503
55074
63241
10355
33502
56000
48100
4531
71329
7454
9554
18636
57565
39410
37419
7257
60186
64086
74380
36541
53550
22514
10664
38793
10504
72053
94930
77974
71026
35410
21076
15939
16180
4624
5445
65370
65467
59461
53347
55259
98922
72905
33054
56620
86081
66342
23773
79500
25000
46058
7725
70330
86099
45531
51081
60900
30609
45835
12625
74510
30700
38074
45914
84807
89315
75404
20504
14868
62813
84126
17587
68920
24305
10651
90964
6410
44602
8199
70936
41904
26686
55975
14181
61584
38060
18935
44926
60618
22933
64671
17098
61529
52282
42814
38403
63054
64589
60537
31376
9363
15032
10061
57968
63893
40828
37917
83724
10943
77786
47089
89809
8674
78912
82484
64949
774
11465
134
55417
50037
97012
91880
86675
64427
87288
25619
30197
58099
78594
20075
28063
38710
80536
87669
9525
37959
27237
45781
53505
80557
83838
2791
57943
88927
69276
23041
9996
72891
82377
82013
76673
16339
85296
45432
24579
73116
3853
28149
90355
38663
41369
24183
76272
28206
42408
13681
11241
79900
4488
30662
39013
86653
84312
73877
2196
38981
25252
94670
73956
95875
3762
57889
18266
23024
54739
54615
81330
62816
40227
61741
40757
46082
34813
25234
56265
94368
95321
68627
9879
25792
50780
76693
19428
43562
34833
7074
34960
63279
57619
82863
17477
13953
76647
84117
66734
53440
73492
31702
24666
80574
59938
805
97407
25667
70149
49333
31029
72476
87689
66625
98844
57872
35890
16104
55692
87713
89718
93447
39765
18682
39020
4291
24715
65398
52016
64074
60499
75812
19032
49834
29007
73796
4767
13039
83514
86809
33182
47045
92953
96893
51445
31839
66829
1934
12200
75568
73422
42933
30076
17233
11115
80682
75074
47094
70573
66128
46106
82184
70295
31601
84834
37758
58777
54894
71234
20406
48764
31495
82711
83394
87623
63830
96011
36023
97756
66812
48653
18510
71458
42478
15270
55243
73741
65289
72380
84560
99066
6118
20404
18526
53538
4330
81331
82960
84096
5539
91810
85699
80917
34158
88542
25456
50618
62759
41250
44875
79668
7138
61625
34245
4573
81916
22871
65240
37757
22953
83987
72867
78688
58955
41616
56352
20732
98524
11162
34194
80441
51266
46184
74357
60888
13700
61176
72335
49663
38377
41245
9272
26897
65650
26080
27179
13230
90841
91733
31324
54667
68219
57838
49192
17458
44709
57954
5361
66703
21411
63258
51341
52806
8395
82350
20243
68693
21726
78021
83911
10458
84415
69247
17911
92483
32246
51937
14601
75616
14581
4989
67235
17478
26179
97088
19791
53591
26312
97062
47255
15017
95776
64265
75022
8925
28828
84594
29859
31282
17813
6216
3317
13303
67935
37354
10053
13851
18034
94435
32449
55640
42395
67299
53123
11169
76290
37973
9829
22715
31101
55737
14515
72103
60129
48699
31905
75614
3045
58305
71799
52441
13909
90402
14462
67174
60891
49290
32210
14457
80283
40561
94416
34059
56002
48914
69860
62661
88408
44217
59455
59891
94354
64792
4275
16651
48225
1
37665
13486
66229
10958
74329
8489
73817
18344
91126
71699
14016
77112
59432
77941
86732
81210
39862
16642
50883
13560
63302
33869
48414
58342
74420
59242
19227
13005
94693
45674
81031
1199
78100
14419
72900
85556
115
52964
44683
3134
44437
16528
71290
91360
45190
91864
31810
18629
58966
60864
85112
73962
88353
76435
93922
91574
65782
70352
63548
62408
29904
28961
72953
39475
10144
48360
98285
2783
469
292
39790
56297
80639
12285
68048
35066
13236
28375
41224
26401
2039
54162
19784
66005
76729
15109
12764
60970
60692
23666
25220
25214
34539
97150
97829
73538
7288
14306
56206
87568
20832
29793
65058
29727
51655
23851
17595
17070
70117
15325
50789
90845
44854
32309
98365
6287
5818
44150
91138
82424
34704
45644
54890
94844
63860
58513
61452
72846
83653
58369
90465
12660
77322
34811
25359
32675
82323
69130
62740
85037
15542
64006
16401
74722
36215
18375
38989
71555
89108
62678
57661
27439
21394
32325
858
89983
10184
67998
16521
86537
50778
60460
30701
35862
71735
28696
19231
56962
95127
53524
17347
26982
18535
96265
53269
66177
53537
23929
40424
13150
18039
67827
34153
49171
35488
38795
1678
2500
96097
84353
48906
50695
18806
9040
118
49703
19894
26492
2518
91748
57534
22491
53788
58140
26222
92344
14768
76462
54255
87069
50446
81325
15843
89022
57999
98487
20105
73487
16381
83340
42411
9346
84573
13411
81189
8787
83574
3566
22560
95160
90230
12881
32443
33644
37554
56359
60387
9345
42761
93157
93468
52614
34073
8973
59275
44881
36168
2507
58257
54966
22118
49928
18511
15971
54974
23314
1846
52546
74557
20226
41962
24446
17140
54483
13712
41408
37263
22313
30548
73892
40964
39339
22059
95788
93660
27027
1884
75723
77711
26999
54524
89902
13623
37503
71315
9450
42158
37728
32262
48489
67841
67891
28095
93762
83056
69282
27980
85566
32316
19649
14571
23138
21128
50693
15291
58922
61853
96102
95435
47331
11784
53680
17256
24565
40177
62789
38279
92847
73903
38200
90003
69329
66832
84875
35363
11761
69567
94407
95224
6540
14640
54100
70884
30395
33536
58579
90870
79941
22007
95327
19584
78118
62166
3110
33742
6135
41288
38808
36802
72533
41026
31671
17873
72708
27080
31277
78745
36138
34424
91095
27709
505
54587
61464
36497
32120
84783
97212
34835
45635
94217
66958
63553
14461
77559
42766
78541
44776
20593
57848
78405
19404
28815
53298
3463
74064
36367
24592
28478
66571
88445
50405
65179
20728
8539
68527
24804
72204
35745
49581
10530
11760
8069
52236
47353
50235
38275
44073
13811
5262
41736
74049
8308
54867
82620
43871
3854
64006
24978
72008
1189
18271
65838
71374
86435
79687
71834
44419
59569
