46894
7394
63316
69359
40882
55238
35837
60740
2444
5511
64982
21203
14103
9709
18026
26086
17497
58022
20899
72191
47993
68295
4140
4412
66146
29728
12537
52584
214
65777
32633
40376
74074
51328
71420
46664
4111
31826
56548
36770
59327
20542
74454
62980
76602
70208
73495
23624
55342
57231
23203
6516
22316
3318
8082
11630
57802
74211
80878
23970
80872
18739
57401
74156
36875
45144
51028
34907
11807
72335
82560
54383
10540
45983
64887
42500
27931
60115
24803
42395
78649
38328
14541
24398
33928
30618
1879
41638
1213
6540
29371
21336
66287
213
39851
44671
61680
52031
51925
56774
23448
37273
71196
22735
55130
60109
73271
53200
32632
52891
3468
60383
35582
9037
36877
47674
14146
45016
61785
24605
27217
43709
26752
36220
78433
78731
21856
33908
3080
23743
80015
59458
10582
18461
78701
6930
29008
64248
12429
42853
5759
76938
72444
52792
55008
15342
75441
70258
27668
8557
1200
19550
68426
49084
69408
72622
53117
57446
23277
896
63557
73466
23978
57226
8563
66626
8180
73280
13151
21879
25949
53372
66047
41579
57644
53337
1268
64230
71979
80020
75938
80913
3227
30158
43763
13004
9518
48214
5792
4830
47726
11426
36591
10836
62257
25495
689
34364
77147
30883
27176
9458
5311
44226
32768
19752
68558
58374
7762
59724
15631
55381
24267
19276
173
82763
11391
83578
31567
55241
73986
68592
29606
67490
37933
40827
77145
74322
59295
27003
43900
16216
34955
8792
62664
23444
71662
7377
40379
29113
14035
26678
14741
18899
53984
28982
63173
58845
49794
68514
26424
70137
19736
39702
12362
79248
44276
69658
1925
56301
82760
34759
60327
59676
57693
57061
18004
13480
57688
80742
73540
10347
61157
47419
17989
32582
67443
52919
20336
18680
2603
51780
73467
39042
65562
45703
47473
29324
27646
14728
50315
19884
72760
45973
39725
14558
64465
35972
1655
17622
35662
28546
33087
33590
47610
5040
58001
10095
64119
16640
53306
58529
35061
69641
26898
31556
33920
5113
7955
55070
68866
34162
73937
49961
15995
13246
18187
39362
24039
28703
66220
35461
27226
79559
17781
45378
23403
5780
9704
37076
49607
53021
12781
57174
71517
77983
81942
6466
31251
76227
33527
15889
42981
62855
64300
63294
62021
67089
38282
67781
7620
26707
7088
39012
55525
3857
9203
53720
60467
79128
11378
50167
45736
27995
72097
64779
51935
83635
47415
20428
13208
7699
23609
81040
22541
2898
39801
24033
6446
17039
11111
35426
41065
26414
32997
61250
33485
26320
19075
59015
36838
15637
15278
29074
40466
55658
81981
3635
14538
34515
10020
64771
78241
75270
13792
20799
39496
63768
70361
42655
61075
35663
48698
6877
79509
69003
25783
74080
77945
11669
11682
66223
23777
47585
35023
34788
12701
47153
8138
26751
81902
64053
10790
41243
2171
57399
8800
79357
51936
50319
32501
6023
74712
74667
81067
76709
50169
14421
20890
43817
66740
27918
46589
76948
70885
36086
51449
5302
3576
74374
10113
23859
23467
34497
37043
3884
2434
56517
75990
76136
24385
3282
69236
29469
76663
579
74941
77193
72514
57132
50080
30021
74007
28229
42954
83148
49579
12586
60604
22715
72151
59951
21684
77852
18197
61503
14059
58121
39583
38200
57898
28119
16130
19812
74299
5137
6715
50598
53950
1992
62779
34489
25017
47951
20232
40837
11822
44386
80255
21192
37087
77697
28453
19510
75937
32673
43256
12247
64894
54826
27978
70832
45497
65866
44457
45008
75214
24996
68889
45644
59944
61424
19988
10425
44609
58259
70904
61105
67021
10392
34087
20273
50849
32003
12120
39707
11926
59822
36799
38917
14044
36006
67281
68940
72099
83401
72617
6591
40309
34477
65192
41100
22056
13288
1227
14008
78006
79121
83331
45724
18210
26007
52002
71354
67979
60036
32244
49017
10733
5826
18230
66796
23060
57502
57376
44460
69787
25417
48012
24717
54370
76403
11869
46283
77188
81947
22178
14513
23958
4319
49465
24544
65319
37663
64492
41708
47255
9657
76159
73007
26614
48226
30886
53699
66676
44289
27672
62291
64551
52932
19943
17977
361
72204
80052
28577
51640
81066
68178
28695
1408
31204
39458
10016
32613
1577
48271
11315
3014
59125
68053
19987
56299
53527
76899
71741
52448
75403
60193
56756
7675
12459
48016
69032
26258
56974
4554
22848
40942
34169
10044
25216
53985
73585
6145
77855
47671
1257
30687
57600
36124
33010
83294
39784
67971
60916
41044
69413
62635
58112
28554
18474
62243
37435
82844
29403
47844
53170
8486
78703
33000
7253
22567
53112
15524
26345
44300
73026
71247
67894
22878
45827
75095
59933
80054
46499
70943
5417
31954
79638
65120
47311
35793
20216
9836
58350
65654
50759
80076
2633
29436
77730
81750
51350
14072
16267
65690
10055
19803
21617
64920
35594
60398
67371
55149
56972
10460
14133
36140
43138
46738
561
50760
38517
45935
7433
73228
52933
24053
37580
9041
60300
10808
25126
20063
6425
77023
79080
41977
1852
80280
53723
47987
9605
28049
62024
21993
41875
14191
69010
59791
15374
20312
44098
39535
69148
36013
50656
69583
18731
74078
10384
70925
24868
15652
38656
3312
28705
68984
66636
4654
6869
77961
36329
29349
22893
12833
31028
13192
41460
32781
59165
64052
23087
19677
54117
3372
28514
7801
75874
27725
61926
65849
1460
25681
1396
41086
17534
69795
51988
12390
48452
9101
30457
8666
47900
38840
48213
31985
76847
6551
34542
73450
62042
76580
69055
27144
51016
47534
68848
37872
82491
28203
34739
43935
70601
44158
3694
57514
70945
56401
81438
66822
78270
17567
1361
16033
30088
12186
66511
16986
15093
44375
67434
31236
63350
36993
80519
54927
57471
17342
29521
40225
74415
64415
13289
37823
37322
72730
51319
58871
47829
3867
75006
66126
73143
30953
79693
72476
27928
78286
55495
20534
42208
44779
13097
22165
26575
11846
43449
3786
54944
60981
14850
69892
60453
10921
22633
70531
65875
80517
65887
58398
33802
65748
3303
41993
68235
28680
47672
76932
6240
40274
24055
53238
16263
61820
66321
3085
32963
34117
75876
3267
81227
3448
26204
7766
2458
54111
61696
42130
28778
29698
60598
39888
17147
49505
34989
19760
1250
13941
44839
74986
49212
35154
50293
58681
57083
39866
103
16129
58383
41145
68357
83064
60443
31863
69423
48423
22908
46729
6531
80485
71390
38340
57593
58818
3665
56501
76896
76046
30471
74354
83273
19513
35063
12574
41370
42790
19101
16086
64644
15360
6646
19589
56905
76301
46815
26665
5588
21922
51268
47342
56906
25588
3219
47618
53689
39375
44265
80702
40157
15832
24888
497
15242
16982
81791
37343
1349
7693
45580
13957
39091
41057
53930
15310
67170
5637
73350
46801
62884
22259
11596
52016
35772
40902
47927
51785
64852
28676
81744
29617
8198
76482
27940
70128
41661
9675
22862
9358
13350
20836
55485
58044
41570
48189
66033
32165
46692
48502
62228
58682
73204
43366
59637
70297
48718
76523
17566
34546
73520
71815
38250
48456
51978
62392
55841
82470
26485
15247
28605
25171
36143
67897
42643
31293
16089
67192
58012
82685
54559
30276
60536
12127
41952
66710
14297
7497
58233
11958
31500
56506
5681
58280
1528
30494
50490
8825
1544
83624
68643
13178
57743
74009
79083
58221
40572
40946
27868
27479
62680
35548
34769
69616
28991
7529
33349
16768
30547
13333
28250
75197
62830
77081
42457
10153
54218
37236
66144
29615
33487
51533
65993
23316
44656
44823
47066
67232
71988
81699
36755
22061
37052
51435
37885
59130
9946
70519
23980
61234
21780
28343
21659
28321
45697
37173
31133
18266
32568
22530
10194
53610
67405
21001
47144
80686
58914
50046
52456
73085
2854
62471
47257
9882
56569
10251
27588
74904
49971
3805
37917
8496
78049
36468
63608
60154
34644
27497
73446
51827
18999
14519
11811
32764
74945
18876
31716
78091
37510
45897
13075
58430
69223
7743
35491
25875
73354
77334
74543
35926
48535
41228
18321
42894
9116
5911
39371
58296
8655
64234
29080
15746
27809
26255
32588
50214
32247
42436
62306
52236
48115
76339
80531
50949
76421
75527
8408
66282
6712
15740
76063
6419
6515
36868
20838
5178
82156
34499
29712
17190
27525
26005
44143
5430
60348
76882
45055
46360
41009
4968
69525
28565
51564
65315
33524
71084
6196
12782
27607
4029
38503
19673
69919
67430
41449
51681
63382
37203
12341
5451
3600
68626
60745
26040
51917
77391
18033
30622
65619
64912
54830
60976
1438
79909
65108
39329
1365
5665
54544
39334
33366
8533
82964
82662
43164
17238
11768
46174
24977
17376
50465
71381
29268
67361
53342
78061
65055
75300
49227
42388
8932
29912
54707
74655
7954
44225
57391
45168
70089
16160
65885
74666
66531
75805
11004
53315
80163
25644
47145
72728
50125
70767
39524
20708
44619
10041
70899
68714
19188
35852
8070
21238
45431
15710
67689
61315
50267
48881
52724
82793
8083
51866
11195
5026
58198
74797
17945
17096
61174
37375
41317
57428
6129
63650
15190
19153
187
57325
54661
69541
15591
65430
3823
51098
69338
20747
60875
54166
76473
8087
33734
23431
15696
57711
49273
75702
31566
45312
50917
43926
39210
32158
63556
75717
30264
27636
81209
20521
26256
8202
73858
23349
66825
54908
76414
14473
81515
71768
18111
30172
67609
56528
83069
16571
13019
37211
20108
13985
11292
16264
35184
66799
23933
30352
61547
80244
5047
4551
49270
26324
22538
472
75278
9027
60552
15116
75337
18730
36646
72824
46280
49790
29593
17038
28165
59258
18735
22030
73743
22393
14695
67486
34775
38117
4720
44509
2513
52735
60063
1402
40802
20220
30351
55937
50599
21420
47853
32233
40781
43009
24895
12932
66262
34459
55646
35188
53766
9178
46733
15114
54083
5252
40924
28664
54996
22507
42062
37683
25789
3677
2591
8215
33386
3133
11866
46390
83086
12340
13311
16867
10548
69901
49945
24988
41338
78164
64380
81734
66043
5170
24555
30536
59964
60044
58416
77646
69509
17398
26996
27356
7669
48087
8649
33714
53729
64521
68330
18359
10222
11218
36460
31710
4148
35526
66748
49151
39241
12972
45816
63774
25284
22400
3449
833
17791
3129
80894
59771
5140
40364
30300
55908
57093
77360
78153
33877
6376
866
28620
69304
75617
62261
74680
61711
52575
42970
49503
18185
3398
44593
9074
9121
410
66311
28752
30355
2047
39948
55274
32460
27794
58351
63653
36320
19479
15639
24147
20993
72626
6286
32666
65731
50282
70734
53396
7026
70179
46602
38654
58199
15570
25316
51939
34131
8834
75918
44418
10399
71813
65442
35276
19292
67329
50758
57103
21730
13809
4096
20490
57357
11412
46550
36678
1055
3311
58149
69872
50376
42570
63972
2705
81540
70546
5530
67362
58959
38845
12959
52612
65299
45571
10957
7231
23378
46389
23678
37448
29065
80746
14766
79255
3875
46164
46346
7723
50640
40351
43260
65381
81495
37824
27164
34897
8920
71510
16190
14110
72662
62880
2356
10556
33088
56068
34377
19672
9298
30477
34474
59262
75313
7024
70342
15882
70895
63333
14070
37692
70421
26455
65148
52506
4726
70345
38697
75924
43745
70910
37613
70733
795
67337
20496
5100
27489
67587
16279
3876
10088
64578
79503
48747
28480
26206
40390
68967
26878
9740
20785
3059
48029
44345
18165
16229
53107
2647
48843
49080
59874
54682
40106
12755
67780
54420
56364
8903
18501
21897
54414
7920
36785
76702
56080
36483
39776
3011
54633
46425
77718
50124
64893
41760
36057
69282
30709
66219
6725
53217
48380
41288
31477
51353
58952
16862
831
48090
38686
62808
29424
58059
14300
33205
65376
40578
21795
14180
55367
3756
49335
2594
3793
10433
51941
71076
258
18101
62410
37371
17853
35308
72253
36256
16052
40224
70289
15083
19526
45254
68033
81219
44093
20884
37342
70612
11296
7648
63038
18975
78540
46790
54018
78522
62666
6083
31721
57307
46485
82699
43736
46879
30832
3378
10896
13515
11612
80171
76598
63380
80338
44984
71871
30244
31081
30668
49396
21088
32691
25491
77470
532
34669
32091
73935
17935
28872
22730
25579
38349
56171
83654
25498
23721
73638
12371
60984
23474
25602
31725
55072
48801
73242
5322
25796
66480
49804
52976
78960
69621
19375
75997
65639
27082
42079
23680
7535
58003
71736
25456
45961
11102
41889
30041
33976
971
73292
69888
10305
57761
75916
4598
60487
69507
43703
26065
19907
25634
1720
10839
51400
39326
17749
15911
37916
80988
72948
21980
6957
24836
9083
53931
20883
13868
12167
33124
3123
16287
18358
71814
25052
37623
62439
45450
46895
49699
69731
48277
17510
45424
3657
41966
68850
21241
16949
34629
32708
21947
32818
48641
27103
34526
15026
29233
79884
63221
5991
55203
67245
10174
36674
74711
5978
24531
9969
49019
17231
33482
51331
71918
27543
12347
24216
47976
36178
1113
70912
61961
18005
45096
263
52615
38093
22999
10284
23218
59641
59449
72152
43142
7970
50211
57134
5749
35406
55110
46850
18442
72035
77068
8739
1980
74319
29999
18805
29423
63375
36017
42672
56701
24963
22851
42950
76836
12233
47732
29971
3527
55352
52592
29206
63719
83216
65621
15849
13516
8785
35204
56489
22105
20308
28780
23063
10078
68640
71573
69311
80115
81885
30283
12104
39674
27700
32705
65062
55835
35156
71645
69376
14969
15542
72358
40486
61336
59434
57163
37815
6779
78320
31149
50146
74126
21582
74469
61747
6181
30202
40903
10483
71149
35044
61098
51604
41422
65895
27835
40937
12975
39084
43993
12169
43048
79282
47711
55305
32677
69114
78623
40367
63393
71308
20904
83041
52117
83514
47309
22544
34063
67519
80183
51529
35814
28636
82107
44911
34523
24163
70151
58263
66616
8611
26015
51734
10112
26397
40899
42796
68510
455
82592
65611
22721
44419
3393
44190
56714
19307
64474
4625
8085
50816
34293
54347
13410
20182
66548
16238
43637
12995
2376
1738
70275
79458
78177
25308
53362
18085
22519
45717
73016
3261
2909
67879
36744
22649
58518
52120
21530
63836
26118
33565
72010
52025
4189
72330
64847
12559
3697
11566
61349
19827
66106
41000
53721
37702
62834
74545
45269
13046
51634
78785
22647
44577
77371
68139
23389
66693
69160
35826
8426
59356
60667
37884
18114
17511
37581
43335
22166
34442
35300
2213
9736
25025
58555
45934
47669
25111
4993
34311
68186
39004
9042
32958
29214
76253
43034
4917
35179
24945
39193
52570
71170
12152
3051
15182
28925
29356
70961
25921
11631
16707
76180
3869
50317
968
13270
45417
24525
4351
3279
9125
15522
7191
47907
44427
41916
6889
20632
51365
77390
65779
62661
58895
36444
65238
36780
23938
70719
36745
75666
37283
72544
33979
9396
78925
32474
50506
28541
16405
56804
15627
11323
49558
71430
46571
70408
74497
68079
33611
35901
72259
14579
49978
48469
11106
17754
61416
25198
31907
49285
33320
17461
29911
68447
32826
76149
48428
79947
14818
67832
69044
8010
22368
11211
72570
55993
79535
67598
80856
56552
66750
69878
19442
54309
41
46517
44646
46944
37002
41067
67303
63401
10230
31215
14109
36552
77474
19326
56634
28964
28954
20385
12882
79355
470
64872
27574
12494
83287
6439
46333
51292
81434
27471
45341
15520
30387
27054
50648
33062
60755
32580
5298
80730
31598
65826
30653
53355
18330
80216
30759
63220
78883
45397
42808
54926
29151
64325
4434
34517
65981
48349
2958
59614
45331
9256
35661
56980
18705
17419
32367
19820
49510
70190
77597
65204
73399
49407
47075
6710
10322
53245
39321
42129
57102
27231
66394
52487
62723
82779
17823
11808
53354
67801
83323
6311
82582
27935
54016
53048
3534
66021
64877
23440
75289
31607
15418
43208
62481
20079
45868
15761
80682
16845
40340
63815
32837
74229
23884
39237
51463
11806
46042
2267
8679
53442
26106
18382
47059
81637
54258
7803
32823
22858
27878
78293
37457
26438
22323
63639
18969
56813
4073
82063
21328
82584
13257
81745
69704
11328
26059
26496
31396
15927
23285
1818
8206
17633
7303
30942
15729
61038
5675
22898
49149
61916
26257
22355
59987
49869
45583
66517
44904
43567
33294
33600
81269
40389
4925
1941
52474
26317
18849
15044
64823
21363
40352
12962
48143
74380
66726
21438
9107
64647
51146
16122
55412
39051
73423
7769
18649
28975
29776
1337
71944
46546
9377
22818
34043
62874
930
41525
42298
6588
45543
3396
11427
79602
63330
60325
5728
52363
34155
82288
40761
59887
49711
39780
49206
32504
43566
41442
17994
31257
32250
31665
51527
22575
18892
52303
21518
23351
48724
1947
28839
78217
39100
24377
24882
32862
34707
35736
58014
26777
49330
16337
10976
13914
32274
48814
56185
39222
52722
76755
35984
7230
31504
75612
2396
69861
69105
27182
19630
59160
78004
47321
21282
40870
376
58167
36259
13374
18427
63627
65041
30613
42215
27611
16218
37924
7983
5559
1526
6158
8155
63312
27982
8278
42762
11428
53446
5364
39220
60542
31917
12623
53084
4014
56083
53444
70689
43882
44203
25736
44999
58556
50370
32227
51814
20829
69192
59693
59575
62233
74507
44632
29811
11977
25323
19038
34386
46193
21978
12312
73623
47097
33469
40042
15438
25455
60996
53074
27472
73617
31843
19590
49433
50421
1566
54855
73860
18759
73320
10703
33242
2092
31014
63762
113
39562
16252
24302
19234
56615
52372
37671
21329
54240
74895
8973
58583
13753
12814
31187
50740
64093
68675
66677
62140
16182
37639
76306
43892
9386
5910
12199
69460
70006
25040
15225
63169
79319
41147
31925
30408
75235
18161
67813
33742
68043
28699
12510
60938
47649
27261
17448
48471
43136
65439
40829
4391
70319
55649
32875
16802
37456
79773
68341
54037
67581
1689
41006
16962
40519
61225
19227
73874
28470
55492
75627
15526
40069
10196
37892
61738
28538
68271
73539
6255
56636
47426
73078
75611
42033
8297
25717
81461
22051
19778
55027
21526
34346
59650
13440
23629
52199
15295
76160
24618
41812
50232
27293
37864
56400
53044
34498
68627
54967
2329
8841
25870
83188
20043
2819
18109
74564
11346
71319
1417
47298
8521
56710
28665
36092
17772
2660
78969
24553
30150
19318
72462
27105
686
76817
55946
903
48925
70320
21082
10122
22152
1820
82675
58333
18903
70862
4229
716
49291
66979
70503
77245
9450
46970
14060
36859
63131
75832
3964
52514
81247
59896
33765
12264
52988
68361
13879
48054
14325
45963
11583
25970
74780
66882
2123
3122
102
8303
35230
17407
40675
43241
64640
24124
35530
32136
23309
78076
2860
61209
17267
44292
74384
8975
17751
73819
54320
9351
32702
48119
37765
80796
24353
26042
66315
50020
60234
66432
74994
16335
9236
2952
75662
63458
11931
24072
30488
19830
56085
57641
76784
24165
68620
1999
78660
80620
42112
28646
58589
41088
24672
13817
22431
70156
9061
972
30729
32780
11258
16134
16076
27286
80781
82621
57765
53684
33562
68737
20346
28888
36291
74438
56551
23161
43546
59918
43958
72621
54625
5724
50715
1499
40294
53585
49077
9942
20509
25616
62075
77130
43496
68070
41177
48963
77868
57287
65117
18249
15038
54803
42525
78759
53801
24162
67197
17943
54503
67810
23463
7016
26377
75834
16573
12255
69725
22689
54793
39380
37035
2536
76728
70014
16791
68671
77440
79846
77018
51557
41152
17560
10799
55453
911
52182
61997
38879
23152
31852
73444
75183
78432
2064
62112
34144
54991
14138
32878
8403
52798
43856
66488
53237
56966
52515
37789
13287
61487
1856
45259
18643
74525
59005
31145
60659
73970
21845
21568
67850
80003
19841
9626
73804
71825
14247
70539
20466
66134
51661
23706
12042
11485
83641
63612
61442
7795
15022
8699
40831
57145
63894
53099
33145
18498
63636
38988
56476
57081
14970
20114
52674
2005
74621
81600
33821
41139
51342
12480
9987
36978
48924
21710
20557
63190
53803
52845
54687
39972
60923
68755
72184
17165
25896
83198
4161
3288
10461
67422
69079
83391
8767
83158
73989
53410
46275
51710
22490
56832
80
63112
58132
30423
59075
17614
24197
29153
61432
2158
71137
6960
17646
20213
49644
26491
12905
15666
14431
75830
81134
35902
8506
82101
9005
44657
13667
61607
66112
1977
55620
31438
5696
46515
20143
80223
1425
70756
12401
9132
19729
21726
59747
47695
17848
77317
66778
25623
42785
60091
43421
54918
17587
46123
68340
38057
30467
57444
35525
74908
11983
23723
55557
35914
66309
79576
36669
1372
67580
7863
13522
30227
36655
8581
11490
25257
46011
51368
74305
46965
4326
20051
76724
62673
54881
10583
36848
39071
11468
72300
44313
23222
63003
41479
68596
62516
32463
49311
73727
12964
32827
9690
12967
11008
77246
65979
23915
4672
38745
66680
16426
50195
46627
54814
82995
27799
48572
18904
33154
72993
7343
47025
58609
10561
4074
77964
67233
8831
10711
43074
25143
35376
60266
35213
52980
4930
54362
22595
56854
15843
59782
36309
17202
14526
1275
23437
74205
9441
65332
81341
21605
51191
63288
59048
8024
5226
45786
43044
77836
3829
54465
7371
33560
66152
55161
14630
2453
59456
3897
79502
65198
68773
22604
23322
43836
48219
80213
304
62400
69938
23791
59908
18596
27247
61887
69187
64414
65030
41705
43147
57082
83628
48546
7707
78894
63628
62540
1601
10420
68628
2133
30869
3073
80333
16075
12702
64423
14082
75451
50761
48072
32516
35572
33176
14907
80369
59059
70485
58013
45300
23348
19991
19999
7169
46230
56943
10494
66400
43139
5366
64676
38435
77985
22200
73784
25278
62232
247
37222
42021
54382
35259
23848
64724
37599
79948
23913
183
21961
70954
7730
79226
8676
69037
25507
36831
25415
44316
34934
76265
63931
79213
11954
1886
6639
30640
60120
9809
18707
63499
69519
66479
70043
55232
76837
34671
694
27721
61011
73918
71312
77833
32231
26624
66730
3241
80012
59457
53813
80336
26929
59981
78662
27821
77931
29421
22279
36641
27504
63897
65843
57418
15735
67500
58299
3811
14045
76507
54476
17417
13615
36950
8765
60288
60947
27421
3545
32163
77919
46837
81572
60478
79304
28895
5478
41906
67786
46212
40823
81193
9445
45709
10226
74253
37416
18732
39906
27514
10690
38582
55855
59733
36567
7273
68128
74250
67386
32026
54757
66764
48111
49359
52472
67111
57036
51246
47898
37466
8248
36416
6625
67528
5124
63584
62726
697
5281
6621
78
42637
77905
40326
61057
24038
74960
7039
29250
47830
12920
16376
63983
82607
48149
2366
47068
38348
38354
10505
69175
81276
81864
21440
82302
67566
73231
17539
15688
64677
1069
25950
32378
78307
44759
43333
48328
67544
47123
59989
8735
68578
55584
56319
15137
39528
43278
66809
69319
20077
21868
17866
32667
28023
39397
51172
41790
78512
47767
7903
38381
29783
46137
53744
20293
39950
45071
43532
68802
47772
82986
31027
13135
6258
82648
4301
43202
63431
19451
52755
44895
23937
5185
74040
62160
1321
23860
79624
11760
40796
29635
23788
45932
1535
2695
36045
30075
31046
76368
25133
2113
19132
57990
68382
53703
49914
53365
27446
78725
26621
70070
51063
29745
32365
55725
27752
29622
50227
80334
15328
7066
6924
73371
56793
23511
45653
72575
10101
19468
36494
60187
76044
47731
28289
12331
18132
81841
68526
18113
59966
62241
16506
3264
23990
61871
70878
79800
10069
32891
24171
65109
59152
54937
20818
15530
67509
54729
67744
24332
17003
11311
4220
57965
39355
43458
27490
47102
44965
32183
7314
22828
56450
2718
13762
48426
27871
3963
30786
4334
66701
82830
77813
74688
7523
74848
63601
55996
61166
63156
51423
57910
2677
39828
7265
16975
76696
73711
81963
78490
55819
38104
22395
23926
3796
23642
37153
77281
79306
36805
9597
55103
12299
55407
69589
76682
69720
23450
58534
66415
15981
14396
8519
57811
76155
83588
20211
35726
79014
55872
37572
7423
8045
63526
11474
70638
42283
66972
50745
7597
45977
42369
47693
41337
51960
83508
30891
22506
4533
47347
49075
74302
32930
14430
64367
78197
79959
77561
69842
27428
44077
51938
7205
53622
74021
80478
74423
50665
25368
73375
71411
52699
13388
44760
83402
1109
41275
3404
76515
30237
9977
39543
22024
9761
39597
29567
9652
49306
82131
45355
68203
79743
79297
18473
952
48650
61678
59359
42260
18811
57546
52884
50184
17815
74368
65111
32674
43237
11593
66157
81014
80385
66836
24364
49011
37601
81619
1981
22602
65437
172
31084
5918
26114
80824
7780
57744
16151
32747
55929
22310
13900
20563
14295
60320
70363
73147
41789
72342
70254
53574
67603
17239
52321
39341
48841
63766
59512
65020
48659
50971
52089
31383
54816
79264
3800
71901
51579
33584
76466
25638
67757
48510
6668
78152
75340
18010
75674
74067
24997
62070
178
71218
83136
72102
65102
57553
30949
57893
2387
83125
72491
32843
68417
13020
74296
14860
51965
66641
50584
14167
62924
74164
71557
72856
59607
46239
14892
80168
16020
32690
53357
82210
25435
78127
80889
26067
60970
39041
64655
56373
72231
59755
66150
57841
22083
32844
23387
75357
45042
83634
51694
1440
50805
11297
50765
77235
10850
81281
92
54504
39858
74130
58957
12768
51519
72920
55197
16369
36623
4230
39379
3188
75286
26631
36605
41868
3176
53427
9847
52258
40801
69329
79542
47573
27560
9782
9148
70424
64133
7754
1260
80712
21760
58633
34429
63165
34771
77805
32316
50969
10449
72440
9708
52528
4481
64554
75076
19516
62517
303
42064
56259
3548
65789
28568
607
66081
32235
31222
72018
58362
52696
59573
65420
77159
67054
48160
33900
60179
20174
82605
12484
46205
29565
31862
75102
54173
21067
727
74363
58774
19503
2554
54329
68674
77279
16953
26721
21021
75385
20616
68191
74594
2955
9079
16789
3181
50207
61418
69761
18568
23910
28087
53186
69902
20685
64065
54015
25612
35532
13134
12063
8782
44918
38414
76950
5670
60824
75589
62518
48755
34196
15870
6389
20248
70789
69108
28868
21974
52392
49903
16667
65136
16754
11743
57525
48836
74228
9251
13163
59584
72548
63600
69891
16137
41078
44303
30049
75520
74616
54104
78515
6666
44201
39845
39039
73669
29009
69142
33508
48165
41443
73763
43264
42561
12765
80910
45541
40313
9255
77370
49448
28170
50091
18323
7333
3325
44028
23630
28006
34810
2490
53752
2451
53153
4690
41859
48743
65535
62842
49097
81445
38760
21326
19214
57225
8492
69093
79684
1792
14868
58544
63945
1189
50523
72652
33369
57640
19152
6871
19172
35700
72690
42231
33436
79499
16514
34864
24930
78139
65369
32757
39320
36194
12099
33038
30260
74720
12662
12215
59611
23413
4060
69363
65384
31255
47332
23686
15712
6708
48155
19989
50022
12516
48281
53150
42769
10763
31700
74468
44939
77495
32602
80365
47067
15650
10439
25944
25909
5689
36691
35125
82103
11921
5875
20356
79183
78144
69153
35551
25760
75784
83210
34635
13267
53400
43970
64921
44487
15491
2923
14497
136
22907
27852
75368
15970
61320
20564
34545
71905
23149
3691
11067
58481
10432
77960
67198
82277
30208
75969
77779
25595
61429
37574
1850
7132
80065
32511
52062
65046
20888
40677
2996
20403
31544
8989
25298
66313
30146
79978
62170
44905
53669
18921
25448
69711
76139
54225
20977
57218
82530
34762
33438
78577
57906
40097
4816
16752
58699
59657
35278
71250
28198
1127
76744
73263
55298
32775
54490
26250
57885
39574
12435
69296
73361
43543
81911
53572
14794
17813
79771
70599
7962
55100
74549
41990
73155
49516
76844
41230
5005
63307
56220
58420
27598
16146
65153
27351
1319
836
41693
34219
24336
1703
65698
10978
53290
8398
54194
18955
51007
352
44700
40792
51055
59622
35077
60869
38305
64366
38633
36542
21181
47013
43828
38522
55831
50410
17350
66611
12271
51382
62825
79004
71307
57089
38419
40271
24991
26530
43916
18499
6652
32295
59890
33306
59202
75529
28233
46436
64107
52319
30462
68156
35441
20926
79848
45313
30652
43226
38509
40490
16948
25560
71302
51607
53392
61206
16232
56602
27437
16677
39014
17538
22186
38366
18987
24542
50114
15774
24058
43481
32921
63932
41081
1485
897
46682
42875
65447
57657
57139
75655
70942
19481
34074
4318
7021
61101
14785
3544
18556
82481
49845
33530
33670
41617
13490
50631
35459
1380
62588
32796
51443
36478
59567
20759
72822
29831
31932
18963
13763
7168
40022
17396
77028
61623
82214
65553
7934
3226
9368
48445
56669
70687
22198
50115
23110
9805
83612
61513
66880
20932
77224
22743
1129
81989
18285
36330
10954
21668
28273
69645
83339
56072
36629
36797
29895
9143
29296
25472
67617
33988
47930
14010
74462
44514
4944
14934
51087
82055
14314
74724
46745
59213
3991
6048
83095
57221
41777
78114
4406
82197
76552
13002
59866
61563
13894
71161
75852
66696
60144
8819
53102
33852
83613
30356
34316
40426
73650
77209
56880
81502
12292
20179
63849
12176
14940
64129
42199
52946
62429
78206
69438
62064
6521
11553
44908
46940
70927
2622
8299
32044
29980
39746
6747
58958
47875
43091
14871
50959
78113
55982
48067
22615
66876
75845
81252
67314
26697
28622
3139
5677
20078
76040
52794
725
2784
49392
48256
64729
46639
30926
35449
18535
55622
54089
4867
30004
78806
5516
28067
11858
56524
6365
18282
6909
8497
54621
13549
43842
40338
38997
74640
16643
13797
36628
76429
23896
65160
3767
61447
17117
34079
19456
48993
16991
62245
2748
4722
8032
54636
71405
32609
31965
11376
61664
27773
8520
6678
77664
43035
37600
44163
4164
37187
7866
11282
26895
45610
39905
23275
14149
28380
42011
70055
68782
2686
72413
52280
33465
16607
17674
72537
17368
67271
55192
75093
51097
80803
62603
70863
11805
71087
35079
45844
55527
69027
51659
13782
442
27277
49091
25626
44744
53923
81467
77437
51149
23419
57053
40078
54873
36274
76195
54603
40693
64081
59549
18337
75952
76703
1093
44750
25984
64673
19357
46617
63353
44548
76887
36643
23340
83005
4300
74361
54105
65824
40661
8514
41266
16016
1210
42308
51275
30231
13577
36146
59237
65899
74951
66234
78403
74814
33255
21134
53472
3295
50439
39730
78439
28992
55523
56445
52990
45835
57974
52500
59433
24186
32832
51045
14626
60346
18742
36515
14565
31937
72301
18714
63334
2674
79223
77093
49907
67118
30274
3957
82174
10018
54949
52407
70992
48338
14176
35068
9911
1622
45505
60528
66492
38265
35745
58192
73303
37869
29973
16774
2974
33657
4591
33879
15305
44167
11887
5691
24454
6867
81412
65695
2567
19428
24523
8475
24452
47350
3559
78789
80985
40171
32056
70103
45600
82527
35632
76378
75768
62129
10469
10311
37645
24409
23384
37092
63392
7603
39166
64504
40949
56458
69831
68344
64566
74544
18856
77856
58867
36607
45689
59218
43804
74020
64475
57067
5122
63160
13987
30256
31111
78893
24258
9742
4345
39754
31861
20914
26379
75366
55630
71372
35258
3008
77678
32611
12007
41838
75926
63810
38145
36756
56744
15575
22180
67541
21671
45596
29270
38735
626
66729
9569
67914
19455
33483
9928
11718
18665
26290
68371
2821
20495
33836
76093
80079
33404
3922
52309
34092
29508
7741
67691
18572
8285
24481
25660
73802
42571
74295
15912
60271
56926
68975
17472
15221
77864
69068
14220
64254
55051
45175
75986
43909
11874
1214
26966
75754
44502
42195
70505
1585
12763
35092
33929
22469
15183
22238
14231
67331
80048
35969
79143
39874
39391
66692
81123
54767
74578
62293
36916
45216
51850
23329
47888
59954
61700
58084
64027
14505
14443
37584
13228
73657
42052
69118
28910
58377
10096
74248
63407
21893
1551
28232
6543
47629
68524
51127
19460
31177
30787
69792
70162
17986
45246
60461
81678
38458
31029
2018
65857
40229
58594
36572
77630
72540
2343
80481
76676
29091
41817
23106
48648
61530
46518
46511
28747
34440
55455
64089
50646
82474
72477
17396
41790
80080
41571
62310
33572
59011
69705
6741
53020
43428
28873
50446
36448
76814
13612
60498
41744
45254
13560
22943
80791
67555
30212
64854
37282
34368
75596
72959
23089
14567
7949
21189
19628
9278
