113944
51433
23514
112945
96420
61412
24063
39501
55461
66174
16342
28011
83779
21509
58637
57334
1540
34322
72916
106149
87865
94155
79907
28972
60460
21214
60867
75790
541
8021
13649
15446
88125
105225
107695
39210
104691
18536
112051
71021
115613
34179
21215
38096
71257
12768
46262
56563
105521
102886
74630
86617
31089
17261
102399
106334
66492
83798
26000
90492
33771
100004
35791
102287
92175
99395
69329
113933
116655
4130
32193
37994
4582
83240
66115
85549
88247
34898
73388
69389
95102
80959
73740
8010
57098
50713
21424
64384
91067
60054
92596
21156
25166
115913
21273
99411
114556
100870
115747
108701
51576
90520
114227
117592
77526
110280
105335
86215
107936
96847
34716
6983
40190
32635
40236
23566
49463
8208
29282
34808
77968
71949
25383
35321
44327
9659
86104
23409
66969
83866
82351
102594
112223
40202
52736
104149
2312
13569
103090
24736
96842
84060
74796
112214
92552
99558
97809
12170
85908
40106
340
2922
93239
46
96082
89780
72776
14990
19776
117006
61110
4334
46959
43398
38040
53203
44874
82507
19789
33175
88598
12154
18827
77577
92345
115991
50474
95050
15854
6657
54772
113465
67929
115753
16777
111664
17129
8043
41440
76309
107739
86640
105090
25533
40223
68187
27449
91818
12344
62035
87003
111268
113276
22934
36259
87244
93092
61401
48969
106683
104949
11601
30299
87259
30702
15324
2712
22784
44768
57764
44662
52139
42800
85679
108934
7168
100970
5074
60672
66836
21101
582
36655
95926
78096
89395
37541
32644
19362
52668
93015
41594
107021
55538
6031
84340
41275
77324
38194
99511
26685
101161
70668
11463
101625
4343
102143
50159
3218
111023
96975
36395
113552
116525
74013
96710
71369
18553
60055
55259
112002
7595
73301
19966
36663
49306
80103
65337
74490
40944
19659
110156
14812
5964
63694
37364
60021
98664
96860
37276
24358
101632
96565
29472
10091
116743
56468
22845
25440
105571
103614
56523
30409
85252
26924
31744
18937
34229
116265
67403
40851
75387
73813
98496
76226
42370
14112
26221
50228
93146
53634
85700
35264
91834
81803
29487
35130
17210
64102
49117
46260
20418
87521
4151
12994
38037
109313
36569
20425
82425
13882
415
41710
98922
24496
15843
103667
49658
33932
98348
3947
47558
93686
114867
70331
65325
97927
7347
104626
2623
14562
66935
40156
32870
66879
107558
92494
97567
60396
4490
10956
94980
106642
74556
97727
4587
94551
77397
58829
75358
70036
5455
73146
31520
79675
115688
57959
92623
87720
19237
64835
91795
116400
105504
82764
16788
57805
80057
29785
29632
60089
54437
88781
100121
23285
44412
98049
94591
14622
41321
44023
49058
111931
114014
11002
74044
31071
46732
6038
38810
87536
63057
70321
32602
3845
111614
14491
108413
46304
24260
3497
54467
107232
13976
63573
48652
73029
48203
54124
95157
81916
15565
94562
30482
90125
19839
109771
49899
90682
31438
29407
108469
73420
67677
85538
105217
97574
54889
95304
10336
34574
40352
13552
40664
24194
54321
7345
23175
97805
23708
111386
111017
36539
20762
20409
19436
68980
87680
943
73502
64632
111782
239
20272
90821
17660
29822
105345
21532
84249
9894
6557
26126
18026
94644
63447
104932
51284
5875
33681
95991
54353
11623
9488
25510
23467
21844
27149
87747
6723
32071
90636
91502
8096
105971
26161
20501
32839
109033
55583
20342
75388
38366
79006
96381
86597
91433
17159
25962
105127
33095
7609
26449
27671
56368
104237
5866
46996
112355
46768
116999
93750
14080
14449
86877
35135
56787
6552
64671
10939
36932
60740
40763
108503
33721
75662
5437
98274
98694
95435
26790
25653
2795
62445
10613
12741
39913
57523
33852
108003
68970
10098
41956
95861
32926
98164
70718
15668
113418
102473
104979
69261
83021
17402
35876
59715
20757
91129
59443
81247
32313
68621
41695
64169
54809
106360
106753
83010
52776
16504
28906
56941
83293
83128
8067
92647
499
89358
62480
13540
11383
12039
98325
32698
54874
71086
111102
106669
114545
35271
32815
1989
56586
17611
105033
6627
106248
8655
74424
117010
79889
65534
106949
71443
83352
111731
7709
68137
26544
54631
116657
107692
69343
75507
3038
89586
111159
68713
4467
698
57455
74128
81881
9989
62758
79270
50984
48544
38318
67316
117225
84756
46190
48161
16089
53964
73647
82852
32995
26433
2210
27058
31351
19710
68181
94411
51214
96323
8897
90643
3987
75973
13093
98515
93286
61988
49192
55904
115226
72997
40796
26833
30741
98318
61003
101368
108938
27067
46145
39378
37052
63472
77106
91226
105109
8201
89558
25642
43135
113405
5637
80111
47540
102779
42715
51869
86632
63873
28589
113562
116010
97415
114658
54163
115074
12347
78015
109196
98271
72218
83291
40811
51517
23629
41531
104924
65677
12743
64478
42079
102767
32669
44944
43990
68712
65451
50618
93932
28090
40926
44486
61472
65125
107746
48323
16837
22901
52425
45604
41108
48947
115701
57581
101629
117433
107058
78243
117348
56570
103452
19585
116115
113088
38612
7648
84006
6787
104993
102288
29152
20546
98753
45786
117088
82570
54407
8121
28837
100205
93580
77794
104592
51349
36085
34444
86177
26477
19975
92618
68451
109530
6404
91898
103204
101689
92857
22222
78249
68558
77102
67161
102387
87486
44422
108065
62721
96078
15078
83398
85076
63764
103017
5331
72188
21463
115006
87567
91827
97843
89874
94524
8401
100722
3928
7602
42395
1350
36984
45773
42720
80844
65371
60391
70318
24769
4387
47100
53909
109699
111437
76731
85871
13333
32620
10312
115091
114183
66513
5469
32435
26737
9631
9264
10938
104056
83350
51666
75809
93899
78196
15807
109843
116634
82770
3157
12251
7935
37290
18855
109941
49489
91109
46198
107170
35153
83025
75141
90568
40660
39205
17459
53213
10358
32414
98006
117535
58690
59993
54738
95283
100026
70246
31457
106429
99238
105310
96648
103762
96067
57894
20581
39180
61940
50468
93744
973
6822
8358
107297
7868
45340
42295
98327
54227
87916
92470
54116
13104
18328
73738
56938
65496
117215
56574
97384
107257
22444
95620
89416
72672
101694
50471
66890
116849
20631
85625
95107
260
61279
35372
56810
80394
21558
108348
29235
112321
114989
111896
24069
21349
7150
12631
54637
68629
113351
12434
41207
37270
58516
41443
78648
29697
3268
60591
14730
1563
15568
35167
79918
17690
86694
107552
45722
70282
67618
61677
74767
34497
15356
49529
12202
2768
98961
81869
58157
51704
35687
85304
20
56540
79564
104087
47292
95119
48242
66479
20596
13563
50552
32983
56807
63414
70407
65725
4742
50411
13140
101376
23871
63144
102828
96766
4186
43843
58155
68599
43991
113760
75902
86010
5261
53388
28704
45849
97213
63806
83486
62217
22664
83031
33989
46522
27774
96873
46972
56347
66187
19041
25676
37194
60649
91882
76658
87352
68316
553
105752
90865
14887
85637
7777
33441
4529
73472
60925
864
82928
83808
24090
67539
40381
22537
53391
6247
99018
76897
46619
28116
34299
14437
93225
65820
34946
16137
50793
110237
17439
4443
62165
101936
7962
58308
49969
93854
98957
31904
25835
44536
57230
3883
12706
66416
1773
89039
103556
46373
105057
108066
17949
39561
19903
31048
8605
60886
46256
97104
105789
108505
79357
13859
51678
1651
59422
21930
42698
104585
114445
61467
37487
58093
60771
63109
27634
112427
21863
79893
16068
94861
32834
53493
114374
48720
103052
11442
18133
15523
2435
29656
110238
58839
85528
8717
98652
17587
115984
36550
93971
39703
8792
839
30668
101346
64416
41329
104116
6701
75370
53474
12682
7017
111957
97028
67644
2968
78191
9993
58659
63547
13887
105762
73943
87925
12250
13433
46551
97413
110073
93672
24583
35567
111717
110117
107120
53326
86426
41187
65684
110260
8601
38626
74639
59053
57793
33219
67275
21631
99554
58742
110783
71414
48771
34677
94014
112420
100654
87593
59563
88573
14064
97318
84878
87271
80233
43643
23476
37501
75635
102706
97102
17340
34533
42624
1862
48407
78093
95799
32563
23616
11538
27921
83997
81248
65528
65066
33061
49316
95425
5021
115151
83209
98378
51081
94266
53233
70714
111942
52187
21473
297
93085
102243
107501
65218
46577
50456
1959
89089
26533
17086
38266
94799
18077
54667
87825
71610
65509
107963
37045
71377
11408
63467
70096
86371
41385
96079
101413
91025
49542
76593
86912
98234
58557
58535
87069
6680
18954
110620
18654
2538
70086
49768
72592
79904
54137
70857
76177
108908
107218
77443
30728
53463
114372
17315
45353
68048
104653
15473
84302
57296
110972
20529
107696
98624
25330
42615
46406
15259
2408
66603
93539
29908
2569
41932
109486
112690
33981
37345
44799
41094
25285
23804
94998
6717
8581
108754
113254
91186
34892
108650
8672
94932
76321
61272
62838
65980
103406
99617
6593
93242
101972
110766
37699
1198
43178
58111
3669
113544
101517
31356
8937
114180
13896
79617
25446
24262
90012
94423
94671
5891
57437
110455
92431
110376
47595
15067
22038
31201
86540
105208
115247
81649
87446
49486
49991
81162
51707
2976
51070
42788
105101
57996
44051
41563
59193
59643
103731
13829
12729
9667
12823
36616
77114
36037
70507
115044
36516
61378
107933
105046
36518
18304
9059
100228
25077
43151
22297
24554
15940
33242
4893
23630
57575
10607
111171
116503
80942
114555
51280
22053
66999
30744
97316
12330
14346
59243
5348
53454
52036
90436
73182
18087
8036
110581
47333
6727
94066
53849
96029
117503
26306
80861
50119
42852
97599
58439
50848
50719
80338
43268
8987
22349
6528
2561
90084
41944
106575
110988
62571
70052
13710
34662
58467
97339
12562
27222
10005
34033
22286
40383
20791
31249
95008
22194
108022
117335
4461
34886
106329
84767
90019
54013
115405
515
47752
87811
56737
9356
42458
98960
93483
94677
23762
47105
31178
89283
82099
36784
30703
82805
47030
65720
32788
27221
26547
46541
77595
55933
72195
106278
8233
12364
79765
11350
109652
22950
102112
6252
50774
32213
97234
90647
97295
9564
77066
96844
57597
68292
115674
326
3037
89262
32042
6029
51647
108952
107424
48853
30322
24631
82457
46126
97154
58033
6851
5953
81376
103106
70599
56471
23611
53931
3278
63923
39005
65400
65039
74415
114801
115619
48404
41922
10955
88736
23423
68043
69487
86422
82902
347
30834
25037
21089
44217
94750
93790
111502
100507
89441
31131
61250
105175
80283
29994
48081
1660
59466
2880
62468
92521
2504
58750
15650
70630
45268
63481
45792
104852
42946
15863
104236
64822
64065
51023
70203
83454
103693
78925
99469
28666
88155
15459
105964
80466
71470
93145
64798
19933
51180
99620
47602
54088
31519
100127
99940
39373
9285
5623
6092
80392
87354
91343
105111
116568
9835
43245
40500
110713
41722
112428
36621
73331
70104
35089
31707
57513
3123
50140
63389
60917
66386
107299
100787
88250
2490
79579
16522
83678
100805
35008
7654
55575
63785
30652
61284
62990
5475
79169
44009
37969
18568
55892
62597
63535
38744
34005
27417
113800
52079
48592
28482
34921
115116
62671
25633
51997
104544
84164
58522
918
105222
538
15586
101915
44836
92396
71239
73144
13037
63521
25331
61828
95843
20058
23931
43275
41557
100132
7950
103054
95175
79762
70861
64290
7157
32917
31366
602
103153
99752
102958
107242
8868
58888
104790
584
27815
81055
78903
86674
105480
32618
50800
90351
32060
64179
11317
94142
99731
117166
29398
95504
104997
53698
112359
113079
89237
87933
4211
53590
68075
108958
77194
45803
52989
73119
25171
34206
109203
93875
98423
40842
77541
30700
16834
42619
56963
56822
104508
5353
53206
109957
33161
70071
84541
109106
54308
7910
30164
8001
18645
115951
25782
96422
50122
35236
105768
68475
65159
44898
88534
109461
6529
41493
53576
100892
15272
110739
16360
68982
75709
35614
105820
21472
24244
73939
37144
26002
1714
89743
66403
56695
58576
38912
17409
46465
85478
49754
87956
24127
68846
106621
47826
78797
2990
49138
19214
110900
30034
41215
84486
52250
36368
80065
78854
86462
60140
82358
116922
59570
99553
31533
76044
103594
34755
37169
78921
35323
20523
116187
4879
110385
23882
20395
81291
58713
113608
95471
30375
15435
110378
115699
54
12803
62329
115282
57814
66244
22292
95826
70015
107806
20176
91499
2512
39409
68657
36967
101107
50752
73017
55596
39039
54854
6344
4723
53521
115323
63246
5607
47080
3203
28883
32880
11347
86012
34540
63886
5549
11722
39816
39032
10192
20885
23103
72926
14075
44872
94444
62948
55197
104506
28458
76320
49164
106919
30244
61320
67550
61214
82168
101547
111571
52509
88734
18890
75349
42103
102906
20098
91838
27793
55720
85731
61595
108150
91101
94287
12701
35047
53357
102869
105957
13688
45425
82617
50903
38215
113041
116917
41383
114119
83326
59808
44191
102460
97341
99265
104225
90946
65306
34149
64631
111170
12633
16656
101453
55757
25886
91729
39375
96887
68384
1189
115059
19455
71638
20002
94229
54344
5123
104868
101644
401
4399
1977
111218
24930
108496
53722
18668
25234
23561
24108
68219
70468
9676
65977
10868
27333
97208
81148
22865
98362
24607
100202
62710
69221
86809
21266
5290
98403
81225
49174
100161
87482
114644
80345
71158
114645
59168
63594
116330
85114
56932
50214
109767
48910
8471
70031
25567
83896
96574
75874
12357
10597
27376
58506
38355
70231
46644
95389
41424
116990
18179
26573
73964
17515
116149
61248
22478
101608
106008
88139
15454
39260
94752
58605
44817
41221
71513
63444
24073
109539
40716
13505
56658
26297
8489
61365
7530
90241
75693
50581
86784
49751
74902
88153
62233
100754
10228
57944
26842
95401
101245
40390
12435
36429
51672
58163
17625
11221
88569
35810
99496
53685
96990
20092
56127
40626
24247
30275
64563
111476
57169
26033
60253
113872
116427
10471
82348
68420
73598
40319
83815
64001
87605
14315
128
104668
98286
99552
52493
47043
69580
77174
16197
82667
18902
46322
96761
17760
13807
54133
55229
17944
101261
36121
60343
87525
71653
105157
75341
113878
75979
31511
65562
76002
47491
65622
117497
74844
50263
77917
24114
13218
61231
14323
99461
95717
29741
78534
60856
29371
23189
11935
109046
80865
23018
81441
87243
59843
79949
113522
69919
14773
42706
10858
82403
56190
100479
69984
27775
106123
19734
74514
27635
5466
28262
20750
15718
88245
37199
54788
63439
103282
69698
92415
8428
19344
42801
90685
30531
89273
33106
32726
87928
73973
55324
34105
1141
64585
97039
50064
67948
106103
107764
20444
81121
15442
70559
94690
66074
92870
75932
58924
50007
76039
38282
11000
70517
111470
7397
84980
63092
75552
65998
9103
56008
46087
40332
77245
101388
15935
83414
39589
27148
49727
75204
79312
33528
65564
89526
13676
100703
58456
5676
48696
79148
19118
54093
44652
28542
67825
39572
6172
101892
56353
42117
105306
5243
88718
116203
88947
61023
76465
14300
57061
104985
29547
58688
3516
2282
60223
95310
111909
4544
12072
17117
80591
94744
23836
84324
2823
26370
114630
91912
75364
107301
95831
60424
48024
45142
103827
69486
69217
80727
111189
2439
24544
64550
15410
9899
28631
3732
29141
12108
50449
99308
110537
63835
10146
74247
67196
25078
35931
7172
16057
52029
57841
34780
13015
109456
94988
106702
84077
19349
54530
27120
69537
59784
1254
81096
104696
4556
2754
101613
67747
106159
93859
71581
103193
29093
51142
9576
7631
25704
99571
87687
73279
97478
91092
20942
24764
73771
103677
54709
68377
46398
19167
85013
31436
95755
85449
36987
2187
99609
24723
79827
67062
51792
74229
17136
85827
82005
110821
77770
94410
50365
2614
23628
104487
32417
103241
76395
62256
110024
62055
43896
97088
45319
48261
71992
37679
73188
93087
71788
25200
24060
73962
79151
78411
54912
23510
101267
54692
66594
80658
66826
70556
94295
36869
65619
102940
52871
91508
10019
79051
3216
75105
63743
55705
67854
6733
98380
39497
109657
113348
41630
94471
75496
37434
96241
10860
69163
30347
1755
99542
30360
5071
28329
43871
2855
24034
25641
106576
73265
8039
95877
50048
65500
37368
37841
32288
111326
29694
75065
23572
20609
19503
13300
88774
109847
78452
49654
90135
32953
6006
111454
82669
84250
36584
58789
113374
99915
14535
65568
59482
59294
51619
70963
9420
96011
107204
28461
41615
40760
96443
78933
106141
38330
26850
60361
115972
110007
84154
637
114127
92103
65288
4546
7734
21331
105590
108932
40220
97012
112816
80455
94396
47535
78134
76141
89053
50312
52082
58433
96073
24982
42163
29817
33915
73642
45695
99200
106696
39637
106776
75229
99354
88432
86913
2136
41623
92712
27274
81629
20914
114367
86488
74648
90458
95052
57204
42224
110529
88410
62240
84196
55475
109249
43399
38332
104561
80505
39175
79310
70644
446
47989
65416
18619
8984
16346
86628
97922
4199
2675
88460
108432
82560
51818
37711
58554
65832
47278
63371
18395
820
53783
101305
18782
52365
113795
26640
34813
81715
77073
33089
43176
14986
16603
42975
5387
80916
86425
655
8698
99815
48134
98151
82087
94621
3738
96100
44710
94165
45030
65949
32673
12954
28707
57299
84801
6360
1419
116260
24129
43498
58564
1603
79750
21833
102620
16012
5184
28366
62506
47159
72957
82643
88436
94587
30926
63375
9209
5204
62194
19998
35405
24894
69034
52828
105430
116723
84220
111818
68802
107449
107441
58822
26844
109640
90358
78461
48192
89779
112016
43975
58119
108524
1523
44445
104153
44401
89391
57508
19919
76993
44040
109342
9959
110822
80213
62009
93410
4731
6742
53786
52037
105696
99613
17446
112209
58814
51578
104360
36093
70926
72563
48095
79168
69795
24595
229
72245
15715
83008
105794
74444
23840
113840
70100
48064
50124
18204
13323
19246
24566
86659
7873
69377
68768
50863
11929
26871
102634
69165
105960
107736
59172
38782
74004
55936
5821
37948
59261
83659
40494
62622
2481
17575
88847
66564
75642
4357
78271
27434
112363
8268
51200
45400
116138
100968
33873
23102
42844
26196
34521
827
59595
108401
23606
51111
14717
38305
60960
44982
32041
57935
2004
25289
49087
92502
108643
85570
19508
28437
54964
21500
88202
27833
36541
22816
70733
66809
103422
9698
74647
50256
86503
32410
33736
78025
38861
57471
36098
52040
18912
46042
3172
94463
68336
100008
93062
41631
47445
45509
70671
91895
43891
38628
58361
117218
94388
44860
52492
8068
87132
71421
104371
10736
38457
103391
15582
86066
48486
55659
2839
57997
107320
59235
111596
50707
27585
104342
38304
85727
39798
115893
9814
106386
104196
33522
3860
94111
67167
19554
87246
50274
49863
6426
54028
115460
98322
11338
108733
104919
87801
94054
100868
7924
71112
21572
44157
23249
31097
94510
68633
97158
91476
23046
90310
77347
54184
78188
51759
99646
67583
75551
116291
38130
91949
101344
61382
33255
181
28193
100501
70315
38932
82357
54673
6953
5766
83788
53737
47814
89312
38095
73285
1946
68133
101996
70535
26169
68120
37844
23101
104861
95333
25810
42747
47670
61275
68540
95848
114075
34238
4936
25898
92710
26121
90680
54775
15560
64171
67574
40923
21279
49475
112331
88267
21052
992
47889
36120
6315
82685
56191
101045
105031
81190
5118
89210
689
32570
76687
68009
70347
95030
52719
19832
79841
38393
252
91529
75235
95830
7166
73674
58330
75041
21263
18625
86191
56359
72682
83774
101144
18639
117462
52741
37059
53153
96542
87476
104989
91671
29103
71828
99837
51234
42257
72389
111866
83406
37394
103397
67951
101240
84543
40854
10183
58559
20149
8941
73593
92270
112584
91066
43020
96912
43424
112310
43894
85522
97297
33952
112615
18900
36743
104615
28616
56971
40942
85995
62576
110297
12504
1865
54358
51248
80011
114758
83840
74412
38315
55215
81258
87978
56788
57843
12417
47636
31823
100080
80228
22451
115527
21416
38732
5199
14439
81177
95111
57136
63190
19341
54345
18112
68756
3589
11825
18406
32049
31502
107243
27204
37940
66088
58855
100682
86309
31992
95321
72495
79451
13391
89006
67356
59959
5582
102741
37077
110625
115958
12217
52656
92916
8564
112412
59440
42155
7300
92333
73002
111478
45989
28333
43187
24475
45907
105486
25390
82293
35553
12205
1140
84353
38686
44919
103621
86848
20049
100966
33006
22014
20168
29931
105332
76693
41633
75882
2216
45178
78367
32165
37336
79091
14099
75512
67694
102937
94823
83966
54111
64691
90001
13210
113391
112141
43261
20375
1040
63559
52428
30773
6131
97702
58842
54050
78965
113594
24062
1746
40062
58844
96846
74191
33306
62716
32161
48387
52500
108247
106511
95911
17229
37886
71595
60039
67336
76958
83574
5136
17615
7304
60076
6182
97954
49366
83023
40007
81496
6193
40637
88490
52309
102461
16240
80420
10422
15513
74140
53550
42996
28581
61065
68784
56978
34251
111777
41933
24708
96156
6986
66651
22177
108188
41957
1178
81829
84117
32933
55029
17233
7087
20451
46982
104712
100137
76678
49770
53764
21462
26739
9275
15036
43194
69293
57432
80773
70374
34446
44798
26
62024
90111
53395
99846
39092
114926
67837
76596
94511
117331
19259
4662
69305
3603
6773
116039
7945
18723
94609
42828
72967
64659
71997
50716
54978
32964
17239
23851
73087
61994
85949
102089
2755
89354
51527
10364
30783
11183
30953
21381
5157
24068
39623
27855
100237
61051
14642
71558
90373
38044
46310
52825
1415
70704
20087
16720
46254
24994
36577
71879
70882
58170
1868
24373
32989
100580
5758
75615
9704
82875
60997
65031
74095
41346
37913
111414
9721
109330
6753
21567
113157
54977
64361
113501
1512
18856
91284
62482
45297
6125
38026
67993
58208
99210
93209
80058
57514
48633
40925
113093
103927
9439
108867
110288
9089
35094
16575
61603
83977
82786
39296
99816
111872
26812
87139
114664
21691
91295
40045
66313
115332
45890
69429
108937
32784
11860
87075
113488
111158
87421
63974
65785
70107
102204
96730
110342
5532
87689
53606
1105
105265
14982
40270
52002
42587
95113
47962
88456
95449
37898
65829
94633
42030
42536
96309
66063
15684
69980
65729
65630
74525
2565
33753
28894
89222
66283
15700
39619
74851
16162
53936
41011
62580
22647
96339
62085
50239
14153
7828
32261
81508
102899
18221
7809
67035
9936
90708
78021
16531
85214
15358
86940
51079
91237
83460
17057
2307
39912
17894
112116
106065
65373
19318
34441
85761
100179
17326
12794
37384
49906
111053
60329
108394
69125
90941
93707
94018
100629
89338
21078
83335
80080
4698
37337
103335
4358
79372
111969
69281
60713
75980
2291
112314
66679
2605
113108
94916
99958
100183
19662
2399
105259
58954
24577
68251
91663
27891
80784
7743
75456
83572
91809
82563
20665
57457
18801
25988
140
98247
28381
54389
22308
32720
113058
7879
69726
49578
26655
85527
29510
62659
108384
36394
40250
69865
3747
52908
56999
90221
20619
83980
49911
29812
59291
93922
67868
51071
92826
54879
116977
113867
36632
82378
852
76766
69760
28101
77842
84186
22977
104220
37214
10415
84113
93390
2010
73799
16753
10164
32761
22504
49681
54122
47869
112686
430
100942
105993
51663
47906
20696
98993
85641
51190
100134
51027
51098
76674
110964
47041
31535
100322
16152
64310
28343
30320
90381
4578
103905
12851
87355
85152
3694
60245
15332
72410
46684
95103
114697
59824
59841
58091
97793
96735
31083
66269
111303
54194
55801
55550
85792
65501
63894
24976
44476
57331
62614
4838
27395
20732
30380
89679
106111
50797
11916
13568
101762
15110
107735
24004
21508
17753
103466
76165
100432
107298
98522
14237
108176
104727
89919
71551
77937
65696
100461
114872
97482
86428
44980
79888
58824
37519
19363
62508
65586
57930
26340
26715
71778
12623
70791
25821
26928
49284
358
17196
105255
101319
8248
3712
95020
92960
53118
13105
104824
113458
47032
113635
87833
31655
29555
63043
117326
99073
84530
108555
13242
76530
50242
4898
88726
112411
72481
48636
52460
117513
14584
78885
85574
99031
97861
80904
63759
18056
35588
48253
8133
94976
105364
107765
108942
39906
28019
72941
43222
83492
67544
51860
2125
88806
81607
76845
77415
46234
16978
37065
58538
60015
60556
79109
8617
10948
27624
116826
82698
10016
109731
90079
95551
68456
101819
50334
14019
65184
10057
67231
12269
101627
110190
40937
98956
38586
104537
58447
107982
48738
28984
66466
82749
226
71618
41641
28601
40971
111660
2560
30841
38412
31913
69608
4098
10957
58591
107659
40665
13362
1288
78348
40507
59978
91590
48282
67122
50272
19228
3200
89020
79534
7732
106972
32496
41388
62466
70545
51870
68601
95139
86242
39701
54039
19319
111163
28092
12103
75228
95825
13482
14337
45200
9195
3621
103756
44435
5313
99844
49961
77064
5809
12332
9120
55946
38498
40987
90139
18966
32991
96479
46771
83699
30954
16239
114294
21505
79141
3272
59486
16571
64019
29633
10135
49839
74867
73016
10626
50698
6233
83419
92582
117287
72150
106594
76466
70888
6052
39993
64564
100199
17747
90826
65334
3719
48768
63133
100725
90705
69230
17174
1831
65861
10781
104955
32495
57258
7852
81077
98195
79712
66294
23364
68548
26868
98952
110562
21136
21482
65320
82227
34926
16664
40499
107033
29990
94596
28426
15181
30600
95782
110735
108577
54617
8602
12168
20831
63553
109634
38853
105950
3448
85036
47902
64891
36049
104324
77615
47481
12031
19495
44525
81757
24477
22638
72856
7512
111157
53291
62870
40525
73312
7641
13643
113262
75376
72490
89071
85657
50284
63175
4795
33420
72863
109740
86100
10724
18592
83195
47878
74883
58747
112274
72186
77084
46185
63032
11203
15945
70571
61622
68280
52617
110061
87774
100382
32276
60303
10705
72544
86256
55425
74479
17673
56263
63725
89153
34146
115191
81545
7527
62238
23069
98875
61141
106200
5941
116028
101643
94231
75969
92440
62842
66264
102078
84474
16153
104488
117589
44164
94940
60827
33535
60915
115803
76738
102780
82603
114102
26469
86362
28660
95376
58725
116645
51399
64034
7364
29666
39329
116121
30421
69883
16077
15474
40808
73566
12405
18130
43584
42848
14373
15840
57333
29359
2137
88695
74316
17656
108365
34434
81261
97991
67835
31690
42064
96831
103876
82482
67224
84022
70838
80943
57966
4283
65010
83360
102844
108222
30805
62392
65390
92586
13088
5042
89660
11120
74642
30938
10342
19068
67786
25738
87957
39633
38158
7072
54596
111809
13974
386
96734
9970
46786
4056
112432
30260
83614
30185
73631
76135
51467
100509
84778
96826
92370
12047
100329
3190
23163
72255
46572
70158
113212
104821
28989
112812
9060
63450
1973
98125
5414
63432
116036
44959
115882
103239
96470
40425
80071
111151
36733
45245
23980
87242
15667
74103
12856
106295
46606
53014
77428
55319
100403
49248
32577
38997
87383
107166
26770
110247
116542
74045
85242
68774
109729
81728
52959
98828
4588
78241
66699
59516
58073
48843
312
80694
87884
26663
5551
25612
76120
76437
90032
68800
77742
113009
100726
107535
4057
54855
93266
82739
51794
31812
71120
15991
69028
67324
96487
53519
80811
9116
116236
111156
90043
91152
115386
83573
40581
96894
35685
3815
1395
101359
78943
29166
82301
70420
64532
80695
49984
96164
71416
95605
84440
19914
7374
21265
54234
106324
95287
103453
59987
11667
50522
35181
100293
89431
49134
5430
88950
110389
66527
92045
66451
87938
109169
111749
76076
30004
39002
5109
111992
95531
13325
88559
314
115985
109702
91658
86186
48778
4400
5819
47867
88259
2126
111060
34997
27161
36554
61647
22443
33117
38580
39292
87712
7101
99378
64355
26867
71687
41993
3710
10693
52169
106357
14125
22581
17435
21454
41259
36908
106382
39284
111668
95996
37641
8722
85854
104517
103808
24889
18165
13706
65442
55667
68984
28269
84997
28746
98519
48659
117508
42600
111461
21651
6833
108140
87164
4377
28253
71175
76369
65336
37465
115117
60381
82049
91062
39212
38730
107627
15055
46968
107054
70698
19447
89552
102501
64938
25123
38289
11626
77003
81056
86355
47113
54273
77406
61099
73437
42610
86935
95808
86768
5545
57428
102873
78368
49972
80593
56340
9284
46191
57115
57739
3726
88519
7926
93945
65417
20391
30698
104178
60225
72935
110317
68369
5745
85759
70903
64107
63311
53191
90732
73707
12032
5986
58491
66151
71805
104922
11834
43898
55071
50170
5926
16959
83918
15770
45493
51961
55061
78051
116346
64864
69816
102515
90989
92474
11473
69451
93701
22858
21074
77352
99156
111020
86720
42135
82568
98224
45634
86265
98251
85828
63941
72067
38078
79522
85159
102108
63689
27201
46006
73108
1483
71922
93159
33146
69397
9947
78551
86580
98163
17650
76763
64417
51725
97465
108786
71971
60212
23448
92142
41753
49967
6435
60010
54119
100728
66510
49267
32779
17369
113085
39305
95639
92288
29937
7383
59381
82735
116136
50296
98178
32079
58008
95012
80139
61453
96050
71641
115496
45868
17668
40442
83073
35420
14594
61308
79153
51635
113619
27288
101501
45497
8297
48794
63914
80099
1081
28064
15384
46456
100948
23496
49830
53541
54304
104980
88609
99780
58305
88494
59145
3931
78898
56924
2290
57389
82046
75889
65423
82126
69648
43655
92627
47183
22298
86325
87077
47786
107097
93352
92921
39962
46686
34056
65770
30859
43951
37912
104898
94975
98876
80662
40804
31128
97349
35029
110107
3032
42626
84469
70772
116647
113279
40301
833
97089
73587
102664
86247
36277
95891
57902
20759
71062
115179
6699
96009
47422
87799
14401
23434
60770
41184
42089
11578
94672
62566
11678
11477
116412
49048
92841
15663
33719
56328
104189
51822
54696
18393
43945
11734
116070
57630
76252
54924
71854
45933
12190
35165
837
86348
72798
19239
84226
22646
57745
19510
81775
101512
7258
60566
51958
109260
281
101398
10276
29646
27817
108489
80173
60562
100252
75561
49336
70508
37357
94437
62250
5111
95671
101790
91596
111229
85489
65454
73987
2885
49443
106187
87676
14408
34249
52624
15615
78039
74328
98628
67603
36878
92322
53220
73538
46750
100131
104751
28673
101202
46342
98770
106566
27940
92622
8486
105144
94456
68383
21884
102310
73391
23207
74893
85167
9410
76356
88972
58161
44337
101954
35774
3963
41421
116562
63313
83969
99009
64210
40084
47162
1061
57926
111387
74747
36328
45733
85078
79726
15999
42150
116876
2611
1246
49788
13147
39699
94840
85106
85930
85344
43786
115123
68130
24495
36949
89981
54114
78198
89255
101497
34313
37472
97276
20261
20742
1853
79809
8074
70271
80867
5441
75599
1988
97451
73376
60252
59155
38345
101236
63121
52148
109306
81695
7634
78401
42869
106951
97504
103879
21187
31036
6040
75680
90113
59688
13444
64318
26987
80842
34131
28065
63084
89186
38582
6493
38373
37931
29260
74218
4814
47042
6178
97853
4836
21562
109829
85897
28828
51050
113857
11068
63963
100584
8748
17533
82096
33353
29391
101798
50465
93285
104912
90556
47235
69003
6760
34058
50438
34960
28510
61636
59878
116181
65784
16044
51905
89205
17278
111581
23879
114592
28412
43576
112461
3834
108208
58914
110997
97656
75857
44501
98665
8578
65911
47959
37323
112871
19388
26810
91723
57397
60030
84175
15083
84902
42273
109726
40353
51232
74964
76772
40710
55155
59092
98309
45507
41628
33811
39430
4535
40049
33994
5020
31372
50550
49312
89614
74972
27736
26857
61241
71525
32355
45781
17564
100755
110250
92881
71467
6840
13064
8945
44937
116857
113593
116565
3897
18470
23821
30378
93699
56397
44117
16726
31003
95198
87692
45533
69240
8787
104086
102327
27476
103482
104325
42781
11016
58775
66855
112180
57028
39060
51738
845
58212
35053
92361
76605
35294
73832
14776
32183
60244
43454
100167
68571
58521
3926
34705
21684
100569
45707
39263
41542
87550
48997
24446
80001
40755
49560
2757
86322
51499
104120
18454
111572
20056
5822
49147
19740
110018
107068
14920
92029
114919
89024
91174
33172
76089
10068
33743
7461
33355
99376
76287
12254
92057
79646
40530
83758
51207
14628
105640
65847
14208
28862
55375
96058
37587
42238
105077
3256
37639
104900
94946
76357
82704
38045
83531
75214
5229
92509
102306
60814
11508
57646
97182
98510
59605
32176
3699
36452
35112
117420
82272
80585
2910
61789
49391
78585
74331
43219
75002
30781
24910
115942
34772
725
73194
101079
108083
7266
73342
72327
45165
105177
109350
11296
39410
18512
56706
39998
116716
