27090
85033
67648
96600
23881
68894
91589
99027
53777
26399
62295
48207
40812
89592
97341
65997
85753
89694
99293
52271
47588
36901
104098
43214
23292
27707
11448
13866
60579
19979
63473
40324
363
93436
28915
82231
97364
47058
48819
1662
87305
98767
14806
7158
61678
53420
77874
47173
54566
72129
46697
26797
64160
77769
33632
58562
33762
8713
91710
87363
72098
98263
39195
12642
60724
77145
104481
45735
43984
9228
19068
38211
55660
94847
9626
56406
36617
27221
44510
55622
254
78483
103510
29979
99548
40723
75550
84262
82618
79267
74397
98144
98210
103397
98960
11266
75220
90165
105796
33890
49568
17305
52045
32059
88536
73678
81105
11224
39087
88141
67053
18846
90716
46533
50602
17365
83561
73442
22048
97780
33163
90029
90391
56405
24156
70819
105435
46883
45398
91923
39216
50948
76636
83923
28719
87755
71721
63312
82390
43646
85147
27685
31808
35129
66753
13829
10315
84397
67557
47009
96085
63107
76031
78865
40594
59979
51626
65705
38720
42487
42193
25459
46704
82089
76449
52464
65670
103985
64865
27501
13599
81076
103217
102550
29924
98151
24225
104069
45851
30582
102417
92041
27063
61772
19779
77884
79146
90633
42368
79659
4353
56623
19579
30839
51436
71935
80338
30819
47736
30601
79872
6612
97195
21628
5639
61375
89242
77029
31210
47220
18894
60161
15106
89045
40431
100279
27426
59286
20671
97893
81195
25382
41459
20232
12148
33573
1125
55166
106140
57206
89489
35707
99957
68094
36203
52213
38708
9044
88780
105225
77795
19916
91093
13462
5135
76594
69451
88452
35007
106668
104251
20039
95723
49316
59487
20948
54705
86810
24419
29256
87332
65426
61088
70469
9000
13564
99123
71893
62606
49750
95553
12236
21202
54521
26654
5883
86998
26206
85441
60123
71101
12408
89004
29691
84455
21638
56526
19678
84938
64089
94749
26003
46228
93302
43498
2276
75751
21306
9668
98496
41162
21961
29306
51808
71933
24678
60448
38523
7776
34705
104486
63179
41768
7826
7455
97884
34918
61942
66311
14875
21596
75428
102074
84751
36137
43451
46872
59615
72941
58691
91805
85818
17204
36326
88565
98008
62276
39426
8007
27161
42780
102191
26406
85387
84945
103855
64520
64747
49245
104646
7256
24849
45847
97164
47206
547
77063
58114
51821
2658
98055
89881
70348
31464
20336
31109
45952
47111
29942
105704
61047
80423
63361
8965
86734
69994
34948
38116
92357
48588
79326
27040
57689
34213
102791
29105
93357
89638
59842
38301
88662
90241
50496
96916
22188
39143
46559
77599
13668
99043
24499
76907
46057
58262
56073
40075
2611
37810
22302
89148
81377
57568
105767
72981
13708
68748
7870
19933
5986
103488
16819
78253
15940
92633
16847
19855
89721
24181
78055
49260
94913
79709
70154
22281
7354
1031
104304
75462
43477
61672
2115
93973
79666
58560
16499
63372
31339
81243
91789
85015
72781
58212
63629
83774
95368
67152
30645
70825
57341
47096
91183
56637
98337
87186
9282
29385
47766
70165
88120
55294
73240
12671
103499
53265
95366
16531
6702
6793
17339
40403
89665
19512
94124
56728
41945
41940
29272
66619
92176
65685
7414
19781
76545
32482
43300
96066
42856
77426
85418
82090
36671
66462
73482
28387
89746
22014
70680
20263
24650
41534
100359
40966
64843
99335
83396
40794
51921
98303
20946
94886
47228
71632
30447
105803
96097
84909
31011
102744
79132
54375
64694
86458
41107
101082
44393
94446
67842
492
10256
63418
96744
97215
1379
30544
61362
52676
51398
66271
16523
29363
8630
22451
91822
48811
41409
90984
63541
30249
52415
86690
28609
69981
49224
31419
37924
88374
93696
58613
93240
85958
6712
21810
43849
72325
67100
35403
96179
45334
10514
55467
78131
36273
11276
57003
32738
34542
88252
67268
85711
55177
14612
106780
26415
36898
33894
83217
92682
70049
88038
103944
48857
71659
70498
87650
70813
43934
29138
32149
7872
96515
82417
36384
53426
35547
18991
18597
93746
13187
59202
77529
10587
94598
23577
23118
100228
62597
50917
52611
4903
105085
88803
84948
60637
70282
3755
80109
94538
41048
61834
72776
95120
36066
40402
46892
63883
28688
103926
87132
98916
12155
20521
66797
30331
51655
44533
83302
26202
92956
97150
16179
85038
106726
67148
49156
68205
86791
86510
72176
101950
40083
28389
100561
77799
57567
54674
68937
42173
3912
25308
36113
19533
19392
48462
69556
100564
9350
3811
7220
90611
45580
26196
99882
34314
28363
15087
85046
8681
87700
94721
48957
48905
55844
87093
33570
21244
4458
67007
92786
97731
103976
83100
1652
45523
50832
77836
51117
39480
97761
94449
69178
40084
86752
32389
101226
39285
74285
29571
81908
65844
14322
91287
91718
101698
98348
4061
40721
89760
22980
104790
106738
58919
94488
81665
73377
44006
20869
81212
47642
43267
71363
2811
62560
76986
69384
49717
52570
5091
33108
31220
64448
27813
72559
42769
15606
64835
53654
59623
30090
42037
3594
2584
104456
24268
6984
23643
88086
57827
2367
68946
51346
11169
87358
86507
2327
87431
81397
11248
66761
6954
2289
57109
49126
52766
100283
61036
18954
31542
53041
95947
35043
40206
12951
3658
57279
52670
104231
105768
95673
97645
82818
38228
18867
88280
105006
57507
35670
42643
98421
76230
66977
92092
8900
34229
100780
11672
84687
102230
71662
26091
19942
86411
77455
63975
75108
73634
73238
41986
48913
11555
78183
62634
80911
33398
75672
97050
11193
55835
30867
15696
68176
65622
87016
8174
4717
86999
56216
75646
32910
22103
58321
20271
30298
21313
50470
21026
56053
96442
52812
13676
56960
31158
64004
73270
27843
13292
81970
51734
96948
37917
6674
43744
31121
47180
37318
76448
48000
34570
95277
59672
55243
10087
42921
20438
98671
59995
104265
53292
47177
92875
100748
55946
67937
87404
106079
24734
51281
18600
65724
50505
100198
71019
51533
42887
30315
78579
65819
56756
17380
81196
16503
74038
2760
311
84336
37081
40879
46638
94029
74498
85588
79636
25987
21394
3501
55798
63523
28048
76977
44207
95960
16339
48498
96845
58040
63148
82209
1474
83260
32048
80370
10954
57661
52046
91909
99074
88840
24940
94786
59751
6358
84901
86494
60982
47454
26586
72356
7543
95182
94368
60480
72980
36672
2224
73350
50103
5694
23057
85333
71118
15496
104156
67692
49735
10177
22376
80262
29499
81108
43766
6631
79019
25144
8879
57446
91588
64187
87995
83298
39897
3041
32646
25170
62078
20355
93259
18875
7886
64381
5364
22540
6768
56833
103108
4064
100698
75467
69431
23650
103116
19968
59560
43330
11622
16391
22342
37480
105102
38280
82075
77305
49585
59036
20159
35945
9368
45120
57186
92047
4340
105722
34478
32139
18849
29791
84721
10519
103260
76417
43088
74457
63045
62765
62483
6343
100788
25157
4256
16273
29022
592
50587
25244
84207
43060
99017
59235
8512
81023
60988
68753
20590
73378
85175
53617
80178
1463
82929
106433
10828
16627
74946
3030
58177
97344
15582
80011
7384
100588
18756
16839
24153
66814
39840
33169
9911
23490
73198
102485
74552
52572
101620
8860
105606
43953
32281
89910
23731
100681
66013
29305
56617
80601
82705
5072
103198
9611
9991
18309
19281
12872
31892
74214
912
54978
98571
70920
52742
33760
51686
1648
92417
79174
57672
72554
73961
1793
15341
29790
89807
74
98234
43517
58679
105994
43319
101795
47351
75757
76155
6241
87947
31270
103005
8724
33466
1083
9320
43809
2736
879
91891
62592
82046
88037
19991
80204
10989
84297
89875
10502
84411
104236
54770
89943
63777
99714
12897
8854
97371
8301
105026
41364
261
38265
10744
100123
68638
87902
24545
2114
25447
60475
101981
91005
61974
47721
70120
4245
101235
84433
10067
1406
43470
31902
21290
64410
94976
41560
94234
58301
40493
39959
15965
71711
62633
83752
77060
14543
12893
56598
52107
45177
15158
8208
55251
4382
20749
7476
87971
89577
73549
90023
29217
44841
51197
2450
105226
24424
70845
80528
14314
3660
31136
91255
80241
8610
78503
52640
73754
51516
105947
54154
28366
90258
9890
18680
53587
80006
104665
81664
91122
44947
38724
95911
82074
4276
102041
12366
93938
74338
83964
18344
1422
9787
39826
4739
85887
79117
62408
3688
62573
96211
40727
5630
52022
68954
39674
22229
77105
16785
98697
46160
71368
104171
35434
99785
32959
28310
72545
98543
91653
6930
3190
2964
97873
25119
50969
76779
58286
100661
58322
91361
89718
41790
56883
80727
13386
69110
70645
70083
32918
33726
82454
37135
47814
11251
7003
71998
30769
41548
42547
71993
8953
82221
92632
34914
6421
4960
87464
94319
71063
92303
105222
98147
17900
102482
50269
8351
56128
4337
97845
42816
38566
95473
23586
10905
98284
69039
4965
15418
29639
51964
22123
51723
25362
62190
9725
61920
89161
16220
89189
34653
83295
701
103764
64548
85663
73903
90215
59887
56147
24447
10108
66926
26779
7300
96920
35627
89248
97137
43963
86916
80802
57025
64765
76731
105249
41290
6311
26708
34328
104013
48997
20169
58386
58291
38962
80973
100071
60897
66033
6636
60163
41450
39384
9638
71785
78102
4892
29830
33042
106234
15170
56593
4400
63303
36991
39393
102451
17139
81787
23571
30722
23424
6491
94894
55780
18579
12915
57072
94952
47729
34997
74240
59309
24779
89097
60331
77341
21617
22131
38800
39550
91736
30474
84074
31489
56091
10154
31071
26038
99375
5960
95291
57067
55037
50833
8619
12119
88755
48893
17971
12626
94636
52264
46129
57505
2628
65888
23270
15697
80023
90868
64399
1166
14898
28722
62803
69049
54229
42743
37933
5222
80611
92286
10025
62533
103267
5670
50815
49921
83219
34255
18520
9731
55404
76934
67806
10589
13822
15123
53024
79915
53857
67505
57179
64443
49343
30300
50094
95974
83423
102703
82868
21581
16573
104204
30257
102605
7836
34957
23015
7492
103633
60969
26746
75838
89933
49627
19398
102708
96209
17366
6695
23768
20656
94593
76040
101518
64068
72877
89636
15457
79851
106104
62508
51432
70586
90666
33552
82975
37276
3080
71793
90816
60126
50300
83078
83049
32697
73175
81515
69367
14496
25913
96782
93218
65697
16238
87693
73784
93331
9758
1415
48992
25606
24590
85323
21762
85740
14292
94149
12227
65976
64778
106045
101783
36677
46475
20359
33058
105680
1899
124
77891
45775
28175
75907
42362
67099
101834
20763
29373
92330
104095
11874
58236
73260
34904
101249
8855
650
90941
42064
51234
22225
8892
38846
6499
52337
8510
43373
20592
91449
9021
64356
102370
85159
26102
103863
12904
47185
5024
82590
101448
21500
3167
25151
49701
37273
42145
96060
60165
3299
91214
25062
39611
43666
43019
97128
19838
38780
42176
4396
18037
52159
77130
77915
33410
24533
55204
71161
20308
64388
13655
51092
72668
61716
17755
27556
81249
99672
30383
67821
72785
97763
9984
20484
54247
20430
73418
77504
71473
52501
84448
34318
61721
92697
12256
97446
78293
3412
73684
64020
25336
31798
39013
87597
84897
64517
40185
47900
87613
95514
90648
25838
14970
39731
20060
36594
9896
5344
63807
46879
99102
102889
82940
25922
96351
16784
55524
51364
46788
98419
86023
86493
51580
60978
65465
62043
7429
56905
42639
85665
25017
91482
40964
45828
88151
16150
67009
75842
61670
97099
52962
47104
90096
67715
73217
63780
21555
36205
92610
3883
58172
58083
100004
98904
25510
2379
103580
72824
38377
48380
11920
32357
16704
18261
93923
21203
37489
53297
66211
82755
95449
61902
71227
50120
53628
82675
59899
1568
93369
35321
45425
58583
104954
86286
87521
24888
100032
55721
92023
86786
77264
60865
5875
22389
95040
47756
28362
17763
63450
63536
35691
88199
3203
90035
16237
68763
62161
76629
65245
2410
96594
102146
84321
81909
48678
70755
63023
73425
72918
43154
93771
90280
61004
55062
32392
10082
24249
49985
88072
13317
77700
56039
66087
71379
10748
7307
23355
58376
81546
5879
53978
47617
61079
39229
104768
64011
67333
46134
59335
81237
70739
77420
71610
90017
58934
6762
89404
1058
101889
39371
38414
17904
80504
73346
94541
101515
18310
97833
27325
54665
12053
41928
52099
34538
10438
22206
96834
56069
48115
87230
36856
42084
32711
86930
75984
74902
34795
68145
44473
96313
67124
2302
85118
102489
33038
83615
100741
88676
65679
58725
44864
95943
91279
37809
6381
97790
35638
48359
47434
8999
68186
10570
58153
534
21998
28247
25207
11174
41594
60540
29944
96681
81524
86996
106656
3182
92234
79968
41855
31630
47760
93783
18279
64725
16817
47678
63394
95129
30094
74047
25089
99202
69788
83637
46736
94303
21648
48892
93964
36392
24566
60337
93865
67481
24272
92304
88760
62938
41759
78699
99760
47039
73696
1726
106675
50920
70063
74862
32005
90102
13589
36608
85698
90911
33172
54127
47679
91953
71943
20503
32917
88146
50078
40372
30761
79615
94055
27162
8883
162
31552
30351
105802
59071
44259
10307
15859
52930
64853
26057
41461
80095
2831
8070
86361
29175
96893
51531
77749
77208
32330
12761
45458
106076
85132
82439
59093
80625
92270
42089
53283
100276
13313
71073
91903
43625
57139
67642
15494
73061
90222
17535
26624
59535
87354
87488
84110
90558
98325
75650
88217
32324
29227
30379
9206
38559
38012
70881
18392
14637
76966
78795
9110
66802
29566
61790
39579
51750
93538
50854
106408
23283
16082
89895
67170
64995
5191
67691
46433
23661
516
56330
58637
87432
16433
38707
106563
51844
87325
85399
66331
67913
57833
35313
98685
12774
98427
28894
18423
28207
89255
1976
41638
74661
57893
94871
97361
49291
59029
65699
45863
58097
68740
3348
56519
68078
89260
97103
35181
46388
8868
7698
24630
1512
97929
12929
44148
64445
103287
67167
20136
45111
54401
82637
79850
23565
71649
87415
38675
72760
20288
81199
97109
15808
22758
26479
66810
25143
85581
61519
53411
73306
22294
96631
11921
3898
68446
95802
81585
7723
48626
24103
97935
35248
3560
77793
69475
97198
37344
64216
37349
45731
103531
102903
51625
61525
22597
79376
92963
92828
71712
15743
85424
104873
29819
28344
3718
28300
21719
89412
90121
46324
2723
12070
51031
26025
36512
32057
66833
93659
5963
47764
25792
31095
83493
16293
81719
100376
52024
68837
1753
36280
62878
62635
29569
21211
24589
22775
28944
80060
105478
68281
31490
55438
11629
7642
72116
44873
29544
26541
24724
102221
5622
77240
79059
3170
20779
85286
102291
21280
12935
838
38766
92710
728
89560
57000
19668
49514
79280
28077
90203
41147
106019
21326
37985
52234
100874
22339
46476
104474
22663
18740
56652
77496
61178
50717
7755
38940
95281
25812
83479
59171
24612
76302
11079
95078
54167
19596
8077
25027
25556
45814
23369
86481
75039
65925
15541
37830
6231
50258
66841
105936
90204
87444
2257
88735
32454
42002
52447
68828
93680
19397
71152
11432
44045
6530
14168
61514
63202
10599
7218
41429
638
98087
28690
56423
79238
33049
51145
46018
39581
18508
77677
54579
18095
38020
55419
88710
51638
8967
57571
59812
50197
97057
23729
38163
8613
33958
79225
15227
31288
84782
95919
100293
61605
4570
48118
103933
85894
74803
6771
4746
60726
72829
24605
90234
96829
36239
1323
54196
7102
21035
11312
86279
8074
18996
16636
75216
11522
15588
10496
10417
69500
39083
64890
104991
69794
92674
41422
56258
1386
52568
26085
70170
6799
14428
29564
26192
48773
55273
22855
104642
30646
21823
11880
85896
15658
4229
50333
75444
58652
68518
106080
87079
88365
49964
63750
52077
102203
12283
18333
92359
24233
12917
80928
40152
5950
103824
102720
24623
98527
24497
3841
7352
1254
61250
2714
100410
71832
52392
51150
16826
93398
51229
67080
87867
15255
28059
32864
104000
57814
28051
51107
95944
70655
63329
46696
88920
85042
47778
24326
11287
9004
23493
7175
44585
9245
81139
88157
72711
53781
95952
66747
28836
55189
37553
84992
4568
39175
56941
65286
11794
73564
47665
71980
76524
44507
73091
60202
4219
54227
78343
65723
93747
81417
45908
33249
85230
98509
49449
97630
44248
72060
60315
15333
72837
7881
12057
69055
39588
50471
38036
74614
65322
43302
49832
20770
5588
14636
48322
34053
5771
87461
18545
58174
71572
88724
2036
31952
60696
51014
104258
13254
70683
24434
6470
15212
75173
16325
86760
50196
105349
106709
41982
90068
59488
78178
51465
26524
45752
15729
37543
98934
62138
35598
19415
38177
49080
76580
4363
2229
94896
33753
46663
86693
90105
62518
57791
83712
68289
98692
70044
4973
46073
106133
42858
328
33310
73520
26543
35988
6993
50878
104842
85751
54490
41714
12474
63227
75054
58391
4289
21676
88642
6836
14909
14344
39703
27864
82771
102069
46988
105741
45153
76925
99120
32384
26830
8603
88450
70005
97301
66915
87301
50768
48724
11074
42328
35283
49745
60871
45992
15755
46642
60949
74659
14561
60638
105002
80441
87666
81952
83263
44668
101247
35211
44170
16510
42963
78959
38931
53399
59008
18639
4047
69312
104213
35825
44765
15981
21775
80286
83054
101255
22388
29074
20129
20643
58459
49170
74857
95416
58252
106274
72870
14868
44146
37585
69871
68676
37261
46610
94548
42458
53289
3546
79956
86193
49691
75175
69167
55280
79181
55406
15912
20049
34817
6827
66333
79080
36997
35996
92722
8151
36716
33143
31752
85459
69478
43885
57566
7973
77936
73130
78531
56549
67872
24281
46174
28171
85504
64582
24474
54360
66220
63340
23647
89559
83165
87540
43471
105798
32279
22113
45377
8985
33200
97553
60891
62299
104182
25952
20866
93566
35325
58491
48232
64258
80021
69931
67461
63688
26448
73833
77625
26861
63260
95645
56054
95690
53925
52192
42167
95695
37000
65695
99185
17713
71214
49603
103176
40725
100148
20705
67880
45521
86872
94585
19520
22757
52954
5657
104432
55350
11674
20744
66981
101735
70812
52304
57719
10965
51380
45823
11438
59379
66175
41054
9421
43820
33454
77026
34257
78965
10572
51706
6840
89409
17046
69086
58149
83909
75819
8438
1112
84093
37237
14957
100653
6279
40743
68768
10650
14210
93640
17811
88636
14670
21465
104230
24282
51108
90995
100161
52497
104426
23800
9348
88546
48092
85840
66008
54668
84476
98520
90807
46221
1390
31167
23465
45866
105220
46748
58493
15010
63140
105395
86097
35984
50469
11910
84265
47897
84635
63846
48643
26028
64833
98384
62618
76238
3681
15707
64343
59104
63034
78125
32602
3670
57242
89385
12879
12599
4002
81324
80428
19985
29260
106546
101726
99651
78990
34894
70352
33701
5241
42984
5390
71952
103640
90338
94558
26610
7478
4335
89960
13310
73031
64711
26955
66057
7904
69075
19621
57836
68723
86142
83060
73500
96913
59068
39358
43717
12125
59112
37926
10470
12934
4435
36733
30119
4946
89356
75464
99313
89570
56082
86907
4722
71693
100931
43892
102746
102332
44267
7092
38247
64576
24523
88232
906
65785
15301
15750
86927
97424
25090
83253
1448
64184
941
3409
66221
38563
19285
59598
44056
98186
14737
36294
8976
57677
94345
48850
93038
16868
54276
51211
93321
7987
47652
86045
70013
60455
5615
25765
80275
53078
5753
88795
80487
105232
78555
53618
64681
21768
46197
13671
52754
66541
67662
26775
21703
91570
54606
100969
8308
64670
1543
3359
67834
104272
16694
21018
29225
30107
91770
43548
3881
58701
43405
59781
33368
92928
61832
62539
57876
40658
34472
104275
80568
63845
91379
84892
33264
68862
5170
48122
49473
100057
64906
35742
23063
80191
68876
79768
16626
61819
6645
83482
94766
36848
70183
39775
3709
100246
95515
96273
91868
4826
28062
30610
89393
65910
53117
88516
35777
34436
25565
22161
15055
59399
35257
103355
70996
14490
35968
30599
80832
74420
24649
95128
46715
73793
25632
34808
83115
16491
28106
83675
44663
30160
4953
76621
48772
62220
2282
37199
44708
70125
58667
85548
100163
90970
101717
68410
50317
94376
22676
18001
31349
9593
101843
91698
4152
48239
96067
17932
85354
6462
44470
83315
19564
53001
70445
79448
50950
87855
72366
32248
13741
29527
101412
96011
2374
69387
35161
89880
69095
99584
53192
48419
79989
8219
84841
28501
94108
29896
85757
46825
60305
43262
102587
61789
15083
33329
58630
90696
63382
44612
68810
1531
860
79432
75667
101741
71946
41611
81009
58394
60832
53471
105754
89997
24338
48142
27927
77768
81493
47028
43642
105674
65835
89016
49907
70430
13162
78552
42336
44583
27411
93543
19492
62834
1004
36094
41571
44984
83277
272
77041
91650
32112
97411
9914
50104
26590
94577
52226
14956
46029
31913
24021
106143
32197
29967
12328
45890
69390
63606
51763
2377
8333
49957
51749
20222
33565
62301
103507
96666
55187
35935
4619
41914
47310
44476
14273
67064
95074
19625
68784
5029
101955
41574
19886
24717
89425
10418
40944
13446
104586
6327
69516
78763
17740
40122
82735
93560
91634
91535
48337
104671
4038
42774
78433
89929
58937
68773
9405
12783
5782
72266
55003
10355
102775
78808
40624
87794
105565
27803
35486
56241
101449
23564
26106
72898
72404
77687
99678
7688
91881
62798
90148
65732
50513
26291
67029
58669
59786
52379
4715
62502
28483
70483
67747
15225
55222
1603
47319
19211
9452
60734
35725
51383
48638
12014
83326
90881
62721
74747
11132
55672
3603
37443
38775
51372
22656
82549
24529
54793
78362
35569
60975
66639
31390
19008
6494
40143
28355
13879
95446
8344
12226
6051
84370
103968
38223
39751
66795
68677
100422
10214
923
46143
81255
102882
36823
80438
96842
17
82965
29596
91437
15254
73274
5653
85074
98191
9620
40357
34524
67737
2273
11506
50698
26898
61880
62902
13895
35589
90098
93318
34289
83744
47303
14854
103099
64980
46186
57374
88651
24857
28140
92987
37513
7182
20246
54593
19626
77477
67960
13311
79936
20447
59120
100468
12459
91231
89237
106815
48150
52947
56173
80741
63932
39738
72127
18812
44209
14905
95948
73284
32892
5028
96683
79717
14585
90452
11039
26726
55228
88907
1655
68680
96117
20175
17097
56111
98028
2193
37118
60205
9576
26887
54692
1380
47929
11440
23043
12089
38974
53275
31728
30559
90244
39465
37855
78101
23549
30564
79603
34852
105558
81307
77370
74007
21739
38731
81872
103457
103201
3610
33980
71499
55441
26140
29324
30835
58979
39627
88893
61864
83444
78277
3786
106099
84434
83081
64647
59926
101652
88310
10649
35307
87950
60687
84534
48745
24607
28824
1192
86606
92989
62310
106070
13547
81685
71256
37549
21108
51250
99808
66163
22049
70357
48176
74478
101212
85772
45518
77003
58587
102803
16240
69230
66411
51306
93288
61371
19253
67092
32283
78160
76237
85849
79831
58985
85129
82510
35356
94280
83025
12469
30112
99986
67773
82002
20101
77650
48412
91765
15431
1943
66019
47420
23960
47992
54361
66436
1288
46235
81089
61359
15233
36841
11264
37630
91826
17966
106187
75474
101343
37125
64501
31702
2642
12232
15508
72070
68211
3580
16774
27530
35133
60921
13852
12973
93417
43860
45591
59116
88402
6881
19644
9305
10512
93830
4407
66438
15037
21868
77906
68626
89359
17849
37418
106618
69762
85439
35489
27295
55495
34485
9480
10883
86749
6270
74312
33893
42662
43944
61296
41505
37086
61899
79223
1645
85705
30506
26622
53246
49014
94927
51330
99112
13662
91673
1142
71215
88666
95255
36703
38144
77231
51602
10262
57412
3293
104766
36351
81006
95426
54321
38795
66111
69634
65626
18251
36893
92262
30163
60477
12482
18073
15454
97182
43377
4899
91003
88195
48702
95761
63301
65013
28255
18678
36197
85677
80722
71789
44400
6671
92418
27909
27573
37155
36101
3730
5164
100603
21856
42503
87108
39560
38710
92221
18995
81338
78359
14734
88018
101348
3590
33692
54917
90886
66533
30445
39797
19932
67282
41722
85452
817
7118
100996
57391
5319
91074
87705
51477
66642
67750
64727
84670
37955
26273
93053
9752
62147
79537
37991
78553
95259
10443
11510
34169
2871
52621
56699
104378
79613
94795
8939
89956
23145
61468
77722
45755
18524
16693
105860
39755
7859
38399
6757
10297
100632
79541
13515
34675
79671
96360
46803
8573
10815
97558
75194
29097
44063
32765
25789
54317
31528
59137
61032
31371
102566
56864
68488
50272
22994
90316
44628
104315
35009
42099
61499
89819
52092
103695
1850
10506
12252
15082
50116
74999
32770
1383
51028
103016
44650
101998
28739
52496
13191
88749
58131
101422
45263
77673
20794
44273
92812
41898
53929
32429
76932
72908
16991
79672
60278
79728
102215
73774
34024
3543
83290
54474
84471
60416
29731
98184
53284
1672
53787
100922
103285
76695
2475
25548
17319
74078
30784
68049
13574
47268
11953
66121
50640
22836
9704
40572
36956
66918
88171
29338
83142
11139
79693
103216
32275
17422
76163
80334
63876
66805
5026
45481
4714
34980
89484
9471
59670
106810
75666
77657
99324
53544
40245
8966
54622
39783
59664
74224
47671
32582
91823
105062
13095
77580
54977
12678
83406
80041
10136
1877
38548
39910
45230
50432
100050
89995
89283
16566
79761
83849
92408
4684
33490
87924
18498
3386
105857
16761
20743
50292
47587
59462
62019
19787
46541
82036
11895
29879
103564
86901
99907
62856
88615
63874
105039
29003
38274
56813
42582
92323
76754
40841
33477
27597
99269
69370
81995
12890
95993
43503
75075
83107
19996
38526
28674
66910
4808
46865
12476
81609
70628
30540
86970
12248
19217
24790
57013
96932
52182
37157
95721
69105
12759
31885
10731
39869
82838
50210
46999
97534
16579
56783
16267
43450
49033
77156
71264
78123
95913
65947
28858
13855
84708
39419
80186
22827
102726
67813
16019
16369
73311
106272
79179
99003
61994
86057
61481
78780
76822
33104
13680
68043
44904
41907
7444
30466
68389
104536
11750
8426
55380
38914
58185
97447
93095
35713
81782
54457
44912
61859
67201
12369
56097
72767
56936
38520
102862
58293
14757
47137
103962
92094
47109
21476
80304
81332
74120
55287
84206
70772
35319
52837
35757
51948
106683
46995
6039
68014
31795
94358
45395
53031
75859
74507
6731
14362
12285
49052
3441
95996
78568
29822
10781
2099
41516
27323
97573
83806
44618
47703
63292
30000
8448
53365
35114
81247
61033
10644
7254
67162
29746
7239
89113
43883
41078
92186
75455
20525
93515
20776
93048
34762
105227
99366
99645
76284
40523
80531
91216
13924
62206
17348
14867
55794
82096
79219
17209
4428
78484
51430
102968
41766
35304
15184
39900
74516
52750
90876
81091
70374
66570
20157
43136
6504
26690
19459
74139
9169
13048
75835
90094
95863
104125
53518
22309
96354
42130
70906
5719
69473
2228
106146
49571
88099
41877
80680
23273
37728
77688
81729
14997
63472
79431
44622
73994
48008
93741
61562
93561
96300
77008
18638
37668
56316
67350
65115
70849
48215
88306
40899
26428
51191
71840
18951
864
96390
100782
76777
83855
1620
70303
32993
96639
76101
67949
42269
1165
7321
1129
83937
43213
30313
76324
88693
80776
90169
71803
51498
39704
63965
80045
17134
71996
35756
106203
10787
45622
37850
77454
40716
32672
66449
34233
42537
13567
42040
86263
44244
29655
28292
95187
90
29177
48288
100688
96671
61874
59351
77912
21311
94313
425
44134
38794
19301
75438
38807
22845
92913
45492
11052
30719
77179
66074
16088
11182
44504
42535
38856
13109
972
76794
7874
2122
30659
30154
17112
22485
18079
16469
28325
54823
21421
40417
75015
4314
43446
93424
33710
95439
64071
104305
7380
47549
94587
53012
28167
91429
101523
106106
64996
60179
105709
1731
45654
65200
77086
19395
70458
85325
20234
104088
24196
39656
53955
33568
4936
82785
61549
16895
53771
26482
62576
29279
8139
61748
46785
37706
36724
66839
23869
55632
23701
22159
1769
70156
7323
69730
6141
39491
681
21680
71437
6707
38981
86805
98442
18163
76857
30027
79429
10595
71986
37773
40745
12247
58763
88507
35261
79638
30622
380
54934
53108
26886
106684
9694
18760
1304
982
104824
47078
84566
91217
19526
47590
81429
21718
52425
76955
11189
101516
12127
88260
74005
14398
18779
33595
58090
2027
32024
79378
102887
16949
54165
31640
61978
46794
47553
98610
34603
47272
94830
62485
16549
6224
80539
86756
5916
99861
23834
96982
22399
76513
76134
82884
45913
51582
102572
20674
38947
36233
19850
104022
94372
53412
102848
78078
28696
35846
65545
103015
96395
65354
43874
74989
49824
93489
80486
103766
98135
8178
54563
5054
75922
68774
90266
96704
62233
67292
90737
93392
87028
12326
73244
41895
43575
7879
6675
28034
56896
70442
102800
14923
33421
36794
91944
58666
95546
23222
82229
40609
54102
60854
41351
14325
89732
89171
82370
2142
79291
82176
48049
47581
29457
71737
79297
70778
101415
71691
89726
48613
63437
63896
4906
39311
46268
79755
103768
84634
36291
101028
74109
65621
26190
77952
22356
89972
50461
21538
46426
24781
13293
91739
54467
41156
80126
50584
94472
2765
56684
102480
37574
19667
41948
84515
58136
99549
58029
85227
32882
50031
102832
27825
18490
39122
34210
34721
71134
74804
48794
21514
96785
24436
71936
11619
63124
51599
66968
100539
2730
75558
83203
49334
27079
19456
79416
14029
87840
34098
34971
75283
96377
4266
42731
1983
61083
92034
97113
43911
84185
17314
68228
65435
103572
29340
44441
99150
42787
75180
45039
38645
3481
47295
36083
33938
54309
17670
85328
15792
28938
46441
44703
67382
58799
3241
7775
80497
43500
87370
31772
105396
95231
51132
26697
49221
40755
59391
103674
38551
47701
14164
70951
46334
91011
33857
33533
28346
16330
41198
87982
2548
98439
95247
23056
26132
50500
48046
28280
12020
105317
97444
92298
34444
21295
31736
57367
38579
11324
72456
41964
37335
34429
33928
48620
91701
10912
30668
81257
84876
35747
1368
27300
21325
52367
4923
43518
45093
94930
49662
82685
98399
99909
40452
60868
10861
7608
25614
26075
89891
95855
17621
16892
60920
31061
100438
96392
65029
14082
83459
79948
18323
47257
95549
106334
82047
66632
105159
80833
11778
35042
4287
43007
45368
32351
62540
1267
101191
56800
52290
100585
61239
35806
31858
82482
17308
6090
88999
9624
43985
42413
28984
27418
20851
103202
94058
13518
11165
64621
39149
69923
80673
55930
70490
80873
87318
89808
89461
63137
67579
8590
103527
88593
38915
4444
92049
106487
23993
80435
3086
6892
59267
56628
38664
81346
81252
42929
39996
72205
82076
43308
35832
98776
84136
89765
37901
55665
56133
78147
31641
96524
18066
9777
64860
62785
68925
3548
7570
10064
34697
75144
93422
79811
23874
13565
98773
31889
70330
62766
80119
52730
54131
28982
68095
50712
50542
12939
14895
44195
51475
11872
65461
97932
36290
51388
42166
104131
86788
90070
40160
31837
31532
40667
65503
2545
35074
91702
96772
105059
55504
25193
36306
91843
106397
25227
47491
64033
95758
49286
35809
102450
98880
15866
15119
79979
104369
56865
4362
69641
42313
40514
45945
21681
94653
71612
61972
104246
46303
34225
41577
22442
3025
77684
58285
50383
44643
5558
47592
74895
49122
72388
57725
7748
63781
105761
21714
106381
66446
12201
83043
61801
36111
100717
63151
22657
80978
71732
34095
50823
8773
65780
102778
18127
86253
58744
68765
96675
75235
102303
16044
85874
37537
92458
86409
68268
73432
76817
29932
18891
54817
5763
73898
26960
263
55249
530
57585
97488
99997
28038
105327
24587
97726
20539
105891
25610
42445
20046
58296
26044
1822
61391
37021
68582
40969
64939
98589
5586
50259
48825
16335
23346
75514
90218
27560
82218
43787
65443
47066
93065
8596
15067
18979
79795
98158
97638
61995
9446
39181
339
105932
25446
93735
105846
101070
80072
26052
57100
20594
56422
48994
65617
96482
26249
88678
78629
51987
99968
24489
45302
35088
24968
83048
30900
90837
12097
40478
36706
66520
14438
105673
87324
51662
77209
73541
34849
15583
66330
46920
20358
45096
47890
75279
71641
48490
29823
3447
7276
20975
90009
65646
33357
16259
106016
12658
70307
64759
1732
27703
71087
92420
76554
41179
72890
22279
20191
9840
13270
14593
16164
16486
78951
23945
53602
11585
31836
2698
61687
71065
56616
86693
79265
81320
20975
44266
98581
54093
45393
