59238
51029
38942
43370
41297
47115
34897
60325
49531
46341
17251
78511
41624
45990
68677
60087
77616
80541
48835
10521
29322
38826
54819
66450
55288
9855
64690
26791
40790
82290
77666
28251
2395
79866
15023
73525
35731
29016
1004
46238
57189
75064
30894
42154
38595
27205
41564
46052
9356
11314
678
1258
70415
16622
63086
71289
16823
28704
5761
60747
52733
68151
22337
68539
70537
54484
15165
11106
11155
52099
80919
70782
63421
43898
40496
19010
44135
13284
51872
43388
37369
74781
21798
33672
47253
26650
30052
17393
19032
75470
55105
55537
57545
44742
76016
34357
70534
57877
8996
49322
35707
52877
31357
64171
55378
20537
54066
65399
22350
53716
25729
55168
11681
72841
61624
48856
66619
11715
65493
37483
36541
54310
24245
55782
66564
81156
30961
77722
80333
42846
77971
5827
19613
69510
52776
17176
61268
83218
25751
20241
51088
60275
36849
15513
52054
4720
45282
13078
37004
80881
73055
33098
19658
53324
24838
37422
46838
82764
20092
36914
33401
49805
28443
24668
9790
37646
38812
50167
18316
75388
78065
45166
84236
35652
6394
65756
44854
46252
10954
77485
82434
51380
64176
67522
50331
44464
41756
48543
69268
22763
61691
14298
18278
56265
44879
46613
43151
18579
40925
77838
77831
25381
46761
16062
57349
1818
25406
2675
35176
11459
54629
12931
4095
3242
83051
19001
81202
63301
68276
77147
78363
52909
5338
50361
49046
30544
1318
42827
80396
32837
46506
18459
9543
64132
15943
29754
47815
55314
64098
40952
10452
12664
53566
59944
59527
10251
56464
6644
70754
1625
10753
45701
8465
33081
42608
65356
9890
73272
79179
5572
52094
14954
7381
55388
71946
79983
60620
81355
72091
34142
67306
35804
33180
67631
79146
29406
29729
15747
23573
39227
43006
36751
32439
27280
27650
76468
47916
68231
66157
34755
4309
70354
81971
34775
44386
75085
49699
9877
7014
54922
9418
35296
14873
37661
53135
15481
14508
59140
1904
45343
27690
33782
25290
68943
77605
51359
83120
82238
52112
78348
10783
43287
36965
33348
6992
65687
42675
64550
24571
31684
11176
16935
4829
24158
26513
36276
8100
18480
67835
64543
59007
49516
59013
21394
66696
44047
42929
73653
30111
20671
69719
26620
26636
71345
22990
4442
5036
61679
70526
20863
7774
59523
5791
3399
859
61767
69004
80345
63571
49578
57172
61563
47521
6224
37268
30222
27757
35863
64088
21427
69846
44231
58667
67590
66326
10781
53103
68905
2723
76932
34595
23072
57671
58628
71048
22841
78340
30987
16951
57589
21035
82473
23223
31956
46237
65298
55703
61458
36449
60295
2795
46849
63702
52248
8791
21534
81215
14868
38020
47901
74555
30413
27643
57078
82952
64825
35584
21778
76275
20472
22762
81796
60417
36781
2369
8177
37324
69433
15030
69119
18608
78655
22428
27581
29038
22389
18902
36273
17405
69976
76731
26605
36767
52475
79944
79844
15368
23625
53262
34697
42370
35893
14137
67537
41563
36546
82194
18724
36642
53526
22910
83188
72596
81344
16468
50113
36304
19202
47828
2865
26564
25160
77168
42076
47827
17005
24547
53060
15291
21663
57198
53150
51207
11688
2913
12006
44162
21545
18875
82221
15128
53263
84063
25585
16552
66927
82892
32508
7822
28327
52527
23779
57193
15103
30702
57917
63491
38865
74628
4651
68038
13250
3198
9749
47561
3707
30183
69276
75518
51225
79206
7062
12065
12875
50453
10897
45304
18402
27542
62572
69761
40756
7472
26324
50071
78207
30885
71157
76685
10536
17981
14849
21774
16259
64517
50660
23032
48267
403
19591
51824
74775
4279
41410
52454
19334
44668
79860
65305
83114
36905
17261
19864
72014
52930
4253
17345
23882
35305
64671
79450
73054
82915
21152
47014
34983
27507
63253
20482
30800
5502
6283
17371
79604
39939
42400
16862
73205
45736
45295
24440
81011
58804
14977
46469
49534
68071
52466
1484
81135
54991
29808
82059
12170
63962
59059
32871
69443
52529
70510
76847
24279
71794
9215
22911
57991
57713
76443
27476
82183
44866
39566
68349
19647
64682
41725
54901
36352
42300
64134
17813
7059
59918
21530
40839
46791
54798
49366
22425
65205
79298
34542
37203
1894
12004
7832
43544
50367
70065
50484
70638
62967
53916
35046
12013
74871
73656
53882
6116
23826
66984
52630
5302
9390
26561
58109
72440
76068
58356
56373
67549
13607
36487
47028
66948
47719
6877
29763
4367
59045
17066
4427
60563
43537
15132
5081
18448
83958
15370
50311
83149
48341
43611
20267
1189
29475
79802
6264
45604
71449
37994
34206
2110
5979
78342
32364
56501
12827
83160
57764
21675
49182
15209
45112
50602
77872
26248
3145
65822
6974
30564
22187
17533
73450
68640
36565
62275
77251
21353
28740
17942
32827
76111
82394
49587
78052
54802
77489
64133
35765
57385
28044
58929
4197
19882
79292
61485
83941
72197
25932
14149
14686
16659
6411
29272
55510
70593
7706
15977
68189
69164
64336
63749
23700
52053
82649
56843
56884
6076
42220
55431
17121
58565
16569
48203
52479
67783
61565
60160
44440
51096
17166
33263
36922
64363
29788
84086
60714
41593
9681
43096
19847
50796
76373
17545
68804
50135
28961
12718
20897
34657
13077
13655
50624
80287
49687
60661
22167
74616
6377
19865
22269
79459
7729
39519
23249
32677
35370
65193
58783
43211
57727
52470
24131
7415
71235
26841
29429
71990
57035
21118
73227
76090
10725
40041
68441
66966
34026
19855
81515
51379
74503
25620
47021
60084
78543
27492
17967
16741
16756
36361
70762
11574
83005
66167
15490
78064
3170
69016
37609
59351
53265
22888
53465
53950
83148
80955
61722
22002
16814
32272
50876
83904
74008
30991
67280
77179
18453
18777
35556
65869
36151
33937
61900
80432
43768
200
42191
10179
54370
58566
73484
45005
17359
32611
53297
72646
83488
9150
33062
35663
8129
47540
78935
69834
51865
69693
26054
60569
44525
26410
62625
17747
76191
58463
23413
3046
62972
40108
13904
55291
31796
38208
19980
15294
169
24088
25969
69723
81184
44496
68715
46996
37451
4935
4098
10600
15657
78306
13261
18354
54834
11641
20670
44952
56266
6941
57144
60785
54283
43575
74479
12348
23892
25104
1682
84136
18877
6753
18976
40025
25343
65269
3462
4356
45950
31121
21102
4750
82588
24707
44785
14946
57781
31839
37561
41440
74585
64436
69048
1046
62194
35675
83384
54254
27321
42745
47553
45530
13328
66693
8214
17333
29795
31240
54601
13401
51442
53832
74894
81912
30375
8721
50166
13024
38460
57766
72172
29170
4056
61290
38848
47897
34661
48713
11343
12769
14748
6528
62867
80624
1621
1064
51527
69451
29607
80449
5605
16927
44683
42100
62002
55646
4700
28844
40993
75299
12644
38793
47230
39670
69777
13663
73617
62213
83183
40160
12539
6079
808
44348
75175
35509
29969
56040
67114
37594
57050
30777
2515
62938
38209
21119
8379
18304
82534
39128
13600
70307
23843
31450
54659
13638
72171
10670
81466
74839
15570
53202
31513
2822
37309
75334
51317
30024
75507
51223
82943
41154
80123
71217
12970
75418
17102
79809
28065
6755
44179
38412
23572
3949
53307
61418
81385
64158
73991
51806
45954
11299
77464
62715
18526
58099
76616
47945
16470
30972
57584
42343
61882
65289
62874
21912
32523
71364
32506
6409
77741
29862
73882
17316
62468
4418
51166
15044
42514
75422
3882
56194
23703
69708
73596
46711
48373
49910
59979
14152
60119
64079
82078
69026
33192
24841
3477
75978
6599
20195
36213
65536
78492
1641
2533
64320
8377
82624
82111
82129
55892
4172
78167
54181
51114
47522
324
55356
59287
73869
72941
13275
58464
65170
11318
59802
19447
82869
65645
65396
8111
21589
80998
33515
51888
64913
990
72911
66823
14355
75526
83533
20149
44740
61634
33411
25834
81724
2052
2143
81052
1866
48154
46132
59162
60073
75460
32693
3620
7564
15578
23663
21881
65567
39045
56878
10314
31888
4798
37482
55807
80703
20577
64229
11774
34603
54253
3888
53414
78855
68104
38824
39161
28851
69973
22514
25635
26488
1481
62241
62135
40557
33486
15070
9588
76048
44709
61561
64699
74641
20473
36534
36812
77159
8827
41243
61746
57649
17078
42565
1385
61124
75610
18147
4234
20819
32494
83569
24105
48647
82713
66829
55737
71040
15281
750
61945
12525
24116
15483
71837
62768
60519
34433
31024
14831
49332
42934
77408
57860
20509
55692
42769
83863
29677
24326
65561
27572
27394
65748
55147
57870
45757
4026
65068
42495
72420
61326
42141
34948
14535
48628
11931
57005
36535
7919
83046
15436
26824
876
47235
27086
33292
63452
7905
30291
79697
72136
50461
65521
5165
65122
81407
8218
669
20792
40969
50313
11382
71059
16019
42813
26341
57618
32131
8577
69590
52530
57478
83078
39018
68108
42496
27163
55757
51924
62398
25208
2271
43584
33390
1329
74010
76606
4879
56727
25793
62757
31610
41523
14557
24197
32577
46775
711
32155
50055
49054
76764
52465
55881
77695
76801
67554
52862
56766
52588
46000
62675
69883
67080
82964
4696
72584
56366
29115
83724
11300
59614
54406
10680
55094
60917
38941
18730
60753
33997
42879
10395
56245
23238
83150
81164
9217
71707
32187
40530
12503
63601
2892
79759
75929
50667
63064
10541
18146
50158
48524
64881
74207
46559
5053
21925
21018
77781
2403
631
4215
34048
71732
46019
44923
73964
8990
77863
74303
17379
80362
61465
41301
13413
36601
260
80496
76895
7800
42486
78245
28232
60093
69140
64396
65734
2542
58517
42344
48072
59219
27725
83062
22904
33103
58975
4116
44929
35394
48243
74967
51894
10163
71473
75041
68422
50551
9911
77085
36353
25527
29993
5471
35363
74468
41337
27
19809
25562
18993
18206
48221
38799
8169
2731
82079
11960
16417
72677
19315
61544
24816
74917
18024
13106
54555
1852
53907
76810
64204
49193
47094
36682
79451
21679
65079
52618
13533
39309
74764
54056
11220
24366
24843
59132
68436
62327
63056
17480
11594
75939
41361
55251
7953
67883
63858
8106
49867
5803
2304
67462
49554
6879
66079
41365
19607
73330
117
31058
398
49376
6204
44807
60003
74007
63364
26796
6051
59891
76241
9483
10490
17752
12830
43840
58119
21361
59200
24779
52191
64106
29656
64533
20727
84198
23752
54662
36060
42556
10348
1368
64736
23192
46343
12533
12114
5368
63489
48101
38654
17000
71762
29562
26638
41680
9784
16904
47070
21036
76613
57311
5105
4081
2466
1415
70485
44064
28470
42851
6416
17800
83087
39899
31171
12164
32980
17009
29026
7094
27214
17074
49789
74842
41331
2973
48070
77116
62634
32201
7260
18423
772
23252
45066
67422
57602
55297
2153
3515
72419
33273
22523
64762
43313
64933
23606
6112
39027
43834
10537
31149
66390
23121
78317
10556
70892
62465
70751
56171
51408
63033
69802
53774
2792
5623
53205
898
27489
35390
27729
41099
56179
64624
50251
76600
31466
15765
51187
2401
34118
60330
7794
80327
24801
8829
8896
32923
65729
75156
70141
16783
45709
41933
54664
14031
24333
37458
67168
41505
68202
50719
66400
75918
16498
52854
21621
56490
63353
61182
21158
51401
52632
11117
24751
11506
67713
18759
55644
56829
81744
13815
21549
51908
70659
62582
52247
70258
29752
16433
12289
29988
71582
353
48393
1846
55235
39264
68496
4178
723
45763
42913
39162
76412
26898
34452
20861
12061
41917
54423
39040
6994
66960
10304
13860
54955
69001
28942
15414
4599
13403
44987
45501
20917
40882
77033
33278
63329
28675
2670
73201
30701
34736
61430
12714
42375
17149
23335
12221
55813
46173
33058
9818
6180
41735
59439
13012
53092
28070
1588
2844
54238
26027
7252
41641
46485
4704
2469
83579
17742
29284
2063
15052
9336
3465
22417
30187
4502
65182
76419
81442
80108
78772
81685
9226
12649
37144
49295
69452
53315
19796
15074
79258
41896
32805
32219
53811
7227
48833
1795
40398
20696
74719
26697
34614
37326
74222
18601
33280
62063
35820
8625
18493
69657
66596
72519
61514
44582
8529
68167
76045
57819
4344
37452
26943
65761
5914
58486
29388
66233
76956
79538
1547
9652
43011
49212
46523
15560
66633
7689
816
22483
69749
33539
63986
72570
10260
33458
71744
68821
474
35504
67655
46753
60762
23260
46138
63853
80344
30993
3218
26739
33006
50373
79428
62871
63917
3422
52131
17861
15888
39588
10095
34770
55348
70713
12038
20367
2305
37786
20457
65174
71887
6572
18856
51631
74906
12382
48630
35956
30977
39957
71260
4866
3987
37595
26298
26736
68744
1613
50451
35020
71911
30365
67369
77244
34802
65223
74285
24789
79376
43033
5230
825
15687
67699
78701
56509
82453
21561
61714
26963
34494
39164
82613
50495
70563
19637
6487
75049
74930
23272
56493
926
14111
625
65997
60908
17376
45742
1534
58848
8868
54771
78380
21225
34867
35486
39834
16001
54360
48510
53207
77076
77083
83297
23581
37556
9670
36217
32753
4101
27432
44031
53515
6291
81412
83940
77649
53567
50114
12707
5263
27264
43745
74741
84065
49029
16631
77596
37851
72073
34536
43015
7638
27802
16356
37005
76255
61913
55261
64092
53108
61216
22678
64580
84118
28273
3277
62307
39946
6705
17207
33864
28855
46256
7926
31736
56627
29401
70407
22395
24264
52980
35088
54278
3545
33446
56459
42260
35144
4567
60582
51566
45422
82686
43083
25464
20038
25495
75241
27329
79165
8245
15065
32768
46137
42209
20871
70955
40915
71605
27074
60586
50053
22391
19775
50242
20053
23036
62711
12563
20532
82495
30759
3914
27677
6725
20347
71969
32190
54019
866
78060
62633
28302
11781
67300
51810
63713
10297
39709
28943
53488
77460
16361
12981
39765
64529
17142
76857
84091
54255
5532
11746
11536
47084
3768
81324
45755
14738
20585
12694
54672
6660
42062
31464
78844
61790
6384
33503
12198
82147
68759
33549
79654
79996
63626
53385
18650
29647
612
33769
11553
28916
81914
57022
60280
22717
45079
22004
34903
39075
58898
23248
8555
73651
31793
79255
6223
56258
59476
81659
29936
21088
26917
27330
60090
59765
21639
81048
57324
12627
4615
22305
19849
4346
60350
77141
15675
18275
53320
47281
127
47505
34734
78556
26909
39401
16428
28913
72258
38100
53661
59005
19380
34583
8471
36443
66476
48365
47726
29473
64383
39147
34373
12139
2163
59247
77111
38471
51707
26191
13178
18236
67913
25204
82377
18733
48338
58502
19045
81727
81418
63006
68885
3055
52722
64967
63331
6805
8593
11745
35348
63907
56736
26738
35571
80224
12169
1147
46001
26179
76808
72654
293
31478
82343
68743
32200
71384
48726
32853
6737
25602
67943
34236
6429
4824
17896
55534
43956
71769
35027
13817
3258
32979
76477
30608
43410
31224
12544
24627
23118
77135
14602
19718
52638
5039
20309
37626
58031
38845
48750
46267
80249
10530
15004
37726
82968
9721
50856
17955
5919
81452
41882
2860
47817
44259
25403
68141
30062
61233
4895
32301
506
43477
45811
74689
10865
41806
73498
1012
48135
11222
49991
80517
6954
19550
81999
2779
8288
7843
16787
37642
16669
29874
26895
3816
17558
35235
83411
54250
54613
18056
7600
24736
72832
38954
17824
37119
80578
59169
11365
11551
47626
39325
73864
70076
65228
72375
74108
16217
22215
74610
51816
70686
35132
63307
66173
55182
68120
19015
14606
74901
52910
9761
51101
40096
55538
59364
60376
5777
7165
70305
18912
6739
43715
31260
84097
12023
49829
64962
36766
18607
84088
7258
30968
8388
67595
25163
5835
52643
2700
65841
27888
5231
5298
38631
78276
68204
1506
11188
19832
1671
22058
35304
17788
31695
6966
52352
22467
57032
8794
20752
79256
81513
73134
6085
56929
42665
41172
35895
66389
15215
21886
64012
65284
46203
27465
66153
81185
12734
28506
25257
47579
79518
75907
14064
60541
17471
11734
49048
76312
62424
80956
49195
12269
71986
57073
65043
76813
14388
30672
511
46938
43622
12071
39315
71995
1430
48716
1670
12626
51267
73564
40785
76603
63824
930
37187
68725
67599
31346
7485
40703
14737
62962
55952
76745
77590
45822
60117
55913
27187
38735
14883
83612
27793
79602
43144
71599
45904
66464
36986
4864
70730
21863
28021
22936
8616
65047
79134
43603
41867
54156
46591
31042
61207
55519
9075
45122
51654
8700
83585
51246
36091
69784
8544
80433
15193
537
11181
77059
37281
30559
38979
70811
24115
12871
24193
17198
4492
42482
32734
38474
17982
25530
75273
11362
16409
17979
9076
17525
78625
32073
57797
42558
37366
39465
70265
48006
6205
16271
50595
35479
22724
50911
41990
47895
81550
5746
52423
32800
76823
30474
26852
80487
13388
75747
456
78241
69413
64008
5854
22180
81177
75265
62142
63832
61325
27145
40102
51983
35095
51405
50077
54103
58245
48688
35491
29430
4159
67938
32794
63475
8369
42293
66377
11959
76325
9805
36194
68867
50631
56505
20077
39950
18703
55087
20340
54252
77437
51553
14615
22045
70231
17787
27579
39116
84068
82909
10484
864
69411
30446
38202
9716
30469
35297
22930
77283
43206
50023
72207
82092
82096
62046
79523
46034
41615
11183
17724
17326
33315
64027
71054
12610
34463
8127
21192
43913
7932
14493
40767
51388
84248
49015
9816
51281
55056
48562
57488
4760
15780
8402
66303
18232
7392
73749
9641
9261
19690
24792
81000
58706
75523
29042
35953
18739
70852
81922
9943
55652
68417
58278
40028
34584
22652
6977
16236
29273
36062
80873
23956
54578
47361
64980
59843
50674
44254
5296
46562
21974
75233
65978
79694
47477
66312
84158
74023
23821
8386
6477
60002
71755
66869
77559
24520
47888
44044
26671
48547
73281
57258
83489
51658
76134
66314
75038
61046
61158
51361
30124
4078
48171
54432
19805
26764
11844
33128
58316
16005
59753
68306
55968
53067
22881
82030
71559
9675
45978
61963
80542
70223
62484
30572
75831
17305
12899
39020
5168
83242
10035
76697
53166
8482
15786
67391
32847
24314
64401
59928
72269
77014
30064
72003
70590
6084
28114
42668
40563
2578
37979
37604
72265
18058
50097
26045
782
45810
20233
28998
73474
69315
56865
62284
34311
24985
37337
19549
64465
6427
44996
52878
45983
62301
79465
73618
25848
75342
19670
7154
38670
37139
6580
39450
72059
28103
83250
11454
8521
70062
48145
28581
72955
7147
20829
38924
47127
1793
3675
5337
62378
44639
10977
49822
58500
81715
39218
62496
41650
20376
19531
5044
53462
74698
17592
76740
82746
66714
57329
11517
68466
74247
52049
10127
29206
499
5702
46768
3512
37619
82589
53116
67603
75538
25597
78946
20960
23160
26205
44132
65797
64456
55875
45577
801
17792
27297
62900
56110
62806
65639
37149
77564
52438
7316
46280
38672
72573
52716
67581
49681
10153
27852
13038
9631
79922
21334
76036
4528
24140
39541
50609
80018
64399
72964
13558
4125
4622
12280
83224
52983
40374
37409
47171
52803
42971
42810
13734
51309
23592
8716
42015
17997
46240
2762
71742
69354
55342
1047
21509
42790
51784
74192
81787
14099
38008
33041
16954
37659
39923
14175
61056
12891
13448
81821
48992
47844
5373
40940
57533
16475
62873
28353
62995
21410
61467
60848
31038
81751
59857
27796
84200
54746
78314
50038
45498
25560
63768
25432
15655
30629
72025
43054
49680
9450
4446
79630
16667
28137
72538
8398
38491
59466
7396
28424
25471
19844
80005
66874
76430
29543
83791
14431
82752
42552
40361
51417
81546
40669
44221
13402
4211
49873
57131
35271
2750
80411
61363
14914
3479
70672
29192
64687
17044
16093
47444
46093
72462
30137
72565
4758
39271
16966
28651
56204
83214
78881
44415
22852
63503
43030
15261
18622
72295
56711
27544
287
5256
51009
22149
82961
17203
75456
71649
46331
12847
38945
38648
68595
19733
2392
7945
78763
24354
24080
14291
12715
61353
80772
57633
18736
22756
57913
43806
24943
77069
51001
24364
59893
53454
16839
80723
13676
70775
49901
4059
8495
82936
79455
73751
61127
1567
7142
21364
82089
25973
24199
40418
5424
5828
61566
44167
54642
69931
40589
33003
73567
19122
60578
47545
57957
42997
50292
65212
83680
48198
79778
1565
14034
72878
2801
80903
23461
11787
67790
1977
83725
21606
53044
37697
64530
31728
57173
19990
9629
4929
3804
77959
3825
80786
19182
28592
40401
3834
32839
21433
52278
38262
56432
61505
34714
49817
15518
13478
24215
35807
11830
36322
44833
32953
29851
52321
77956
8246
52748
81587
47422
20115
8749
58403
34953
57950
80708
71179
25287
19167
22468
41528
65631
15196
47109
4532
6370
1411
66992
13150
862
35428
83444
69499
66342
78280
28013
52133
29609
59919
61293
79259
18344
23902
5507
19934
33599
13146
25101
37544
19580
20230
59733
19856
35136
4655
75195
68693
9854
1529
80806
38869
70676
39402
31546
43116
59993
45340
50590
20426
48934
74032
61622
47531
48280
45865
23025
75789
43638
14331
36727
14663
16152
52340
61541
19552
47149
18337
56228
70216
74512
21153
41713
12590
60787
29422
20270
58321
80122
23600
10259
25202
28213
37871
43065
52323
50885
45500
22994
59392
58314
4825
64186
40799
8230
29965
40556
10175
8432
41054
16947
27562
44239
23888
50203
4187
17295
57859
72365
21680
51198
46022
66806
446
69727
1574
24917
29031
64468
45348
44724
2260
71577
38048
38809
10929
10664
15194
65466
6746
33202
36778
38597
26783
14312
12324
13798
34938
57470
3278
62420
80014
44229
14194
44670
27032
3892
9995
66664
52789
56299
391
14584
16068
52995
61288
15980
16602
42163
41966
18560
26161
51476
79817
59702
42821
32584
24261
33946
28779
77035
50227
70737
58814
59553
56828
69086
30178
71985
6628
39274
18186
33959
39968
30136
32807
54338
76611
59231
81273
4033
81266
71784
7644
37538
53005
82188
17475
80833
23730
70908
61165
69005
62043
26874
29095
80239
71871
72209
58563
50548
35244
76072
6227
62784
30530
54885
36153
900
17088
23152
17643
6136
23769
82114
66037
32811
47160
42506
83032
54203
66213
3139
26141
67279
4514
46737
63318
7205
13921
7259
49605
12380
6861
14416
53918
80451
56956
56537
9081
73386
54685
68383
25182
83809
28712
58495
11765
53162
52412
12856
14683
54397
42666
6310
28500
81528
41113
64520
1946
71485
49967
60143
64566
28635
8086
526
9689
16147
76790
56487
30749
27168
68840
45892
45321
52333
18572
63666
56099
45378
16684
52357
81387
21366
69336
46563
3489
48209
46827
6776
78495
19750
54126
36115
31628
56526
3320
49166
29525
82493
10671
72604
14532
78847
80952
29785
72768
72807
63321
73109
49326
63563
59300
20152
67598
4242
38127
69799
39479
19683
77120
78648
249
71812
28904
30138
73950
23299
1278
77685
10305
56503
8569
37477
764
56281
59201
27491
26807
75007
39124
52
17093
42825
35061
74695
17523
38182
83928
75435
77543
43354
68947
65999
69284
58252
15188
47255
10019
18456
66747
3758
6666
27334
58743
15329
48390
11668
53959
12356
27146
82733
27697
73910
41822
41061
80615
83389
24759
9331
84023
26353
58455
32477
57624
51433
76670
75438
44786
47292
54979
18084
47360
65923
51889
72033
53284
48646
60387
17073
48883
16960
1201
31968
52828
14808
13613
72166
50118
7993
9620
82912
65562
56943
32309
77542
71155
31122
8438
32018
20318
61636
61470
14080
80165
7302
76200
26657
41049
73424
60670
20763
70823
33141
32706
5710
69984
69770
36355
55989
44359
26270
18039
75251
3147
16319
55779
43552
19748
44976
77647
22140
73932
47874
52793
12648
49494
19762
52489
23998
25946
51434
53204
48253
68250
16898
20249
5180
13897
30510
63032
1751
81765
40338
49106
80160
53010
12446
63365
23139
45141
59474
61501
22682
37403
19919
16796
68506
41459
34655
33999
71646
38702
62257
80072
78622
69083
14370
26086
38203
21788
50572
61003
73304
66284
83158
4227
74674
51270
14467
49260
37124
67151
25176
78626
35787
39066
22155
74100
75920
49280
62164
50652
65197
70854
63010
51368
37855
3340
18959
78668
16171
82518
28545
1571
72789
5527
26336
2893
19264
39996
14632
70198
8639
32400
19682
50643
80949
17609
59511
3899
45400
23502
14716
57058
15533
66085
75053
61420
69906
26861
28513
35764
48527
22124
44376
2432
24428
11376
47596
30340
268
55546
74000
31075
51622
61235
83511
79707
67523
42947
74186
11575
48686
4205
50263
63095
59052
2537
2252
71715
81363
47290
83610
53356
51565
5069
56533
81119
2582
8049
19970
42582
80285
28447
82816
69480
20549
17805
82796
32410
70893
53692
64453
17811
6799
62570
7167
44066
25483
11004
7350
52685
47451
68358
20316
35078
14943
26883
13277
31894
20073
71445
525
2293
28473
187
14649
19493
800
83175
82091
78819
54277
24572
9827
36549
16218
47904
45363
10855
13861
15864
37652
49940
64656
12208
40021
30754
66712
82389
74521
24365
1520
14330
32389
21171
19220
72203
63270
69043
55907
49165
579
16345
60642
53319
43937
48871
69162
22921
8287
44402
51138
41098
33638
76661
15318
67408
41721
12088
8772
33703
1557
61402
33108
35714
24762
7744
82802
24310
25728
65387
59929
30088
2511
52232
20859
30973
34175
54281
50746
6523
71571
34659
32501
33981
5847
62207
11695
13993
40470
14721
26039
7347
8123
29595
29519
84184
45115
83979
51851
70683
57650
77586
21625
26327
73041
64393
84002
23314
25958
77688
3920
4747
34887
44845
3719
73639
57121
77620
18722
13964
18428
62302
17842
22108
41367
76350
29428
27940
68860
10446
31192
26307
66677
80835
10456
41784
61166
84122
11961
15093
55704
44693
3292
29641
59403
76370
66386
8511
2568
73813
15676
10852
68836
19651
22484
14622
57103
66311
47986
17746
58625
74175
78365
68094
28040
4138
26921
65192
70840
38499
5708
33673
11096
52282
32692
14158
9798
83509
27412
56705
65345
72626
37806
35109
40917
39441
9453
28772
12045
35642
11854
48130
18231
44489
31623
83760
75765
36590
52471
55353
18011
74332
39891
84060
6103
82154
65127
23525
48450
7767
48511
45987
14050
13627
66462
11660
39889
81229
13763
69917
51785
45829
40617
36427
47849
48501
69166
58713
34958
35069
28212
35049
19223
60078
41978
37602
25708
73174
63522
52269
50832
63721
58820
11480
82933
17526
67908
34412
3026
56567
1913
30985
40381
70169
5937
44947
58718
18772
73916
77710
64024
11764
27193
32398
53158
65814
33256
78200
21393
56547
73904
4222
39861
72069
1052
19006
12689
71201
13689
44723
66778
31255
65652
73261
6557
25554
20019
64439
13423
45773
83029
70308
29186
51990
58660
71107
3205
38786
66475
59279
23959
13809
80162
16835
13570
53228
3586
9580
10860
726
2612
3856
57832
74774
33168
82274
82436
76128
3828
59851
17152
48290
64135
10637
54356
21543
60048
26721
40613
82254
52642
22356
39235
73434
5892
66222
80379
3568
50640
71295
56644
17277
6347
64946
60696
16073
76584
79290
21416
21498
36948
76126
15047
81569
23836
39951
30866
60599
73232
44314
12191
73785
59516
23286
44779
680
9896
17749
62256
32114
11036
84090
16046
44614
34229
232
51799
39930
49411
12430
26522
32081
16391
30686
3201
77707
20054
13722
34733
25549
10581
62488
12966
49063
29285
64005
1657
48141
31468
60116
45912
35223
14354
16406
36082
65890
78475
29771
55632
25449
80300
70662
59406
25496
4496
57180
18444
30144
50871
6253
4342
71168
15991
22148
52949
12951
17797
58994
33859
76664
81939
3956
18814
62460
49489
5306
35484
69136
61399
32285
46825
9541
42023
12589
29960
8226
48931
40329
1876
33722
14058
463
37294
22644
41993
70663
65264
60309
4177
68919
50836
54815
3333
9429
15878
1206
30148
14903
24320
54498
75992
65126
74493
13372
20539
84110
36485
60215
50494
40170
23232
31119
2364
65591
62410
73966
46786
81380
949
70154
79890
75604
63839
33501
57018
24171
5197
27637
12819
18004
45745
76627
37400
15804
41880
71973
60560
44838
40155
46930
4846
21631
18832
76098
74218
23199
62979
59097
48283
34715
70591
27004
33215
65261
25990
12407
64317
33648
29791
59991
39814
23077
29373
71989
65086
21024
6393
52812
20377
23066
49638
58741
65760
25915
51022
16891
63235
55919
75928
25340
31645
76580
69296
52795
47825
25476
71292
27742
47336
51704
27891
52093
35650
77307
10472
50550
7651
25822
80080
67187
61754
4196
83231
43426
79180
33521
40315
39980
74924
64953
19384
41382
51884
16258
2604
57923
66580
434
72952
7543
37436
50678
69619
47575
18486
33185
19530
64219
39724
75973
42644
67364
30361
53887
74273
23301
43026
3908
46715
32056
65237
75060
61392
37418
34409
51569
29878
46538
50444
8840
1609
29383
53187
65032
54210
17322
14192
75138
80843
79740
79688
34947
8179
43324
82117
23028
74238
26599
48287
73208
37317
28977
24688
34819
1618
67432
27217
46953
26187
7716
39728
18451
74251
74036
68895
62644
21748
27513
26701
68972
42993
66873
67372
26029
74838
8844
34304
24471
3598
39692
66348
52569
73764
76216
78290
6634
74103
8158
11667
846
38058
11680
83195
14597
5488
71776
16826
25662
73574
6382
28277
16858
68461
20059
17235
18396
65414
30476
17535
27133
3569
54882
60508
20933
24243
27730
64007
29518
27470
49826
52664
29735
60053
38866
75624
70821
10676
48939
64634
30952
42930
69685
12864
25617
80608
59564
55868
46456
35146
9323
18816
24003
9683
53681
2532
39038
75855
52279
46805
83316
79859
9952
15431
68320
26575
65323
72147
30008
14358
34573
44725
6638
63332
83341
67739
62596
9978
19198
6809
40203
66451
10355
64347
56463
79221
73673
52045
7206
38510
40927
22295
80053
25778
37055
76724
82877
79
69421
45245
39170
15972
56937
40576
40755
77931
41715
7137
15087
4114
8584
68861
71863
71023
69103
30501
1578
71483
70978
52553
40245
3519
55121
35015
18602
53813
13973
54396
50887
67785
25731
82834
55511
66140
49716
55513
55204
970
83352
59741
37926
67534
1703
47677
39113
14366
45168
83583
56249
5725
28275
78681
16516
66687
78168
21021
79444
5103
56648
24542
53713
36210
25428
6463
61672
56381
27366
75399
2147
58866
22705
56510
82675
8363
28821
4401
83728
80964
80471
31170
16347
15983
30395
5384
61385
77608
47781
54554
24673
49314
78433
23955
65467
7666
80262
61214
61593
49885
21567
82109
83957
17804
58885
39305
31589
67227
23414
75206
36994
77732
30075
17467
45968
66409
3464
18196
39851
52897
19478
10873
34954
76417
37762
10438
80019
34690
78303
31831
73023
18565
252
65222
51501
48004
43888
77123
65420
63852
77677
19463
72580
27013
82743
68314
21957
59611
57926
35580
18894
58762
20639
28644
60358
15937
75302
19096
12236
57191
60380
38990
61442
43824
50937
24795
29598
53858
52958
644
81869
31235
38492
73761
72187
32904
24517
11702
2873
7878
50374
10359
12866
72694
6098
29355
63245
64260
63611
40140
1726
26947
45779
53971
75798
3092
16686
29682
66892
7404
43948
60529
4406
9562
35188
82281
13145
58731
22373
37596
52198
30191
12012
73220
80414
7041
71253
38376
23355
2993
8977
14635
20987
43951
3187
70533
79828
21763
8980
80216
7859
48851
7522
13240
4656
1837
19037
39902
11247
21431
53643
31055
76446
18550
72178
35361
26089
19991
8370
5668
31849
6635
17875
78144
11420
35689
82579
25860
62974
71548
53908
36463
16548
6252
275
76529
30097
60651
39243
10517
73782
34565
20739
82709
45116
58585
59761
49466
28885
74380
23838
36297
10213
12918
16167
42629
35879
67341
40941
74846
73153
28822
34695
36198
562
64609
53471
13298
36808
41579
76893
25199
50524
44966
52474
10282
16437
79293
28840
1212
75252
21893
76853
82989
34742
65452
15151
52850
69264
24732
47943
32123
31530
5428
13776
53171
47268
75231
71821
41931
56221
80868
8952
4575
67193
78439
2456
36792
31104
14038
54468
83189
62695
13608
68582
20406
69909
75383
4739
80765
31705
22809
41068
73352
47659
67020
83358
55558
7191
49004
68498
38850
74932
50162
57143
12648
60554
37343
64989
65563
58650
50223
23138
44657
76924
45962
75656
71758
41624
40402
3427
49272
49917
3145
10162
49281
