38132
17731
88005
60365
46936
51
48313
50901
112030
22028
48393
18235
108836
45266
67271
107321
65123
88279
43150
74075
66317
29330
2705
41840
96555
64293
58161
84380
111804
3273
102250
82867
27467
24061
58047
95607
57993
3100
26480
3825
27354
54004
25417
22740
103698
55445
69556
43122
54660
61732
100198
109650
7433
41422
18902
92519
37477
4875
43760
70147
869
34484
10219
41617
43991
77421
8114
73911
53561
86405
42619
55577
98524
29441
14275
24430
23371
105966
31888
22813
30423
47814
31973
62697
91308
71712
2827
111233
10894
55262
59373
61322
94575
39452
6745
63720
54925
110682
103738
79002
173
66223
41949
22549
52537
2689
101667
9288
104338
10059
8896
24905
24479
76184
40500
7211
19907
35406
106464
5230
110037
31114
102390
56848
22824
75508
78724
22826
106646
71451
65413
21243
79623
98230
71276
41090
53703
87788
85689
38022
56798
64064
47627
47391
80853
105941
24384
90004
25485
56709
75720
31231
68288
60348
104897
78217
102513
52345
101787
35387
79552
31493
79835
80439
73313
63836
1144
1679
65722
111863
60455
33101
45338
10897
98242
96045
63576
41657
6648
28973
2371
29650
88952
12679
90782
13235
70623
58856
94450
72883
60018
95964
86453
42613
60942
108234
57831
95524
45316
77139
16006
73080
12329
59321
15663
71387
53299
84244
62863
4717
97541
43391
80290
29423
50557
79482
42889
111319
20478
75656
14130
96901
80457
29482
36658
104027
90926
49115
109072
11127
96722
27188
96617
23852
1215
81190
90252
24138
51590
75084
74122
98875
24466
90618
99829
90932
43361
71717
84278
18033
69935
111255
76589
67360
19692
109494
33497
19828
63861
109794
91472
26718
29006
78106
6032
102762
21425
20712
90361
112042
78998
20944
30380
75521
3176
49205
63561
83652
70369
76012
18764
6085
82402
107443
1170
8493
62147
53801
10655
68963
48254
53575
109744
71935
96957
52377
72997
98076
33131
19326
106672
32140
80446
96916
43989
110205
29005
77439
772
91384
62346
36249
98226
42942
50560
19366
71943
41939
68324
58996
103639
35818
89352
103397
55033
110904
76897
101059
87410
74621
56916
84082
24660
46399
43715
8590
58202
80576
44453
52305
103688
12348
103276
81444
78680
53083
110226
42870
16833
23372
5406
65325
23438
9089
48266
64831
99745
5538
38210
92259
40107
66939
7815
62520
90621
106824
2003
53034
69158
50892
106575
24849
76780
109759
70869
111339
91434
42807
51294
58884
6867
101836
38410
70883
81695
17888
33891
94956
76406
14894
33098
78852
31975
109599
53811
94077
17315
74779
62879
104130
37153
32046
46420
100245
77425
106781
34250
86460
74700
36400
12621
70638
79735
19713
92733
20299
45942
46404
47810
98509
50951
75831
95662
34881
111710
44704
79096
13711
14073
51981
2905
98246
70401
100124
85133
62374
4982
72092
77492
7169
36993
16110
93587
51446
48638
71584
44077
109307
61485
13022
40038
42817
67697
74280
87263
17962
72455
81547
87291
98283
109395
104591
76361
68588
54167
60125
31478
1376
65153
30185
103064
73924
93440
87554
24747
103874
87123
98931
75291
106102
10237
83677
29437
64594
102979
43273
65565
25812
14140
37787
52880
26353
42277
15324
25169
23357
79879
11723
28535
22620
104828
73700
99725
41344
49745
178
109465
59956
4048
53306
38418
4868
71171
1909
44014
33047
62026
85390
68212
3362
59469
79528
8683
23446
55979
19781
76174
51548
21982
72919
33723
68615
31520
39728
33214
104137
19928
25346
107094
60481
77926
77464
69549
108302
51845
103138
40169
102482
18645
9811
92612
2710
3248
23044
63465
41679
95272
57485
33895
517
69436
83842
29562
49721
84776
63369
32882
44297
60153
190
69841
58683
102192
21830
76349
25736
109485
74921
2455
86144
83751
107909
37692
79916
95488
34009
41432
35141
9836
58796
3979
111170
31579
9374
34453
57560
94329
97143
331
34959
57283
101032
59112
17150
53471
6918
86358
18657
97324
11072
13170
89661
7713
36587
110359
30628
65460
83429
4329
85860
105645
50254
85991
102804
110404
23529
102017
86554
62259
24432
5942
12880
89313
17261
110173
13660
38357
94531
51713
20348
112311
80185
75760
98805
77573
3932
106816
77621
51118
48256
80102
100738
251
6991
73389
108283
67364
59092
30274
105720
3112
1973
53835
15687
72042
45413
56911
33579
111268
104588
74633
69473
68422
50614
68453
82282
55228
105670
73666
32954
45422
43637
81390
111421
33060
27386
14867
98251
69870
54180
77037
68895
94004
106462
50346
50756
22772
74942
3041
62350
99183
76696
82085
53463
66526
27509
55526
8870
110823
76593
78725
21785
44100
628
26568
85510
20138
103346
90981
101753
34517
84705
76517
78449
5681
74767
83519
14297
91221
98556
15028
17725
35103
5303
95840
58177
64503
7973
55269
41441
20410
86471
24975
85595
71691
36054
14119
18734
95956
81081
68548
59204
77843
11487
75476
59591
22586
81905
9355
18569
59478
80587
1208
26262
108284
98209
15618
59768
15566
79856
27982
105583
60501
99955
423
95290
58969
56912
64719
40800
107517
40231
73039
55519
100121
87992
91715
29357
54060
31918
34485
54131
92493
69591
79381
83791
50971
21792
98866
26003
62604
78863
74873
76227
65139
52852
64672
35919
32218
48066
58610
56486
63809
53159
47646
79992
41255
111142
4233
75952
93262
79170
64486
107329
51099
49235
108638
53794
48549
13413
100566
105745
48246
59471
9818
11662
55990
11288
99579
77441
91287
87352
58281
100218
105274
88155
104769
18107
51309
70525
35199
29344
65941
44664
72847
13485
47010
93870
48164
67269
2744
88817
52694
59367
23602
56593
90836
105347
82719
13889
29473
6706
24754
79634
108430
68221
64510
100598
67729
36544
2402
51117
87187
4260
98854
58968
43934
76842
23194
71819
101109
28831
27433
91589
12911
74683
100586
71558
72222
2789
45446
72907
22898
92517
6515
4320
22516
59433
3295
73479
50455
10600
85605
81027
31517
88096
24623
9538
81726
108918
46312
100433
28456
100852
40996
103221
26571
77238
7786
1625
21939
62998
68409
33707
48508
9203
71453
45026
52572
78815
57870
9794
86196
96186
103865
109272
12015
57257
28654
71911
18341
68072
11793
102130
68678
8316
30246
32430
94035
77639
515
108001
46177
76078
36830
51184
61164
71527
47613
65832
33290
37265
101944
79546
102784
60875
42903
89343
67416
95434
4290
39252
39230
44582
98953
881
8887
4777
16224
110936
97685
52100
52332
63612
53870
51331
75281
48970
104585
99848
77924
55252
17057
78468
95350
91188
34838
109197
3822
106532
12284
98896
2142
6563
36560
82059
63044
96811
96180
105178
52978
83447
84829
18103
19061
43038
103530
109803
89382
4376
59702
36758
27539
79716
46759
37507
97104
19555
12425
66179
7180
93899
73635
62482
50881
102327
73068
10108
91668
47837
100579
21753
69033
42548
72724
31970
56647
3941
84513
110484
104288
101138
34604
91452
35583
36310
12778
84793
44845
16813
14763
63543
69100
91812
67142
16508
91033
65053
57862
54174
53424
36128
40949
80975
75622
44555
94153
56542
104258
14395
88600
2216
14559
371
37239
108777
61558
73909
41364
27118
65809
41252
43511
68181
6061
40480
38609
3857
15228
86428
6223
85492
74120
9222
75461
54937
80292
12563
3734
19965
63641
74299
28790
102575
111132
60095
39515
27438
74040
67194
33938
55933
13582
27908
59886
34667
93854
30626
61698
108506
69820
67032
12591
36956
37702
71692
2161
14273
66518
54294
78063
50368
10250
109120
68445
41440
103161
31591
28225
103909
100997
97687
24698
71864
14481
70215
84911
93448
29607
100005
30277
106372
19579
68725
24497
93720
20258
76665
21685
92283
17459
104751
12588
40293
87396
69679
44003
106897
46910
105987
60215
41598
2814
59731
26157
80694
71922
111156
2808
63242
48193
83824
57107
7344
61563
51955
29021
108959
74952
8456
25222
26611
50083
111840
66141
63950
106228
71809
71905
33152
89794
13782
96113
93607
94074
5586
98606
48195
98540
2968
50857
31934
1696
36823
30245
72450
13769
83158
72244
44036
50281
72537
17236
79758
81355
107933
9101
52028
77921
11062
36082
7481
85086
63315
91102
3020
19261
108619
82226
104865
6520
76712
66841
85018
17720
23590
59393
41317
111161
66040
64956
28710
80346
55753
17090
39960
51838
84575
77308
82323
48959
18707
88771
655
4760
8759
112019
106649
14257
4740
42981
78492
15367
21540
78979
99046
107796
40824
3508
30581
57377
31090
20051
12682
100926
36209
41471
65539
61626
98347
93832
38920
106326
53724
59918
15042
83635
96874
92606
99095
64632
104634
90616
94776
85502
92195
43911
21879
32092
71705
44708
55201
5952
1112
65880
21449
100072
37526
35083
92006
50587
35969
82969
36604
36038
36629
57754
19532
50773
18432
57695
27873
83162
70015
2482
49076
96860
40095
1358
14156
71064
52256
96803
104300
16942
25379
29270
95985
98266
20989
44461
78337
85477
105159
74381
103415
67378
50002
18084
110843
16325
102843
8732
42426
96229
93289
77234
60600
102246
75510
77715
14505
41821
24408
99984
106237
338
103425
95855
39615
47825
70018
11153
557
34636
50060
30652
99620
76424
74913
39588
17313
24537
108673
86689
42883
110295
103021
92607
83838
13789
73125
24204
80287
8768
19514
18270
100981
98286
26965
81287
59004
88868
786
85653
103169
20753
2859
28669
43399
31193
7332
67454
11672
15496
97993
57606
92166
86395
5217
21070
1571
9946
49030
54465
20875
101975
5650
105886
53539
101579
49971
21536
14935
5
30710
28374
45578
70816
32113
80113
104439
33899
67034
61869
356
6360
27290
75158
76983
8133
59571
67499
34102
28294
12191
11642
111000
30123
65677
29637
99138
105514
40860
51881
52288
60768
76757
50868
2474
65532
14004
16672
34492
70319
75916
87113
13694
1828
57175
14531
64964
88970
109957
85692
53804
41503
8060
98772
74124
28893
76115
75472
84363
41820
71460
92863
86993
81823
83508
88894
58571
646
32552
15002
57463
48234
10239
95438
32130
78606
84910
38502
58089
25537
52802
75913
73684
36228
107647
13345
97443
20881
64220
106549
55247
83625
15273
108471
74691
22127
7954
4678
36067
27902
38637
52940
78946
56104
107967
103880
1790
74687
12929
58465
18346
80711
92844
36820
86383
81117
64847
9412
44264
71009
98902
102528
75536
67772
103059
100696
28112
63218
94865
25278
41099
6343
27428
77823
80161
4210
48834
106209
65931
39035
69062
62121
66208
63240
44564
97208
67052
50265
27486
29594
106974
12234
100248
52110
66136
76203
75564
30971
81753
45426
21708
8124
57496
80191
97860
23745
105519
47369
68601
87281
101190
29647
18599
107563
111083
34423
41561
33923
56899
82341
57393
75061
97247
12169
67854
75065
30161
14485
22175
32885
60102
97419
109268
77422
60130
41964
95782
75723
84367
63117
35507
100220
2378
83040
65337
69475
35468
9971
85448
65073
18887
64792
92427
25246
18322
35609
84603
39850
80949
61625
30314
79616
23451
98220
111700
4258
99064
1775
7700
103717
34873
87450
105013
19226
92643
102547
2274
24947
109228
26344
94768
88504
98280
91834
11392
33867
77627
15766
100555
24807
70596
62889
91933
102241
95179
88663
99149
61604
9839
80896
89922
84354
110460
103845
50533
94034
81697
4502
26432
12004
53863
52685
87119
9677
8591
32396
81363
16883
75174
43008
10047
27163
46260
37874
30702
105866
84607
82133
34512
28726
68082
36231
56762
103453
89788
25037
68125
92547
84527
20397
54469
79602
15707
103330
79447
82995
80540
91029
64193
88038
93856
90286
39576
15046
107890
15902
86908
62718
5623
43634
51808
75961
11480
86659
109836
35817
93747
16724
103707
12280
96233
64667
76280
40663
14345
104226
105574
63062
15531
5804
3917
79501
41256
62986
105263
22759
41728
66650
89454
106004
17921
52386
42232
56044
18477
11128
103576
79468
90400
92712
47383
14418
109224
33970
69491
23537
104017
93283
39761
49914
93837
44964
48693
16658
105374
30545
78194
43071
68014
40065
31905
9560
40297
14396
60532
71456
94873
80580
4425
63619
33144
89184
107652
69388
81148
103342
111567
12746
43833
60640
4353
27531
73473
22106
103135
80123
70074
83954
107904
91586
51709
33328
17916
97043
7154
19582
61054
47549
73139
45011
29307
6827
68472
100681
56547
36234
54857
39792
17350
43685
105949
39579
47272
67997
25668
9118
77833
87610
53657
11436
26671
1704
109151
23294
57209
60870
31002
66110
2126
9988
10929
100736
31611
100443
83031
27863
43414
22334
15148
46874
39650
82021
52248
17626
38326
62637
23862
106989
17192
85294
15055
89221
48550
44841
43206
58053
102059
101341
43617
57245
91967
110960
40640
75387
110737
97843
44595
92801
2199
9664
88674
75234
108958
97794
111841
85957
8532
101535
67121
88807
99456
88932
106769
107889
68269
59098
105975
87124
64183
48136
109083
96061
66868
43666
44373
28805
71623
82414
1609
22834
20549
60956
29314
22626
70495
84920
43674
16276
24373
591
36734
61763
71894
64904
50797
107764
9415
26306
80504
71405
62608
45730
54083
90134
41816
24609
23299
4972
94291
78328
23715
84092
27150
37158
72051
71647
105194
47588
89504
88368
56301
25855
11884
39402
33121
63940
96012
1537
79549
64898
69917
27604
15575
58000
34945
434
82131
58646
51572
21628
31178
73538
104349
66692
6629
82432
6254
31334
102706
35316
41066
43568
52658
77073
24197
77388
77282
93954
44397
58552
14715
83025
23416
84892
30548
7294
68028
32601
106684
72756
43502
61135
102591
89022
35602
79971
51639
81227
111047
81520
25354
92781
2393
84427
27469
91115
90254
24433
106165
81411
26464
84740
83056
97725
46351
101333
96995
107427
8740
496
85993
70467
48284
95598
23018
103509
32369
9411
42090
108338
16588
41591
100864
65149
3974
99816
32281
24907
105412
96998
56426
42795
34802
38203
30005
105995
8342
49421
1032
23215
26409
10609
38863
21610
25318
30160
52682
75484
62948
47279
58903
46539
25877
15006
104733
34707
34634
109501
86432
67044
74839
6656
89213
95572
82473
6383
47102
70732
41866
103311
86755
16962
66230
9563
76216
42991
47657
26013
96705
56839
99722
86163
35626
25788
54897
87203
56512
67302
5928
79544
62554
68704
68381
68457
6963
72627
58962
61489
101206
29137
9803
35220
17264
39860
108562
80789
4348
35072
94976
14952
93966
71269
8829
55243
74104
39417
59018
49222
65948
40048
100271
103192
56522
81810
106970
89999
13878
1013
17735
77302
52911
86553
53142
103317
52946
44973
36846
83106
3976
21112
1108
46634
25287
16339
61533
106159
103016
59885
108897
57890
36337
41872
60734
15124
38187
26487
44702
29643
18781
93550
6179
55392
43004
25779
86662
80043
2921
75097
101016
97332
5851
91846
6642
63670
19605
54002
108332
74765
30478
9697
17792
48944
26831
20330
48729
28063
29524
1292
36154
74836
87773
73238
100069
73239
108954
42393
66338
38899
55470
36437
19050
53023
38776
70355
25597
59653
4417
63418
69174
58245
77303
21227
87825
87681
30912
17270
42339
44643
58664
46962
29981
41683
2978
77523
17424
83735
102085
13315
100282
58334
85923
59791
91371
29387
69124
2313
67390
20562
44857
48173
103431
96779
110237
75318
34
60898
51431
107334
88246
106134
88983
91761
51544
84239
108494
108701
59395
59117
7416
1980
110493
72247
37703
28170
111478
4213
73235
85024
14718
56166
9501
2337
37376
50010
43125
105460
63460
75540
34657
36777
36100
43845
12718
31425
15344
34917
75989
57097
47528
45605
23065
34533
1727
55005
3665
76209
16439
97818
6994
5006
72262
34666
66293
35429
10903
56456
70843
15083
80225
90529
14113
91132
83613
30441
6007
53858
78043
81436
3211
13933
98256
90375
70556
33655
30392
36149
25924
42661
63594
96393
90291
93514
18017
95917
28511
69998
17787
78765
41769
70911
107536
26175
41135
101157
85997
61151
23418
60744
41405
28272
16000
23752
64600
90241
2654
106846
61077
86513
20929
96391
33767
59533
65552
45464
27823
55203
35280
49467
77949
65921
72248
107406
49228
98289
87508
53232
67050
104605
72255
28582
96168
97380
81565
13760
54184
65181
21930
39810
34823
39341
67828
26733
57678
85023
4446
45418
25658
46371
222
55072
49062
53805
85395
9227
82945
62257
96158
107564
11681
21807
97479
10442
89007
28909
77263
74705
72879
23553
71200
89978
62214
83996
22804
73200
15314
86729
64856
108372
1163
84326
93000
24770
12918
22133
70763
35236
99719
95847
78233
46377
14103
88259
18652
31083
15955
95274
48810
99651
73613
34365
42007
5308
24391
43387
9819
14446
93630
68712
1338
13340
17105
24508
18311
98039
58661
18924
57820
88154
33555
66770
108764
11020
26438
39780
73889
99408
31020
59113
110806
24767
17432
8832
98408
79909
36366
88459
59876
75055
67746
83223
89929
58176
12083
43843
67662
103280
12471
53328
72871
77717
12183
82144
29769
14183
70115
98190
109749
73488
25495
68150
22360
24822
94550
17620
79636
102099
25656
88707
20317
88377
28076
8630
91344
366
65431
22881
52085
82699
30806
44863
106671
112163
110873
102401
7471
55407
39453
92377
8344
47999
63750
64967
69803
66329
29963
110917
92071
69789
20382
55900
19305
70220
95407
6258
5706
97201
58821
18758
105214
57841
30937
24864
55118
20176
52864
107448
97600
94712
100465
5082
61486
96395
30614
65823
97346
43202
76726
63291
82654
2770
37237
83815
14206
18933
96386
34845
46077
20595
36241
66302
88870
2884
22186
42259
23731
53049
58493
37691
101599
62887
52419
88431
58523
68669
79929
100281
3999
92482
27423
103937
10899
55714
67599
103727
47569
68960
17717
54953
111851
88581
75464
20111
32866
82169
69414
2314
4534
27513
93437
45695
97242
44162
24968
67563
87901
51651
39980
13031
49514
67761
760
32355
84559
104112
9388
58005
96367
111860
100416
20819
38310
94718
91742
75130
97405
32235
98605
11154
48786
34806
66241
59639
8164
26725
23735
37949
30930
30007
102524
36834
80836
66828
18337
9670
53664
93495
97420
44756
79215
58240
21135
30454
29452
25680
19120
45054
93321
104413
52344
49434
2604
63452
67507
79948
90039
19356
11740
95186
64096
82249
81850
20022
7518
30601
32142
75178
86770
7862
43432
1807
124
29122
88375
77392
82816
100644
38947
29507
5997
95301
93715
94896
15802
43735
14632
18457
17507
84139
16569
72745
74611
80537
58418
77514
90111
68228
52772
90207
104447
80099
79391
9503
62862
68769
9133
77401
101923
7757
90775
11422
8188
35927
4570
33384
6886
58715
80978
59942
43035
26204
80448
86674
14801
2559
20173
41264
64063
93147
108891
36998
51310
5327
100767
3632
47941
657
28187
76970
69217
85881
10020
41424
7448
13229
56210
46649
10242
110416
93237
77692
105197
109122
29921
70424
109559
81835
70696
73397
20396
45045
66501
105091
23709
58792
21182
110691
69399
42975
78538
51362
73261
29154
72754
2100
108189
12248
26905
5858
37285
31159
39884
98741
31979
21808
58644
106444
106347
7885
5888
76
24102
84046
30727
106638
22858
112091
85994
87727
100368
99378
12281
77013
38392
55666
77800
53171
71668
97343
67984
44209
51433
96765
45838
111601
76792
99439
95188
3669
49232
54306
69309
24631
105889
100270
2062
57762
24528
18528
66867
78149
41972
81412
31913
76599
2964
54175
12814
2923
1661
24846
108237
35619
81016
39623
36023
108816
51273
45731
59535
8239
65846
90712
10329
96542
18951
30526
14491
88340
85015
35416
13341
73350
80007
77854
97602
73290
63001
80628
36177
15796
23903
1085
96540
29952
62490
79562
49910
109945
2767
27128
111783
86646
18731
77480
16729
93955
95562
49877
40322
77130
76224
47922
36669
86849
38773
46999
30174
14621
60224
56349
97994
93098
93473
95976
101696
68516
6537
60294
31593
24490
24718
36738
55616
38118
23426
80831
76073
98848
45690
66890
99558
52711
99653
33033
12368
33921
47797
32571
44072
62920
38098
12187
40433
17175
38823
86344
93072
2514
41774
19667
68628
46868
46566
50611
9491
88969
110832
58500
111219
32190
86018
899
97162
559
12770
34819
90105
9653
29544
102409
31568
35776
31942
59191
105799
45973
65077
38808
106343
108374
49674
65756
266
33387
102087
55836
45937
90136
32875
64534
69037
63332
57084
91064
11322
73682
30323
39107
87619
105775
44719
40914
87598
46665
16159
17421
52638
51576
2691
64074
41111
78766
98806
12384
108948
67354
101132
86306
87864
73797
90809
37674
68886
30525
2818
37548
70377
83658
9211
67287
68377
82063
24081
87005
82479
58295
42428
47860
20216
95329
45024
71953
17136
66630
13331
61714
36163
62822
47568
28208
6853
3378
99709
3602
65632
56087
85927
76474
60913
14357
48446
46158
100441
47313
78434
31306
3866
22904
52541
95672
90917
34796
73421
15408
39381
6268
90515
98036
3953
71037
43471
44334
30145
10202
62299
102926
23072
102403
18004
77964
48769
45311
112149
40138
68812
61040
28780
8977
68087
62454
105892
111688
86650
20800
19962
53606
108324
34314
66194
2242
45611
51285
38185
10116
77240
10641
5805
17959
47513
30834
55478
104823
99130
5907
64166
109798
41547
27212
33316
79943
67730
108040
16004
8092
99522
102749
77131
83474
68542
72581
103206
46350
58308
69007
5843
59783
58723
77798
43061
89334
110551
101328
70895
17312
105171
51000
104109
67995
33122
5806
51430
111975
7599
65750
94763
109660
103885
9724
93388
85251
5767
54521
78634
25228
85483
15412
104289
4343
56191
65163
14253
107175
42086
65201
78565
109715
37689
19000
79331
109502
88966
111186
9584
71393
59638
7412
32616
16676
6521
52925
4155
39585
73153
88381
512
34330
104561
11921
92786
81408
65074
51857
90818
94598
34073
108400
49898
7683
107195
9014
59065
13244
8220
54405
72599
31310
13872
4153
111533
97080
94027
89942
73992
93525
33132
68165
44690
89683
96731
2244
81145
78540
71926
88030
10701
2489
77471
104804
91160
26412
21424
108474
3438
11714
37611
58232
89004
19546
81947
96348
45223
21098
25099
61775
112027
41767
14756
105625
14129
16350
3351
29907
79019
69616
23339
2069
5409
19354
69738
26600
31967
17055
70408
53705
98013
50714
23854
9032
99352
74978
95220
1880
5052
67524
35643
40043
95561
41721
18554
91842
33226
103456
12174
107043
105761
47729
51349
16470
103120
75267
88943
40204
46452
35863
3172
53059
16115
83984
22330
92550
104207
15117
94042
45315
47599
101348
63923
39720
49266
41497
38959
5644
13837
48131
90711
49764
75011
17733
107281
38993
87840
5412
53833
37398
20521
13787
18049
71697
17490
54196
29890
108588
93160
101258
65841
16427
41859
86369
9212
803
5601
89455
109243
8587
86092
54236
59667
110764
24601
75812
63550
53767
44751
76366
6814
74445
71694
65131
2200
4692
71881
111105
60521
20374
108165
104614
61895
45042
714
19864
48783
1308
86116
101427
80523
70123
52769
88270
19599
31068
1134
4719
30402
47856
53269
93432
75578
75910
13122
64530
33603
31831
97681
96965
27542
69977
61793
12203
78958
86827
31148
28477
29133
30290
100460
109913
99324
67510
25025
13696
10753
111486
95463
73274
24608
76006
81681
77220
61518
36999
88078
105752
77159
47325
16133
7915
14572
86749
89036
55263
87851
8583
79521
51740
41587
55092
104183
5890
1603
73129
17610
58479
54730
68517
43793
93468
54017
10199
6970
17404
23320
89123
96862
102079
102982
32854
29165
20538
18984
60631
2730
45438
104210
15406
45034
14405
70936
99497
36698
48429
107744
23580
14706
72207
26133
78377
2569
45894
41093
72972
29372
111108
76787
29340
27399
51043
77058
43222
100381
481
100906
58809
84273
73203
19085
61904
20210
24269
32957
35027
20208
96687
25550
11992
51466
71207
97002
73936
104204
24662
44888
29077
36766
60063
93782
46847
36571
4884
102054
8117
85354
73119
38484
37046
90700
105890
28807
20099
58636
89674
36682
4711
48896
81926
46767
614
63681
107325
52230
108159
2674
99945
8825
103487
105246
75662
11861
51076
107277
45829
30726
40289
62258
10376
29897
15225
29738
23984
82353
60131
56765
97144
61856
40685
13693
16972
36814
60133
23547
2340
78006
45110
104122
31862
53267
109946
101886
32532
15951
39841
80927
68775
84370
32950
112358
24290
92104
89270
31204
28865
69055
67208
12423
6752
24878
77031
54878
8925
23039
38805
90471
34499
46329
58653
17482
56428
101459
16324
89542
62631
37778
24483
70962
59988
73071
89582
55911
15840
62131
40455
103094
87658
71146
90942
29987
50983
63350
36747
38592
92787
25819
99541
84117
83041
51720
88720
23686
75005
103318
80495
16692
73567
83636
63329
83147
56038
96409
52241
36845
59327
6233
71566
12017
15930
36051
96118
73427
77081
39344
34489
14549
21176
30672
42268
31258
80183
84084
76196
70176
89008
53344
95747
19482
36744
64369
46192
1149
108378
8400
91256
8672
90742
30494
83672
15421
71170
34257
43072
82376
43103
35737
41473
27412
106756
71060
108863
63509
92165
65749
14438
93226
50252
52867
83244
72832
51699
52219
63766
13062
62785
43152
73516
59242
92651
79771
102673
13174
49410
75724
46157
29994
96212
86902
17037
31787
53845
95690
40420
79206
99637
52167
16621
111256
92218
53792
64459
51109
67533
61700
5518
77330
14043
30936
83731
18891
27672
55919
60535
18481
79129
84690
51939
81328
109721
96083
41896
54455
26060
88256
7934
87908
65604
82126
506
12519
59698
10833
41781
48106
45069
96700
104670
65062
30230
60426
76352
31587
16018
57108
31354
4369
21228
36632
20972
9044
47750
50092
8309
47884
83262
21405
18429
21459
69373
46526
102399
51025
48928
91762
107788
88430
27890
38544
31911
13803
46075
22139
48644
32586
79763
3931
44192
32283
38226
90213
110181
71699
109447
45027
83755
11635
84671
65477
32413
17253
31536
31709
46099
74686
103260
27106
57836
33079
100384
12147
98950
80976
64829
56844
77866
89279
11559
40444
6896
20721
97090
100396
62698
126
13605
43142
23829
32187
50207
68679
36390
23920
95564
3799
41002
26779
84162
104717
65104
74609
57738
40252
12789
100021
100691
7874
91644
49449
36068
39666
43259
10292
76549
62906
104723
75439
21275
19949
29147
35113
82796
84709
62366
86511
80955
83746
46443
13519
19429
60154
1748
25365
31925
96737
57081
112070
76429
54951
62878
9076
22283
35694
99885
89882
19879
111859
32594
37464
20622
67868
25411
59152
77004
62267
70265
8276
93824
24555
6808
43371
95842
28333
11648
25433
51559
57947
75367
12364
52997
80812
11910
51280
53861
11266
21687
75338
50674
57668
39477
33219
104309
110871
6655
54635
2251
69914
76261
7992
83843
65968
2170
82452
64062
44761
70982
35424
50793
69765
74917
57071
850
75567
24657
65207
4917
57256
72591
81396
73400
44683
18981
64318
13424
41543
71147
73887
26074
93286
77069
43881
52040
60175
7970
14693
28751
8277
106360
3240
52048
81445
7315
46976
10381
41583
40768
48988
39416
101068
31033
52091
102965
24552
69644
20650
4032
5060
66646
6026
83404
37059
57843
93191
37415
40397
20669
92243
76884
60585
89009
46405
50807
102863
26765
14981
21911
102499
82234
81680
40486
64651
103474
10326
18878
16987
8306
55125
1915
6251
81442
56321
1870
18500
42340
75926
57322
56172
28956
102162
73680
56000
2861
79830
76889
57106
46223
72524
58576
111636
74821
37181
110916
77119
80353
24409
577
71583
52372
89851
8315
9820
17062
93146
89475
75408
31103
19228
18233
68199
36110
25629
4323
97356
34516
76026
97823
73364
67626
25910
37940
1568
109832
106027
67343
65093
66387
16774
708
49734
72979
83328
61531
81060
27289
8453
62481
97363
11490
55370
29132
49399
54715
102710
80885
28153
37168
84576
108525
28106
52135
96848
69308
48842
34204
75091
30214
93750
29849
66590
60395
2708
105448
16355
59133
98160
55880
93909
81369
72114
52502
56272
67810
59534
65977
2956
19453
97483
54099
97248
37537
72984
96577
92370
74241
60663
25126
45970
46473
22181
18739
104
75071
68546
106999
91424
12962
56345
100187
62626
95669
4302
82639
96017
99198
46110
83653
94252
6844
462
9434
76864
10143
88927
93110
59645
20252
55460
22430
41785
90539
54936
28526
46411
31078
27100
66006
100348
49494
60190
102667
91638
72882
68806
81077
82519
17632
83165
99111
100882
8070
31368
69332
44521
76579
87015
5444
71838
6178
25988
98788
8004
78151
90448
105898
17001
65980
5117
53775
7650
69500
83854
51633
72151
56227
10664
90268
105961
38235
60529
86664
33975
90959
47319
111650
35608
77047
102782
66969
93119
82209
10614
69271
25119
60312
37269
73504
89952
41022
1978
5663
25847
97383
110059
42132
46950
52023
107091
15718
23263
25010
105872
31588
79935
75290
18751
17956
5685
77965
31960
21329
105808
95861
58942
20767
60333
69238
58719
97830
16868
59829
110628
43075
81447
80196
84040
107027
98452
86953
49382
9055
92673
89337
76356
74509
35285
90994
65885
38258
106750
6067
21917
33229
72204
92598
94606
43508
80419
53176
103627
61872
81332
53099
53200
88979
35521
47191
111477
40827
18542
76746
56634
13844
2292
55904
100993
78686
61941
73338
49917
35447
105072
43383
49440
16152
107616
29596
63184
37717
65667
81193
1189
68159
38003
77938
55723
69378
63288
81909
77960
104833
99551
15608
111651
59147
37205
83486
109392
105432
43426
98545
58842
67846
52128
10803
15526
23420
1808
1366
12850
10712
92705
86579
30062
103105
68173
46827
34237
66275
78596
33385
69109
108178
92502
103853
69097
78163
96184
4207
69161
108536
66272
60033
2742
37863
111136
83876
81953
29409
23545
44405
97452
11784
20895
30891
33331
42934
26619
15379
21201
111818
23386
38253
111891
64102
41173
74418
71206
60439
63618
20599
105380
90257
66009
84664
51145
75917
41595
84683
78453
65174
57156
21858
25048
45649
2523
100334
81615
63432
40239
85948
90151
111193
85529
20959
36921
20635
9870
56830
7031
52438
102266
34876
55655
6536
105218
58075
99424
61341
50178
89315
39094
98776
29886
43704
47439
84883
40543
111503
32531
36988
48235
34462
71550
22087
16946
105845
8637
90122
31500
110081
103007
55356
84453
29753
10223
103794
37104
69146
15320
25030
91975
73463
45560
13247
15946
4639
79752
85587
52696
60840
89336
72481
61885
99873
83188
99279
62225
39544
2417
98176
64263
57615
81509
25
65438
104671
94510
60462
52478
80090
76812
34981
67285
35753
80616
1927
66019
18130
61970
101455
89269
40534
52042
31867
73017
104045
37300
111004
1359
83829
51490
39369
75489
60402
22284
73545
109614
43619
21884
762
15268
101673
77554
108983
1990
30947
56903
61106
86612
5592
97797
97517
60135
106838
47228
53427
86119
82481
48073
22588
34982
108669
71659
55300
31476
40344
97462
8695
50645
41435
45483
98252
41738
109033
95348
71667
109566
23483
19474
58986
28100
46885
102154
52297
20064
55514
16440
110550
82668
97630
111474
64093
74979
15844
43794
83577
55449
48985
46045
43506
26112
61204
50373
50763
38109
20515
38490
62748
72740
50802
17781
61867
103089
78494
929
17254
50570
7821
52315
161
85569
27426
79720
45763
84316
65363
50344
105901
81921
46664
75077
4091
111569
74937
80200
69367
10437
11187
10715
12487
34011
41302
80229
52296
110600
35411
17907
92793
96296
72265
36244
107347
93375
70145
96866
42239
99611
49048
70830
84373
23845
11755
69455
9727
27955
14556
67081
70236
63047
23724
75574
2019
90566
28042
18630
21954
13755
15179
51669
97401
90395
28
48629
3553
4808
48488
52414
70626
51041
61378
108818
12888
39835
106689
63787
81407
63789
77472
31435
39114
78909
65340
2898
65990
45404
19143
62180
14550
41157
60147
78945
107083
66440
28719
100346
74895
65754
62234
16941
108012
65983
22809
102475
83172
101834
45921
103243
71758
67963
101134
36865
36316
57188
39090
27919
70048
54987
55198
21923
7330
18988
65286
42710
98628
16656
95238
70835
8972
61612
38718
51562
34225
69936
68577
15343
27154
10847
61493
80861
22847
60752
104694
73286
46890
24470
94472
20696
2367
32215
90664
19520
50543
35341
107372
87480
112377
2220
71972
23856
93997
15570
50970
66914
4923
65049
21443
90624
71296
44418
71220
13306
50487
102565
82187
101117
21305
49176
86485
24973
109611
94326
23028
12667
39736
63911
22059
43709
53352
79251
76132
68994
80464
74898
111932
37836
84377
31431
100506
103060
70271
55129
79934
34371
5811
7842
21956
83095
85672
58968
12690
19578
