15481
69116
61748
4427
29795
36285
46891
52504
6179
48218
41008
54244
27441
36036
76866
43446
65566
23079
3887
10997
9504
26927
30752
8007
49257
45052
25332
67122
39537
44210
40368
26446
78997
12608
17974
59306
51297
71553
27224
70428
54168
78920
25858
61291
14040
22554
34696
78953
67621
79326
27547
29209
42875
12481
34032
76327
23377
36499
6824
54047
14050
37657
20225
29501
28460
24127
25547
12559
42713
72149
67600
15511
73473
53679
79019
36133
5123
65653
8320
50183
60913
44872
55705
67044
27203
6456
15154
70621
3024
21799
59742
53219
11384
12763
42307
49668
36397
79002
65389
2415
34672
41214
19840
58887
25045
36861
21048
15858
37238
54081
45472
69323
78787
24681
22803
3833
15107
2181
5737
59642
27572
54658
33082
11849
28714
19536
58819
10074
77590
70680
28216
78289
23296
77881
14297
28823
54324
31947
27157
11389
33461
20579
70952
67679
18638
56383
52949
59815
78227
13182
5422
20996
4162
11940
21979
6218
46043
55344
35612
43722
38206
62114
47807
12271
66048
29846
47856
30320
9813
15630
60485
27739
78874
42770
49558
43377
38694
54139
24228
51271
51205
35770
37362
39009
8751
22581
15385
19693
19600
48079
53621
77751
6751
49464
79236
59945
74592
13690
65748
3050
38912
41843
6496
60736
1210
17961
26162
10820
528
23148
22196
63339
72564
4098
52923
75392
184
36143
14920
17795
15625
61245
10883
18875
18087
77491
69372
76048
78947
72907
51202
68248
39685
64107
70023
37384
20977
11196
69449
34231
31252
59616
28418
36268
75853
46025
8082
18301
65896
59805
73158
40033
49076
76545
51086
53915
56320
69547
78610
63778
44665
55491
58253
38001
4509
25333
10112
34894
12385
75062
6372
62484
29360
63732
38578
42746
36972
62623
54270
62856
29381
58740
64226
65943
75263
48988
14578
55740
78074
25946
35018
32623
16679
26989
48214
4944
35074
53330
36250
56418
2842
48042
18906
28405
15256
34979
47128
12969
17129
43941
20750
76576
47310
18698
18410
47958
26216
22244
74913
13465
36635
70237
43885
68907
12275
72391
34866
73159
3080
42320
27165
32007
1922
54378
58645
153
23844
25959
16166
27579
78935
74989
74253
68456
19618
8931
63889
35461
61268
27455
13614
51673
64739
57184
76980
51675
3199
41644
3797
79172
27097
32999
73785
65097
51505
71166
61168
64897
25194
50785
64265
67721
6775
63091
27382
12216
60758
57194
66000
46162
45280
841
3392
2288
53164
25977
77429
23555
29323
63153
26271
51320
16327
4749
25655
51260
39148
50937
74945
29957
62953
66481
62805
67388
3944
74246
70140
32277
4035
16778
31571
58443
34439
30097
41609
78855
4265
37394
24929
12162
23224
401
40771
41096
50681
26121
26287
47944
42667
35511
70397
8464
58404
20803
48883
59479
29252
9215
30367
35299
71543
57485
17204
22697
62387
44913
38134
67719
26071
17569
49185
26856
14357
64970
15388
71421
44904
34584
23050
72999
11632
10334
40681
48129
43574
43685
32457
35940
74182
31205
73685
61237
33322
71968
76193
639
53590
45216
2304
78073
408
48016
17994
70483
63265
23047
56082
56541
36469
62135
10379
5503
54377
49050
66853
5578
30890
1700
5882
47685
6468
1134
7684
8022
18469
42864
30609
11511
14579
62561
55611
3477
7335
20662
49625
41359
54659
33241
65320
19209
75955
35008
53596
45628
22951
3478
55233
74116
53907
57542
40857
62743
31029
5993
44642
25153
53154
72954
36837
31401
50043
78637
68760
72941
9338
2848
34242
11411
28166
40087
56540
5516
33801
33615
66398
68255
75291
35369
77195
20872
75374
74176
47598
25632
10151
62605
54921
41226
43384
73995
73076
6183
70447
10988
25793
29658
45600
15112
69808
69586
9565
30243
61020
6375
60847
41632
7768
19556
68800
7823
42618
62612
9857
38102
37147
10986
54303
65965
16083
35666
52717
14813
47166
34731
46933
26550
48293
78493
47696
73719
41549
75965
32053
45582
50459
53525
60037
58237
65761
35726
69035
53847
15983
1311
27696
25653
36816
4250
61103
66830
369
7460
27697
68783
66374
6345
17131
76945
8101
38065
20427
58476
23652
36261
22659
79603
52330
12472
57094
52147
56621
54111
13116
42032
24226
57450
6285
37521
76108
39577
41747
23655
69132
17520
5616
2920
67519
3534
11239
881
55644
58041
11639
35936
79043
39593
9164
29736
35968
22869
76398
71337
35366
5768
49901
70306
71222
54454
44743
459
31055
4214
78087
27846
65948
44336
9102
54595
225
50463
65106
8278
47772
21450
31966
51686
27576
78925
50814
73551
44044
51700
31328
13979
40877
34295
51943
40614
34776
42568
30740
54087
53727
55669
1502
19875
17418
48070
31784
6043
34043
25062
59173
78861
20847
63923
57440
15632
35996
21299
77687
24235
32962
9539
34274
50943
30722
62631
56350
11073
63195
28853
62417
11514
38748
29009
23415
4658
38613
31456
10784
29439
67613
30070
22696
37206
6856
22993
74803
19225
34023
15099
3771
20543
53267
63214
19953
28633
64502
5045
58513
74036
49884
42729
67825
75075
22085
11774
78972
50156
39766
68158
69090
40843
68461
26656
17401
26791
51323
12584
31894
38359
7753
16101
20586
8342
32026
43675
23212
65909
3231
50046
46828
48503
19699
27430
42915
59900
25411
58112
53968
7261
19131
38233
35451
17844
26520
55689
62834
31885
47658
40103
24185
53583
12154
13113
24639
63291
46951
713
22412
31175
54304
61874
62022
48590
55773
20786
74911
5379
61386
57614
25157
33888
50245
32088
6800
53757
36721
39861
19717
66341
20831
41678
68653
71795
18348
57655
64717
53096
65831
65507
67208
68804
62660
57982
58168
50532
8935
63563
63813
14219
40597
76459
38112
5494
78378
60480
13511
52944
49043
20732
23361
7467
74142
10316
62981
11948
17620
15014
76992
41508
31799
21710
19589
63348
21169
59764
19535
41000
6587
57844
31196
29708
51091
70190
33249
66990
58973
32009
45229
68613
68264
76474
55860
43678
53284
9241
25589
7825
46859
34638
16357
28898
51176
76610
26356
14401
12046
46861
8925
13321
77447
50998
22922
77854
6086
17632
10573
32127
65792
59739
5415
64356
40911
29669
79501
19337
52753
48605
63902
31183
55317
44693
35519
56792
73797
38594
64461
54204
4451
73093
40471
18959
39542
58870
18170
68314
78982
65407
56634
43511
23848
74174
49597
66578
48388
12621
40217
43738
40811
25203
12676
18725
37926
14263
11770
7017
72504
17473
65665
6985
48932
35402
44460
75147
43859
40921
72530
26526
29817
45436
34037
57179
8148
74645
47717
51979
72751
70871
79412
23035
71978
67310
75156
77499
71031
67587
56849
3977
56276
54935
38900
22613
57870
26560
62268
65646
45662
23609
16025
56430
16461
31391
44442
75031
2740
44589
27124
29418
53120
52829
1009
23331
54430
74743
11084
15910
19552
47918
9252
2532
37607
75195
43447
47080
78433
71295
61071
5046
62551
30362
79278
69679
62738
29988
2819
53242
26374
62234
23125
26713
62975
116
16276
50021
45065
16660
30154
7173
35640
59331
28326
54850
33188
15352
59776
74656
4481
72547
35974
34749
7660
17384
78815
65865
22673
14348
27094
8740
49546
50258
30174
67294
17433
43776
11445
29539
63143
43863
29848
2096
14082
45505
31406
2919
71215
45619
75913
76815
36145
49033
25470
5985
28940
40678
63306
60428
25225
49065
18809
64064
76325
72429
66911
33118
6892
41936
68961
49437
76246
58425
17691
1109
27821
16518
52079
43977
53705
68517
15422
64501
24701
72090
29937
10542
47553
6717
27201
15623
5361
42854
40836
968
39550
39802
59979
69283
24517
49629
56102
23160
57826
22434
14332
12995
71468
55443
45747
2630
57956
4893
20467
68608
5954
28360
40626
61273
25242
42597
14447
65635
47738
25347
30452
28826
44702
66944
28587
41239
44149
54975
13930
58680
23809
12736
72353
41086
10311
28967
2453
37189
43421
79161
66308
74631
76182
41124
26976
34683
26622
12289
19078
32030
4402
33592
26787
74314
30069
6409
35633
18729
26567
26572
56646
30420
36626
28367
6073
23017
52177
69221
20884
5573
75444
54624
28974
46894
66208
25949
28942
7051
131
6430
77699
35274
71422
49566
16126
36520
6440
29847
13171
26661
6441
4420
46402
35130
46352
35321
43875
63565
67359
2449
34174
641
23877
36595
14632
44795
4211
49986
36957
53172
34515
68703
28554
53360
20034
63444
58102
33642
20353
16278
14627
58063
43088
31366
57181
48825
19819
63969
1340
76567
17009
74777
41179
34792
22443
38028
28254
77524
5863
52626
60716
77015
34128
51796
39437
33315
6550
66551
69570
74504
56788
57871
76408
13360
74213
75255
47672
17314
8397
47456
43945
71069
71000
66806
69379
46639
47048
17694
24343
6877
12719
55137
50671
60895
44141
58031
31416
16446
15098
5930
36345
59715
3349
40008
59539
58336
47097
75816
74267
50222
46508
20349
59210
71344
54992
34928
43912
8713
35260
10050
57421
23572
3713
62896
53155
25989
60265
25004
79747
1788
33176
69256
64546
8191
3994
50057
32476
12027
6529
79230
4656
68801
26897
64713
8131
3844
30037
36761
21021
64941
49556
18100
67637
64192
67352
28027
20582
53005
21198
50710
76243
55964
3184
1950
55518
10389
48707
68480
44444
63274
11659
33922
22762
45030
4693
58270
20666
2218
35744
11886
72899
36138
6520
31434
55550
8989
12659
67743
58479
74671
25848
61851
63960
16678
49587
59973
39967
11767
49070
30169
7157
31643
59108
75371
46688
4676
6329
69274
10845
23938
31264
47264
67485
46131
58652
51014
27805
18127
28272
17225
35149
26005
57672
2036
68799
62292
22380
16769
30386
77597
29962
23980
13804
75791
41738
78957
5646
30382
23223
59817
40663
20334
17094
78317
43358
62472
33829
17941
70499
14937
52484
44750
8694
29747
48195
35509
74266
75191
17427
74634
47566
15780
18361
40457
69817
74068
70281
23803
52646
61049
75782
37448
20312
22306
5944
57553
71274
77137
54415
721
56505
72825
33186
54997
55763
72244
39553
25205
34375
33601
38995
1692
27365
47597
5356
74543
27139
30959
49189
18408
49861
71223
10376
46528
5168
9421
57072
17603
9860
66037
12841
10989
49791
10391
59388
35330
6940
8135
693
33540
42327
36588
37681
71256
42866
35019
72463
17197
45492
58743
59214
16347
35145
60329
36772
68285
73296
24134
29471
27670
32083
54686
8296
23515
16875
49814
16002
45394
51663
2599
29970
41568
27536
31359
34627
11852
61978
69100
58415
25972
35603
32441
9913
20686
45088
19867
48824
35829
54883
62836
79224
44796
7044
24468
19034
38742
73019
567
20720
41302
8018
63141
71513
41912
55387
77040
7493
8834
8877
13622
38668
12880
68319
32746
5696
79530
37232
19254
71245
30611
18771
73826
19944
70930
66732
74780
40747
78089
65758
78614
61746
46525
32985
31936
58430
16195
3172
13758
36707
30155
18355
70531
3289
57781
28895
68341
45859
29495
22952
70663
74473
64362
1744
56802
69457
64977
76250
10282
73271
3822
28157
38207
43287
61442
27968
75218
16059
68395
79533
37542
28172
5174
71410
76044
36901
8177
9044
72489
18202
25349
60365
77444
45025
66346
60081
27936
14217
58235
63587
28618
24495
55583
52426
35168
41816
36191
10615
44088
2743
21379
26970
46072
45224
8029
63127
69939
25666
46002
41873
59691
31004
38455
71773
71159
20513
40918
23209
77997
43598
42565
18406
31663
67623
42737
50859
38728
7196
1704
15328
71406
33514
7883
9265
10930
64802
1244
5113
45230
24550
67923
43456
55819
2937
74235
49344
78404
53485
36869
21039
77042
65721
22532
67520
73466
63910
23823
63268
66780
69251
12541
34304
10080
76379
65786
18927
11528
27642
52645
22177
72379
60665
73136
42019
46554
30797
31972
40935
68528
1993
7637
832
72563
4897
52442
65609
77241
54905
21126
56740
30607
79578
44583
63667
38355
9273
31193
22560
46913
55262
48354
27808
1163
69953
22269
51141
27758
38031
30877
70359
13938
27880
73781
65042
53374
38264
3115
77872
12335
79431
48408
71829
41949
76867
44244
58213
51405
57873
67983
71949
14608
55828
6084
22670
25363
72449
58035
66828
267
74709
70362
53715
61775
37060
20335
58741
30868
29428
15832
51964
3462
63978
35994
52028
44465
68731
49447
3453
61346
78798
41404
52648
77769
39897
66513
66452
39538
38440
55193
66540
50746
2370
17263
29479
18569
2892
49939
70765
20445
62980
75120
35611
16835
12300
32762
16935
26231
2205
45739
6141
65230
54402
67342
49179
58778
2746
53940
17440
57470
54636
36523
55089
45577
54564
19344
65799
14200
38043
73239
32266
39366
79362
65457
16910
52449
34576
20496
55977
40939
31020
47895
14520
72269
40156
32146
55620
72444
70841
24345
773
52139
72189
53791
24353
20781
42177
36992
28052
14924
37180
44511
73778
28510
20568
27961
74758
58021
21404
10718
70838
13385
48319
2287
42494
35690
28098
31618
16647
33427
36252
17036
56843
14795
9501
41563
41197
28382
7226
14530
76073
41103
60469
2996
53188
46664
54557
2721
19793
76473
4957
76226
74895
18449
76138
8739
31162
56960
55811
72340
40831
36749
1023
52963
39739
14148
13150
32705
27179
6664
20296
21953
53927
62820
66733
20554
62079
7764
38156
31012
36706
21129
8964
52637
36237
73889
46191
14139
5278
44247
548
58634
64479
34711
61528
24341
76971
987
74997
40920
43256
57980
9937
8671
43843
16172
54358
11926
20799
71886
29697
18836
23551
48892
16062
9520
17582
58046
68485
66352
56055
64493
60414
24352
66627
62997
39470
33948
39469
9380
50661
61493
34494
55120
48948
25886
54765
26177
62128
40517
52620
22992
58868
26562
46046
52398
22493
31584
61184
29079
49921
50764
78609
14001
33390
71183
53228
64574
12827
61294
60128
18018
34854
75747
61383
309
17105
25800
30434
68217
36790
74810
37682
71654
13735
18924
27632
3613
27989
49080
46558
44070
17453
72925
59534
59006
4817
9169
48654
57798
27302
28932
70109
43054
17751
29885
20811
31080
28139
56864
37533
69017
52321
78300
73243
53218
11057
44663
11017
76650
42573
13599
77154
39530
10474
684
53142
1488
20211
45106
62075
14393
60425
23727
66060
707
73764
30038
39193
54859
51410
36625
60038
50127
74165
8968
22595
31809
66526
35708
72441
28350
2697
78549
45484
47394
14374
55190
59546
9401
50498
74046
15984
62125
54860
38888
39303
18874
65766
52245
75360
12755
56730
28337
64299
29499
26236
66739
42835
38994
3093
43817
27759
15723
12711
4147
7001
4415
20515
32488
70075
34214
61252
64849
6173
39737
47722
55122
11602
32196
15392
61878
42394
42200
68607
55907
44804
5095
73691
62505
41085
7202
33722
73059
44942
231
26267
46423
45330
19106
26639
43080
43546
23986
30581
68324
23390
38573
66930
23065
24880
75476
31106
23793
121
34967
53011
35582
12945
3154
36618
4251
25088
43580
31969
43777
59032
24637
34034
2618
24355
29332
28045
62526
19816
56538
65137
24039
77124
60129
71807
15089
70420
23984
43376
67476
40124
18168
1899
48700
59242
72357
35302
22591
66174
11392
45828
72739
23797
72862
47579
54817
46285
24770
71953
68431
61702
61876
58249
53089
31481
61282
51620
8373
44100
18487
38889
74394
42446
69362
56146
71027
59659
72109
54914
66246
14532
24182
12792
73765
53895
50226
23421
67996
27470
46447
61805
44909
41620
21092
32944
15844
30109
14281
3815
53475
55241
39930
22167
60256
3419
43094
55858
56507
29283
52084
12506
58500
57579
3993
54609
61448
57978
50825
6203
22590
45627
37847
77446
48462
32858
19653
39612
53971
7567
9311
27534
68178
6184
67942
6594
67759
61392
48536
34971
69265
78499
22513
13208
20426
43299
15647
39180
4262
17702
58492
18743
19231
54463
984
76611
44791
72190
63783
21061
26757
72759
58152
19472
54423
32182
32020
22698
38261
54911
35161
54151
45829
4554
47689
36029
46998
53809
61189
77799
45335
45715
59708
37581
47992
62016
54892
38837
22802
10832
52469
13449
17663
24890
49182
14873
70016
20917
3890
71488
72470
786
60048
46065
3931
61988
8276
13723
52644
31485
56539
3967
23811
67146
74265
57885
38263
63948
23808
75497
64253
55396
36334
46242
61561
41429
34158
11114
11264
45459
78027
5397
76612
4937
21060
71686
9030
32851
69777
8392
27284
49681
42441
3877
58174
34374
32464
18481
59411
4912
71954
10815
14826
77794
732
18495
61673
6005
43429
34312
34250
54833
53825
34900
64003
27354
6715
77397
25634
8337
20788
49360
5385
78919
63467
42821
22409
33626
34347
41931
46823
37103
22044
30961
57905
7065
38736
33741
3170
43636
11858
65223
40178
11256
2815
42014
53790
41447
898
65240
68338
28261
30332
19907
78555
77325
67632
70161
56594
22002
41454
67570
501
33193
7133
47921
70701
71528
77409
10788
20915
1378
31100
31694
79348
23892
22308
31232
74546
29935
12017
75907
53898
23318
47889
58995
54809
41616
23974
24261
59456
43984
34249
1752
75937
53168
24662
70103
40046
28128
63851
74818
3726
19407
39358
22483
18155
44539
48014
46544
48498
52508
17322
78601
17921
6869
62260
29543
70299
43577
41657
50124
62581
35006
31293
77554
69015
60286
66863
51116
4723
59726
56333
878
35338
68102
68205
33976
10357
44780
61359
55180
69609
65131
26190
31587
50278
49812
58728
20160
78786
17661
50119
22880
70277
78458
45857
35129
35296
49195
11850
26138
44528
35295
25560
39683
40469
77607
55886
42002
26605
34913
73292
38582
45860
44106
59241
38650
17574
1751
33136
70575
27266
36564
11697
28370
788
38719
19619
33154
30050
39146
59303
14584
67716
26156
1436
79080
24172
68006
69676
62488
14059
45814
25497
58682
66317
78106
47484
3717
72417
79557
31575
43540
8446
48154
68351
5179
73836
65590
23462
58779
22367
58462
59340
10907
17720
30056
5874
1105
6619
24647
53657
21473
22721
4675
51353
53917
34587
18010
13951
33305
65688
5826
14237
66100
47464
79388
67151
40887
78369
25631
63154
72796
28432
68325
27981
74684
23646
65206
43624
7767
13625
72829
10026
65015
28106
35962
68595
71248
66902
66726
64128
16487
8639
74112
17981
8574
43907
2786
66369
73272
62273
47673
74073
12326
41652
59478
24869
14783
47723
54947
52576
8858
48370
70895
22228
14417
74193
8971
13514
33089
75534
56630
6205
13792
67561
57889
60156
53294
13053
31160
19144
9820
47229
68016
46349
52839
54443
54007
72801
28533
66629
30234
35241
42929
30262
19351
21465
67005
10012
31254
67009
72891
40675
65670
74921
67363
57321
17357
31864
65501
61120
38383
78472
50742
28144
2899
35730
62293
21854
27709
52738
66781
62514
24474
65767
68409
32622
4755
71891
74844
15289
79717
14786
42719
46489
3341
2117
18531
76476
23408
27100
9914
55183
33824
42794
58657
30088
20649
42680
322
61656
62199
34556
43692
62587
13192
20702
29969
36371
28924
53853
6922
71042
54271
40699
43416
31146
5030
68910
26679
75334
57645
59549
38341
31105
18471
3827
15525
31669
2595
43338
25123
36207
62082
25259
11603
28574
62206
22667
77054
55472
70029
32751
58435
31374
756
38068
29825
16958
28235
14096
36832
73414
78869
1223
4715
4620
73392
21109
48186
33336
193
1908
23936
35880
2135
59263
12214
4896
50390
76400
58281
79322
16090
5238
23203
9493
58543
29146
37678
3218
8569
24974
27843
54183
20576
36550
53097
42223
24309
64591
61266
15830
21452
28329
31050
69865
45046
60946
57646
69654
49835
38919
14713
14402
18022
66608
15288
20114
27228
16654
36746
54162
77384
64645
6200
61154
67798
46453
59967
52650
25775
47372
26326
78760
30732
70200
27654
54640
64050
32571
51235
63300
68990
15671
42451
76316
77505
60063
79543
53184
54894
3554
70802
41783
6825
76703
21097
12700
72311
38477
10659
35038
12619
11567
32027
74981
10759
46515
72525
54625
25370
68336
34420
58642
22332
23828
74162
26613
35148
73319
58984
49469
71085
31471
72912
78687
50861
4603
67357
8291
53446
54264
25951
1675
75329
51082
59423
57598
41070
44293
74676
70862
46779
34356
57526
64409
37703
75050
21417
37089
50826
42328
53961
55184
72232
62406
35236
27760
64483
19050
57653
4833
72600
5221
76514
36919
68899
34961
78678
31819
4736
69857
31244
32419
13010
65445
63663
32063
47748
36831
35015
66152
27845
28805
14057
20747
18453
10897
57134
3858
27836
25912
72871
23384
32208
8700
11963
5547
23872
62644
74615
22261
15335
60199
42284
65088
1710
67279
4779
15710
39541
69461
8863
61630
47356
6704
34195
3832
23420
28835
71077
41342
54769
5695
4362
76895
42157
60679
53372
66277
45152
47790
55840
40997
20391
7700
14715
28831
72082
49665
58319
3941
48958
35110
63020
54851
76068
6174
63303
77984
62184
52275
3194
30374
28860
21311
41361
2193
47350
37644
70473
4101
59634
33356
19385
78987
16221
4307
69631
71466
65986
9061
26588
17365
171
27257
62993
79656
8205
15349
47928
66041
9681
27412
63076
28938
31197
12566
48656
30549
27550
8770
76590
38939
19456
44241
45064
29782
54629
38514
5910
2374
46627
24666
40218
46220
43857
8847
25112
16164
51197
21070
4561
2893
24643
13066
11719
54051
12920
55945
8142
55031
68849
19991
32383
53410
41351
15263
74897
70357
73771
17018
31365
53637
56596
46147
54561
2806
43038
49525
8840
42797
14117
59840
34276
54447
45516
76909
5947
11698
43165
24426
65997
40436
5920
50942
38390
79078
6370
65514
45379
71018
15988
59607
4103
43198
70906
78257
66045
1333
78037
30894
9940
48630
28861
47763
60184
14582
55794
3310
59506
67916
77044
53134
6509
37984
52371
59926
24390
26125
57629
40453
32139
34513
65817
20578
21725
16225
24848
65857
51462
938
2622
32712
69037
18333
15810
71650
44661
67838
21319
63572
25077
29813
51576
46193
14459
44876
25881
39992
38928
45250
48527
16553
17090
35146
2966
47328
23546
39789
40852
4939
62914
6747
18454
1996
57414
23999
62719
61946
9409
76541
22156
1945
75079
602
42525
3448
42064
51539
58099
56440
9089
14272
72060
11181
9364
26871
52069
28306
19891
44504
17657
30483
68789
79680
63037
7412
51703
34744
23830
51140
48432
47202
17550
56203
71652
13974
38248
4170
8200
2792
40317
38042
48261
41010
60334
33482
33258
5464
78703
57039
79380
59396
55943
48517
36895
66087
69711
72446
21316
56340
23862
8732
17035
46590
8310
66005
59237
17078
50891
30033
55125
20736
42920
3502
37639
65945
69487
42145
25181
23772
56499
66025
75756
79182
69386
43240
41338
74924
52939
17421
36310
56012
78662
14185
20344
19962
26931
76672
51625
9929
34366
1778
33411
67397
936
18103
78846
44337
33653
51486
38177
65288
71964
31650
29128
62630
34912
65086
73786
41216
14487
17920
31118
26653
3305
60396
56632
33097
61494
61847
64236
63641
39259
69387
74902
6223
17048
67797
64538
64962
43012
30900
37767
1196
43766
29715
22999
70224
6064
29867
45309
38651
55796
14178
37212
65277
77632
44565
76399
77586
76444
59986
4029
65147
43010
10343
42889
38686
33171
22584
74838
41661
26120
14193
77583
40439
16437
45333
1298
7573
37392
75183
15640
57302
57801
50171
31940
41111
13560
34575
23190
67091
73435
55115
31655
31299
37672
46487
56438
68179
53673
18628
43612
19156
73109
32062
12615
70801
13924
61378
8059
29002
28652
59393
39963
1198
34962
8079
41905
30453
49964
17511
12253
43975
73431
32914
42251
53674
48143
17910
24171
49522
71706
60734
22473
18488
475
75692
65023
49451
52791
31840
32847
15264
427
57358
32835
78199
22651
5660
2730
38891
34667
78223
56103
50310
74623
65179
5358
31048
69064
69546
54919
39857
30351
57319
54770
28868
45541
68023
71209
45571
35737
29660
7221
76709
78103
78280
61270
70691
78819
45595
26173
50796
8249
74998
21706
53500
33557
53132
36307
76508
15427
59070
44707
49605
42741
44231
15578
59315
29711
452
36316
21798
78489
9980
44801
31427
59003
7499
10138
48091
35244
75731
69682
48023
28377
1840
18807
24099
71664
73655
8806
54649
29031
64978
20739
2704
74808
58414
53249
78764
64629
72944
76362
70944
6279
21545
75687
13274
47364
47528
75685
19180
53017
55281
48575
18298
50007
78973
12345
13120
42250
21638
68290
24480
21372
17650
38021
45966
35869
68289
37810
67669
5789
30576
58577
34229
33880
13089
17313
26648
15549
73526
42509
77692
16742
60088
47744
30172
25799
20936
42457
21167
34070
71965
199
6248
10276
58190
15439
40277
12102
75043
5227
47491
287
49950
58800
29562
24852
19658
24578
24750
76725
77264
13084
6337
32110
31932
67410
63776
54908
46680
2412
57231
62533
73112
31378
55653
14759
4392
45274
22631
279
78619
78612
1088
24281
35438
14959
42781
40358
52964
63216
39246
32316
68727
64700
59334
43982
26254
18989
71058
5651
21478
38602
73521
58023
77530
13516
72585
46234
59697
1758
21976
74120
16865
9372
15269
42049
61173
33583
76124
63136
54359
62219
30784
74125
59664
75563
33513
20546
29649
28719
68884
79517
65003
8046
20906
26174
73553
77518
66794
26860
13548
38269
50229
12612
20771
16228
8480
53463
32520
67211
38101
15441
75368
30278
20074
74228
1602
74083
41593
55983
38072
11787
7264
23596
52590
15792
72851
11859
14492
51355
37727
67326
39167
2072
19443
74792
26417
17685
164
17463
29245
62198
65337
41240
75106
28257
77855
402
19631
41901
12730
52506
56529
53007
16432
72980
75678
72015
1053
22304
67531
41856
22060
29080
22828
43495
28109
59912
23952
4476
44350
50315
32916
74433
2357
29842
6023
39924
59220
27776
22185
3326
64725
56568
63855
74602
47935
48657
39415
73126
7148
7623
14735
54206
54807
11795
72469
49801
62704
64404
43360
56556
75882
125
71559
8891
58804
37889
60862
8952
70549
52462
48315
74706
25378
77268
63374
22178
27403
23235
37661
15130
59285
14678
61039
31237
49798
76093
55990
17858
42971
61794
47153
29911
21202
14842
39441
79045
75171
48783
78291
691
15232
48934
22307
24400
13696
25010
33530
35682
29640
4157
40981
68709
77227
17419
30995
16356
49429
42507
42775
29217
4732
79393
35376
5903
38481
60291
24048
70423
42329
7470
6405
65101
28931
52263
28286
32366
37623
79258
5013
63227
10266
22663
36142
73288
70467
39754
11506
51714
41638
64776
51867
28472
361
11734
63201
78129
71992
5191
22045
31842
12917
19735
40622
24026
63981
26987
38419
73069
13751
79424
60332
41612
7574
75978
54880
40016
4967
59073
45488
6366
79269
70866
15108
36547
69811
8449
72378
66355
69480
46378
48113
6116
67991
31189
71757
33463
73911
62354
21086
77897
17451
32635
30898
63716
64232
65317
11853
33954
57659
29287
69581
61228
5082
58986
29016
47388
59198
25074
354
43278
42031
78145
71627
14526
75040
74928
57284
34163
15977
34613
3574
20555
21312
19172
67239
70628
52342
77758
20001
76638
79319
33562
34377
20058
38242
64959
61587
61937
28661
43699
67685
49548
70291
74131
9432
65614
78457
76921
58472
55429
67607
73138
68980
28881
38880
54437
48105
5314
47550
52660
56656
74781
64350
9722
35003
40300
26556
14212
40641
38460
54333
74841
38844
62654
17318
47567
34044
42366
61786
49007
66403
15122
7595
43849
48617
21885
79677
74242
25931
49807
58252
58853
70286
40781
46675
25104
46183
59056
1251
64926
54026
7269
34298
32497
13755
13555
22720
30971
26706
45360
48940
26731
70073
51433
44709
15575
23308
21907
43343
12913
58364
42156
41536
53631
18366
34103
54973
43325
10465
78298
16642
71662
76644
68739
1891
20494
3920
13264
63842
48666
21703
61749
54667
65796
4884
3980
17452
72099
27695
12740
7894
53559
33032
23506
52333
6178
17893
65436
77161
64283
71208
38563
69204
23660
31944
12773
71378
43399
26885
77736
5243
11002
30042
13272
3120
2947
12953
15690
69880
74644
45276
73285
53996
35383
9694
17114
47451
26263
12396
74056
42755
42705
76623
21256
21054
14267
37096
55420
70037
31909
39840
2734
57694
53860
61626
75814
3519
12428
10072
49865
5219
47854
53015
64652
64873
45194
65749
43065
23698
40726
75785
14367
50269
43184
17971
42161
69523
62678
10563
14098
29998
22969
39184
15239
27
13821
888
48437
61106
17152
22702
39586
74247
9643
56987
27486
35368
72503
79499
31929
3252
76269
14202
76224
40818
13825
41953
40800
17693
24194
57934
78006
40197
77176
52366
74428
69173
66181
45941
71894
54789
56602
44493
41232
18242
55380
24050
30564
40703
17530
31903
50208
68730
18046
34722
48210
57600
75067
26161
45368
10441
56138
53606
57010
53691
3805
77376
48074
57665
58395
32396
49267
28731
60502
35507
4219
6068
34303
50414
18465
58127
58027
44448
14249
49511
12299
50223
12558
39527
48759
60668
27258
19744
51800
64767
38933
47067
51377
17817
7981
32345
79655
69854
71022
53371
44781
11954
13145
59027
19280
31263
73079
9250
23375
7834
46075
61691
46426
26697
57556
39516
78421
24095
52362
56398
70110
59641
9886
26078
62954
65833
78836
16494
29173
38725
69767
892
67305
74788
17678
42024
49630
35470
41796
76855
9237
7780
21426
26002
8285
34547
71906
59598
34612
56744
12337
67459
39465
6926
3616
5180
66306
5473
60451
67667
19727
39917
63222
62962
717
8197
4063
28695
47051
22850
20004
17927
38377
73698
65971
27900
48349
25992
73456
44214
66412
63284
28749
11362
18593
51113
65996
31180
48823
12005
79419
49482
5845
9785
67831
39468
42011
5841
14953
73052
52196
78374
20060
78502
62477
3609
22112
36046
74214
74949
20846
3515
13818
64197
51875
24563
41813
19780
28509
8720
56829
20189
42401
15754
12158
15644
76758
41412
9346
23180
62797
24295
26373
978
51350
2852
53161
72397
50609
6185
52159
977
48361
16970
68681
26575
56878
36109
32512
19176
57632
57084
49809
53181
24708
70143
8827
1241
46165
11072
21154
33393
36670
58391
31994
42772
34997
54846
14182
30846
52446
65851
25291
10164
20857
10752
65988
7244
8879
17264
62909
51330
31515
55961
24687
66961
10087
20765
51214
57610
20743
57615
25280
29933
39130
18619
3565
19127
7978
71244
31978
47335
54410
45203
12794
14917
17188
45672
3276
7804
14288
61337
15884
22873
28962
9989
15848
29359
27770
26958
47509
5160
6315
61377
10938
7593
25841
45349
12423
36066
69451
13221
45886
70793
70278
5003
23759
42363
24705
11624
21187
69858
37638
34392
46457
55530
47571
52397
16288
51533
73555
18467
67052
25676
38271
70490
67909
27404
76064
9232
61503
27152
67834
11360
47924
34529
23089
45323
50731
45455
19985
28202
41924
43224
11805
77599
2742
64838
37407
42804
23716
34241
44238
52487
25063
68187
50711
11228
7644
62559
71004
58610
75930
49171
73606
56658
58006
26210
40840
50192
28342
28431
63758
33428
22214
19937
15532
8360
16979
33724
73624
67694
72227
29897
15067
74438
48192
73027
2311
72893
49904
35109
62226
21009
11804
49054
52661
27030
15362
22821
63721
31714
42761
24204
21440
45098
61476
20178
10564
48586
37327
33645
37052
21454
11699
20531
27887
33450
22771
47849
23070
63727
52430
12215
78010
50116
48032
38724
56309
63097
21585
50512
34137
41535
45075
48066
5979
3701
56923
56905
10906
65541
66697
40082
60356
37618
21816
3245
62116
8977
63029
34142
50839
70098
60307
41862
33200
23395
11728
69565
67371
76066
40067
26086
62708
78315
42458
43459
62661
3206
44356
793
23965
64638
4526
1357
18971
6251
78837
36023
72342
320
41327
41249
58924
75570
23454
46997
8318
18241
15702
8981
65928
69936
12402
5147
73284
74975
61604
15921
19150
27010
52783
34598
15911
30314
65303
77168
45277
30870
13252
32285
6592
50624
70009
61426
58551
76260
50067
47511
29797
20870
21305
64335
13973
63107
7190
66638
41869
28555
11731
50904
61956
22608
13494
46226
24702
8636
19665
61008
42566
62712
26763
15203
13854
56627
63346
46359
26292
16226
48141
9533
2376
2045
14445
4695
40535
45391
15457
33268
57151
51114
7060
73567
64391
16303
68751
57619
6802
45049
4453
227
53258
65812
26743
48424
40061
69750
73477
53976
8566
44161
15753
25875
54602
23049
