37420
5733
66539
54667
19784
7298
103930
3686
78420
2497
33291
4426
42459
58804
69793
3784
1960
77675
1890
47552
1612
22712
65158
12812
65080
71235
40477
45143
45426
55200
36736
92176
70677
63014
104065
58595
82841
54677
88505
93613
67821
75737
20627
36295
66753
19462
7585
82119
76084
96193
60981
65405
19991
66306
30289
3022
55259
56605
47803
25496
80314
55145
48531
24181
62420
41500
101488
17919
34991
45769
4133
57292
60035
31016
34787
52045
76024
38604
59227
4220
24654
93079
48724
51898
82390
17082
59874
42356
83304
14102
25244
40665
97892
33995
2660
21455
58192
78091
61872
22773
94382
33857
18552
64597
98319
36977
1538
96375
11548
10292
68914
62077
10467
28049
77849
55252
2594
75975
956
103326
83460
73394
24684
57129
3327
9782
43536
5179
81794
51690
98952
31182
64911
69605
15103
5093
101652
103214
104285
86199
37689
27523
17788
59379
11269
57856
81122
16037
9190
61972
22465
36137
79132
50843
55452
73018
55052
37354
1867
2898
89142
3950
9540
25772
99138
32148
4079
3931
41878
81853
63597
40998
85922
16335
19192
66394
82562
78775
59827
74004
29985
30607
11910
59934
38472
88754
76698
18603
43319
58098
34596
33272
22132
71255
14139
15673
13725
12187
3060
10775
20299
14288
49166
34422
58305
43939
26937
83999
71172
41692
63756
60635
68806
46123
7822
92404
64455
82853
68972
28804
102814
83294
23272
57060
54448
101373
71495
84953
7092
39184
75277
86473
99061
33098
32403
18720
11790
41236
96211
50953
58057
3304
91079
30896
86091
34692
41807
51723
67547
76903
51383
23945
68573
64712
76764
21841
9001
26646
45916
53183
41339
46539
101378
30773
21920
90271
73165
20150
4973
103422
92435
7042
87262
70223
39509
17428
20678
103979
59625
12989
99900
54595
14196
64641
4257
92609
5522
85796
59780
79885
17232
107
62666
36058
26298
92177
37255
28971
43441
9969
89606
67347
97217
100342
11957
35525
20553
16046
52154
14821
63084
6718
75431
65060
53752
23160
57382
5751
49760
2494
72681
91856
35750
74229
47738
49113
12176
80459
37321
97048
20892
34215
82610
54331
62772
46705
11806
68588
75633
37823
55513
21071
47669
79526
20867
64030
16265
70753
702
66582
72708
54801
27173
20286
55581
43567
25880
74385
21616
41312
28842
85009
46202
94852
17916
28796
38886
52900
12878
48544
4347
89229
65185
52319
69196
9030
73785
68144
91340
31599
23153
76132
55040
34134
84874
3667
49057
60334
50101
7593
84840
90259
41887
54981
3436
32523
94900
71504
46840
45676
70243
40990
74896
48805
79823
66516
25225
65176
22556
96754
39114
65118
10576
89293
81904
9931
37612
44662
13322
37519
13715
29148
25348
5196
99003
7959
102774
64652
56728
64284
68388
2761
36648
96289
71617
76727
65424
12900
7787
84595
65849
7971
86493
59557
95933
98910
57039
51665
92638
61644
16512
78226
23048
9365
81762
15982
96356
27787
49387
63149
79401
6916
82654
18227
86759
66299
69625
94500
48234
68418
9489
61530
64871
66065
72273
3320
40082
98301
74537
15941
3036
32522
33787
56472
65693
37591
70977
87431
11871
72776
33599
41793
71968
92745
60702
44899
101846
47276
15802
94854
20612
47942
10200
101685
16609
58747
20170
34891
98293
75713
13448
14030
21099
75652
40071
61795
60455
29280
53688
81895
68273
69554
57859
76581
54855
8529
6568
55624
28464
7837
72917
68501
14789
5953
102956
51576
50774
82881
89938
84071
87948
57508
80272
31404
72942
73332
36528
97372
23567
46210
80198
79579
80766
45077
94697
67526
101202
102828
37074
95381
67877
82943
80692
37127
75709
96345
97167
69886
23329
96674
15305
62244
35844
24215
28983
71619
16864
12760
90857
8904
68905
59104
11453
4228
102087
69981
28007
1260
12891
326
92748
21094
87829
101572
66544
39492
13156
92998
61811
1639
40540
102016
37997
79934
16757
18055
31932
16465
48676
100930
50835
65926
56653
2203
82413
84635
45655
71484
96351
102122
45417
90648
34785
4846
42988
26555
62009
43726
87882
99151
55292
46645
103249
15395
9870
41248
15101
48679
69168
41033
80546
38093
35037
72221
79716
37237
73118
53088
29856
91703
70441
32263
56111
93242
6393
50117
88635
23338
54828
23862
80867
95486
77029
21079
17973
11527
52954
14254
54255
88920
2884
39180
38068
43902
4006
9990
23236
98527
40525
58196
2994
65012
59242
81303
49960
22286
2015
35707
21418
48335
87404
42678
82174
72869
27738
90395
30307
87627
23764
3893
68935
36965
98314
51937
39447
55566
87985
96125
97158
3470
16504
17323
47927
30150
70345
35273
94940
28241
100387
71428
100878
13992
13881
25729
20338
8537
59194
50941
18335
14832
3843
98016
9186
75927
74697
84270
44944
8866
69762
58763
4640
56281
12674
49673
11592
19163
44212
97394
52161
73507
86244
75966
61846
46689
36319
29187
16132
8629
57072
102552
23986
70269
79944
27735
2393
51402
83917
52207
89854
11892
12209
87967
95691
47883
11205
103567
3121
69460
104300
19426
88645
67956
68507
94513
14486
24949
2565
80339
9034
26160
34999
27066
94603
43996
11414
27112
16673
78052
27233
82152
18581
85426
47270
44956
37874
59013
19837
72553
19284
38581
50430
58231
43047
59338
80120
38837
45711
92483
79274
29194
35443
75335
4255
48222
33767
19667
72658
44126
9862
31788
8267
53151
84886
86094
96717
62707
43015
76383
13213
69315
96699
12058
21854
36184
98502
43069
87167
27054
69925
27623
79288
19664
77519
98851
35373
48702
80384
30246
27376
6059
46334
67739
69064
86027
29105
46685
50442
89207
35643
42765
86221
26742
13521
86922
81071
67206
37837
45422
96131
2074
4554
20647
67831
52017
41598
23714
71182
66791
2584
62132
101865
60294
55807
1474
30604
100570
1217
53863
12609
30255
81246
61496
94552
97959
31579
28776
91825
15694
88025
27820
96298
76225
29064
65042
102119
30549
16464
29500
50147
73600
59639
64627
88550
69214
72461
59477
68992
49403
81403
12617
51256
88195
4895
15119
69624
85243
68043
8410
90424
71670
17798
15070
70579
31626
75761
26039
85603
95740
39150
65362
65759
18974
62393
44627
1393
26788
36102
54979
57788
79146
92865
97977
103631
13317
62023
47876
55820
14004
39745
51976
35137
19126
72348
42461
43053
59558
90595
1956
98268
28310
95301
92561
27279
88983
66303
5387
103637
1854
33671
71588
100164
14243
80943
11873
69208
13176
35992
23542
87697
11934
89876
6663
2925
9447
1627
95272
92347
17002
67015
2532
95560
28815
51726
69345
262
51772
71276
95914
87385
94915
77314
11509
94593
33620
95332
36285
63494
21965
28483
30943
28404
100494
81296
54770
30086
14530
50556
60047
30679
24390
15988
73187
99591
58385
61332
29619
99457
333
17388
37481
92582
82681
82050
70168
86207
55231
77153
100671
59421
7539
44343
18427
25026
13383
33059
40965
82341
54675
2646
46574
81457
55090
92728
11150
43222
52027
59582
50900
5219
103762
87574
22413
76565
48728
58755
62645
81487
76535
41006
67566
18077
66800
24666
65036
89125
22404
79710
25706
4659
76524
6853
65636
91018
34305
11526
26006
46843
38647
97827
61685
11722
20887
53376
41276
27388
67480
36125
79453
85752
77850
15040
25351
30206
93687
79635
77598
70229
74995
93561
45282
15377
31504
70962
43838
74633
64252
47750
86265
102348
19108
92641
66412
99162
58488
95739
26119
50448
16939
102817
60832
59818
74340
76570
100353
103037
91258
27779
40634
45905
42217
12641
79403
20804
99385
60707
78014
32404
74013
93493
54559
74178
1431
76424
10008
85360
85553
50967
83637
5083
60049
90780
52332
24099
62753
46974
42734
145
68195
28970
78698
52708
23583
52123
89612
38319
36489
41216
101167
72614
100648
88989
102040
48521
73401
88776
58084
58077
42809
93564
50295
61098
67333
64789
103697
77756
63114
103262
69992
51024
59510
15943
27268
13267
57620
30502
51869
32272
87291
9684
14730
75410
89278
24635
64611
43794
52738
53155
47354
73866
62789
11342
50321
54125
18223
21125
50958
37807
53765
30119
34644
44516
8692
19752
73673
11664
16692
87612
75661
54326
15835
30916
75746
57930
99808
5010
63095
67573
13660
23610
33258
39867
50541
50814
60720
67184
76819
95030
26561
52338
41269
94046
63979
14583
78058
8911
57043
69651
100059
100067
85166
4173
78047
22318
92044
6880
57042
54872
95285
21035
69648
81141
95091
70674
56756
71653
3563
103939
9156
77286
69838
72421
36674
21634
49991
21192
59066
30880
57874
7890
49086
22026
26720
22062
42684
15489
42049
21917
24938
77955
85605
92070
2658
40423
15754
33609
14223
36315
39871
99634
9120
12052
9446
96720
47059
5961
51463
45477
79242
84335
68961
67157
41301
10396
44885
26612
18050
65727
25541
86151
3318
58388
67750
94557
82266
213
40122
73689
33914
53527
10300
58780
55994
52846
57246
97179
25755
27718
10231
57347
38739
4777
30585
1063
72351
78982
57345
73518
70925
34346
31736
76522
20062
923
81902
7503
49550
5557
61725
62564
27486
88759
25037
101689
54598
58011
102393
23018
51194
52976
26035
44636
12913
67835
31007
77297
26186
13456
82774
5248
76384
7527
83071
25910
76862
102826
101039
73132
82195
77173
80498
4075
44346
32423
85159
66125
91664
73865
8318
69947
67607
61931
35730
60792
43058
23384
31052
28025
99245
43480
9799
8430
19279
87896
98454
69051
38948
69643
79807
7050
95885
83346
65795
9175
66694
1740
28485
35554
15022
42970
7968
51253
51740
8779
76988
86358
76328
38394
10571
66882
65061
64192
43464
86333
33080
80999
18127
26921
39575
74219
89841
31450
17953
31567
99906
48106
13832
77335
28396
570
39467
95377
72064
61642
84594
101704
80818
101675
62167
97004
5174
15537
79546
25821
56572
77815
58176
24032
93543
65843
62607
56060
81907
329
38265
14323
103293
69132
57519
480
99451
103998
30253
88042
95605
29802
38967
43075
83248
8036
96735
33037
40489
65665
74914
47042
64934
30782
88917
57081
69796
78827
87388
91784
76938
43558
86662
89617
26785
65089
100674
13072
45693
45343
53772
45007
46255
42473
21954
51084
21491
59449
13418
7767
9938
334
7058
17202
62649
13930
58903
33035
32640
94556
24464
81157
77894
57526
101700
85408
32709
92029
28558
66639
72856
69542
38706
97786
63582
78572
34061
53314
63748
75944
102920
54459
79073
39829
12529
21651
40375
103748
90627
64250
47652
34639
78508
97299
54796
4106
99577
65318
87608
52073
65638
65395
101890
24830
6000
68051
63034
37943
61100
54822
99386
96734
95172
15898
82905
94810
16844
8795
19693
96394
74446
77778
82222
75637
63835
60241
58987
97534
35936
5089
55710
42469
19755
9425
63483
44219
49978
29900
92290
79219
37660
56432
73687
55115
33514
36099
16324
48082
712
37253
68061
11823
84652
94353
76859
87779
57229
51090
65964
49305
99653
50950
33586
12992
72965
54589
38624
99415
45949
77752
21564
20756
97141
36918
50730
102120
40049
86344
5367
72346
14744
10290
80888
98844
33853
12393
67214
24012
44830
78185
60064
77337
19697
69871
85283
72829
599
100978
51697
95393
81502
2850
64595
18308
88736
8810
79589
97857
82920
58480
29290
97367
24914
73777
65008
99033
19200
74568
32047
92206
17957
5419
35732
98630
101878
43517
73036
32137
23537
78297
97359
24773
47785
581
90634
91224
56798
49183
70623
65672
10753
12160
26266
77601
49229
95089
35766
5565
49342
38180
23078
68896
85267
874
38958
59247
27394
25042
14233
3091
59423
35323
88583
75314
32255
24122
88663
67418
34226
2160
9667
65342
22715
65683
49000
64605
23937
38326
23005
23744
48578
86614
26376
85212
25322
30134
14007
12218
44702
28481
30248
41633
69012
53740
79507
25674
506
85399
69519
88242
11832
59132
100859
100759
4837
43174
82811
22471
50686
43506
5018
66692
4611
21444
46288
54698
53460
41083
12392
14326
87054
18190
54439
31485
75914
35441
81283
22298
71220
55123
25493
75065
54280
53649
79627
44020
98937
100720
52051
94390
18229
86660
25507
39271
69634
71928
101008
96415
31515
88214
84419
21168
469
55499
61663
29963
95548
6550
56894
86469
89972
16889
42048
54484
57110
96512
62142
76596
20801
69912
80347
74565
50379
22392
69978
18098
12467
72151
23156
93612
63570
95581
46807
77212
59391
34507
98354
28938
96711
30715
63454
76865
50777
30202
44060
63621
60576
104114
37215
43870
62453
71460
74499
79863
83851
25959
16146
65478
68076
62723
23545
27945
75996
8251
44657
3397
43489
1168
22149
23109
28427
93535
99583
99711
34690
95364
8880
90120
5504
53138
75641
49097
79811
97104
99402
10307
75762
70732
48435
11294
24139
1571
58418
44418
34577
76393
78683
99393
38452
31969
52838
39516
12051
26104
36604
39071
91688
13464
28522
61032
96925
46168
13537
11076
12898
53907
8906
23891
60392
53081
78755
78258
98241
19376
93852
91788
102031
62380
99849
57921
18675
54811
58444
72302
31693
68228
59629
10355
19312
83706
64583
98748
59580
98080
1835
80136
6604
11192
50529
58622
34777
27424
44006
90306
86303
7418
47504
74677
1416
76435
88825
82243
26275
18784
52322
39144
50361
99133
98451
19300
79981
44302
24242
38329
97504
91053
53018
14076
52576
54912
79215
58133
94559
72163
13684
76062
77836
90931
65077
37847
67444
39125
53957
58927
82248
25017
16102
57369
82066
70988
72805
75199
74433
96224
96539
8926
26905
5145
63512
6996
52648
94640
459
65375
15312
45208
36163
29026
45700
99781
58995
10322
50336
17956
32514
1658
21749
65584
38570
95017
42408
892
63953
43299
90179
28021
61052
40240
37804
58158
29807
41186
22135
2677
43448
47465
2783
64435
5306
24492
76423
56302
13764
65151
93693
42020
61951
22057
42235
43827
88814
52867
84761
81896
65163
31281
54810
92815
68976
20951
33965
7840
32209
92123
90660
9665
62059
20684
1080
22703
2209
6011
14816
81083
25418
58276
80609
70917
7052
22348
55118
91394
34739
89343
100182
3489
88714
87160
101791
80149
78170
18146
23818
18760
52157
66972
81069
90918
6887
66959
97755
10435
32988
77460
21456
6108
53951
44168
54536
4358
25397
62170
36344
45552
67336
42451
38639
100939
80698
92792
103258
72537
81436
42603
36609
80132
18672
31783
20669
67049
27359
6281
76825
92499
10206
28335
77261
14970
74740
28355
16846
7782
59655
8695
75592
37247
42178
84080
7829
48519
11560
16855
54337
16318
36535
95124
97615
26836
99786
15273
43096
13853
98342
103436
99571
48443
17412
82537
62055
11106
76337
3269
96805
78896
47882
98444
29355
10826
95445
76648
45538
28397
29727
79995
98417
21580
97371
36787
37760
25826
40245
7634
101340
70964
29009
6872
9441
94301
91829
77657
64807
13424
1145
14318
29931
77896
412
22202
63938
16311
103388
763
32230
65626
93508
45046
1180
2938
5558
85015
71657
22419
75518
42742
90587
61421
90781
39347
24717
96625
96955
65840
89928
89870
57273
8627
17940
11233
84990
71248
64628
74837
67137
47325
58958
6238
11798
55793
55073
103457
96715
103886
9729
92448
83555
50234
9539
94874
66343
74860
51592
51671
22192
86389
100495
13290
35446
60171
33538
22754
74241
87032
90466
82561
97006
21477
85807
6028
34371
7632
73171
44265
31825
63572
79834
52907
86041
100546
74110
41965
18981
94954
102700
53862
86150
96981
88189
24696
50890
61609
98187
54885
89570
14581
72527
15167
27794
8456
5891
40904
29320
81921
9668
16880
15415
102108
45137
81288
51562
59079
35523
70501
13957
71558
62664
3889
9973
75173
40134
18084
60973
70323
71842
36856
3861
102049
97441
63911
6173
67692
102820
40836
59790
16761
22616
27416
17961
61817
63235
37941
22660
22906
33424
32068
40514
71044
45938
92671
90428
66187
77747
76641
71491
54799
79910
81496
14755
10943
47707
53434
99229
16713
84450
35190
40852
52730
17326
53620
88004
74395
65934
93265
93699
90933
18895
47571
34868
96300
57374
31061
43708
48783
61287
43080
41207
75474
26159
49357
65232
97083
70291
14282
82721
27542
25228
67067
102558
39480
33731
4756
64760
56634
22382
91666
10836
53506
12623
92076
66146
31506
61916
78066
41806
80823
78958
71031
42499
55076
102427
52627
59427
70540
77902
91502
5003
16383
51491
92207
60046
5643
70539
9980
56891
64831
54662
78261
36889
62529
94476
89892
80926
82441
42792
60051
79212
68777
30123
71127
71446
46335
57256
70950
67481
47118
15206
31059
43922
97944
94492
5618
22424
63340
83072
53815
89855
14123
90091
33615
82844
101583
75443
36757
81461
76544
21122
26272
10415
37165
65928
62612
9367
48001
78697
2366
36133
88281
64977
72134
70379
8801
82723
15720
19894
87298
26809
38858
99079
75604
17870
49249
64191
6001
37529
71944
66253
45201
57742
14397
10358
26676
31001
13865
10919
70337
8185
88980
13096
42955
97660
7350
34243
16420
26161
24432
38611
103011
39860
10000
73076
87391
39400
30164
92159
38844
22741
76967
22976
76459
25726
84620
61964
22235
18969
18637
56264
73999
51857
67757
56785
89527
9089
45980
28630
76722
96299
53408
91809
22777
85190
74572
62739
7076
38850
60787
2902
87095
17007
2562
102766
92729
30050
26659
40043
33031
15391
17097
101413
83761
29363
8723
41170
25865
53429
46423
63943
44752
94658
97325
33186
87940
100246
37290
39391
39544
15702
53381
59193
56935
74203
86933
3517
45181
74986
29837
40055
62311
3971
52407
35871
61739
80162
87316
81924
47227
25992
42951
6389
42888
67787
27573
51705
8377
41315
72791
82420
86459
99408
6750
19048
33431
90280
91726
53958
25679
96227
71393
84309
98586
54631
93324
21141
40677
45214
41100
85926
45185
27776
74345
59472
87119
43091
70884
83084
89632
100034
8380
16377
4602
9433
67303
77194
48262
70396
96529
38484
45554
70013
71161
15765
36430
32863
84442
77806
3063
75326
39253
67158
35033
7174
15166
64940
62994
70231
28347
33910
8608
56398
8022
73729
96393
97272
102995
6477
54672
79497
100973
48167
71919
97762
31071
75981
49491
24112
89287
65947
47126
33688
87011
26641
87913
13312
63264
3666
36387
63089
38831
62700
97362
61876
68618
46609
32821
40338
26310
700
11137
39394
59573
65381
89311
66996
11307
96866
59861
21783
35804
76608
6315
34235
14145
21817
84539
94774
85630
102392
5501
11552
26891
48107
72060
13625
25126
10237
99346
27412
25391
6094
8379
70305
24632
60420
62349
55641
78327
81131
5698
35275
51392
84148
45717
77350
23541
29795
75707
84733
65805
20042
45098
11802
6215
56690
2534
52293
41610
33859
15208
68390
61244
89536
89672
36241
70914
33436
26348
15957
40465
65376
94526
98463
25839
85783
36913
74825
35436
56548
43032
79577
101821
19905
32247
77922
24071
4226
13409
32042
96610
54458
20846
35429
91397
20324
34023
28423
73378
9865
60965
21129
7108
75659
79154
78148
46661
22961
78344
71564
34814
11321
56525
62458
21065
61391
51457
32963
10656
102570
80191
38115
95513
68180
64566
93004
56126
34525
8119
49841
54779
24551
4362
46104
98206
72422
46914
19332
11174
38758
73640
44983
29110
85455
19909
8544
32111
61966
48590
40727
11457
69818
13082
16919
83516
24246
93578
50331
82612
97196
39878
1351
44615
92894
32587
12510
83721
36017
53978
16106
49210
84535
87084
83160
72619
90825
62460
21107
22955
32503
38116
63671
71256
13467
30401
17212
20776
84223
70532
76018
52311
56744
53096
6435
82230
3149
94930
64734
21255
58291
19480
27916
6823
100684
57578
45036
97131
47154
17420
34745
98110
61782
49256
37173
77338
73164
30613
90922
102569
101777
41249
35845
88162
101594
16589
33338
38655
97170
559
34884
17210
99913
25142
29427
55500
6573
37980
23249
82345
102659
35084
36310
99669
32950
69240
14634
9084
32116
60270
1230
56800
55864
17620
88752
83137
82515
23895
4839
47012
58979
94748
47852
17967
23649
27960
15755
13726
29015
99644
56235
14482
52899
91983
90697
73762
53697
35333
44912
74615
17891
33631
37828
47706
92881
5012
55863
56212
77044
78856
7528
77092
80811
8111
100863
80079
67455
98973
7137
78537
99439
9877
3099
23006
60819
36385
3432
102482
57739
72717
66687
4321
77349
81865
52573
103271
80991
42404
80695
30724
49308
9593
44663
62536
29632
79971
103555
19006
37610
29137
41960
101969
56146
62727
101993
66541
19952
68155
39381
102925
68724
39330
73948
54951
32646
46328
28781
9304
13826
15655
29291
34198
93641
32246
24726
23829
17361
60199
54964
90043
27630
68033
19338
94199
28958
17995
9511
84341
91042
81761
90077
41497
86633
60994
5229
88112
74797
42080
50227
62619
38495
22289
6908
10917
4395
71516
64044
96894
94901
84818
29149
73435
37960
10839
51306
368
15197
19629
86517
55442
76205
40860
75422
6366
13662
10584
51195
41539
80110
82003
14528
31673
73520
10677
23105
68291
39546
58329
64333
43106
70316
42880
10413
96980
15357
68713
9399
96254
13355
18276
55731
61135
75773
22176
78843
88016
76029
27479
70093
26229
87066
17693
70384
63330
59028
22038
51604
31848
8603
45296
100613
19534
78167
79150
1546
41658
34537
71645
73180
41553
95286
52403
95601
27188
8006
58198
73840
69590
101406
19072
51369
36692
10607
11222
35243
35480
87960
69219
66084
42813
58838
100591
78073
79713
48139
51187
47802
33747
43116
81673
91720
87303
101849
6068
1776
58141
63556
37130
62173
7372
6395
90276
75723
90839
45378
20868
97677
99534
103425
12123
5272
73472
57558
73207
72742
2321
40316
77535
39003
39573
52676
67516
23453
61954
21300
97446
56903
84549
73725
6416
69100
103062
82233
35242
30593
92934
61858
67597
32438
27472
2793
80942
49330
42580
70047
100039
28874
69943
86997
76427
57568
87485
77638
658
13474
54393
91316
27575
14724
61700
63438
28719
69332
83075
103752
76752
78919
37373
89637
72367
59897
59524
36934
15622
53930
19875
36742
92992
10649
47293
61565
16970
99396
19616
61514
84111
50755
71414
25321
48187
102231
94093
7613
37586
10084
100699
29693
23260
23613
37410
88098
12939
39701
93989
18324
85311
10241
6945
52540
26635
100868
87986
34683
728
23974
10364
9392
101026
22208
12795
94229
76294
4296
66461
37801
79163
44515
8270
62032
87932
50375
42727
30911
96050
62530
10761
8245
82327
82481
9722
23218
97547
3278
68285
67510
82998
74401
27092
67929
10785
67712
72029
80428
5845
40700
70496
98139
61875
68045
104011
81629
46353
739
38887
83918
95815
69153
62180
66775
36625
92119
7355
12632
41423
15252
11256
94510
14184
15446
50085
95895
94844
60763
94242
65240
17264
100001
29104
29875
80651
15253
73305
7366
75600
100393
45890
8360
30288
58631
76058
49598
29471
77869
101036
80496
26985
3263
50555
78983
58567
59706
31333
39854
18707
50656
54313
13442
27571
32776
35328
46507
85601
43393
85890
30573
87914
84665
48715
35755
76723
100986
16116
54503
102455
17125
55275
93081
94115
36388
18169
86672
26025
45747
67320
8783
21409
56125
47860
94734
72022
7645
81797
50191
71139
95350
5669
51103
15536
80573
36269
80453
47752
93683
64735
25147
35405
86989
51500
753
67924
64399
81298
23398
70020
81877
39506
65578
41743
14540
39178
2052
76645
85295
66905
56696
76512
9356
80842
79477
59779
63646
101587
62007
55740
69596
59658
104307
79918
1528
70611
31715
74580
65717
26584
59888
5732
114
2059
844
40902
78482
34154
21106
66925
66878
19589
73804
31451
55791
39590
78459
90479
34562
11088
21523
45279
90021
63079
47547
36664
2192
26628
23797
84413
88795
101064
44734
26667
63763
20016
101975
77116
34706
84470
8899
77031
69983
94465
44130
16799
2948
100971
76708
14520
47258
73839
74079
10475
37522
22340
95606
33173
45030
68843
54263
82411
1405
17907
4606
25204
23821
75771
39371
86616
14483
69577
35783
95199
101615
95411
39273
53731
98228
21631
42654
69885
59970
71365
5297
90110
21986
95143
36173
55498
19495
19967
17236
5986
10771
35984
17890
80318
71702
90886
52968
40508
80508
85
34183
66564
75936
14813
88268
94718
37239
20269
46448
72774
71582
68345
38107
13943
93703
27535
13940
70981
6469
101705
44690
43356
30823
76984
17181
75715
66607
97713
62060
87111
81399
80405
21447
101383
81946
56679
99406
87083
17483
40906
102191
5327
97744
12892
16915
2159
30551
72727
4366
86203
85612
16325
94496
61218
52913
74369
32406
34628
2517
24096
71753
1802
102467
35116
39884
76379
86868
49890
72623
10588
99951
15675
1839
98174
88853
77916
7036
46805
9597
1398
45304
32301
59203
76067
48730
3472
33725
44051
10776
90234
70894
76506
61137
12085
87317
1001
46494
24128
75568
8798
64067
24896
57851
1679
42924
54859
54498
90469
24115
97237
36300
93878
37922
65004
7728
85792
98665
58363
70739
71496
37675
3683
89589
44027
77981
85117
34260
77470
99376
26210
52999
89947
82776
58405
28254
32037
51713
98687
98282
23212
55210
78312
51035
58996
10568
94207
9814
61572
4885
96698
74953
14250
57291
103502
29093
16893
15767
12800
69115
54907
91757
100612
86953
81318
68104
48985
81998
15135
84942
35430
96800
20193
57141
63055
58920
104083
52370
87301
26396
33622
13204
5384
99793
30837
81934
66908
5753
55457
53966
31323
33999
66594
72403
45372
75075
52330
208
83241
19888
24136
102091
81138
103365
34621
23457
17107
31746
10757
32331
5269
169
42789
44188
90227
90554
40431
42000
8202
10088
38900
13499
37604
21912
88757
56076
8777
13962
5452
94836
14471
72200
47510
86346
65768
103342
12303
26428
100675
69946
53739
34086
90178
48559
7374
76749
17787
98027
69484
1603
13921
7155
14639
51516
9360
48787
18096
75325
5878
99272
17826
19160
49667
86563
25744
89167
95367
31882
46819
103732
94228
98185
98076
38891
80518
57030
30270
9660
61104
79186
77278
56737
16871
2295
40893
52178
89026
62466
55616
35996
97000
60925
33277
77876
36658
16296
83391
64515
15610
31831
22290
92570
92025
63939
100329
94840
65715
48629
54721
74741
36932
50914
45985
61800
28399
67649
91915
43170
35521
67108
42254
103759
91312
12851
40239
88404
46365
90665
12815
83299
68941
23666
51167
66379
47493
41321
90978
12107
73220
29695
89628
98593
63347
12877
74368
61168
32222
70854
12368
57928
95425
13470
18489
61783
77711
49455
46787
16278
81202
22372
5752
38674
52150
69753
95079
86013
27135
20772
78078
21943
59083
31084
17966
62479
15707
37814
45486
55116
25682
62385
97952
12971
9093
35929
72891
70336
33588
97396
30152
103870
85341
19057
97373
93435
82932
1904
86779
99528
63830
65883
73167
4326
18235
4790
51755
41355
64082
93389
2389
24393
26
27503
75569
59024
65668
78548
30348
22210
97400
20364
100487
12924
46269
14220
23623
16921
101886
62341
47612
33146
15426
72598
31202
3647
16516
59207
56988
70494
8611
72197
15031
15587
24867
1687
86650
60724
91582
3501
103426
90850
36326
81990
47946
23716
98515
38166
69530
49312
71108
4921
77156
76854
4368
80898
19007
79628
54186
16042
21462
3797
29391
22986
5747
76016
59046
89515
90381
66647
97687
18309
29948
12210
80681
47963
45315
60021
42606
92732
66633
42985
73885
39933
26830
60307
7129
7522
67279
96067
26931
53503
42152
16466
879
10076
80311
81584
16541
76632
101576
27034
36605
55022
8716
69179
66123
60471
25335
11461
56993
61077
60825
53778
85352
27258
20219
53193
99766
45897
53544
17685
21190
60646
49833
64547
67104
24519
40848
36367
39363
99695
55611
51670
6207
93385
5140
89014
69463
73576
51078
9231
92496
68638
74814
59754
19509
59114
57744
33074
58375
32422
79970
21232
1543
22004
36369
5562
85910
23007
20995
93532
21727
86462
17424
21422
94778
97678
38123
82711
68921
69147
45728
94295
25015
31204
39655
1545
95789
39770
81992
100089
98169
101418
38802
44121
15842
28210
79133
79571
29214
72005
3837
85137
3956
98817
7177
11860
85383
87014
47119
79025
97526
72356
34032
78208
93902
60548
69486
40891
29199
34174
24121
16641
94064
89181
77664
11490
56032
75529
5205
24364
55670
47355
33714
89217
61226
11541
23692
85063
27464
103643
70989
75455
45823
19659
27432
23849
15760
19302
79174
17560
5941
50801
68001
32539
72110
24371
43290
76329
80068
60550
2721
30133
59173
68212
7293
14883
13540
95806
58829
31609
39816
98966
33769
39560
63452
61643
88497
72160
57396
94673
28432
40428
87423
41096
17877
24884
63797
87821
36517
3788
36402
78998
17730
86184
26526
99860
100311
44416
26604
29584
2832
33716
86965
52959
3676
55135
59770
99438
88649
93655
73786
75567
93820
94369
38990
32304
13390
61761
27035
39880
75984
28072
6228
83628
55617
53959
98255
103203
48864
2051
18495
33052
15766
513
14367
42601
30213
4911
19333
27286
65879
92234
70285
68684
79816
96085
20003
62474
61785
46469
81114
32308
86969
35519
85320
79325
68650
96316
17354
10710
36060
98003
81099
44706
101869
59124
66681
7065
86666
26932
73580
51426
104073
48865
72046
33707
80231
1721
23258
98326
31562
57444
47187
34539
48485
7292
69687
90119
20989
72946
2311
87215
48480
27065
21909
50648
8994
98601
26715
13802
34131
29216
39596
21024
31019
74927
52223
23337
5240
30354
79846
53616
17911
22743
7621
42993
74382
78902
49164
7729
65071
12039
21933
90535
56913
55178
14872
10642
46771
102383
44290
58190
60802
38212
95841
3768
47179
3936
52514
92943
29423
30825
7928
80924
37497
2495
2138
28644
3639
31617
90716
60230
77610
3230
87708
102425
59232
54890
20050
61319
86206
85762
29684
64894
98576
4239
96785
75891
51842
16399
32552
75
36156
77580
69140
71743
75223
56639
56702
50968
11867
29836
61461
7024
1577
93707
18478
59080
103885
53179
76521
83922
30424
82678
53932
100123
29863
88065
32402
8143
13858
26886
87859
58498
74742
86586
40871
37919
78210
1410
86504
102539
93380
13691
87552
97863
99607
22182
40132
49628
37276
25202
14195
88982
39971
785
101071
78333
27453
97290
70895
102395
98776
23624
85458
93087
21875
91948
34813
1444
98394
48539
72936
51810
38897
35537
25926
18260
98400
10864
40655
50433
3120
99449
96771
3249
22731
71258
93251
70921
51846
95713
26793
66534
55288
71505
8054
75954
6178
77728
99017
6023
10478
21108
51488
14549
92268
18117
10459
24761
79708
34624
102710
85730
65899
3840
101577
103922
98186
60977
1065
31005
28145
69430
21931
1491
38479
76028
49930
79357
41662
13996
81964
18844
33428
1164
49943
50990
14966
37826
1179
46545
50026
4710
86730
82471
99562
55762
61490
61027
9177
18481
2932
22336
27545
22719
38952
10549
50727
45061
24818
101144
25958
65991
23077
74582
36715
66749
89440
84716
37082
28202
96960
30626
15502
77151
101386
62983
10167
5919
100502
15215
21985
75957
10867
1520
79346
93273
47609
40462
44598
101848
42482
52301
85011
76338
59231
88624
63303
24891
95576
26283
12222
10378
30460
15004
104336
22385
25775
86881
89792
56135
10525
7575
57066
66197
31861
93889
91804
55840
64233
45908
94085
34432
98272
95809
22008
57187
17350
88347
7906
19577
73664
49591
45656
89022
6765
10945
84829
87980
8425
21652
54967
62414
47842
84748
95796
36108
92226
43888
33788
84460
73995
79410
9704
95082
34097
83214
73439
68569
79470
95362
92396
54923
54006
57418
73197
17754
31564
28574
57888
3238
96891
6723
29646
88750
76637
85600
81850
100129
54287
26700
2952
89235
101842
86793
91197
83861
17376
48188
45960
48418
102843
63562
43094
67811
42440
96585
3506
64994
28367
75953
62247
57231
19775
71647
67424
8803
16877
56041
95550
10652
37838
27042
19446
54965
69730
101190
31243
93843
1492
50155
83108
21816
90376
76696
51644
45307
55262
87001
97756
52230
36893
12253
30305
8617
7367
81637
88599
20421
895
82117
21041
82710
93296
46711
85446
25204
55385
2697
101814
72875
12867
41717
92454
12238
8970
54994
1164
90147
27205
49883
55200
67522
98033
24067
63698
72617
79167
35466
75309
38375
12718
77919
14850
87774
34085
94967
103337
54148
41355
50116
10468
5544
55505
29174
71829
77778
65797
53846
75803
21770
71164
40791
94770
9085
54497
34135
26270
94872
4118
23682
1100
73126
51355
2935
