101635
18015
7574
32768
109298
68766
73563
27949
67237
58860
84702
27244
56536
54111
82921
15199
16938
72772
7463
98856
29721
97782
43520
100846
52519
53841
29941
101246
104330
64820
72631
25435
17249
49564
46158
53654
72810
19995
28641
33711
85124
97292
47807
19065
83444
14406
34228
38217
50241
52880
14149
31498
45950
35591
70539
15889
64009
74027
80617
10311
45593
2740
106693
97134
29416
11540
72265
95965
65227
11792
67186
98151
67797
79376
53969
17374
100588
105022
860
11703
85156
74052
26482
50803
91275
11453
45889
57782
83496
33474
51302
62478
68131
23081
3041
103515
86981
82753
73918
42390
107245
62988
25505
96259
92075
2795
69843
82393
28530
82200
84751
4043
47283
51417
13946
92380
61496
30861
82634
13048
84170
78813
7371
90447
95890
11329
101482
45575
43914
44572
64262
77196
82249
39764
96146
15316
7476
15195
96559
25830
79975
35490
40883
48933
11079
72495
2137
49665
69629
44220
11607
86625
100945
98570
77077
89714
83263
63608
19822
30982
88301
76943
47783
101280
2788
36616
95197
96601
2559
22920
48911
69336
61507
109826
8044
49399
31237
100946
51908
103500
4087
22376
77763
53575
66543
100530
66470
47330
24515
109470
20440
32671
35489
27611
59294
52136
60067
24747
86884
1040
81120
2050
11442
54201
75757
92772
108084
99244
87559
76932
5436
59257
24568
59207
16766
94407
93905
75433
54264
106982
30879
82641
50335
77916
4838
61745
24138
11018
83617
95296
24609
80944
100553
64477
5610
40611
4096
21008
39287
7081
86790
73790
61066
57641
90612
72226
23436
54807
103882
38092
29955
78541
94914
28059
50606
18329
88295
1941
43455
74697
100659
25324
70088
53457
78964
99026
99371
100260
95915
79317
19060
66427
62786
12278
33384
12
87815
5476
12871
2924
84511
16878
52730
3740
91486
108057
28760
2206
47928
65191
55002
5362
50714
76089
42463
107927
61042
790
43016
74075
47893
67623
29438
20097
93603
14689
70952
19047
38420
54501
38013
34887
15747
44136
77021
52857
53800
2720
107765
41444
66985
85220
47505
77029
78917
64002
92325
102924
99766
91307
15922
18668
53835
20883
16507
74173
3172
3648
85095
11576
43392
101606
91995
9871
52892
87997
22690
13581
89421
108962
26910
66050
42430
18177
12622
66962
12373
31756
15060
18333
28852
42186
63679
14943
58594
70647
65249
100733
22934
10601
25434
59272
31167
68845
97431
67144
15272
52877
17939
65087
83251
107956
43044
24309
97838
41379
40678
48837
19811
49584
30613
68169
90275
34813
42096
80301
98682
102846
45891
63137
90661
37151
73760
56972
68616
47830
420
16449
30697
50720
91813
28099
99094
48190
73225
109873
63843
54070
65288
94797
89135
103746
29929
42769
32902
1255
16027
7060
45820
102091
88424
90778
56125
86911
25391
3895
55817
86385
91975
21620
39678
37135
23282
85197
56023
49142
48291
1333
3214
49381
38263
102109
108298
63429
78110
33989
86224
59040
84997
51244
67928
102432
19345
99405
53926
39562
14391
85722
52407
67720
31152
109614
58460
7918
46568
8111
33282
59175
17136
81063
71335
56259
106154
83375
59169
71290
29962
78805
48485
53705
14377
30605
18217
15879
17365
90915
98196
103331
106318
25007
68704
31678
38459
1703
62081
101749
31517
104841
2235
102411
72959
55519
43259
10159
104464
32101
60387
32145
57377
5726
22933
62902
65143
97812
101655
4034
34916
102510
69019
63787
25280
5664
75640
92530
93156
71326
50028
31144
81506
100128
74365
56496
27084
17559
70494
95419
20349
92026
99284
86455
65529
59147
56554
40996
21250
93105
10907
31763
90594
5588
67112
81197
71988
102305
67603
13245
87866
102262
109414
68858
71400
61708
38129
103613
75853
71727
14879
60127
77612
24811
31511
24299
61955
93469
73293
16548
5356
79162
1723
10399
34604
59213
36479
9250
60868
9912
87041
5771
61622
24265
55771
82329
96258
30978
87587
32191
16728
48250
67360
10681
83951
105399
63499
14498
84797
5344
61886
42945
88045
105609
86016
74426
45366
37293
102316
8525
41673
37040
60059
10129
39044
12333
58273
92497
65951
4821
22467
19222
53708
23490
63892
31578
697
35250
94481
59514
11075
29519
33252
70125
66335
17846
40804
101178
46652
22084
82219
9025
81042
64612
90325
27247
72677
36610
89942
32558
92303
8238
21033
6090
56129
66155
41155
91346
98206
77744
85072
21634
105437
8622
48394
66442
76284
68568
88722
27635
36593
49266
4280
66695
39796
33933
93499
88979
89958
28276
90952
86149
72519
17747
73306
32187
49903
69202
23447
19152
44177
25459
65449
63422
61927
49471
84258
37300
52262
80759
73154
28557
104874
101276
37266
74403
43325
65813
83239
59109
103136
63524
82182
34703
90867
12433
47476
54138
16083
53142
83090
54280
3180
93256
18513
85517
15198
14425
72668
89242
65609
36176
49013
22649
4929
90302
56890
43807
87926
103840
34779
21729
168
55639
4670
51070
109300
98004
5454
45644
105498
29632
23765
78238
77167
88455
82269
38932
46392
29853
42038
9921
73783
38417
84003
76382
27142
41754
2840
39549
33253
15698
21613
109557
104375
105538
10683
48266
83010
78407
99995
108277
80278
43232
9114
19522
72964
46448
17578
95643
24669
74164
28547
16184
31283
98705
53884
59570
11588
75008
35121
87644
100819
30612
93911
92294
89103
56707
4981
3205
13559
78988
41990
95772
65375
49825
92044
20802
87093
105308
90508
105064
16733
9314
81397
101675
106217
64484
27251
29362
38147
41302
86358
52279
61611
3295
31862
47133
50322
35599
103236
11883
18868
2955
69747
29440
71123
2832
16991
11657
42902
109114
34638
2696
13590
26276
26753
37088
61086
21647
53768
4172
34258
92805
101071
4487
29934
88216
37734
73811
24124
44731
100235
18888
38578
4138
102494
55625
35838
17946
24412
64881
75010
41826
14026
46667
86619
39027
5183
52958
34659
91569
51015
65013
75091
31450
86458
24573
5503
97124
109711
109121
10769
30397
109338
46750
91
44776
18459
33155
106356
20845
10531
54591
104005
22732
98799
77468
86437
98732
43225
109271
9999
36468
82588
83824
71883
18883
95909
98235
45863
69244
7751
77235
7863
44346
70821
83261
8648
46366
41026
69512
75673
56236
24988
33606
31851
4414
42070
48645
3745
84709
5667
81855
59240
15753
103450
18691
44602
70179
85535
43684
55996
55835
3187
72398
17808
67102
84533
94925
18010
104809
78831
27267
1905
101947
99437
62421
4346
11460
20321
22402
107298
57436
25136
47529
26116
107027
102727
24600
80994
44991
1236
48012
85857
90016
73528
20556
44869
48101
35219
102569
50268
1065
12362
40509
96009
14956
58116
33074
59549
66106
32830
106408
48993
100240
35386
105621
60186
45142
98360
91020
55228
93437
35412
10313
49088
84014
92372
77588
23700
78297
27518
48324
48282
91710
57601
52545
55723
40948
2790
71381
31070
87870
64343
42444
16145
80833
57256
3237
82573
98220
60374
93948
71529
33036
60334
6900
69277
75868
92484
37077
45751
39308
71345
13866
25821
85674
57057
29529
42686
100008
76171
31900
31457
71583
21283
80356
87602
13630
65397
83533
99734
80212
5511
12804
59946
79303
8382
43757
93062
76665
25564
75380
55042
54770
77389
73628
20042
29523
67106
39176
77926
74988
32269
37308
107126
68432
2227
20697
90493
4465
52721
41635
60807
101146
22974
30165
81576
80171
82017
63850
50331
69148
6522
16597
89527
73572
72308
9368
90948
26214
14329
78982
22909
72000
78066
104097
46188
83943
5359
57387
72422
35930
48922
92798
108535
58334
89463
48807
36803
38065
78532
57165
59894
84543
80493
67694
21718
109002
60113
50836
4910
6821
10016
39075
102176
29315
37101
107111
81272
78398
81965
102669
3195
4196
41325
30159
29268
87030
44740
2425
65485
71133
35678
2512
61781
65997
54924
79895
77418
101045
103645
35072
59582
65167
84961
106826
78856
52830
105115
103259
3232
32609
28731
79960
82629
48556
108386
61260
89101
65399
64118
91704
59971
51420
83770
25346
1156
50465
81990
98312
64489
95499
68167
90932
62906
23571
15056
53836
78549
45286
7621
74852
91322
23732
104837
68516
50015
82257
42792
74887
35762
42882
26165
32063
52750
8554
95989
45594
71441
24077
68219
28590
70497
289
72237
60069
16940
67785
1532
10585
105812
109918
91659
20435
104453
34775
12978
22656
9442
99180
6349
75171
65120
60439
108337
83162
72158
41231
105817
5312
40867
45968
95710
68594
18909
54890
41969
21685
72314
58317
100858
47425
93711
79778
42743
105328
61506
50795
43489
75066
70312
3105
42540
35825
104717
92985
17166
65768
1075
81153
85479
102024
57375
43966
102825
56373
21558
33087
38619
94743
71319
57482
29173
86195
46990
51407
24308
1691
56226
18215
93725
106959
11321
43761
27035
50436
66307
20250
4027
75478
52202
72227
62679
63832
8646
86517
43922
70931
84139
86984
57860
42022
99632
93034
16206
1677
94508
21085
99806
10165
104295
77071
34198
105324
26592
44522
42465
104926
10492
60507
46316
22455
90203
95455
90119
7507
71568
73944
57498
45503
31216
37707
97488
28482
25915
33283
67291
107931
59990
81611
99718
11839
28684
73912
22025
44306
79434
15809
35915
2741
17323
21546
75672
89134
37404
16204
8261
39889
29478
53739
78966
102269
7622
83471
31130
63125
103553
71798
68174
89850
79403
30361
39755
107122
49024
29744
73020
25193
35853
53362
19416
96776
104443
8501
17970
85594
108405
28225
34302
36209
18443
102530
48873
8810
105292
72136
14737
98038
14074
98839
1504
59795
64107
13378
38027
5656
63505
94332
20962
36810
63840
37494
59957
26711
36033
5564
63551
15215
21382
69959
41443
76223
45239
80123
43150
30708
49637
18048
63525
11183
86376
77516
102599
79884
7966
99373
32347
71777
26604
101735
3175
84346
1552
1900
70789
3750
29778
24001
26588
61618
445
67375
16129
1673
15984
63462
109678
24923
42913
90887
10801
62527
71391
7255
25989
42056
70454
29164
100158
19767
87647
10527
89985
62353
22411
88539
104540
7674
65950
58158
70563
26684
3258
79878
99672
74569
108750
92882
38829
89369
49443
94686
6791
60582
1938
41170
88051
21146
34931
51919
108128
58119
31201
30066
34998
101443
15504
66913
78738
62502
3978
81064
49985
16756
5039
21331
68475
107862
56420
90436
59395
45997
109705
79844
11040
84260
30836
93944
89087
86558
85711
100342
70832
102541
54389
14239
60591
41873
2361
1959
104694
70130
7783
25939
100800
100435
102515
50766
21190
100624
45892
108712
88452
86479
22021
102016
3706
95184
20722
71178
19322
92328
14704
20363
19633
77518
41474
91457
57828
84914
50520
14713
94944
57561
67850
85593
60169
83431
42854
50100
57997
60584
23513
39351
73600
107049
83970
2281
91313
71766
92786
23554
47020
16635
33304
29324
45840
58536
2929
12107
54972
35564
95646
53445
35147
18638
93236
81559
81289
60612
18666
35689
84187
109921
18287
8995
51972
88885
72560
77491
86485
33043
88384
80515
107845
94150
19349
42886
37806
48979
107229
88666
104153
61860
61263
23740
72795
85791
3045
33185
243
10373
7147
71521
5031
21657
19440
66276
101027
86512
85833
84429
30068
60081
58067
91193
43083
94777
79378
99050
91899
69359
40529
13096
106306
104297
69103
93207
19250
79490
46330
1187
43543
4227
97699
127
44807
56376
64552
15619
47431
49417
49966
7567
101981
4549
19176
26078
26870
4116
62548
60906
33415
92151
101163
13815
14035
40545
36596
93436
42793
79414
96833
55562
82717
56646
63640
38346
5558
21223
36388
41266
16299
75912
92946
90720
34579
21989
41277
69043
12912
82785
30992
58534
70376
82427
62472
16985
3188
91436
31088
85366
77625
107440
104541
43415
32711
28168
2430
100201
99901
28697
77919
5528
86232
9465
39347
70614
57603
54360
666
61867
86029
45902
87277
99564
30324
6013
38885
69173
65161
75704
86543
78961
1956
85334
72350
12158
41797
20452
59346
54158
40408
71423
28768
26584
46053
32771
63247
96188
98812
15456
71431
92146
72598
91781
5247
49611
5877
6936
38328
78074
79985
90180
83642
77868
84483
28361
69270
65139
66460
39822
79389
54031
58092
26580
8323
40843
60512
77234
61873
20627
74450
50549
88019
46856
85801
80699
83682
53103
6716
94175
41175
36181
88495
69329
18364
84660
34853
47215
27164
80667
31176
96892
84398
51270
63375
92055
22028
79971
24827
18929
8826
2554
52959
29308
105386
47994
106981
16276
44839
60303
15040
61412
61076
34523
5843
79294
68361
59091
20996
5469
29994
55910
109916
32545
86086
67487
17582
20082
21554
41521
17674
90051
67970
8605
9962
13149
34010
60100
88332
49203
60377
77205
108512
29387
60423
47700
7154
28034
92083
39482
22272
17887
44626
79237
7756
3215
106484
15136
25242
92390
101321
44969
33837
18621
28879
73347
88122
32847
11114
49963
101885
28710
107933
61785
62821
80099
2725
66243
98303
109636
7148
101515
65384
100489
26187
109876
50569
66697
25638
68783
1820
96793
2959
82642
95201
105397
37205
94285
41092
74217
106500
101404
17836
62729
17906
80845
56293
109331
49234
88764
103140
73986
61494
83416
3588
79336
31849
85114
18253
819
70861
54562
20739
95067
29642
83899
88260
67404
22173
105654
34172
18658
99454
5410
74700
21594
16282
24199
82413
31034
43371
10939
810
39743
76722
8699
63627
106094
14249
52250
84356
10451
37032
52041
4700
8025
19275
60932
89545
5971
53448
58808
10064
15954
70004
92194
53563
45183
76552
17221
80395
76760
52010
43422
13996
11313
99569
89723
28585
60915
27443
45843
1702
45087
61089
82488
17672
81228
96746
14485
100167
70578
22316
96175
23931
37028
52553
99156
53199
9065
55787
1671
86617
97924
103612
58350
23425
106329
87626
22126
66662
94167
99247
60725
102589
46199
97231
88208
91525
76802
57626
15970
102490
16963
54859
5814
8707
77654
21696
28392
20479
95189
99585
105384
60295
55150
15274
49789
85162
12608
66735
90135
68440
79653
24751
106774
56718
58904
5464
26729
56994
46740
109822
72344
39976
105645
55231
24426
85727
40029
18358
82992
30969
59634
49525
29872
90603
36470
80602
87631
101087
48315
24705
97642
33355
104584
94056
13249
16451
89385
84121
17314
93195
33276
30873
21420
82926
3789
109016
8990
14910
23033
65864
74969
107590
57838
39791
80146
34404
77170
98725
90006
79556
17948
24377
48912
11172
37569
58743
16216
32766
47550
70640
102071
86289
75308
72189
43036
102901
15588
63583
80362
99574
64415
91292
80243
26379
92207
48173
6430
48752
92208
71898
68186
56827
42707
20666
95371
57334
105690
79289
77434
84740
105401
75635
91958
85954
10529
57784
41060
87060
69549
44959
18724
15340
35218
65177
86208
91174
6169
33514
19772
64997
59379
12649
108828
39325
88039
61907
92058
43195
94697
69955
77891
70039
37573
17369
26257
84056
46952
27222
105840
43861
76466
99446
20343
67627
3881
80447
98230
93496
34459
86639
72539
56947
40566
17557
53564
78199
23685
95152
102973
28481
89609
68764
27421
71215
35178
52945
46380
67518
36586
31958
21918
24310
49868
97296
94647
17041
36012
52163
81957
60543
3431
9986
86936
65360
43965
21069
1460
51723
32499
67430
21493
15978
98393
43184
56167
2014
90449
53637
33089
20094
15179
81791
83371
92005
103179
95662
58220
47525
25674
68997
76146
88077
5011
45210
89264
54341
91830
99877
99713
89949
40769
17853
107384
57898
108071
88542
43495
43208
67322
93237
22623
1964
83170
46486
49095
71905
89194
91081
84310
99409
102792
108115
13311
18585
88116
79902
88997
37733
7562
79193
68943
94154
46749
15832
28436
74497
56642
64897
55435
37986
26266
57372
40046
97344
55295
56497
67335
60800
88176
32750
70036
23994
33106
107717
33219
71662
27236
9405
78455
88194
46841
102275
8615
108774
78724
42201
12833
51877
44298
13848
1489
26367
33
37920
69561
35467
82983
244
62572
12003
64749
105673
105271
96842
98384
13033
4145
90668
75533
85281
33588
44627
67962
70333
105275
45463
112
16259
43418
2596
81487
45690
49490
36100
5848
22251
39756
81570
56308
75975
88437
71834
14328
31866
44613
88723
107109
71062
75864
86604
16397
16789
32196
73006
19253
29050
90010
15490
29574
100415
85179
23355
48109
59859
6663
76307
105200
49425
37607
29224
31128
563
5421
18737
8819
13881
65856
108480
92119
103597
19607
105455
26778
18750
100925
109612
77648
82518
76881
22657
76983
73504
31149
4546
63526
41245
10906
27367
106338
22380
63299
97410
36788
89737
31304
36230
52267
35071
75906
79398
57445
88913
65458
8108
44888
13995
17244
27024
74638
103865
51990
22952
11999
68933
30358
72502
29272
50726
74021
26560
80446
35066
53756
13406
8607
29973
80367
96522
85394
95306
86466
44694
30939
68158
92033
40197
20863
72354
8749
74113
77757
103456
33025
54069
93145
9760
56066
92650
23429
35776
101776
61546
14973
26550
102008
73834
57058
6129
38155
32435
44882
4884
44998
59421
99452
35283
96911
52155
26509
56544
23485
9907
27002
60571
74187
43361
96689
104135
21063
48788
54620
54197
88137
10635
5150
108060
75386
55933
84727
77560
107445
89228
105158
53658
9557
43434
64312
6794
101719
99767
36731
48142
15189
44719
84572
48633
23416
71127
43733
80238
89229
65621
73592
100460
72375
77018
69876
7595
229
49393
11274
78203
12169
108902
40439
86056
87484
43188
21580
90619
85489
53204
18559
48544
101690
100410
14615
35642
15615
84005
84012
51030
68841
7193
1779
104603
8535
58050
76831
29036
106486
100840
52517
67616
79903
27369
32222
14860
80812
45426
58129
103646
8160
74855
71878
89472
66247
101318
107592
35192
27862
107083
65285
83672
46820
59167
19916
33100
271
55727
24127
53849
60343
70649
13291
42678
81014
26295
82839
99468
64970
40903
50169
63322
99027
91609
39013
70898
16200
19766
40596
44685
77309
64051
61379
73028
13180
8216
1756
14772
63423
12081
22420
19129
71946
21686
77386
82708
61815
93462
56364
78935
106436
103308
106316
50526
5250
81306
39187
48709
108864
49838
4805
12055
27170
54423
85767
10423
81959
1800
78498
17031
27792
90036
100445
54425
28521
50794
40273
106685
58560
105744
61165
60975
42410
96467
79864
12157
56787
31364
86719
52334
104082
44491
97907
22716
32825
54806
52966
31643
52988
59059
4419
95599
48363
60749
66672
88721
5014
68725
59434
91321
26794
105272
32958
32108
24594
91928
89516
74563
37614
109409
73270
44025
87216
106202
42394
25669
93192
74649
8568
17303
97918
39758
15522
50064
102922
50399
28938
66899
79956
24373
85196
59018
2042
70006
55480
75882
8536
42581
96570
65308
55695
36151
13601
33463
9581
76988
109115
62000
34062
72579
68113
69509
66023
62636
2336
26254
109809
37577
17651
66818
97660
84103
26552
43921
417
3008
88692
72961
85513
20829
80043
98119
89181
78078
76170
107355
99029
106846
374
81279
109965
90962
45218
1201
94367
79582
21984
21345
76851
107095
43819
60834
50510
79148
32011
21866
96815
69651
36618
69349
35727
104759
67588
38324
64219
92086
69913
16416
29395
71510
13372
53260
101711
93729
49244
75310
109276
78570
61039
93126
81839
75136
4123
94064
77575
55113
95594
74536
33737
94992
35524
49458
32620
38562
36262
6598
106271
17952
5049
56606
50397
93925
23455
38197
35062
13051
79016
37844
63536
22554
66473
13328
43249
57473
104147
25004
83658
30377
8384
72494
34116
5323
90490
71096
78811
55517
107902
66875
39234
95498
68574
73071
45211
64593
109874
47849
103088
66482
30863
61303
49765
100844
33736
108559
23816
56251
27077
10138
27617
22492
46014
46176
17580
103049
43212
20283
82773
8940
7897
57465
20160
65889
4814
64204
38080
74438
15082
17882
42089
34115
79790
43003
19542
81030
108183
109182
54208
90031
29101
55742
87832
81476
84811
21397
798
94942
65977
21645
546
76613
38510
76304
58941
63535
66793
19776
69529
82025
88634
104706
82305
61370
20025
20745
14206
61712
9183
25879
77502
108804
50609
96951
40348
106523
40443
70833
76375
49821
93125
12295
15364
39028
28743
56680
18537
15653
84857
66297
40574
48471
31627
50673
107879
69192
88343
66449
8818
23142
61514
15125
72048
76808
40502
77329
67087
24921
86166
32303
98720
43245
45205
92016
84929
68090
94420
54766
58515
82281
62845
8084
103893
103696
56876
106511
73599
69393
51351
43898
68006
47781
31981
98363
91978
76156
73673
108300
91884
33136
84136
61461
74665
18172
41795
69902
76930
84228
37960
55072
65076
29732
19231
78463
1685
62208
108566
18348
88184
80747
105003
56686
31757
77114
4728
96117
60211
36445
29808
61261
49452
66051
27202
69708
101279
44019
96510
7884
71072
108307
17335
17755
63996
73252
29948
52340
104191
78513
109888
64643
11727
70460
42213
49218
87343
35428
47471
47647
5774
64379
27561
83382
103817
23444
36745
21247
67228
82496
66914
53487
30501
99278
64865
105459
98068
73172
65629
48550
60530
65557
45626
82585
12723
25408
31307
65357
104248
28009
17477
83917
74551
13674
2391
86204
7528
57426
44514
101405
97582
76130
50447
101312
6032
87932
62311
25281
50860
101881
98756
42653
88052
32238
16558
74958
14269
20228
17394
13779
54073
30796
42868
28399
18261
95968
76084
4931
80995
68468
59123
5133
13949
73901
28516
25194
13114
8520
104354
98062
75514
82963
17312
65328
82543
44274
56959
16014
3884
38663
99618
63111
98070
71358
28255
63389
99382
98096
63588
24211
56301
89403
87531
3965
61938
51987
105345
89375
108362
22320
87887
50856
108732
51911
5281
75182
50023
59945
20211
81706
67613
44871
12232
77103
23615
18169
50200
64729
71408
62321
91012
15495
44077
97404
17814
93300
91839
33992
93838
40397
106284
47935
12277
5191
4789
75505
36793
26401
94470
22713
6394
70178
79760
43460
80193
96209
10671
103825
1033
46175
41678
71287
11163
23832
16977
43702
11024
42327
104826
9527
9694
52885
61240
58313
71975
12894
33857
47637
103289
59902
81009
57437
1854
58930
106349
33595
16819
58260
74662
55491
41319
42057
97075
41783
67367
43488
99899
2074
78885
60897
69115
61777
2847
108264
69909
45062
46926
74207
40393
54059
12851
71562
41847
14948
19236
55810
14033
61229
96742
22684
79680
10763
71356
102529
20800
62253
42647
87861
108242
34732
95956
52546
67083
7986
71992
65895
67898
37690
38689
70787
77110
51512
57893
33838
8330
51091
60752
35317
20619
73081
108209
77373
42300
63108
40965
16969
62463
41301
43458
7450
71899
11533
64364
23151
26567
75945
48856
37111
103937
86107
95362
77058
64427
33843
85195
37731
109853
55803
33085
50409
34176
42123
28584
108106
52016
18298
13668
107772
106303
84726
6030
89006
89474
88718
56990
77015
84370
109167
79258
14156
79670
24941
75667
106649
23064
61503
106276
37670
46229
96011
50562
57208
25156
39159
19151
96501
9159
92906
2576
1384
51507
19178
24819
40993
32110
63311
45447
5456
98649
50798
100600
58365
87323
74655
99765
37314
24460
86441
23348
99041
63519
60986
27136
57502
78527
108743
21125
37433
99762
32812
57103
100279
39783
46306
18876
102521
102270
48951
66188
96985
77720
5813
51724
25529
69872
16398
108508
83462
105326
4422
58958
42350
64887
10753
87918
56112
73845
79517
84662
36734
6119
100657
91025
36643
30336
18413
77415
11191
53454
61187
106300
106740
104641
92887
46546
49982
24841
41738
73440
69260
54175
22364
100702
75863
45957
19390
40766
64390
97391
81534
82517
23564
68401
10589
31547
19895
26570
34899
59269
87028
7630
101798
46046
79326
101275
80347
79007
83923
63157
24153
97540
46910
89353
75159
74812
6452
98411
76909
60156
30569
60196
44022
67614
65839
51630
25205
40823
18446
91993
28885
7513
40121
34496
17011
66377
62721
50635
18107
81689
38565
49967
72999
11352
71191
43454
9547
5618
43345
106679
15440
11452
61148
56547
46084
68515
82580
13610
92687
38724
56431
91229
16156
46401
95263
44808
65470
8026
5077
48901
48537
64922
52233
19777
98359
18427
87874
45215
64973
11571
6018
84507
35354
47946
32660
46618
54078
8215
31939
28538
108973
87902
18521
46297
43770
11345
67930
36106
69957
89362
26985
94878
71900
89367
79580
56738
39261
87643
48689
104069
70772
65444
55479
7838
20510
19391
77746
24439
71074
50095
44610
101311
105220
64777
100992
72443
20991
34765
4030
39855
75217
75619
26497
105894
103075
18406
61502
48939
68356
10308
3939
33246
108868
13006
43533
17035
49844
44193
18066
20444
13289
26649
42787
80698
14821
48153
57075
49205
58869
86822
74304
97732
28891
12492
28540
4620
2381
69581
14432
81954
81900
83002
7454
109764
80363
55030
12113
35517
65123
82113
20567
63096
45455
49941
73957
58402
59966
68733
50552
76003
95215
96526
40371
21794
66608
96459
35430
79876
79503
87553
52350
18867
74233
51998
65098
23304
40035
18131
56316
46948
96104
39079
32263
55954
91977
86998
62175
103243
96381
96896
69614
57939
69423
13506
52345
7305
66033
92314
38413
100471
30918
44327
73729
64859
75996
87383
40178
103574
71219
73372
3822
61818
10034
36763
82711
23034
59365
52421
19348
29731
14922
17334
93122
36485
64171
48760
31159
42988
90292
97353
109154
63771
59996
1196
77651
31764
22039
80703
34818
97046
53764
6424
104626
61120
20314
44863
54283
19689
89970
24157
10921
49970
109649
3392
100401
67481
30920
21825
70048
90009
25033
19971
76454
43274
60456
79686
58258
58944
64332
51603
51464
108282
38434
62999
10447
79858
105176
16290
69866
36733
88401
94863
67266
34344
27956
93637
72864
24161
84219
103566
104076
91376
37645
74761
85215
108082
17968
70203
51719
101702
80867
109546
31045
64652
55406
86829
37793
102811
56198
1613
5297
42129
101499
45125
16269
92379
52862
35948
84631
98190
26281
86377
94703
106902
28374
45723
3325
21551
72412
19717
84642
69729
20249
5259
2236
42329
82325
12041
42097
109468
58627
92598
88191
56722
57674
90479
35064
15432
103433
91952
67231
42921
70101
33091
46897
32109
44107
55437
46865
16932
6549
69310
76595
64381
46155
1830
58842
51626
21296
52487
5136
58438
67802
43653
72899
51543
29627
10328
53987
33602
76376
69974
9601
36990
28815
106527
54929
50416
85076
81749
50863
36908
8387
83399
25353
80078
24385
24622
72342
77252
24519
64197
64261
6825
59607
52353
78088
13666
109966
11818
1972
59224
59385
78523
106551
26637
27283
97308
78908
104581
41980
5285
10439
55120
822
21068
76632
821
11933
92307
12535
11474
17488
32524
97248
101740
2013
46094
98379
16907
46324
43594
13110
8273
36252
11988
67308
98621
92349
6238
42702
4993
29203
72009
108658
23598
41167
12588
93299
7549
64518
33596
20771
93631
77394
78361
83817
25287
61359
41520
12836
97433
28098
98818
11894
56634
46465
45225
108952
104399
61005
1554
20600
80883
53921
11690
55965
51718
44508
91162
77324
21461
65163
58663
105739
102153
44892
10487
106174
75995
102143
16120
104293
102618
25785
66722
13645
25291
19094
41392
23125
30340
109606
51190
103666
84311
16384
20651
11198
106945
20388
57242
77822
25639
10337
16085
45375
102722
19454
48746
71458
95202
80899
45509
25239
66572
41691
20106
65571
44071
102723
12250
54545
13164
78868
20520
70954
58838
45304
65043
33854
97950
91838
4245
49345
91022
86206
8087
74222
57719
84137
66116
31187
70334
109692
4158
34811
30645
38822
30823
63229
14562
9111
50186
227
45083
80111
35056
23928
93609
108250
36027
83670
77092
98155
79045
91444
37745
96876
82948
8076
89302
74055
82377
94767
12415
19168
64635
48863
38094
36623
106157
48522
33964
28555
101264
89100
57469
16667
69435
27879
8212
81924
37834
80103
93199
93784
79431
99635
63487
6301
84147
86417
25987
34448
104108
9281
71740
28683
29678
99980
31659
12441
46641
60356
95083
51538
87536
1838
71315
45105
90523
53060
108760
10151
33731
78153
66522
69804
52837
40232
28960
106004
30042
21313
96844
31985
92808
10197
12504
106735
68564
5954
55414
87994
50939
86433
39001
14559
103964
74612
2852
109069
54477
81879
46273
13298
105033
52113
34670
37409
74868
88689
36049
87906
104438
28498
70984
11786
53088
82348
35953
108234
54032
42609
95242
43814
91211
71650
33298
15856
17313
90769
106398
55198
28802
95919
64609
45627
93562
20484
60294
34495
1359
65315
105136
103237
17347
62713
19579
87515
47100
13908
12173
57008
78492
30828
12895
23525
32909
29322
39135
41966
104824
92280
55506
467
96572
48073
100292
4484
688
18965
66551
32857
56572
83001
43672
11477
103124
55214
90378
74264
92091
60652
82698
92775
40683
28132
29669
108165
58589
8723
89486
105250
30908
102341
19410
55272
41859
38882
91636
36155
49545
51192
78593
87854
34023
11889
10339
24711
93555
7873
53765
77594
96066
68850
96943
77959
55704
47778
40365
5945
49421
50108
1118
7626
56061
82161
11287
67578
90597
48255
109444
88533
16298
29938
49823
2197
34835
19059
3443
68074
56008
96705
74931
26708
15883
44280
5118
41905
2059
59810
100105
17618
30827
57017
2575
94614
98036
45908
35639
91387
55623
106582
54379
37729
41781
58276
55805
90903
102217
76004
54227
24628
77129
53781
87463
109527
106802
60751
78071
65961
69041
21002
96034
67816
61813
56868
39109
90425
100166
9611
2708
17888
45909
59813
73122
88371
38537
85638
33683
105174
51689
27279
14210
75282
78953
77854
1473
87139
17308
18818
102597
82347
47667
48981
40913
38873
4289
55598
50006
53055
37037
12150
79195
58095
50097
51364
95722
51627
39352
14585
28405
70604
87867
28018
58196
624
47868
105837
7354
66915
25062
30944
8411
87784
78026
77318
61453
60098
29329
38587
18482
32730
26199
12600
65425
17362
81705
46103
9909
96187
99614
26511
52078
78838
87466
38645
25369
93377
82591
84545
24317
41518
50820
9944
58907
107775
53350
7793
4543
28203
39839
97550
70425
25784
109647
7471
52641
6317
79566
73409
107020
37216
15899
42115
28948
89145
43610
26943
27442
23259
99164
88140
37487
101646
264
67661
36372
89378
73747
102356
14055
34315
43305
13670
53048
106487
85961
37998
27041
41390
30151
105261
12572
46744
66483
35267
47202
90939
66430
82109
45144
35460
36019
78096
15814
4012
102367
17681
30680
82127
78732
38992
87252
48482
72442
80008
79722
29480
4657
3929
79897
62249
8107
41351
4777
89297
44592
23390
14374
43304
52318
100730
71410
66860
12688
59801
52510
25892
8663
74111
93369
6324
34809
80780
77076
75355
13635
108820
109260
40696
57585
29270
56517
74177
99922
61738
87501
100944
23647
73073
71658
71624
39359
78717
1039
88129
49111
36242
109991
84038
71685
90074
17886
1174
101324
33225
42222
70195
67171
104490
70806
54765
30278
107550
93885
81964
97191
42293
12280
77893
18943
44132
17849
47773
86503
59654
8960
95403
40222
51256
108305
60258
19417
48258
20759
87914
96180
83461
70331
102516
18247
85928
1625
68283
2433
24156
64736
16280
20642
2588
37583
12949
78504
39819
109343
13364
58073
103328
86513
23707
91282
89088
58173
12325
39009
43475
26951
31340
103650
28230
22860
64743
57834
78422
68412
25064
19424
48723
55106
77127
91413
43550
34897
46052
35732
82103
70726
41973
23155
27560
60349
6626
108341
82398
74098
48025
85739
21843
35625
37290
27434
86587
52585
82567
73675
80386
101928
49023
35983
26178
93706
103521
109131
103404
86821
76504
102195
107106
17387
50876
54079
28397
68415
94078
44523
14874
86393
90475
78018
87283
81060
74461
75272
19201
3558
71677
46336
70205
78076
95164
12181
9678
16137
5628
42833
34007
81428
95521
38776
22526
5720
105417
81224
1721
74101
54544
104057
106644
52204
102673
73425
10210
63021
101451
42542
6168
63390
27890
88743
26959
17320
46612
108036
16617
69376
81730
54211
55689
60052
69918
95433
48794
17388
33147
90092
56072
87833
20929
63538
21796
71488
50967
4111
83264
25304
40661
16639
49169
107123
109877
53007
89222
34877
68917
43731
74540
88825
98
96067
94818
94762
53971
96581
12286
55383
56480
69627
7041
64403
59204
73984
78302
93693
106482
95273
102039
102837
12423
16665
14488
85747
45136
82502
18397
45598
47594
98486
9458
71831
43179
82891
79010
72943
37980
77255
43540
44676
41401
107282
45358
26225
13448
17258
3944
104200
79931
5676
12766
94047
108487
13803
104587
31395
102690
14962
6249
108512
