13034
1559
29754
53992
2307
64756
68542
51842
4526
32982
46562
78015
70415
15269
47104
57907
77556
34981
3798
64438
16713
3808
65402
45251
68123
13079
54906
70445
41473
57761
5918
71494
50775
30190
66533
71905
45121
63757
487
37144
74288
67925
16482
50149
50776
49780
76687
42244
5720
77350
72026
35583
37696
45609
3603
43075
2689
62511
45280
48430
43012
50329
40179
8243
35138
25595
72757
53722
52721
48098
4951
55161
3518
44504
46046
39868
30307
28238
55329
65022
8717
30198
51776
51216
46736
72071
69108
35293
14391
59572
42506
35195
15682
675
49690
14485
23935
8786
19649
29082
7525
57433
1912
48428
27879
19381
1505
70501
60384
33440
70683
76301
59287
68497
45350
60609
71928
9330
43106
20547
32920
36573
8740
36956
77634
14417
72175
55914
6153
51741
56888
40458
53954
19301
10583
55280
6745
75859
49254
66762
37507
17777
44090
31110
24549
19
78438
21478
11561
3723
48908
57668
26421
9766
16138
36906
36325
2857
17742
48711
6855
32387
18592
65622
68659
76166
21238
37435
72973
64928
68079
22858
11434
33808
28158
12324
78901
32377
8381
8238
58309
70479
49856
34752
36343
61051
570
5083
77898
17249
45273
47060
2381
75179
37299
68883
5885
34555
39329
75420
78068
57514
37798
383
77177
27541
58262
37108
21693
69811
12027
53985
23862
15480
61941
53020
39200
67782
33783
42160
36084
30816
14771
26770
69297
77201
47108
78460
25875
59732
16644
72009
42638
74953
4726
38198
45618
52736
39222
47842
75065
60662
29765
41448
25773
49321
8310
75519
76424
51220
47586
7175
53460
77639
51399
20483
3124
67991
16633
32844
14646
72899
17281
78610
30285
76571
575
43961
37653
35569
68936
73291
44821
30539
11205
60019
70129
5900
75259
46030
23801
1840
57413
53756
77154
1086
2347
38167
74282
3780
6134
22809
56878
33848
3316
16374
77160
714
66656
55617
59307
13997
15346
38211
46531
41982
2363
37730
22192
29321
19806
46803
28050
24569
37501
33975
38304
39377
43784
18600
42651
45460
73046
14037
61345
11216
73669
58853
60473
61496
50725
51550
17477
72795
50379
15355
66064
40400
16094
50535
66513
26126
78892
77430
25827
61096
52077
42017
76972
21338
27164
32914
48051
12388
31671
45073
28117
33898
78048
38898
64307
11085
62357
29587
51368
44373
42538
32585
50634
34933
32695
72329
74470
3548
41008
51787
29205
23033
243
20838
12611
66843
42113
52870
10932
33682
21847
67013
75385
54406
7565
21672
68908
13235
10191
65053
26238
36638
66648
7102
18340
27032
8602
76517
62719
7377
39092
69119
64314
6952
14164
29217
49721
66624
27760
34425
13516
35691
69453
213
37955
60007
3815
33642
22231
62686
50862
61625
7098
33831
56615
70413
48734
51363
6959
55281
47890
39012
59897
69309
26296
52924
79257
45500
18305
22484
27407
57819
46516
69912
65376
54654
30279
15471
11023
35747
22337
75586
28674
31262
28479
66109
46300
9793
18358
20250
4019
25548
3877
58610
5616
68940
20001
62486
67147
41990
75497
51159
54314
31412
11193
36864
29068
39983
25006
54405
26716
55898
43533
47801
46473
16434
24307
67685
8122
59295
18048
46011
30333
4455
50909
42780
73537
75084
74935
6208
42378
34540
66623
9741
34857
19411
13723
50314
1382
72248
41332
56253
14863
79193
26390
60521
48885
684
57454
42858
77931
4355
59126
42946
16761
50729
66465
9626
41471
14053
76521
31461
3137
35911
61410
54063
1367
7101
45673
20780
40147
26318
28339
33240
71263
59785
72573
26577
69268
34997
33295
52789
65632
57775
13108
47679
421
46741
18693
54256
67716
55819
55444
44231
5327
20413
35348
52514
77760
68976
22864
39590
53623
12023
61488
58601
26655
50804
48517
63299
44260
44939
19235
33683
26224
4005
77000
8669
73548
7575
27959
25522
9635
36623
17498
14988
11936
54196
15243
30462
70781
19820
29973
57564
60018
44147
16624
74293
37557
63734
21139
26219
72745
54606
50108
16444
58996
64591
75748
70257
75428
10299
29634
42760
3675
6273
31499
19272
8738
48258
35712
31156
67882
53951
5742
30828
20842
31413
61303
71537
47475
7127
44860
54644
45556
77003
7576
76170
77206
16541
68532
12717
61333
9792
15652
62667
66901
18713
27908
9993
13420
62093
7266
64446
17507
2162
2098
36231
38670
50469
41668
49398
73550
27479
47246
58439
11060
31942
42645
79259
28925
76695
2793
62966
52262
59748
50241
64262
44162
49995
27844
56277
21952
26753
19123
55155
57111
46931
12776
6586
63926
58967
65806
1691
62282
61459
41129
32898
37975
4059
60984
52482
78629
24402
50858
18385
65303
79342
43778
25889
67045
43510
70604
34028
72483
62882
32711
55664
74270
64354
32285
53481
12638
5881
43504
10447
67860
8837
42406
24248
67562
57535
69833
4222
33509
26584
39615
75209
67657
39746
24246
28487
17635
51028
26215
55921
74574
57381
72565
1161
24346
23660
71237
2332
3703
6401
62162
75966
73255
74428
66939
29093
3963
12500
17037
40765
4934
35319
29830
68802
35644
14276
9496
8925
20322
34703
65650
74963
30840
45150
40543
31694
26833
28567
76016
37278
43387
2626
50590
44845
72123
47348
45739
61565
6206
70765
5785
4996
68971
12013
57583
57673
23023
74683
68301
17211
73455
16739
45490
36745
63794
28722
56841
75758
16830
64742
70028
39337
78691
67224
30120
5637
1846
53642
58324
15002
50960
36480
54112
55727
39526
69708
15254
72636
28490
10234
19815
9745
39362
21039
66733
41506
64275
10776
56755
45728
4971
46790
79424
40744
26523
15466
3855
23474
22955
35297
38373
40055
15313
76484
55094
60772
69233
10042
9888
8002
21100
2652
13834
45736
16350
12048
71571
15653
56002
64739
42189
41485
70484
57295
59544
7193
41999
52487
29206
45589
2641
24923
55538
46914
61358
1481
12937
9176
61990
64182
56096
11055
58741
64430
32231
66736
72148
72128
21920
49899
79167
42020
4592
65605
51494
65572
71061
54625
30211
10528
62002
15710
43216
60326
65045
20608
52626
64911
45039
2802
7645
26079
56151
52294
58568
43765
70204
69774
19807
70792
26886
2308
51995
24146
841
4433
46390
79034
4183
76134
73632
12396
49903
27234
5779
48360
59863
27405
28549
52134
2065
38098
68629
23776
57835
3878
31174
53987
47382
74452
15798
74904
39503
15978
20605
16794
60919
15268
4503
44936
24430
37605
69013
10693
38389
75763
15445
66910
40106
7252
16126
44960
45718
73747
69281
59734
43918
1806
74483
15521
33458
26075
38579
68718
7826
75218
8633
15905
11855
68943
37205
16912
52118
31261
45042
8672
63182
25762
61506
27717
35329
20787
22440
7929
19117
25139
37702
67694
64832
41070
13138
76968
49055
78543
70238
50583
8270
1027
45776
48312
30991
20176
60481
38808
61973
67374
63536
26038
41654
23332
58441
13319
58103
53095
76813
14538
55666
4968
35260
19432
45582
1404
40205
40352
31998
24670
63862
47054
29957
40701
64064
51859
46834
69474
51929
41053
2239
29455
62051
9111
45346
20348
4931
32539
46701
39157
73330
20863
43030
62923
41195
14541
40318
821
77499
56728
73090
10674
46630
44959
31507
56455
754
75375
6823
7016
40595
10812
216
1116
10269
71212
29409
14879
22532
51467
76948
123
40665
10598
74098
28570
58570
52647
7404
51212
70411
4711
53396
65727
53855
67336
32984
23342
28381
20450
23222
75098
34897
25027
62580
39386
48887
31281
71786
43380
8117
36921
36509
58764
38503
20912
71828
27502
20251
11842
15253
76338
48256
16995
39657
67713
23947
46177
64445
62954
3674
20056
63108
44566
50759
44517
58621
2179
66926
40185
13476
23245
77496
68599
23826
26521
24156
2878
79046
58430
3068
56417
47445
38473
13823
45859
23578
69560
61866
69501
38153
32651
68698
28013
53909
46216
20498
46948
38948
74447
54597
51458
9306
71103
33063
74695
29262
41799
44134
38019
39558
60183
50628
43677
38274
78523
58983
54475
49303
10683
62635
30418
60568
17203
77725
14507
72640
67440
56356
937
19505
38482
20481
32197
742
9932
27924
20284
62744
1444
11128
49878
4904
64553
37162
76345
31991
48369
62594
65148
42255
69567
58277
54839
48831
4114
73738
31700
31287
28012
57771
25964
59531
68682
65959
6011
58629
12629
10441
5064
30990
37788
66722
55182
63434
36540
39446
45115
56954
50129
29805
45221
24856
23243
47872
57284
5987
46616
25909
20195
40884
56380
49608
43943
75302
77525
54948
50386
4573
22976
60290
65783
16593
6567
58451
36565
28626
19059
27787
11302
13841
15434
5610
4379
7566
6740
24702
57163
56228
34994
75283
45947
12053
70276
58809
16030
33695
2165
60131
24278
56424
43045
45051
12039
30446
64055
41196
63855
16473
9469
28945
26385
62996
74110
52788
79076
75882
62402
26908
69017
58491
64005
77803
7569
67765
75699
76084
59812
20742
42281
516
17970
38562
4906
23485
39538
378
37593
48993
26586
34295
25088
44187
48216
78111
7482
59373
42799
43802
59069
12140
50037
11834
61393
21777
68989
78096
76402
39270
35838
68801
64673
66982
21691
8248
70500
14821
50959
64500
76592
25335
35313
832
42473
78560
24101
15373
48818
13590
18563
16611
28124
9897
22825
35833
65745
15297
13524
76927
65422
57938
66666
45439
8047
71944
74845
72491
47932
8571
33428
77528
45403
67363
12832
29134
57457
29878
34974
7683
56751
8797
27942
36878
945
32938
56045
21081
14111
31890
14522
20977
56452
26503
41468
54059
54309
67527
7837
43517
35993
40368
47245
38227
13988
33836
10732
65050
45169
65671
64787
75232
43067
28762
48070
23601
21099
6386
31302
57963
64603
7297
71687
73428
3308
51063
78014
2692
3648
42990
39863
34429
55790
73625
31834
69988
15661
64146
19149
50787
49120
51701
55789
21370
24986
7397
43155
48922
1508
36184
59788
65103
33689
63017
72122
15804
76374
67772
66084
42336
52404
12542
22596
52412
32390
154
65315
11801
60909
43894
39453
58812
5849
17552
32564
50496
43010
58801
46205
30688
3375
65150
57809
36284
44603
26828
69093
40794
12769
63755
55142
78728
12744
48642
74883
78876
45202
36037
67050
31660
27241
73647
44117
63824
13189
67890
36523
25961
46168
42684
47212
14584
71204
75955
17712
77563
19644
59579
71552
41751
67305
77719
79273
16853
72481
25833
69282
9935
60711
69974
39641
11818
59725
6906
65341
38443
66020
22093
70558
21314
19041
41010
10646
59895
67575
20215
37316
78983
65017
43643
3912
68384
45002
66883
68448
68141
76940
22505
57951
47752
33952
73900
73925
20657
30867
4801
65109
8977
47287
44975
42961
26516
70403
54409
26866
71699
50630
56919
27637
42266
31440
45685
63338
5993
46382
11910
39844
58234
27188
58226
3232
2416
39751
15479
46634
14481
60150
6108
70138
37199
47021
61037
9463
65982
869
10206
38245
55095
53713
60043
64623
55299
30134
22697
71557
4523
35116
19504
11209
26398
5214
61422
78343
78605
31104
35709
4579
10098
43679
27419
74442
33367
5927
52284
76886
50731
28213
2152
24468
48449
40590
53108
37216
46043
40559
59874
14859
61775
44033
64105
74286
6303
10270
12898
23337
75793
35711
37528
76468
60303
59419
77813
32128
59660
55064
35178
68813
73917
13090
14043
16498
39920
29324
23224
48622
10451
48397
5609
34953
59522
54159
41233
17256
74077
39117
47129
42706
50565
11636
67522
40056
69168
51098
41764
35078
70029
55751
30557
77814
67689
15467
27636
1014
71964
72863
17094
66942
55659
40574
20750
51288
15936
5741
26099
55763
41398
48650
66444
29998
37929
27389
53338
12010
10635
67149
26776
43788
63151
833
39857
35504
55333
72751
65901
68147
50186
15562
23912
9189
15614
25731
30129
3003
60861
69763
27038
10214
35566
17880
11171
70151
31215
51165
47275
60213
48254
49406
52802
72482
30640
38466
69106
38746
374
42424
31959
20633
47016
51500
23760
55265
64608
39838
35941
51404
71269
55668
55713
59530
7984
793
32617
27704
74226
30807
71966
71270
60755
55212
63643
62565
63294
25274
66254
46418
27436
62286
48154
22838
58471
47178
52223
57197
3057
56778
33272
57497
68322
52035
31289
48293
32243
3043
39467
39259
54449
56758
74738
35729
74818
77225
26124
7893
31012
43264
19171
20015
26241
31675
13323
35883
48912
48988
34342
55743
43262
72986
3047
78249
28253
37125
46427
45620
69886
19341
14494
9751
29752
30933
21871
33519
5799
29083
41405
27951
36620
46170
30242
72952
11318
57964
21968
68530
70018
57610
15414
44673
73017
53941
58319
49440
42441
66470
28469
62187
29502
50817
16234
42997
3624
35352
2302
12574
38120
67077
54338
46542
10634
73646
74582
44099
24004
50933
41531
62111
14310
56672
43196
36685
62233
26869
8104
1698
38260
20988
49122
24065
42570
5833
30378
59735
57603
14318
73177
51645
36791
69706
34764
32488
28008
14764
59931
40042
37737
32186
77752
60224
15809
45796
78963
66626
59602
53270
58702
51846
69198
49559
48366
53089
77426
77806
27527
6267
55390
34022
21624
4720
65099
10738
8902
69150
49672
6608
71627
77874
72404
20532
21012
11408
61754
60028
45946
31236
50090
37140
8640
5453
19487
47229
49400
29632
8130
4136
54979
3750
51087
54931
64814
9539
67995
50435
70969
41577
25094
10551
53571
34864
40724
13227
67000
66861
39033
68820
52992
545
2504
6784
61237
3919
21220
76470
63524
27989
36728
41756
73751
74363
56464
4518
16368
63767
6364
14024
63608
5653
18854
18411
34660
5978
58187
41785
53491
43066
6493
30546
9677
63882
68195
5740
39598
15565
30328
74736
21615
60827
68348
77303
12561
48939
20259
35580
32506
15691
43960
4284
47259
62455
2877
59609
58134
42823
12518
67666
75811
4143
79115
44513
62008
24035
63148
7896
35832
28797
913
144
24741
23453
48146
33676
57833
33763
9095
47758
29554
32327
77402
51325
10744
12148
37567
78764
56696
45625
42838
69438
6352
59625
4322
1717
38792
21804
38841
58619
2818
67899
9964
58216
78513
27893
70671
69802
15807
289
34662
39667
11051
44646
7511
45038
26163
14429
53579
41974
63740
53182
48370
37164
45984
13056
57739
39548
9852
27106
28588
55487
10794
55723
22632
1469
11773
1623
76012
49553
16078
73166
9976
15540
4306
75311
870
61624
49556
45007
3768
39960
46383
76807
46572
67005
41417
1260
71637
48249
25972
74244
40326
14690
20385
36650
34061
75724
69865
8993
60280
7012
73185
63686
61711
29999
55593
36406
22367
61326
53617
8388
67142
76330
27505
78621
63352
67721
42919
43082
62853
59313
6235
46093
12441
43374
73974
35888
37079
60039
68620
7126
52524
70722
70546
14370
64488
52119
42497
43105
63106
62121
55175
44465
79352
52642
49103
51740
69668
26007
15864
15839
7765
62069
43474
13244
21604
33111
20488
46032
11359
74413
61463
30103
59371
54439
47317
75569
28574
74378
9644
59151
78936
25803
9705
23953
20094
61521
22000
21476
70962
54148
15493
22015
10349
72995
77723
74377
58934
71991
39321
13915
38257
38247
63283
76938
75362
55001
45421
10387
15524
9998
47601
40795
56645
42112
11252
29067
30597
63411
26071
43025
39851
43730
26648
55121
11063
69731
20675
2299
56639
50275
71638
23120
34643
36139
21339
18641
43368
21018
42913
37115
37704
3073
48394
2197
28107
7947
43625
37606
23672
26202
57758
27223
56827
75088
59603
13048
7609
19664
27602
31546
20248
37509
78132
32135
12502
5861
63047
5211
30138
5332
52729
23005
68754
12492
33301
77411
26146
57718
6234
10243
61056
32971
42399
1511
71464
30958
47852
54731
61686
16121
9886
71114
72824
67184
61644
75382
74431
55556
42956
58611
4514
36397
49628
62571
8313
68250
37258
71161
57439
16679
47223
40859
45174
42579
48855
57172
18478
28036
6795
14670
60438
20085
17175
34282
42206
35886
7246
28470
20440
57676
78144
65431
47946
55584
16567
73831
1706
60727
22915
10405
48506
76031
1043
61751
17354
76650
70779
11069
36441
61571
8724
48521
44675
5254
11443
67496
35217
27084
62018
64189
1718
77745
5253
21874
78922
7938
16617
21637
4745
71802
72341
49601
46664
6998
5294
52665
25399
31873
66972
50436
76869
22908
14029
77097
35460
46862
75284
24700
11498
23769
26403
20087
71962
49718
11497
53169
70243
36925
56194
18061
67484
5116
11488
19322
44190
30219
515
16641
59019
2258
17222
69032
71457
53393
19880
9715
4308
77443
75669
6667
38610
7560
32307
67173
10039
59386
44786
567
77969
70799
40390
14537
1154
19376
74713
15531
13182
61075
60275
43872
41709
73301
13226
52854
50680
18826
43502
7117
72264
54593
27439
60206
13202
77820
9239
11996
21391
72997
50589
77053
51392
34859
22418
32011
64337
41081
42550
38028
18330
25694
25712
44110
19943
20185
9022
15799
5534
53256
74217
24567
12410
25375
6019
70753
45983
53352
42434
1944
10302
21347
34065
53641
24303
39343
47089
73633
34977
44343
11943
76845
8751
68430
56549
53826
52707
15790
58350
21674
148
54472
25600
77163
11685
4817
56655
13619
67764
72662
67612
34417
33351
29011
5733
48414
73311
51256
43818
9107
70727
10175
2560
68350
10472
17590
29995
52764
22335
59998
7905
49519
59662
21350
60162
29963
41452
47244
15603
5473
45580
44550
3431
16776
71710
42212
3139
18314
65199
10580
2091
5075
4714
74361
59117
47339
66863
35454
66436
8983
68508
15432
61144
16395
34871
45926
26162
2413
75625
56988
2790
35002
76633
62854
33999
67551
42198
39024
24011
23572
37246
41342
51319
67350
45674
75676
72258
16157
74408
24155
31887
48023
26132
75381
44539
61372
58358
23058
63082
26037
19499
11104
76808
62787
41650
61495
63295
9491
23100
59213
62144
32571
40874
19475
4598
16266
77823
71848
52966
44204
40927
52417
52895
66517
1774
19435
34052
42246
66282
65949
42578
53203
63970
49309
67453
67114
16142
22198
38709
69551
10855
63941
58213
9002
42637
31914
72998
20345
72454
54634
73713
63902
34926
74496
12349
78994
44738
33434
69868
15932
57533
54882
58725
35513
69587
75114
74102
26110
26310
3481
58794
65335
13441
26025
21369
17704
49942
19573
20180
8976
37263
8641
44572
6110
45888
30266
35605
31954
26608
44286
50032
18288
56203
36608
14201
33379
49966
15546
66924
21127
24775
46611
59071
77235
32
34151
749
73145
90
73089
9583
48971
42801
4157
63661
19982
25242
25180
52678
75870
6358
41486
49805
7787
14526
33120
13773
35745
43426
18532
29353
35104
23554
50709
5446
69655
39894
37912
26211
49242
77646
51548
51156
37052
4635
39241
73120
13910
33640
11877
65129
67568
7106
65975
3705
21059
9761
7786
390
50402
51076
13591
30642
63058
4504
66804
69972
44889
9638
65834
19252
45914
32415
26247
37340
71113
3774
73765
25045
66598
77348
20628
71922
30811
1402
3521
71298
59226
67941
22539
13576
67390
22934
49442
14554
49641
59927
48123
49450
35462
62000
18087
12705
8841
59293
62508
77103
64894
6304
25618
24769
48828
59523
19905
19842
3656
21439
56369
34159
63437
7610
39961
36666
10100
71547
77817
37251
7461
68527
72738
48368
78184
29691
35537
19268
71974
76464
29908
52714
14462
9162
35273
31601
39884
29458
5474
32469
39626
10519
47237
34482
52727
28737
78189
39339
68570
21560
33365
8610
75041
20763
59637
5710
30026
76917
59366
66574
29657
53627
79137
23480
6172
30141
59203
66047
42779
28758
19507
10506
74939
3034
63185
48662
39945
15775
65897
41322
48140
79064
13381
42612
21801
51095
40968
59124
73466
51993
49377
77487
51536
18749
31956
48111
5981
29102
21488
50797
77256
10268
61762
53881
66198
67448
31853
42544
18100
27765
16195
68719
59940
9137
20887
69300
67686
46946
11442
6498
43622
48868
50942
30864
54841
234
7327
60478
13770
59799
66855
73887
32270
62077
18589
49904
18248
17425
72311
13376
45737
51036
44124
17294
15438
11114
75726
29506
28183
70612
41311
68455
79140
4741
48320
65241
36741
50512
6164
17493
67635
30101
33979
63209
35427
25551
36688
13908
66871
562
54811
54824
19930
7306
68041
73356
34725
30870
56678
8054
59260
57034
73790
27953
54387
25214
47597
33425
23791
3020
54783
60680
15039
66073
63799
71492
12700
26652
45805
62506
53965
1093
73485
1317
25532
7656
47834
60333
18639
46522
54454
41173
45612
6082
15295
13583
17128
71462
27050
70494
77770
16068
76017
40183
50425
62597
46259
11047
45371
37212
65526
9991
53337
22700
45017
67534
71290
62468
16192
10884
77151
61564
13995
54810
51465
2203
9527
22682
4195
15376
5363
37385
8999
35314
31844
32136
40910
48181
17146
62454
57187
8336
77724
24409
30682
66636
71170
60445
75368
20305
13125
17767
23276
76038
76674
23302
70751
57165
77041
56644
76746
21466
40125
31591
19672
27466
42034
1603
17798
70197
37442
15516
31277
46199
77850
50649
4441
31541
26199
5994
44181
15245
36929
57430
16346
49214
50475
46793
31605
3905
60282
75522
53811
47415
40589
32202
437
73727
18336
45526
53763
44126
25400
65008
29831
50950
42192
75570
25461
43459
64588
66114
19779
62026
27098
22628
2249
55543
73061
19373
24353
50922
26755
61169
30422
29305
69291
9362
67138
48990
63846
37202
65439
61280
65532
13783
37697
75244
23573
61272
52614
72610
76710
3725
43755
23753
48600
14114
34000
67581
56173
37779
18580
77137
16573
77140
21252
61510
40495
7032
9183
54493
20102
10870
16179
13439
27267
26397
2154
66199
38747
58901
65207
57587
731
17815
70246
70999
74321
45563
50894
49310
35188
70272
40472
60088
36779
21880
28980
55793
5744
76636
55104
74636
23076
6802
79142
42908
77210
50305
37655
36040
38823
3590
15822
47756
62481
15927
2044
692
61389
48677
18014
32915
14444
40696
64541
60469
52703
11217
55642
7394
45074
46805
37491
40265
21116
79175
28637
37753
50456
60640
6247
29695
18396
19114
60622
59570
78844
62063
58546
70359
76304
21557
29900
78079
28446
6194
74026
30918
5298
1350
17596
43518
39847
4230
58704
42719
58139
52373
36786
28037
36112
68765
55271
1150
63479
2764
57558
26522
11459
27044
53774
65161
7746
44112
51832
41376
27388
61891
59804
6682
25612
42789
31788
75211
9622
73489
68356
44264
38910
64855
25761
31859
20746
73513
48730
76790
1335
28102
52193
17436
6023
33599
59569
70163
76929
51898
11052
72835
40700
36149
27878
54110
76738
36415
60298
38652
5940
8694
73373
14410
77198
31823
3560
4442
48905
50048
57703
73704
29468
37317
10916
53255
71679
56354
43189
17892
34816
44888
40050
72768
55237
65159
12496
31485
19608
9437
24122
19624
32756
73630
62066
59320
40024
23435
72807
48246
49746
34100
14440
74806
25355
22598
13825
66723
31686
61281
42644
65692
15208
61664
25170
17771
11303
48203
12993
79228
69054
785
21683
53369
16876
15595
74078
43590
38403
8589
25166
76115
26690
55887
35945
35292
13297
65905
78985
74312
30801
65454
65538
61952
8169
58620
46955
16809
46767
27484
15403
25596
33706
50411
70618
55814
54222
27710
75221
27610
28680
42984
9228
68672
19571
4989
31668
31995
62458
49829
4274
68792
33253
45292
21583
54306
49312
19577
27702
26206
15709
47847
59188
76620
19532
22083
68927
46843
16063
30911
24947
71364
73465
6870
53392
50437
55474
52978
35835
31022
35285
40584
46544
33601
33902
992
11306
52495
24277
79049
39031
54062
17511
33512
72941
56503
32633
53802
22780
31014
44905
10974
62010
18758
23933
50352
3490
12548
44418
71157
30593
43534
31070
65363
63172
74874
26858
59413
29539
28791
78150
14336
18719
2533
53597
17107
26180
16702
31632
71036
15241
43839
56767
44143
45049
16842
26404
893
3775
54947
74975
15634
57405
73220
6619
37519
11658
17916
23765
32586
39000
18803
8912
3161
18109
61442
45282
66092
28513
26834
53851
74159
56248
73355
46959
3670
6929
73533
33410
23239
67354
4823
16836
69559
44512
61721
76224
12962
18044
50643
7316
67134
12186
77711
20295
32354
22380
29221
30256
42759
6334
19888
5041
13885
21029
26333
32800
14707
61701
53854
56396
73601
76257
36844
39186
44105
64491
67328
35768
8729
31557
33775
12911
1198
22634
55544
4773
70542
35111
76202
33186
72537
37083
44814
38560
68623
56329
58727
2489
6781
2472
63181
55171
11868
42238
39988
68986
195
48465
77597
61120
74733
78801
35185
25303
48325
69126
52494
2957
51505
36916
32840
77192
16636
27122
63323
17164
41255
14699
59145
8580
60495
19451
47537
9148
2892
40729
62977
44886
70008
35009
78599
20499
35342
29533
42747
11329
452
26070
40629
54873
77924
35889
20515
33202
33977
49551
64848
40048
61088
7555
68906
64191
67499
16321
1472
70566
76578
36146
40369
13533
38703
58023
54775
3012
6935
68614
47510
76150
35503
30003
19942
45132
72302
36789
64209
55955
28663
6907
6231
20900
45574
13496
36123
71002
24819
63407
37390
12331
55546
52185
23867
60506
2887
75373
18128
52120
3284
45884
36467
47075
45487
41792
74231
52601
36950
62869
29311
19559
49929
60852
63259
11886
17572
50508
48658
31162
66974
44862
2869
33327
4821
3064
76655
58125
72924
56123
18483
2343
21164
67582
16668
49883
22383
24010
61557
41401
34652
27563
62765
26490
42906
76595
2444
486
54590
33877
57474
6170
32636
2474
6367
44145
79439
1925
27915
482
7391
55391
77484
8737
79180
67691
65773
16989
54962
46842
5483
65615
48716
61789
11384
62798
24811
27679
32117
56349
44933
47856
74793
5106
547
14524
42045
23842
1252
1016
24524
2408
13019
45078
2867
72670
5262
54515
15221
9242
46585
62638
65986
6972
28349
23580
26100
50806
18395
69860
55244
26898
46020
67556
2360
569
4634
46984
57188
11552
39880
28845
26766
77583
63205
40734
46420
37668
25085
22902
76908
63099
35701
79416
13686
52520
35141
52409
60520
70216
5073
47581
29188
6975
59750
10045
50521
47349
5443
68087
36246
62839
39524
1294
47905
21162
9431
78324
3023
38396
55599
19973
9110
50034
76939
76896
68490
12467
74685
52311
72609
46209
19317
10144
54008
21878
29906
2022
20213
22690
73418
33127
20533
58025
51812
6687
70345
36543
16749
38230
56783
43440
12488
34452
5146
71419
37830
68092
52383
33547
43494
19259
43722
36038
70655
15616
48533
42379
14939
29609
27565
79130
64026
62472
34925
55533
384
56787
14074
923
53411
1672
19829
34033
26267
37042
65569
45037
20349
7526
30995
56524
79391
65714
43906
8888
66975
38563
40210
69995
71005
30438
61778
61212
54545
47284
53874
66787
5971
41036
44749
47809
55704
55452
39477
44610
75210
69073
59867
13177
56366
15495
17535
57144
69276
25780
15630
17672
4701
20767
35708
75825
75328
75101
10089
63064
16948
39753
5668
17097
75163
10847
30495
21246
74035
19346
69625
13560
55305
17356
53234
10309
49274
27222
33031
58148
14173
28826
9056
69228
51238
31273
78243
24236
54215
43977
10727
38667
60395
0
6045
58241
15666
29542
19294
22397
70221
50524
33973
33185
22579
27489
11121
69056
2146
55241
32883
50835
37285
39313
44063
10044
60365
70557
57908
15996
60962
52066
55006
63007
49282
15191
31305
65385
65660
45077
50061
5352
62661
75817
12664
33238
50198
58669
3175
16104
1773
75424
70807
3177
18455
6966
16801
27994
60459
29967
24629
14414
60079
71136
13373
57518
6660
71513
66160
58015
53501
19616
41035
20960
12826
69395
51820
32372
27848
75285
578
12087
20559
51606
11615
46140
68978
61469
26358
51124
8685
29033
26545
26052
12315
58636
1249
79415
66180
50062
30634
42605
1719
61000
34587
58868
19476
64232
30396
44206
57488
6100
67331
49095
18281
17458
79008
36354
47896
63909
36775
38050
30465
75753
26088
61265
57213
41542
56111
40138
1214
33137
7163
11942
48253
17235
32725
57674
46146
22271
58435
34472
4900
14953
9550
311
40429
51611
21704
40227
42422
3793
51851
64650
51136
16657
32120
39876
53694
55056
76560
52731
436
21626
79118
5835
62432
52107
4594
35543
38340
60076
76810
28397
39429
40615
35694
69825
66999
43147
2956
56599
68534
52272
60440
46976
38315
19826
33974
6616
55742
19761
45611
18450
12882
79002
8457
36814
23056
46651
38932
3743
11464
57045
12078
77566
1287
45709
69129
30145
11923
19137
44361
43596
27913
38038
3127
69203
12139
25057
73316
55779
38067
72989
79101
73343
3714
72621
8458
2912
66766
4069
29583
60587
33596
71265
77979
2055
64804
31689
41349
69161
35836
27839
44142
1057
50867
35202
60387
13646
28542
51129
72761
39954
27668
30955
77279
48176
747
74667
37981
45967
61584
43516
73663
66013
5823
1864
60190
48042
20380
27271
11564
42999
72996
48685
72616
72284
10995
5051
40636
75102
8957
17922
64231
66757
29619
20650
62178
67424
71994
26050
3786
22441
53559
4982
56205
69368
73285
42815
47179
70756
55026
33125
43721
8008
32110
77510
18034
4262
66834
75140
20616
8093
62604
65672
37087
14877
46345
56436
35082
33941
69941
58274
23161
40713
47989
72050
49297
57567
69394
79463
8081
71810
4924
38073
79239
25866
65078
69310
38469
74304
75640
22479
58016
11991
77063
65933
1961
21549
31928
55830
17555
14986
13808
26251
52684
68442
11390
4621
75713
71379
32782
7744
7463
53092
10499
4497
53362
52816
42754
16879
10488
1975
7347
16765
31113
62484
30944
72940
21043
64566
22656
49554
2997
31058
53503
37371
71297
28448
31364
50049
58013
69082
67774
61184
18556
17124
11074
12731
6049
29273
58700
21620
41800
47538
26970
12559
42302
75055
57487
47065
25225
70834
33905
27111
57896
19741
15377
67197
47498
23944
5368
72028
68496
43587
76266
12655
47123
13758
70010
9602
25662
68091
56727
7156
45354
33369
56507
49952
37113
27521
64284
3193
65342
30968
66596
41135
71085
33770
7956
26018
646
12007
38944
34907
11031
5732
38307
9195
47420
59164
28462
23443
54381
11526
75900
60181
45724
37729
17874
31475
35678
22702
55919
68025
38710
2743
1690
42865
73933
44546
359
33421
61811
41247
61277
1869
37573
46062
61567
21652
20353
47184
206
13714
71686
25325
66006
63494
22958
20298
66228
72498
279
72340
43845
9065
56831
51328
78251
27153
69007
42436
70355
64774
41950
50766
46088
55685
9833
56910
45380
19932
19831
41229
2242
8007
2075
60261
58485
10385
76599
33830
29380
71486
74421
50978
31874
3623
64866
15202
27517
17846
53027
17960
966
19914
68713
37467
25683
60070
14564
37409
36984
48604
41068
63481
4094
2557
25832
39052
71495
66143
42609
77853
70775
20114
59742
47128
69155
37410
46829
16704
25054
18479
12114
73586
8942
45600
56416
12113
45166
15617
57982
48165
20437
49039
16300
68159
63470
22585
13207
70051
1764
73278
10720
27049
16215
40378
24198
18608
62062
77930
11142
25865
3302
48940
43383
76068
78979
42921
44573
19151
18564
72413
34164
51487
1005
34860
62523
49136
19072
46036
8125
54627
56980
70296
50278
48116
68829
60993
4595
9068
12609
38521
54359
15379
56924
36140
35903
62226
33074
51387
57878
1903
55992
19688
21108
79465
55298
17403
50271
61779
61158
59967
21903
34727
12071
37313
34647
15135
13023
8414
55034
58515
2026
73064
44316
7589
35733
29586
42773
60036
49223
54164
5514
75986
48489
15658
20816
57363
3238
67030
69246
35837
45857
29990
19012
54607
12424
34404
1624
24713
77982
37172
57824
32162
61134
9272
46315
77001
61590
74521
26757
43159
19109
16631
41712
58042
48052
5156
54673
25999
73349
2965
39189
65480
71707
28996
34468
9806
44672
55905
28520
29224
71309
48883
61145
10174
24946
7288
33736
71875
6261
66608
54794
70883
34454
18517
41692
16780
24014
20223
27198
73026
75880
13415
12375
44150
67503
73002
60650
55656
38250
46424
64298
69944
27842
50120
16429
70486
45208
13409
2442
38598
14428
55837
27375
2443
249
20801
5600
67767
54432
25539
29759
48488
36024
24966
63877
42748
4528
22223
50607
36676
34321
26084
40681
40244
74353
72384
20086
33041
13891
42179
38480
664
30609
61228
74621
49897
5435
65076
46392
54259
46397
28097
11499
22395
37883
4733
