19416
24483
54712
95007
68685
78066
64453
80218
35204
32309
73980
78033
6442
17868
5952
63447
65116
84797
101723
68179
63919
18292
89766
33125
39397
44134
97355
58170
97532
67283
25980
55745
95885
89036
61625
75495
14618
48986
25757
80546
53634
91914
94632
100550
58263
55241
19098
3792
18054
85544
85430
13712
44530
58318
39948
92984
3979
17900
50654
37944
52841
96052
40693
51693
88213
91070
73220
14758
35571
55707
63432
68178
57291
33121
10498
65345
27634
48976
68613
38631
30830
13864
12251
19008
74687
66504
81894
101306
97105
25287
55912
96662
17281
36500
18832
57505
94158
91533
52009
42708
93053
79873
2695
70571
96001
42371
30824
41826
35391
32940
82079
4313
75923
45584
49935
94399
28316
57459
45521
31567
99380
55732
60435
78359
71574
65968
4020
989
98740
2655
65233
54488
4919
8454
71472
27870
11744
3228
23121
1531
27478
87275
5633
58607
54763
45638
40357
73814
89840
81600
8953
42786
62870
65493
30919
16241
91157
61643
79493
71930
27534
56316
79030
100601
23183
67724
95977
14166
36855
10299
8973
47155
21709
13140
51955
90654
41466
87793
53724
30683
51349
91904
99567
80562
12514
11714
25697
7945
21741
40173
38265
96470
18867
99000
15000
21001
25007
2756
17462
57805
96637
32482
72904
84127
94204
91252
26396
28586
19652
17701
33155
86895
99986
62490
101125
64782
33095
77514
73946
8837
73662
86533
90987
34309
95740
68651
48822
19995
64081
48940
376
55078
1811
355
88265
79809
31957
77306
87706
53096
83867
30008
84219
68864
74199
83687
84140
33957
78272
7445
45477
16917
33759
52181
71209
24578
33018
12153
100959
22093
90641
61585
16184
79659
82003
29753
66786
40535
5631
10355
17599
37561
43609
49991
76564
83646
35804
98726
41843
57600
90434
43525
59448
64205
4128
47519
2512
42211
47268
3243
48580
23031
55053
33350
47196
13821
45008
94458
15878
91321
69628
88684
85434
49977
56322
43030
21067
94624
19919
20734
34520
75858
45864
4262
101596
98532
36956
24657
9242
24428
38845
51497
61135
45393
84646
45119
22347
78833
89170
5332
4438
12017
20323
53993
84364
60851
2057
8717
46602
43879
48257
45769
41872
24423
47702
51677
4681
44599
96832
6682
81252
80974
96027
6092
29920
4081
36195
58264
47650
94932
38386
65407
49029
47050
90702
92434
16769
37796
36372
23107
1284
33013
12353
97600
64478
5926
48950
3262
100543
83831
42090
43427
49118
89635
77970
40623
23222
15202
14505
16214
42242
34129
84206
92005
4730
13726
94573
46233
70499
1517
47946
63125
24743
69693
18768
6003
54336
40869
82552
31896
28578
20722
55461
99597
14448
80272
10051
20660
11621
8838
85149
24014
99999
89437
51212
16141
37282
84036
71253
7354
70813
9214
7451
54916
85736
48789
79484
42706
58600
89238
45092
67190
54571
64512
52498
22544
96726
97970
24518
37757
46420
101350
99293
82602
89180
39263
89128
93874
66970
95112
52557
81563
74213
76448
45589
45593
74440
84329
65009
83496
26041
15456
42974
44095
56744
56716
32545
12933
8268
85874
34257
82829
78259
3544
62169
91427
17817
45407
81637
25740
63047
81862
90891
80947
2723
41335
4596
64464
56105
69767
86233
2811
8674
27761
43989
95986
43767
69805
95547
28893
9323
19861
74346
2860
21908
1745
90922
173
23148
63750
621
14351
67359
7852
6343
93478
52832
57856
29444
35050
56969
26401
75276
7994
90594
47305
27092
70409
44355
63468
2026
13045
64234
4695
89954
42325
58909
73251
42879
8868
40857
10884
78365
85311
29119
23189
88474
22906
46553
71251
82508
37188
32406
41118
61016
61832
79508
41139
12991
15881
19279
48274
16569
93782
6573
38210
6144
36441
36035
62854
74557
73180
45836
4736
52527
41705
41544
68286
78010
53070
91465
93048
48817
79086
69249
88008
36726
79680
17446
39370
52664
4295
74804
95205
50338
87029
2142
59442
10350
9225
33198
76918
50106
46968
4580
53610
90563
53749
21448
1672
88759
9460
10962
91214
7025
29140
43212
58650
59558
22304
67809
41393
88032
1416
25698
70960
96584
76715
29422
74677
39369
62257
48626
41532
48818
26343
18420
90095
83799
68390
55377
32687
26
12271
61959
48844
82401
41589
93879
37355
23617
38782
58528
33143
49684
88765
17933
43761
49476
7007
25960
10995
31733
26072
2080
89189
39880
94829
79465
12710
82066
13933
39552
39832
22664
54727
20536
58718
35616
94548
8473
89376
14977
95318
19022
64561
79710
48230
13121
71169
24910
93981
45994
87010
61869
96414
89836
35704
21930
91504
52921
55695
96343
83856
85554
56805
76690
60566
32637
89518
28147
57474
17797
28666
21095
18056
47551
60888
17094
41975
67608
80882
93369
77188
39621
57860
16374
64066
51392
37227
67730
79406
61379
27636
88423
9718
81703
37849
39663
41968
93996
38821
31790
25895
50243
2507
100219
56919
5161
70996
22559
61931
7405
93799
180
20469
4522
74620
31010
11380
65332
17212
80299
91640
93537
67789
3967
72817
94172
41616
6917
19305
37777
47279
9699
100013
33550
91210
34531
98241
23194
38870
50329
81223
59433
19206
10520
12992
9355
3412
98247
18743
1221
84921
60331
24162
545
26715
29828
17942
26052
29152
57671
27537
10252
91286
35027
2802
96581
22484
23461
82842
77930
48774
79196
89803
76713
64291
32092
76281
73875
42764
26177
80951
27586
98869
89553
21884
41860
9433
1769
14614
82019
74776
15002
52401
66895
71122
44456
15577
28113
39849
51230
5513
35677
16657
67786
84090
21706
45494
38248
66165
76209
23766
98758
84715
44415
3427
96760
46324
40631
74815
61629
5904
44741
43881
45957
6879
55555
78866
5540
5861
33630
65099
97066
76924
65587
43412
91689
35224
88943
75641
4177
2632
62932
79400
9736
79922
57591
69335
161
46928
44345
24297
46206
48578
93414
72345
66693
43929
7011
23162
95923
47849
11862
2680
28276
35558
94188
71385
49837
73335
65270
47272
71276
16007
69884
72198
41324
52360
2966
50916
87144
31386
30511
22302
14649
64298
98475
78934
42914
48709
101124
64742
8374
80935
44838
5493
2139
56200
36453
44035
58451
67639
41205
10830
91639
21159
40198
59212
17532
81232
55881
22616
35635
32280
39057
88075
85707
63585
28664
40160
98607
60587
46671
63177
17098
40703
31930
94562
17294
101042
74262
93155
48685
61798
75802
97061
56834
87294
48995
91785
36382
75443
41764
37764
95432
75007
64064
54779
11289
31794
10772
50357
369
56132
92553
34838
61065
64962
96191
13527
83283
95471
15440
1041
66236
54787
79870
19262
36363
68813
17489
69788
51184
100603
93897
26609
2479
61082
61321
4784
11507
31349
13495
84629
1977
34827
82144
32206
60546
65558
34050
22856
19965
86869
99685
96491
49478
58711
18654
12254
35576
82076
31837
86425
1784
21346
9329
74291
10324
23095
57226
89355
8410
1179
50694
29054
25617
93569
19876
53217
69506
98917
81697
95313
30774
99055
81578
87353
85054
7434
23776
50389
30894
56769
23168
18538
37654
95028
68261
100386
59700
6788
72122
22962
60284
295
61079
56593
608
58912
68220
69900
50125
44091
36101
7883
42814
49772
80694
4602
50455
93571
13517
58539
69213
64720
18937
96507
62230
55676
34482
95492
17410
3249
40888
8601
66216
39201
71790
12539
60707
64003
84446
77266
91971
6983
1320
76185
72064
15291
93526
74503
20767
63174
48184
3167
28381
19431
101021
13306
38907
15141
2013
1506
59156
27527
71445
83864
8459
13009
49777
60178
23671
49721
97921
62838
99555
53623
55419
55062
37261
24856
16254
95228
79202
82082
15593
60067
38867
83178
39626
53595
84399
5121
44360
67020
3876
94647
77788
78339
95825
22401
97911
3660
34115
15479
82288
39520
74039
37338
32967
40
56803
80534
81692
52375
35992
87371
101259
100266
70494
79675
3220
74026
93233
36120
45009
83387
99526
47126
3377
97248
11327
36383
260
36002
35986
23913
78444
6941
94998
15748
37778
93148
29928
65094
90602
91434
51632
49090
30202
37266
12165
40718
47017
79003
84061
59133
45626
27011
95410
15942
49519
12201
60591
73125
13741
94883
3661
57137
95502
84522
10956
36060
8317
60241
48926
72745
39687
96908
83712
92790
46567
39084
13830
26153
94559
10628
87068
16514
30235
82457
74963
89346
32106
93507
64060
60539
24293
42778
43587
52908
87309
28859
83550
44499
60417
53618
22016
65449
97014
25135
90883
58787
73838
14685
85883
32571
79304
79172
82437
73702
64832
43057
60468
28013
81955
25957
3039
86877
14979
79174
7467
7597
54854
96923
100817
11370
94704
7397
60542
27864
64244
26714
19904
8492
66777
69731
54540
23602
61614
49657
97114
79009
59615
87386
13240
2815
91901
14064
38808
81766
46536
83282
25710
747
12294
18632
9285
60243
68086
26791
78997
8614
93073
91150
23370
71351
23283
42157
97914
54033
20102
45657
67981
68319
62007
100055
47516
45996
75238
1972
82250
48089
40157
67458
13378
27972
55504
43453
95783
65109
36693
97163
6553
97195
70168
24661
70417
28126
6543
34093
72884
87478
85278
33049
38725
57478
22623
85126
79963
36220
34604
63849
13326
63132
49158
50557
40511
58083
80646
30185
23742
71082
66579
410
3626
57522
75155
12419
39428
36613
856
87211
14149
78441
76611
90234
38853
77991
15094
57384
19349
70115
15177
39923
38746
87502
40238
50207
84930
55528
93371
29840
80315
44612
87771
15741
14211
10922
59419
93825
90348
24854
68860
1120
98812
47804
30887
26976
63556
96
83752
85592
36604
63182
10906
25070
93677
50817
14454
24294
18319
96339
85468
35067
58857
98734
54091
50204
69291
66748
48005
67926
44506
62253
18310
49562
68764
22824
31541
20764
10660
13848
77364
23406
73624
48234
13946
34395
1413
31290
74765
44664
24966
8908
1821
56577
8807
4421
17038
35449
49451
46750
93299
15238
60922
59657
40512
15528
32714
10210
77822
14018
10043
57878
34004
54448
28229
74030
22029
69953
80989
87481
77978
41060
33444
59221
19157
66302
5306
87950
60276
61739
55174
50084
24955
11190
88108
94473
26266
88439
25086
72545
77038
89523
69510
93788
92561
88299
52846
62945
80958
3070
66941
84072
353
66267
52735
4880
99679
98335
76334
32129
42887
81417
79408
40880
78146
23853
32666
4259
67676
1409
46315
94641
31049
46661
4045
55129
25347
44246
19868
5931
52511
52006
85945
79161
65743
44788
33822
21150
96150
72242
36117
55722
40613
94479
8125
26588
51286
67300
75838
78008
58417
90643
31543
92073
84060
78236
55117
18958
47118
35145
53471
26049
48052
52025
93863
13617
26244
37029
46266
45184
81958
78295
69554
83220
56324
15048
2741
73546
28686
75521
39188
60551
35832
50646
11900
37034
68103
6188
76616
41635
76987
73068
89079
83935
704
55756
33295
27769
4306
59930
17017
96075
97870
40592
100731
23753
60504
84502
90859
96294
16761
12543
4353
11872
81751
51251
98875
93706
56461
13665
75357
91371
6715
16822
32885
88729
14445
69504
20142
27100
19066
34957
26147
27142
73688
80756
20817
33745
16875
48406
76355
43208
87341
55105
84336
54710
9287
80668
79878
59289
35472
80924
67049
66677
45926
20745
15721
15095
41171
58074
7161
6055
72588
20329
12616
82617
69754
48130
37246
10397
70456
26182
27873
9936
87375
54362
99483
83431
70993
29507
66322
84349
32010
23192
6527
14707
101164
51269
86032
27686
67416
6778
53356
5402
50273
75173
10457
76005
45743
10258
4394
18291
13984
37626
98858
98759
70829
54479
29271
92688
10158
15100
26865
60681
11695
15780
97983
30031
2643
15884
14815
82323
38810
98785
2421
29665
2494
36567
68621
10877
75003
35819
59252
78999
92699
42797
44228
90264
10383
33372
61915
22748
56446
71190
48433
96460
82830
70596
41845
4663
57508
91015
53555
20857
24067
72034
91257
97626
59077
13104
35706
33783
8681
98504
52644
16435
70283
17845
26964
62897
63492
101578
99272
62465
64909
30751
24336
98589
67752
17823
73895
88898
76371
34861
85888
42831
93372
55979
73077
64676
20742
76725
47051
65577
47637
67620
14118
94145
100937
3007
78198
65998
83081
68229
27781
45712
48584
10625
94939
48289
49359
95401
31039
93412
57103
30003
2048
3954
34058
23939
73749
9849
17033
92152
36311
67482
71080
84145
77177
16671
83908
29687
93081
89703
68025
6589
18864
11415
44298
4091
47448
67936
7029
73456
60914
43517
82560
53116
81905
97820
81110
71483
97568
99289
3617
35049
58504
31934
30326
100279
43436
54647
63474
24473
61111
39570
86388
38426
48339
43935
97017
43674
66776
3719
28667
4837
60857
44785
73887
66994
72546
34043
99585
3718
33636
58091
14251
80205
65946
19895
83848
68889
3596
85798
58425
38700
37180
92305
57074
70986
2754
56703
100385
80285
64507
10333
75795
53009
2687
25893
94583
32757
54617
68268
22498
1737
83503
4249
50180
79302
800
62324
31591
11684
49373
52659
33667
24134
27010
26686
6762
91840
70173
95955
55938
4658
95495
59184
30898
91139
69633
56403
33058
7370
88932
86231
66262
23988
14482
21878
85169
20800
41776
64539
46294
88036
18392
30479
51545
95450
54526
25650
13057
28508
16233
3207
19701
63170
33753
43369
89891
61261
23506
86887
37547
100138
38769
26200
57425
35282
61819
57316
13683
47135
37296
17048
46949
73469
29011
91728
48523
58899
9499
95808
45118
29773
68473
66631
81466
80139
5548
83352
53323
7746
3536
51982
91524
91126
33918
44617
27985
64949
61061
30781
61140
66960
67766
57905
7126
46350
28593
4616
68954
11318
74743
39943
46818
39982
13070
35363
20361
73684
4044
79927
44975
45465
36790
97062
28051
76294
66261
70277
98809
50221
54320
56383
73609
77574
87333
28288
43250
86784
55613
97579
29536
55662
42758
74487
82348
98170
31153
41973
96400
35138
48429
53717
73866
18089
22791
12642
66350
19376
66498
18107
65417
59849
23515
12608
13916
46704
77781
15787
16114
44151
44146
39746
29829
80187
92308
6104
18856
55285
87209
10222
95623
47916
77419
12334
66153
49157
42793
101468
26234
12465
14674
69921
40203
48348
51843
21206
44196
18482
6499
84703
30075
98090
41310
58828
42335
85884
42963
19853
6321
28371
77942
39763
13628
6115
49834
54580
33257
84430
66202
73493
72326
51416
85021
48256
31882
80151
17819
36393
78449
10981
70845
82848
49938
18637
11573
90035
43381
19127
45677
66092
95725
45745
65688
58928
2938
53715
76255
97651
42181
10471
46690
56215
14706
13536
64445
89849
81357
3141
59174
19103
8145
61792
59751
81109
46796
71505
49797
84544
58583
24205
59533
84708
44780
70706
94275
69580
82319
47428
44174
60055
52070
33251
7436
18376
83437
63377
91884
4661
17237
31852
70385
100232
47907
40468
73522
50449
94247
46004
96236
58278
16860
91199
39842
57004
8283
70674
31150
4367
58959
50365
32475
88823
73253
5170
22258
96332
84982
99191
99217
58568
7072
54062
43959
17365
17995
42120
72754
96086
56364
88728
27515
11779
53735
26565
76514
20302
42406
97281
18234
1164
42970
7793
97484
25146
84661
89056
14844
64505
17326
5147
12128
74211
60100
62784
15060
87419
95875
3771
45131
91608
28599
80832
66063
50797
77178
71033
44652
34187
91636
28056
13620
24667
49615
15444
13629
58826
21818
2419
101629
25440
70174
38982
84261
65213
668
39090
80575
75391
45059
33660
78664
6338
31615
49555
65131
99230
64392
13529
53198
52696
6478
55512
88643
61022
49881
39705
38903
88935
33102
63171
46780
43028
54221
48218
11022
95013
25157
75384
94183
71594
50925
32980
93439
5293
999
15977
91779
71399
3740
10314
15015
73206
74626
81247
96311
66560
170
15034
76004
71043
101214
73874
25676
1141
22038
41002
87603
100658
36287
22960
43292
17501
21213
51744
39343
7312
61387
9137
51146
22870
50355
5529
74599
98362
36439
9554
66208
89261
15445
35963
16836
33488
33347
90516
83168
90438
80177
98814
70405
88920
51905
63819
14494
101019
65065
34577
69022
28984
98366
628
33692
35372
85305
36761
88357
26262
8583
65798
36386
31872
22629
70325
88557
62885
4735
31127
54692
26107
16627
52985
99010
86270
30862
12406
60472
61706
27468
97580
97932
10063
40564
79738
39696
47647
69672
50938
65561
77568
36859
47094
91736
36885
39307
58684
47943
27572
69866
39968
20437
1873
60665
90871
13541
26388
42541
1841
99620
79687
75804
11464
79035
7021
47254
74795
52598
79789
54363
77096
37239
61946
68832
14206
64902
51241
86193
49192
55112
30778
85844
47889
21070
351
45724
94090
78102
48611
32773
99506
15584
60816
11520
67839
3551
57266
50311
70413
77729
78445
56155
46721
89751
84156
13778
25011
46078
68609
71336
52269
24214
26312
34515
26255
60519
70389
93286
155
4967
84224
38656
67795
48142
18794
59249
16995
41835
77967
89653
49108
5345
80014
15292
75599
29837
48815
14526
24909
94371
51670
59323
15254
78758
1540
60503
57949
5702
46503
85847
92278
4625
20580
33658
83745
83471
74023
79571
17836
99798
83195
70947
46670
75183
75094
15404
82048
12972
57047
74848
39651
39565
59280
50556
43778
26961
24392
8754
95422
74357
45016
65560
6371
28661
74053
28798
18272
59037
6746
37006
12774
7832
46419
83736
45366
56302
62463
22855
73700
52670
51263
81456
64108
58500
5881
20452
17938
63402
28191
70537
48816
47845
19576
23094
57726
76847
75663
59507
96837
36649
47761
42892
64554
48687
64462
9152
96247
15424
1025
40761
56065
28884
88236
72039
38557
20710
74368
54795
50430
96242
32966
83499
36530
91846
60169
84424
32356
52086
56939
40497
64310
63926
47194
18009
15241
24608
58109
58436
9527
69377
94813
7875
18938
22787
54964
38002
47501
77119
26652
1278
54677
51066
41381
85832
78350
96326
83407
36116
44359
81190
32607
53136
53958
66696
100818
1304
92953
36102
28969
21403
27492
63577
1108
99179
82117
42390
98570
81036
36818
4956
59577
62274
71586
65311
96807
35061
28873
56844
17964
19153
53274
6977
48791
59683
94803
95758
72348
25253
40125
12675
5315
19094
44029
33806
48963
95944
54124
54200
62203
22256
47602
41445
86278
19720
45611
67939
96901
18225
77031
4427
20675
29996
60619
26075
51344
61683
10214
54559
11874
41566
39666
18309
62537
52941
85622
52910
67674
60454
56679
72833
6890
90483
61495
14450
26163
64595
49653
30988
70563
97254
30046
75614
26507
90911
2714
76050
82497
44893
43686
84285
37436
59092
49735
30908
46726
12178
30303
75263
66038
73202
55739
56649
51050
69386
64830
42237
55443
13095
90380
64499
31261
60932
80338
16377
100804
43718
38829
67111
3722
95061
98215
88427
62187
88508
22141
55002
93534
87754
42165
59377
23686
84420
92573
9882
82287
86075
29490
60197
20324
80359
64220
15650
84269
95700
41641
33618
69336
30581
1135
82435
10890
30499
2640
66357
80840
92677
16145
58016
27968
12328
101087
89675
33969
28490
91435
17013
71180
68342
3890
72316
70505
50307
88221
35058
46023
8615
6929
16825
57824
4023
59203
95787
48771
69168
32131
77500
57802
65853
86687
20127
97681
80733
13664
83731
97450
91869
64756
33300
47632
72051
47091
78991
74616
1424
86563
57974
88632
51445
53626
49093
59965
74381
93838
3581
97278
97722
29356
68612
33589
95703
40426
85597
57672
57898
91990
99201
66832
97665
68748
34910
35547
39007
40929
7419
5130
3766
16984
100788
6768
33944
36467
817
70616
95741
15518
61078
39099
12341
63038
90603
32640
83857
25729
83626
58920
101148
90411
92826
84414
35865
44149
42200
57740
46789
73268
75038
68392
92683
541
79432
33913
40597
92415
8489
70954
27894
6546
100101
64288
71639
84985
36355
86645
78770
38664
11619
43591
72681
16282
60007
13768
65747
49013
56695
24786
24763
50933
84048
30599
1473
29822
31303
47993
82525
72574
17880
49831
63319
36329
101182
46983
26695
62840
3471
35641
51204
52387
44172
79159
71767
85913
34566
21441
77036
489
87000
13498
31839
68573
87208
35407
15624
61707
75579
72910
37148
87161
43731
90600
62540
86194
94294
21854
8694
45347
5106
73555
70446
84625
60828
41831
1837
54412
56570
3290
10915
43909
27198
90440
73231
40059
66958
14068
6781
31879
36055
33371
14268
76298
86395
22733
84085
20466
74907
44536
88907
46692
64610
25702
33972
68479
54325
33361
70861
20282
42382
80890
30197
79629
30153
21876
59485
39247
4464
1006
32466
31405
28733
50675
57163
13428
54825
76967
13110
62835
22007
75588
34174
74054
5788
54708
65783
14050
23866
49963
42728
77212
37054
11646
69941
41144
74380
22662
53878
10718
62018
87034
67018
38256
91085
54504
35784
84323
13321
15500
38567
33469
36450
34359
53792
99784
16044
26199
22323
67004
91297
89395
92040
4852
31356
57683
16897
56117
25243
22947
38419
23605
29844
6148
87206
88486
36017
72366
6105
91787
42979
58846
96251
93482
62582
27883
87521
57873
26215
32992
51075
72608
32660
56181
99789
85070
3154
59648
76709
69955
77540
86165
18719
13089
33157
30719
51838
23471
8560
39200
88445
66399
53019
78064
30986
13942
82260
37019
29746
40345
24809
95236
74237
63195
96067
35309
14146
45874
1607
83792
29322
57201
87807
59137
98232
80987
34434
55767
13282
94389
28786
62689
76970
32377
27094
32990
77482
69195
43133
41609
54659
37399
23216
43273
70633
12816
99134
6751
70024
9455
378
43176
721
5738
65949
6728
77259
33888
31845
90978
86264
79519
30838
95182
74181
30661
70781
84105
65263
53656
78935
58
3175
67524
82779
68321
10539
76551
25903
28317
6083
5155
91181
48326
25002
7378
74845
650
27263
21643
1415
39494
44967
63193
37143
76235
83601
98676
33377
28034
85395
79427
2592
39083
96761
93475
69845
94968
85965
62375
59204
85664
92181
56662
73223
75857
66942
20503
87039
84794
48811
23429
10858
26067
38953
19069
38633
7121
39706
53480
69407
2699
16306
56099
78911
85836
34191
74212
97595
41767
42853
10935
31780
22404
100364
10285
16717
101704
56994
49966
56147
92101
70141
52339
90164
2838
47655
55770
16767
34170
78998
50026
92621
35402
36883
17229
11251
27770
9018
94971
24116
63583
82286
47587
24087
6625
87169
27471
73922
38606
52973
31062
71425
100885
40066
17146
93604
42993
73834
75014
51088
53561
39505
1010
38939
47700
32549
37460
42662
93479
82119
93911
57757
72152
10170
23870
8834
26848
1063
90752
18902
13691
57433
79795
33496
79986
82604
42977
39866
89995
57889
24561
74611
32805
25268
98030
710
59923
1702
4431
2615
62921
7272
76827
84571
29355
73233
23539
66929
30162
55252
100102
75229
88917
91423
10032
31778
17379
70542
63506
86102
38603
18983
46445
58886
91634
41425
47379
74702
70826
2737
5013
56675
66783
70920
27673
67605
18556
13688
28512
96712
93614
63593
60273
19731
91285
20672
75267
6817
43116
64100
99332
36795
64787
64328
59523
7358
55950
45904
57611
58437
8766
101586
61817
99189
38246
21228
96511
88198
79423
24368
73227
71332
35336
99781
40568
21683
80100
4884
45311
13239
28060
13230
46254
42330
60140
81520
34277
6971
48499
87317
7946
66516
54674
63596
58229
78140
100037
96790
26766
37978
15900
68682
55137
73048
17730
62432
25489
51687
84596
29135
62436
34615
70699
96534
57995
63951
75498
25435
15726
21919
34351
83169
69591
40909
23628
4039
61418
48735
33277
83299
24155
79339
32750
92656
18907
6178
66200
100612
72360
17578
100206
85297
64185
4316
101037
91684
12957
27157
13646
70462
35778
65656
36504
62244
5907
53786
65591
63702
43752
27786
47446
26054
99623
77185
56435
97582
87140
40065
67287
27863
60053
76398
81292
30492
35126
24790
47503
50425
68250
25844
61506
28701
71508
62660
19900
12697
87576
66541
70176
7287
28184
85539
36514
72647
42155
16103
73750
65125
77672
6207
61998
1354
88323
88580
79204
62329
41360
35989
72560
91131
29488
77896
26211
95301
29793
10617
27992
59680
30671
80102
20095
70162
75136
78627
63760
32822
21371
37697
70565
80514
50316
81236
2626
53499
34759
93835
61196
44998
40538
84637
12974
96382
21247
61689
29649
47555
94409
123
7611
63955
83518
9420
76113
14792
32954
85644
14751
82459
47861
24808
22260
84326
982
41849
68351
69855
16575
38152
49264
23022
49883
98859
77852
40001
7066
47558
22082
89374
59490
19974
47253
46731
69329
84887
94729
32501
94388
2091
38622
68692
93957
55164
89004
65825
12198
88169
15962
17596
3263
36496
67930
41999
97936
90004
78688
9765
20545
42241
16664
5396
716
38221
15157
48883
93140
209
94523
48427
21569
55792
17223
5970
10342
44840
48539
71886
1544
87118
34818
37245
19358
99945
17510
51323
53759
6257
93231
31454
32396
3982
82298
52194
48102
26351
39807
35658
46418
32716
43089
63486
81049
99016
29877
76952
58442
65923
43742
42512
33542
87585
16584
37770
38492
23831
40313
49015
78284
19179
50771
38038
84367
77590
23808
31230
95094
83058
28555
47893
10785
62685
74506
28717
52819
93267
21369
38387
43532
86142
76283
8478
71874
40413
87396
92271
93570
42544
36588
16235
39470
50313
256
94286
39884
81513
30551
81908
7506
4197
3507
9484
54770
64876
67540
48834
18537
25352
5209
23290
47387
6738
28208
27473
8247
54619
88809
95649
67180
10318
6495
78100
67950
33280
31498
91692
89388
22072
73141
83031
62696
11638
23542
52090
10076
78760
8028
99552
98832
46543
31524
95309
89788
36960
19584
69773
60439
28662
29079
27843
56116
73120
53251
37390
95969
67765
61596
24330
46025
76734
22391
61973
73394
1582
76273
99936
47830
58079
41183
93027
72981
75619
19420
15003
6784
89276
70022
52334
18668
57622
99147
94776
97210
85456
81131
98897
16040
66550
26420
53433
36095
68034
26660
38195
79451
45768
73560
17018
48777
80356
49709
99405
41892
29069
3629
47389
23359
5484
17434
51253
97713
27877
87890
50082
42419
22177
48941
54685
34111
52113
45535
6980
14219
66421
54930
70140
92719
5344
49988
97516
33217
11623
40659
54344
8249
23201
34707
54928
20013
23371
38884
48199
51112
31903
12041
25504
97345
160
73757
23764
24954
55183
3762
100574
56776
36362
6340
87195
83989
46293
34428
69945
56503
63172
57954
63050
64645
86622
44603
6172
611
56343
35850
40333
71778
2704
53333
32745
32649
71022
72187
66880
31076
100370
14635
52853
17373
84586
80938
48056
88960
18250
87833
3124
32551
52145
33493
37431
15849
1600
8593
74207
101173
69743
98871
95099
59272
14568
25235
75031
73676
23268
60544
10313
93700
58098
6785
85205
61177
15750
31045
74464
5776
9591
93376
47569
83757
5746
41477
67412
68343
76843
34090
98112
45364
49557
25196
41125
55403
14269
20823
63627
19665
12187
101456
81237
61799
98272
32998
94446
13303
12420
84003
29571
5732
80243
30294
3359
47326
49894
88830
22712
31561
44765
32897
51885
32642
93631
15845
78613
71532
19484
54650
8675
54588
57507
30718
58369
67680
58086
90176
43090
5939
96738
35270
70261
75295
71470
100881
34741
50080
40253
16458
7222
77646
94023
53645
19979
14436
18280
23592
36672
60528
66060
58918
58225
21138
99881
25246
2272
78250
55511
54491
42348
19155
15295
28736
30807
11174
57417
12593
52635
73629
52522
29315
44966
17982
90455
10756
30796
52400
30688
16519
21342
101352
8206
53397
90452
57322
89348
93873
46675
19398
40285
53148
10503
5986
62263
62030
56865
36459
21940
51880
25459
99879
19223
64331
71895
61278
89292
98705
31018
61927
14423
99797
36641
55509
16709
98057
74930
100456
95594
43511
40114
23223
63139
67767
66251
35821
47288
65070
81517
92661
9665
100070
93161
78468
16016
35476
80452
19759
95583
78727
97000
6167
40322
3475
50517
83036
70859
74004
27024
53571
64557
44414
72559
67671
82100
17675
5876
72854
100452
86031
31208
31935
63480
70521
95229
3251
45049
97550
19335
15420
52306
72625
83318
53768
87020
21357
88838
43071
182
25587
77463
53969
26638
47955
69371
16236
49791
17833
54269
72110
8264
75865
68571
24003
51288
23124
75220
23869
39096
45162
7888
51315
55217
7499
29919
23786
32496
57356
67934
22922
50148
74445
21260
70625
66065
73415
69864
1106
68050
30925
71832
23604
58147
7732
6842
8580
94038
40529
44692
16719
4163
71089
29820
46998
84745
23278
83686
82390
85166
61405
26137
27261
5005
66577
45822
93758
23025
50572
63231
58874
29860
98662
5588
55299
66051
52504
2405
67836
55592
85652
81691
48671
26085
60148
1746
70582
80566
30921
82258
53925
50173
28647
15137
75388
78460
33276
61750
67784
48567
54706
100524
26169
50589
85420
88914
9691
12290
55828
63990
88052
90686
29659
92228
73778
79895
65329
49252
52814
68082
23047
2561
80759
32889
61728
76752
77092
70302
60029
53039
54704
16173
3225
33057
40702
42660
68001
32048
60474
22348
26290
15807
96495
84120
19196
40788
25609
18197
20917
47116
69349
78056
97342
21791
92805
48360
36411
38798
11930
44040
16889
24994
56684
38566
33947
26202
16552
52262
45332
33723
95496
67270
90562
88293
20218
82590
90861
11108
5146
41154
21462
6175
8780
54637
53288
99203
74419
82679
4636
36847
79577
44629
49129
92172
76929
42128
90121
62964
51729
68315
80648
31220
3189
7823
10745
4466
39882
65028
10370
44548
98159
79282
89494
26684
14560
22587
29476
78355
23246
24542
2772
7251
51181
291
85234
20875
3913
40018
69395
21601
22320
94660
34233
94459
53225
56906
23909
36205
86919
23763
36316
37217
25467
27303
19515
86060
25998
29336
12860
57480
14363
80591
96151
77791
18308
30933
72501
83215
57921
98344
5992
48737
96403
29469
59691
46462
26059
40778
64086
6020
52023
43455
59061
71193
58191
89861
95251
1678
5442
33442
71374
40603
73462
42628
95350
54395
55341
71793
25377
571
27174
45686
52289
88250
15400
89084
69156
43012
7101
77112
36741
57663
35564
94062
98484
98320
41637
2416
84956
57514
88269
53765
63755
58265
80391
80235
67742
75535
84860
95449
32130
88512
5392
5766
97175
60980
51076
65521
32431
18765
54547
98011
11075
41675
74028
48598
19572
7115
10541
61778
76119
61904
75951
89285
32824
12449
36837
6827
100714
68207
19543
52858
79665
17258
40832
76557
93010
70491
83718
82783
36078
23114
64823
6731
99948
91261
9817
94733
9934
12203
13802
50194
89763
29091
64361
8204
79976
27345
99737
59263
45635
11563
53904
12575
75605
33870
40390
88190
18378
84264
84216
41735
62391
73418
100720
8587
100523
73439
45523
10509
52773
58847
61313
61056
33385
73792
96685
100992
8511
41277
85511
30628
30130
67376
90223
31224
76996
8966
53978
73603
50762
6961
17822
50068
88384
5215
97668
25494
8353
72386
11691
5313
41650
21865
74414
77733
24167
99110
59607
42341
99244
97394
57615
32161
79194
87475
3017
68767
22912
50904
31185
51954
30863
10178
20542
28993
22009
60211
89698
4275
87637
10183
43329
80231
40169
91673
25881
5219
57346
32834
13510
22295
20743
8087
100973
18512
89072
84463
3941
98819
56103
11970
67299
93176
73351
53913
43203
68468
53023
65606
24269
81987
46760
91526
96983
46081
87150
82822
93237
3022
68305
78269
66930
41246
23722
41012
54850
55046
23588
10822
66570
60684
1601
67289
66465
3563
29532
25912
4542
92726
67618
93598
30906
86970
78849
10368
75494
93854
39907
55281
43858
82162
76242
57833
47514
40331
89798
51731
62993
21637
29286
86170
87565
20151
55733
68244
86576
66684
69192
11352
46303
30241
45018
40230
44805
38337
10497
14713
85978
59474
118
53834
82242
73880
88696
91014
100693
95687
75200
100398
62425
3973
55169
6481
63093
89800
1366
16739
70309
10206
21666
9975
86478
78003
31166
18108
34585
45928
6634
91080
57426
7193
42526
34522
30890
56138
59833
93152
32810
71784
100304
66036
38635
27368
3609
82081
89764
36948
63122
100260
16151
33425
76393
46835
75542
8542
20479
28031
12504
33699
13453
54028
48708
81383
97125
101693
21389
52774
584
75137
24141
47638
56530
41078
78909
44774
75525
96137
19197
29731
55351
78466
71450
3588
72932
23690
70683
62388
59444
69126
99354
18022
8086
28769
91413
18727
7297
62359
94695
64012
86070
11061
52573
32234
95104
46303
85921
