31480
31291
91995
61752
23926
81279
59238
106324
61587
39748
20906
19380
93542
82259
67084
59846
14200
64487
87442
48259
73539
18040
81623
36733
90885
101517
66853
75110
32089
55795
38481
24719
38088
47054
19781
19926
46537
6016
49788
2765
76779
85897
5125
82704
18670
17132
4157
86480
48818
108205
88462
79619
31398
23574
7646
72631
74916
33020
29690
43483
44827
42771
76956
22503
13530
58243
2198
70753
80585
107202
45893
38909
16783
80806
64892
40573
70233
52441
28473
35509
95798
48021
21160
54620
50080
57070
93091
35117
10444
26904
68510
21193
76705
55065
7176
17500
9314
42748
87344
45725
18080
93233
101001
47800
56623
23295
36784
6395
79366
7272
33647
79198
76432
52561
40487
42538
66133
107467
68675
87641
2091
71214
48321
54355
49774
69748
79471
14028
25700
37142
8371
38915
14543
37650
57569
29606
57755
88786
108727
51513
92654
50982
60646
78054
40436
99089
35478
60502
71394
39564
81047
71203
85658
19150
69648
77832
35404
16692
48456
74510
11792
69171
13613
50796
8125
21514
1738
79197
56334
9015
16545
54856
91801
101257
205
64764
101613
90748
40207
103756
11588
48463
36072
65192
9987
35427
99102
11345
13959
96024
69897
100900
79116
7297
33438
77273
81311
30461
52772
56570
94514
1608
69959
12828
36281
106280
34413
79438
63785
80182
85871
74612
8025
2515
8599
47047
86097
68397
74783
46119
8803
21644
26681
65331
91165
40850
64931
74883
664
68962
12427
103523
72995
91130
40928
73530
15070
104141
71525
83467
94486
49152
75920
15168
87373
28041
19722
32307
67746
11480
14670
53446
84176
27779
47484
32300
72692
53375
26704
93530
40395
107889
71675
52522
101071
34396
101423
32351
97207
104656
34771
58679
87399
56860
14921
31565
99260
63633
24635
27117
10467
59883
66122
67895
36055
23004
14845
60395
6978
33841
107639
31201
101538
108492
104996
25822
32610
107590
47848
75762
24002
51807
102662
62917
57195
30397
529
20181
36672
100623
1541
74711
93116
26503
75701
63709
66765
48220
19052
37404
2993
102543
70417
39127
10963
21393
33891
73601
26507
9541
68345
10757
95634
63415
34699
20523
73160
35327
32819
57862
28127
19169
30210
4060
1416
29875
104766
31477
91830
22346
41388
50319
67189
6711
63178
37297
8751
28272
19404
8333
106228
70232
55058
64177
4604
96170
40080
38578
97202
94662
41336
36122
68593
28762
71024
68392
51455
38755
84105
56899
90315
75052
24738
80422
101159
34263
5403
104954
6236
39922
100245
73704
91215
95026
34573
2062
29187
36963
79947
108972
8711
38549
21883
6760
81897
40978
90651
662
3999
51247
43409
101432
58682
45616
78069
107108
41289
39317
2975
7698
92
27679
12964
52282
57313
53287
82861
51526
34839
38705
10351
81788
72929
21143
14038
81386
94070
74071
47615
20925
65026
25825
42779
54213
4526
14173
89850
37134
107624
12254
41278
9494
39332
83798
24648
69562
47836
27564
16377
16086
8023
257
87511
82411
93339
93449
17456
50277
32378
5209
30518
9979
23972
4234
3307
96262
63138
29387
80656
95426
34278
9063
54842
44012
52878
28245
17104
2876
25166
60878
14099
30868
61480
36822
47173
40591
2764
57892
94957
80830
84979
62323
55217
22814
46415
45353
11141
29399
48451
24052
61960
10029
19551
13575
8187
40701
20192
3091
58355
50915
61253
93762
2447
52946
62740
80046
81230
47552
76833
79966
60514
73837
15938
84118
96884
38961
98094
71186
28030
35389
94025
19134
81830
34947
100481
43310
57865
30121
7821
93878
21287
35492
108392
100399
32936
101362
52313
101261
95402
106186
56055
71502
58127
104227
58139
21605
2652
96577
60482
26122
40987
99616
22727
34856
35196
96023
107549
107974
7087
94699
78283
91362
69853
4782
82594
22939
87846
55687
21138
23526
47931
3052
74870
7463
17902
61855
42977
85195
95566
16292
73254
36511
18071
98258
18262
39224
55860
78079
8823
61851
87501
50848
35285
22540
5943
5748
50443
9971
27750
26203
18863
39353
6797
57049
103718
68371
26024
98030
45172
84820
68533
33256
21495
37599
106318
42841
47525
42040
85827
46069
98769
90780
91862
63577
59704
105555
15850
4710
12591
19785
11608
107367
26049
104718
97323
91013
39067
97816
50358
78024
41204
73387
7550
97649
70524
19188
79046
100533
37232
32200
37987
54708
29422
4552
104500
74869
75506
85703
18585
43426
75666
66325
24276
107174
30202
15293
39242
46216
107691
4446
93286
58170
18308
64431
4596
54344
106896
105724
25237
95767
20699
89618
48830
94817
38066
77184
69302
72288
85265
97220
72975
101990
97837
28640
81348
9013
30936
102121
61171
49073
71756
71904
17256
12438
14296
43869
18197
29089
2854
46124
97639
11518
82998
79441
72460
74825
2758
92040
54063
51805
105990
89806
65234
99035
37289
84185
89238
41410
33305
59762
22972
104684
56129
81208
41820
93998
46274
66200
38019
84863
9973
20741
76937
75318
24061
25162
80872
16653
23196
11476
108273
97722
41145
32242
65103
4252
10605
68422
38628
61902
41161
9703
31652
68376
106293
55122
59823
88639
64256
106567
38296
8213
73278
48824
24727
97964
67254
28944
33005
61983
99869
30074
42803
2871
12364
47847
29290
5502
39723
2626
98482
68861
79401
18407
49135
272
71511
99348
104596
44198
61892
43912
1205
102839
87753
104196
20265
18472
67736
101996
97377
103092
60638
7644
105252
40122
30640
67370
6774
55784
25234
98750
36692
52934
18476
46894
109139
99332
104870
17531
99981
97113
23861
12331
42760
31813
90662
59766
99768
25744
108328
50433
95557
56893
33766
44309
47675
25474
34576
36944
19185
44036
78578
64314
30684
62970
37993
98175
30001
63685
44535
9580
24730
18781
87121
66595
7138
20430
32036
70298
6137
47647
24562
19921
46161
58867
1363
43022
53812
76031
30212
77947
80279
87699
22013
40241
7634
20173
108198
38971
61641
3057
98920
39858
52006
26328
108077
92086
1562
20685
19612
63958
33403
40051
75046
13034
95528
74721
16284
563
46254
31970
83162
105789
19712
78855
1317
85512
57935
77971
34434
82063
34866
12923
48625
27145
78371
8190
20863
45598
31177
2653
38655
6330
24679
80193
60624
70961
5885
17602
49110
43797
31040
47238
10937
128
55012
107037
19497
37995
98278
65565
5572
47061
58898
7277
57875
6111
96604
31090
5947
681
108313
100700
71285
35157
81705
74137
97996
4645
25747
50631
66467
90831
32147
106313
103467
86493
6388
61986
63630
30322
101669
32430
61742
34058
107720
40312
58761
81716
51140
57335
52208
39111
64528
105384
380
13326
21811
20264
51497
7957
85028
100175
58540
36171
6699
24818
39603
100585
26988
10981
42773
3583
16855
76990
108223
31044
99758
67415
50288
9529
42070
34637
4916
33386
44073
83924
48034
54212
106832
101302
88020
5276
96666
11599
71700
54741
60323
79849
61558
29416
79992
89310
85307
101753
67040
92700
80007
759
55645
8170
39706
47148
19979
95829
103734
80794
15063
8490
34810
91818
92769
53545
79651
2636
82717
99698
66266
7060
38026
107197
2312
24429
88678
27147
65418
36718
106894
102199
9304
108082
107976
22732
65073
3433
12270
91822
15711
48991
57575
99175
99861
3201
12924
27572
71578
37540
102337
10330
72716
58150
12121
106758
44658
99443
82195
70239
80408
33800
4537
36542
50033
96347
101727
24565
50209
22467
94728
15736
42531
94132
56273
51709
36230
102577
98054
66631
28770
48398
92207
108966
56612
101389
44847
61242
14487
57337
63935
88968
54302
24235
22580
19876
108464
28152
24096
90713
24650
10983
5218
55789
51726
18643
4483
72215
38701
12527
71997
42993
52889
30771
38032
51300
35964
7796
21239
3785
76253
12413
41780
64263
101425
102635
22460
95835
11202
19327
87556
42036
84607
3235
40696
50642
35543
88218
47610
35506
26864
60131
98633
46860
25388
91840
37726
13109
92977
98553
96737
94114
38255
4756
69754
24952
50477
52771
66533
65739
64161
20671
72819
11304
7897
60128
4369
61938
104990
26439
14
46662
83435
34367
93507
13484
77320
80725
30489
3064
44767
58544
8598
44141
4202
262
93739
12430
100388
40598
74885
69795
16947
71377
101421
15282
10864
45082
202
60393
104579
41151
100329
35852
43051
88608
68470
79829
55261
56934
19064
53610
4657
67009
73857
62906
13416
14439
71899
52843
52150
51130
87852
46149
96415
76111
78881
58809
31881
97985
57085
86900
79170
15280
101494
44556
91488
6557
3318
56794
57766
9127
100202
49053
10596
98845
79312
14073
74142
822
27775
40041
33230
66985
23660
38640
91880
22998
59693
94438
100053
81417
69260
3243
22139
42525
50066
2747
39799
78041
6496
5494
9253
33548
82011
1796
77340
34308
39675
44400
45050
77794
43157
54240
85977
33748
67033
98063
75451
14196
86629
66831
59613
88534
21638
9111
78774
6507
27442
58407
81937
48506
96579
84490
68270
44432
71620
71477
18212
81924
54716
99934
50314
94332
1225
14634
59164
49058
17771
42734
43280
28639
43594
63737
23479
104606
91562
29514
95923
43194
31903
30323
45220
29609
41996
37257
32472
86453
69222
69654
65656
1066
41136
30305
63579
95614
107169
77638
93108
104985
80869
89522
73827
77730
48891
47257
98671
24165
45052
91305
60343
97645
14388
83225
1303
24971
29722
45845
39997
14796
66808
62793
99314
71729
88572
18598
96413
34483
27595
51532
53515
76571
53372
41859
25614
2181
42258
74507
93871
62288
84568
30409
93961
104262
19214
91137
56457
72303
46040
78063
88335
1679
12439
108373
10550
71222
43276
35660
28215
27930
86515
12594
106136
95838
11231
38394
27066
22339
23666
12638
101715
11532
56049
10217
46167
85617
31520
42819
99127
33778
91669
17047
88558
68625
38962
62647
68133
51266
62064
90313
101817
102163
90196
99845
16404
19273
72082
19017
8641
28354
89915
79396
67527
18795
20659
27876
40940
57457
91800
20281
62783
86618
105
35644
56597
79912
3440
57365
77520
46964
13261
56790
91824
80328
7115
106447
24871
64085
43457
107358
30946
106335
58138
86765
101127
92945
106900
65096
31616
57423
78551
100604
68468
76640
27238
75764
58256
79411
27862
94245
90881
22692
91896
45585
99069
108691
64699
61660
5288
93308
38509
35305
17253
88115
24198
70048
99629
30708
12542
14841
83843
1881
17350
97644
78297
7830
84788
78282
30362
33781
18187
59444
43019
52479
80584
93168
12985
47363
34569
27412
19834
5638
51550
10665
34550
18560
10357
45012
17766
69124
15507
74867
56175
85182
59476
67522
79707
49768
79689
43817
57235
64068
29579
41409
77228
13865
90700
103363
73682
45533
15701
45977
51836
51522
78329
56497
38761
80282
45522
37943
52744
88065
60964
1444
81763
26128
22239
92232
33237
12012
99031
95071
53758
12017
44496
22484
4098
54083
41009
85800
96049
74884
73957
82377
14395
108353
90100
18539
64189
26969
77293
55851
61781
90920
24478
65636
64620
90428
31116
73252
99837
27101
72121
101411
80777
67903
30252
102661
30540
36334
78012
38839
82934
10268
21992
74795
53352
103839
88474
20675
24758
89799
82292
57482
46347
76308
24328
26464
44528
39869
38992
57345
13463
59076
98254
52996
14629
94453
7165
16522
59961
12878
58966
96561
26198
87
21348
66957
6024
4854
23967
70828
33026
49664
28218
39194
45095
55992
64095
10700
35982
42648
55318
20502
64827
6748
63404
66877
30631
79400
68219
101628
562
41159
22819
3537
73492
105137
72193
94627
55370
85519
51542
100752
36512
65002
1379
6342
36922
71831
39413
89088
43540
61038
27794
97157
52694
8854
92084
54335
63753
6863
107316
50837
12611
71368
5842
68646
26606
62895
19213
30292
107469
31297
12046
74400
30407
4633
74892
48345
62866
103998
56833
109014
42034
70284
39373
38014
43055
73763
361
87734
82062
7104
64233
47826
72290
62809
48406
7481
73137
49040
54740
94290
76134
92043
55251
101826
11903
65684
57285
13668
29993
39239
71612
105090
49834
91887
90932
49438
76502
102942
67604
82223
16274
89987
37469
101690
36494
29958
80899
83815
1684
16488
19036
70457
16880
23249
25752
51852
60038
18530
8662
19016
38013
23253
94066
81065
78138
96553
69698
95162
23478
82422
76260
103625
11580
84869
96560
86040
45914
47366
10710
49792
12817
75408
54591
47233
86918
91699
21321
47881
14448
52429
35238
88125
37371
44557
75714
90725
74943
96234
96017
52486
75676
64019
92375
6399
42481
82936
3942
92725
2495
10442
43480
58112
33664
74482
91041
59515
93302
65611
37723
14673
73228
77135
2364
94138
74180
73868
93665
58722
550
98674
17291
101076
17230
84334
63983
30119
101717
103278
75490
5316
71242
77097
46198
69042
101260
63254
70094
34744
106895
106025
78752
12576
81414
34283
3309
12518
34738
98821
1342
74189
79058
2241
28921
13424
107939
58690
33014
62420
76464
97495
32050
11365
103111
5187
73434
94080
42549
91377
53813
96155
73311
26897
95765
2899
28315
82040
14407
44298
79322
82192
79027
59543
1437
65030
10961
105249
42133
37800
58223
879
22993
88749
89181
72503
38763
83892
66183
8635
19078
26358
72351
62638
50421
17471
71465
50896
9851
79679
55180
95059
94618
92297
90597
107523
48599
2616
66991
53715
22327
73735
79905
93458
85225
32754
56873
59616
35853
74233
12954
21571
13954
86236
100170
48607
80386
16384
64725
61677
102617
60911
7230
27711
1254
105340
9532
38654
75856
29991
95032
90891
46877
98466
80189
5062
72642
26461
94497
103370
87890
62481
3572
20874
25356
39484
82082
98844
48120
102802
26727
16866
85656
89505
10917
71772
49046
64565
85634
82668
45736
19157
101876
22512
2015
3624
69064
17438
41099
36444
38629
64135
88851
19692
88819
87724
20269
98345
70950
47465
50596
18083
2415
93310
33695
27401
31337
103769
68165
11327
29883
62887
85855
11866
66768
92981
28242
76891
78652
106161
7225
47462
88132
56554
99016
99539
62678
55910
88336
53015
49129
85680
46209
16134
88641
52138
97780
54250
53905
15982
42156
73291
16430
54196
33226
78183
36696
67126
9134
90049
50651
88741
58390
77227
55839
42670
103767
83857
47461
9996
15329
68868
106310
18470
72636
60120
27371
22645
48938
99636
78786
77973
37215
68536
29473
37152
40285
24141
32381
7694
49342
29730
47987
10474
107147
73703
108750
41754
52302
75834
67275
106050
25699
771
52248
58699
106726
44096
101745
42454
70462
42504
87714
72443
29013
50490
93595
77533
26655
104258
18077
80759
14096
33789
99961
59041
24753
12512
33822
67302
82992
18147
91399
51495
4156
36809
823
77936
47921
51283
101251
54056
58093
95302
61234
89836
38423
64919
26653
93755
60070
43141
107900
33259
51540
15504
4132
45857
28345
95695
87465
11508
76939
106692
109165
93038
7926
44919
3606
882
95619
85732
51953
64285
61489
9321
53808
36260
49278
20828
27
20130
89200
84069
29419
64984
42109
93062
49734
7429
102066
105361
31860
10942
46151
63515
21390
60304
88473
33668
104352
46343
50536
83975
81251
8566
107328
60598
38662
94154
50758
39211
101040
12395
91067
71591
83769
96166
94024
74432
16156
94057
69731
1230
4029
53517
71745
104071
52465
107688
23218
8863
30706
5155
13413
73092
99984
80148
50891
22620
29505
16548
12243
74888
65802
48397
61981
104203
51938
62428
5200
7269
11474
90297
38195
42831
99498
9350
64089
8814
51030
26607
51694
17262
6322
47653
98943
81776
46968
14319
10125
36900
1449
28075
77413
54864
78956
87188
69429
94742
30947
13391
41118
54713
39818
61881
6703
68407
34630
18064
24184
95445
89892
108687
51001
81833
55427
97647
43902
107349
101450
57454
42057
51405
11523
1306
89424
21986
45450
99679
88293
45334
65911
7650
11803
105874
95543
102779
10828
58841
30856
77147
28390
84269
106470
8101
5556
35303
16145
62572
75388
18694
93970
97362
74251
40017
3386
22386
98141
104902
107599
63467
31463
18570
9263
71124
73511
16382
66937
97436
62045
70544
44934
48781
77562
12324
83833
84230
31646
17367
99850
87334
51224
53729
3719
9330
108172
97459
27729
6948
51141
64267
98611
91144
99538
2149
27474
62971
11535
36704
58199
3265
81307
101842
107829
76691
30851
40240
107232
21748
84278
41716
20949
41057
44648
85669
58267
70859
98853
90454
36856
28287
29529
5927
2260
11387
33879
50945
73659
56830
71066
60093
60776
10947
66688
33818
39636
70804
6850
101397
35505
12214
30919
37875
93502
95858
70092
1552
25519
56994
101225
106816
46369
104318
60852
49672
6528
78231
79466
51046
44844
23777
87198
97239
38055
64787
17713
83104
36849
13773
59061
94413
62716
43722
61159
29954
51670
28576
100440
3900
19948
79965
69312
86153
48641
79628
41665
91463
28404
85761
21209
21465
97247
34968
12548
100400
15609
19470
31651
100625
57585
42194
62967
19542
69041
29823
81523
24005
48164
14542
95146
31633
29103
93844
70836
91446
50290
43154
101623
54846
94441
79164
78794
58490
58614
46061
52316
39428
27184
93167
24329
8559
22627
41733
17541
87606
34678
99187
49225
107571
55235
88366
49355
104526
39537
59801
54767
38053
66726
71139
57675
4046
42238
44014
64585
47440
102568
27650
42679
31607
34786
4261
61682
83404
60875
90484
65778
51846
53065
1940
91238
76407
4342
92649
44534
91193
4309
56927
92312
58785
57429
69867
4303
69635
10553
64118
40764
31694
106008
87820
7596
22227
44520
99912
21855
39258
79059
51304
6470
28406
25851
57446
981
68969
26281
2114
93207
41773
105101
26004
30928
86879
32397
19864
68848
83900
70325
67152
23810
17408
37832
98820
89800
42818
62218
23492
18193
21027
6313
33943
49824
58262
84466
89379
96694
75126
92116
1624
69588
86585
76546
67590
74508
27883
98599
17186
51126
4580
82120
60329
3988
78235
98791
55292
60926
23412
19583
72196
86177
89214
31912
48838
93174
67056
101509
2316
7623
26598
42625
101564
105257
78085
71903
17562
90119
62444
24842
69594
52970
11308
35750
106109
84316
100743
18292
93691
50454
86660
74172
63215
7616
98090
81059
104992
84543
57394
494
91467
20921
5901
66498
88694
14449
16095
15027
30472
95976
30814
99117
92460
58919
57115
4615
89325
75937
72996
6554
9342
47859
22103
26121
17679
64483
72058
94848
35475
10632
49449
94322
45751
48554
34369
10424
93772
92633
5843
107894
25671
20442
92224
26261
107111
2329
39077
76486
59633
99217
38410
10725
30331
23000
48527
10736
64544
6658
56966
25719
24524
53676
37468
29223
64301
103200
76170
89659
41460
33529
71496
67808
25751
108549
54225
106817
79056
79872
5547
66150
9302
615
22981
4927
72629
27015
64342
31269
53353
26611
76566
6184
66580
27173
8489
54470
12037
9519
73262
56762
74669
54317
7040
38668
103723
30892
48843
41345
73691
11133
78087
33339
76797
97339
71834
1958
22226
63758
85826
101614
15667
105479
96370
22729
21761
66173
334
19936
7069
76479
48515
82600
91996
2346
25017
83428
87286
22275
42190
94304
87256
31093
107192
10034
16721
12014
45072
44414
38307
339
35022
41588
25902
30348
82409
66304
78492
65385
44215
58579
35377
96724
64804
22418
697
2657
73334
4644
11746
8835
58322
79976
23830
68516
66195
11412
74643
100784
44266
85866
19405
77682
16600
87197
86578
82196
59488
100692
95158
43707
106709
46660
107004
71829
41023
45648
67472
104217
45234
102027
10845
44758
49169
86339
53836
4318
5720
53700
23287
49124
60860
98195
5677
5344
71176
105071
76953
15572
49511
44101
107448
60752
73779
78372
43655
76345
45035
73693
20965
42723
83459
37705
1033
107643
103114
4610
61819
28226
67045
72915
2599
9112
90714
13394
56513
12183
96312
70335
90198
86123
22357
94078
3447
90605
20948
87030
44731
45287
100755
54187
86883
91485
59308
37581
21696
67568
44737
18801
16850
47248
72024
102282
21165
57677
29654
92964
6506
29653
98803
29490
6508
31472
20816
86021
67683
82815
20585
33705
49989
73168
85165
28623
65504
3164
57554
18666
97109
28254
76068
41014
5302
21374
95948
8859
98029
18251
99377
42285
15569
25274
13195
92685
62388
14558
52752
22507
73505
13976
11915
36342
36359
108692
18225
14826
33062
41479
26566
90058
76158
1554
55231
27936
52223
96833
62480
77908
60973
77641
62315
38009
87605
103843
23272
76152
95305
73520
62787
30895
66597
2094
51624
17649
62852
75496
38619
44879
5539
13472
61170
63876
75313
103020
75332
15384
103221
95738
60388
51974
77840
61322
27961
16417
56769
80811
49665
67140
47161
40956
45396
35343
2488
58107
13987
74419
8756
19252
20247
78128
96582
13074
83557
6276
49958
41382
12146
15108
19051
98396
87516
101442
14525
5238
85417
70750
44078
48389
73865
51322
88285
19253
2129
39699
76743
61123
23077
44186
21115
99151
108895
2374
90099
19985
46083
34676
60344
71792
54388
37523
84281
103940
49878
48603
28750
45795
48771
95263
65236
103608
25298
36291
92315
6761
80456
20700
48663
83714
2437
100437
17565
13047
20407
78592
72162
44382
21759
35320
43565
74658
56308
90355
105168
28058
12160
72558
24521
41607
90104
40144
44051
13913
33056
38508
65928
59133
91557
26550
106245
71241
9135
100354
63233
89954
14832
19346
2611
86476
6074
36009
63431
103011
105318
22399
50798
28255
26751
57859
27937
81134
2382
15240
95309
65758
69888
100933
17137
67592
24457
67720
5780
59431
87589
52084
45601
47871
14587
84124
576
11140
12957
22763
70213
3069
39106
68401
97758
98397
2769
99761
55373
1636
78353
101523
41028
105669
55510
96181
95558
86111
51483
12863
35551
76950
77279
67196
17730
77659
51643
100376
81067
5223
33676
12665
59479
1442
101083
107012
43705
20990
83684
88596
66041
12657
13196
61910
76504
71618
47258
33770
3678
13851
2505
64146
104939
6543
32929
79491
98601
105819
5949
40798
33224
109098
64101
31931
70695
57511
11008
93312
10416
15553
30559
84937
78560
14835
49725
2957
19547
79151
16930
90337
37657
7862
8659
7275
44569
97583
78838
19950
54685
94970
17987
82277
30627
96002
102997
11769
38278
63999
10336
76045
34039
41363
23293
42733
39716
56095
88533
49130
107453
24470
26073
54965
42529
87923
61484
27512
91265
9830
80335
70357
73736
56861
96995
103227
86046
70844
65755
98321
100897
26839
86753
98866
34914
12175
85744
44042
67041
23637
12051
34018
74563
82023
6466
63698
35548
82394
27054
63607
36421
39529
71451
70778
35883
4211
103152
1831
62856
66292
72507
53855
25987
97840
60232
25396
69159
63563
88029
48972
6648
39384
19068
1162
104552
26003
47581
84227
42996
7391
64099
92402
86279
25171
94328
83829
108662
48126
23476
96469
81286
75067
32885
50871
77952
38405
76597
77621
50248
59034
59259
64518
22061
59465
103819
385
95518
98000
64138
98752
21107
78366
43929
61365
92323
47124
4773
43681
44868
35338
7004
34871
57199
61168
90791
451
56315
99184
73243
80355
73451
40367
29150
74679
32947
34217
44287
87135
54319
94912
36020
45608
11788
68172
3867
14984
70444
96558
22440
13441
16208
60689
25242
88248
22924
54376
30975
71858
69147
81824
94498
69376
100024
65167
70467
95698
80743
90690
88221
39574
24974
9718
86696
80800
64283
587
29783
70390
92589
85062
104591
84806
20411
52396
83374
63100
38351
13817
89956
14076
59711
4654
10957
81004
82957
75271
17014
31285
40063
96281
37253
50553
14047
69610
45456
70361
61654
25075
17434
8760
33035
5012
7891
76682
2477
106150
87796
43606
102364
47591
1959
91319
26834
81875
89148
15
11840
108340
73447
46308
2034
58450
22549
13281
45306
16564
108552
104240
74633
14635
47293
52121
31284
74282
56005
25819
16035
77272
33480
94002
101675
96315
1824
49600
108592
80574
80251
6630
62998
27987
34597
89835
9535
83497
30564
68015
43566
81648
9495
29176
29806
80120
10539
14161
34908
96450
71672
9907
83469
102581
9636
15874
61993
97163
20745
10200
7451
68101
102986
76108
88157
89308
85352
90237
17085
90938
6314
78883
60480
27591
17011
92967
56360
47785
58645
93964
699
6651
36932
101643
13919
77099
64665
4432
83721
35218
10493
47165
56205
106184
78665
104553
51338
9723
85088
19479
85858
40225
41551
24441
59382
10530
74274
94534
52423
73961
92741
55866
10696
32166
74066
100455
17251
53887
81263
94236
99301
46699
35045
30728
99466
59416
103405
107632
16092
20920
44665
69542
34140
59994
31270
29471
73163
88200
79817
108524
30030
106471
77141
94737
9211
41042
70305
107354
54299
57961
6602
46620
13388
101642
102370
32638
94705
59749
71497
12877
21362
57010
64280
78947
72778
79534
62047
8869
48672
98772
47070
17578
66905
51653
27010
66748
84095
64252
12788
24045
100331
99595
96037
47753
25142
13831
45400
4266
67048
44909
2465
70055
5000
17641
50095
31861
14814
28149
106742
55600
5445
7792
53500
98559
92830
61401
85244
46104
83026
28973
92239
87421
76579
72260
86140
75624
38650
38649
83957
95911
68041
96381
73256
780
57740
74820
40611
23429
67845
45409
51796
65443
70188
10406
6905
31925
17551
9291
82576
47091
78775
75983
101461
26511
81287
86414
5467
82961
94665
14941
91649
56947
65951
71940
106590
85497
105616
19616
17053
6375
24010
86715
66645
45273
27125
4376
8131
30318
69221
15089
100916
89916
28941
86395
37169
43025
74027
2874
48509
75037
74846
95975
7294
29516
102787
44640
101162
86602
95371
88917
105117
60486
75040
59778
98834
98742
29892
16739
104187
9687
86389
73027
52940
77488
85542
27549
68748
67699
7527
24426
78186
75755
1258
94633
70725
14654
34634
92906
15537
16857
30365
26020
61726
77732
63850
4436
59960
74572
41544
60443
54427
85996
39855
36351
96442
46594
92245
61457
33960
85711
63400
99424
68852
17631
61695
75475
3398
5918
2669
69422
40821
41263
23099
80767
63216
8917
28321
73154
79208
56496
55881
71095
32349
86250
27194
69204
10702
92243
81564
65265
43057
97103
8236
38964
100291
52774
99266
33603
9765
39710
19508
40524
64807
26724
45264
49441
76707
82798
11996
44560
44577
46781
8372
45662
97734
32291
108120
97730
102158
98144
26256
28891
36013
28586
9821
17068
76359
50936
84201
186
1209
77416
107564
32633
41711
49528
25484
4935
28001
1421
93494
94503
90845
7534
29022
51242
58178
72254
19275
80942
55380
107578
63211
52584
57222
50745
41007
69292
64036
63848
104204
35052
27061
41105
56101
98882
51952
84521
20590
81598
102396
29277
76094
32152
54227
32459
87103
40112
69134
13889
11203
903
23325
47250
18030
71624
73352
71775
31671
6674
72047
29987
10129
51334
99771
43742
87047
94126
17485
82532
12945
75822
78584
38123
48452
36062
14827
51907
92903
100825
85825
48565
41819
45104
73018
87825
40471
80543
11823
72125
7584
11809
21068
35332
71581
52353
88669
58364
95121
36012
48769
56747
72552
10959
90054
74057
103411
80023
17100
77938
36115
62569
57879
32308
43695
78035
90407
90457
34983
20773
66130
92319
73402
38167
61163
79795
17807
20895
10376
71684
68937
31545
36470
98173
68417
68581
69991
20174
100209
15949
18341
60714
61091
10312
88958
72358
41830
27592
9393
55295
89135
61702
92956
3894
54311
76053
67359
85580
51803
24257
50706
96214
71462
100220
71011
47599
64532
35776
58021
68020
917
20899
13744
86624
47041
58550
56659
93510
82004
43683
103851
27350
91078
30898
56144
86443
6677
51702
92014
35513
101385
90523
41552
37399
52266
102047
57888
90361
85676
41621
54969
43924
30471
11084
17911
15020
70538
103415
96688
26455
85659
62272
42166
79023
73906
83980
54746
39372
27909
16684
40233
20079
58311
29745
93625
38436
22547
83741
15728
10618
46698
29887
3000
77864
101227
76362
72898
94295
69135
90880
14687
41635
81314
61306
87560
25108
35213
99098
16140
35363
40554
80760
64560
37758
106249
81344
46030
54488
81390
50685
37067
75570
105055
14801
90138
40317
20358
54513
107848
86813
76495
56628
97483
51107
48105
58064
83442
32355
106035
69006
104260
94868
44097
69705
76195
33575
76088
44664
58289
68773
3777
9684
58547
4788
90404
42792
82413
84604
30683
84900
69097
52476
15389
37315
82652
41661
39731
35271
107649
91897
88652
85671
57804
105349
31941
51034
77724
53882
57059
103514
61736
81753
64480
42390
75543
104620
46318
55267
39555
64788
101721
26750
57618
51476
56068
73358
39453
38309
17928
33115
26760
104119
5660
18058
64522
16303
4844
39260
15805
7601
12061
50818
106752
36280
31487
27884
60296
7890
70116
60230
71946
86843
97175
48017
79063
83419
72250
70992
33782
97222
106246
94919
61301
21657
62030
53763
3688
104525
31359
64674
10746
24315
9059
106668
41548
51378
52167
28233
41936
81323
44237
46310
50160
7276
13253
48153
74611
11751
21930
62900
57342
46935
33034
65738
72319
80171
78533
10971
35422
101944
21012
30982
27039
94697
50431
24195
85614
57072
20347
23625
90267
18183
90602
62297
66886
89756
45889
42321
76780
32862
4959
72792
80033
99017
15224
99451
99870
94539
80139
61343
8903
79584
35259
44792
103669
92879
19633
90630
60157
96298
81751
8746
79315
97638
104752
105572
20638
33085
43528
12513
32217
59569
64630
71348
20692
524
17425
47940
79871
51662
60435
12844
60309
50016
50293
107077
25992
48487
47376
41656
60139
25655
3108
68294
94953
47947
62012
81821
8328
44714
35681
51764
43643
38576
23261
37420
94800
29532
29050
96774
11841
39418
100445
65226
86905
35247
14613
27098
59013
72023
4499
18803
19643
12338
35984
79160
14733
83589
64481
7558
40750
42906
1012
39267
90763
86697
36372
45955
23939
68103
53441
45169
61019
38861
104459
73994
23506
49569
103331
90141
105763
63534
50402
61635
32596
32872
69778
66391
16950
17998
20862
30217
36557
685
76959
8588
66867
50779
101376
61380
15150
86878
84598
96114
53524
76765
41471
88965
50668
96592
85418
60096
84605
100457
62965
63414
15174
49888
77430
95818
92496
39141
1214
79070
7501
40286
4357
66525
55008
46492
47009
91783
13711
6436
60845
16648
84974
38708
27760
89429
64253
48163
45186
2577
72220
13621
17
38967
12389
45519
2162
87043
68763
7945
54276
79596
27343
50836
5122
105623
55199
4578
40512
63288
103512
66372
56038
97562
106009
8647
87184
84854
102909
51821
39846
81337
82090
99275
20402
51927
1772
74164
1097
1656
83676
1601
102189
95721
46669
89084
38892
20615
74700
18601
74369
98183
89569
88903
41270
99423
9756
73397
58947
98245
88697
58162
15018
19821
81430
93505
86872
52196
83835
23216
97869
42942
1612
55927
55936
101350
53309
63440
24176
5166
18816
52954
39273
28435
62467
78840
106311
25015
99359
993
58101
77275
265
44212
9281
57212
57094
67673
14142
32270
103183
40124
51209
45551
48881
72681
22336
103127
63224
13142
77633
35254
4532
40253
107716
34422
3533
83681
67582
103661
41158
33297
42995
92511
97921
93913
43546
103563
105429
55790
26129
27078
12883
59319
53258
71601
11366
62051
59970
10608
85372
44696
33440
7102
107222
63061
19782
99897
104177
4382
34732
37640
66160
75060
39516
71768
103130
75216
94336
46602
7994
102286
43012
5311
27898
21021
66863
1599
66910
23925
82772
77039
29040
9950
57581
10518
107171
4852
23798
73872
56065
44410
86156
15494
56522
84493
67477
75654
22067
35435
20124
79289
3284
33878
94993
47588
51267
74730
7279
24186
62748
16553
36918
46293
93447
3420
35521
57805
46852
84924
102688
50639
78357
7555
96451
78071
106653
65074
8154
59948
58910
95094
92114
16236
93373
106242
38379
54307
35887
62316
52890
9700
93794
85789
7560
80951
20587
80006
70632
107435
9942
30345
89085
35611
38766
25143
96950
66705
97450
5340
22509
8790
27524
93718
73795
51590
91520
63493
48246
13869
5114
38250
104369
89473
73074
41925
77788
55464
63591
32358
5217
106258
60233
59163
10134
105765
69771
961
27636
73493
45925
53584
59002
24412
76208
1197
45114
76853
104991
36164
2902
6632
54944
7464
17439
68919
50531
29287
101937
63754
103389
83384
46668
40010
1069
9815
67644
19422
76266
6139
45136
75466
43818
74240
97972
29807
60946
49084
61296
3149
62430
17774
83140
28660
79231
22462
85280
51445
99633
58233
58667
46580
26568
26644
24050
56084
57306
88174
23935
23525
4482
49332
77247
28385
93902
33066
107471
50734
68436
7720
35849
84826
73491
49520
70463
