64930
27055
75846
45551
26286
74664
44556
52538
9586
25902
65866
17275
79818
17136
8797
72934
23785
74811
37329
9064
45927
5731
43049
75526
46667
63189
18095
14115
24081
73370
53914
50746
20104
13981
1040
70982
21031
67
21811
66594
73323
49373
15133
19702
83434
58965
14275
24152
33940
22660
7536
54237
75426
17366
85706
35002
68584
83065
60836
31665
86799
60903
23718
45429
76475
22187
23328
82901
11498
24735
64183
56081
2228
71922
68834
54579
3530
34251
52259
68865
45936
47496
69906
26901
27313
34692
25104
74058
82777
16817
36309
9059
37029
65593
58275
55181
66015
3477
54080
31626
1626
2536
21160
17375
46822
7929
42849
21803
54004
77137
16631
75160
68034
58202
11926
75472
3782
73045
22921
18203
69780
17346
9783
3173
53431
5715
41943
74762
86907
22337
84518
53627
11979
23619
53111
32888
67110
72427
72023
44544
24452
43439
57375
21328
49814
51106
37057
45873
85299
64793
22618
1299
77710
53180
11700
85572
26094
29244
68591
26330
25242
83495
16397
79770
78528
10775
31769
45530
14012
40442
61660
37409
42033
30963
6340
71409
26575
57965
83371
60662
81119
72225
86058
82062
84216
38610
54479
36097
65014
3166
11477
25887
76139
7941
70484
73344
24290
71848
1365
40800
77651
8758
63460
83264
40190
29428
70574
69960
38403
28271
20847
35077
19496
39279
83230
8155
62355
51484
34365
14401
15422
40165
16256
30310
8483
41689
26841
75045
62614
15659
79665
80806
77697
39584
85461
43846
57526
80032
53598
32971
2069
82988
17337
65281
8170
3293
17673
15144
6214
60871
67520
41237
75610
53405
35665
20443
56813
47501
83094
26880
60440
25341
64929
42128
19383
42630
26148
3448
17115
44163
75836
14655
79357
54904
26991
86779
65722
2288
49915
73286
85019
9897
40580
80596
23440
54400
56840
39115
32375
73399
66676
70827
27696
84684
38986
62358
20711
24222
60054
52232
56305
21411
41901
40968
78107
25995
72702
54405
60094
58066
38037
60056
28449
61198
84793
42279
13910
45982
37482
32946
51151
28918
26723
44320
33509
3968
3964
3114
31189
15692
19754
84863
77135
58280
31376
65119
39263
29900
18378
31852
3731
22692
12835
25707
85742
3389
40153
83898
15448
11815
49761
19361
29736
9434
85526
48291
70521
46305
41231
81987
80905
36426
34248
611
66708
16786
20738
50619
73228
31495
37884
73511
59169
35558
34370
80290
1473
52519
39837
2971
14387
55176
14896
78187
40741
29183
74559
63876
1574
67686
4155
31605
22179
73771
77531
55611
27590
23326
73346
60490
19380
29919
7203
24577
30808
60656
36941
48065
45519
33115
58489
52017
67855
68910
62558
54873
14102
33946
1565
46436
9583
32726
52092
30318
5304
81642
16206
27045
32004
1521
8701
75780
15926
64002
45589
82782
34529
73233
61354
82737
35980
40636
2471
43484
25892
55723
29217
77879
26220
21734
59486
43767
28742
81240
11756
30476
19233
30048
25926
47473
59753
38968
80055
22780
77161
76665
14110
18262
56031
50390
85022
8018
3613
20196
53330
21842
63244
7329
64014
48843
4203
62047
61741
36760
80255
56160
19767
7091
54440
69411
84526
76972
34580
37898
29541
37962
30840
45680
51161
33916
39075
15032
17884
32019
15980
3848
41
86980
78701
49823
26436
37108
28399
76929
62155
12722
13704
22807
72705
17680
9632
77546
82826
1996
6830
62168
15669
65833
6197
82368
63673
15748
86401
3295
48691
38209
80231
69251
60634
40833
65493
60793
46232
79367
72883
80938
36475
26609
68470
53911
67882
9045
3534
59600
45210
68123
40632
36552
61748
63181
77947
21690
19327
74002
71369
44741
77130
57794
67227
85275
67590
1241
48030
63909
69674
9197
30005
15522
81278
17496
34091
86672
46655
84579
44691
34471
40698
35711
74898
76937
67281
238
31473
85165
61997
80046
6114
42047
24365
49692
49991
29388
59841
56084
57845
14673
81002
35349
45601
4922
52954
21658
21720
74265
35859
60565
3941
22782
4298
58804
41621
47558
30327
77614
20926
22488
80761
13700
15725
7487
45434
26156
48000
25682
11624
68089
62610
61841
54776
8443
31417
36258
53858
37033
35638
4434
66243
35252
85336
66602
49851
15504
65262
55249
58318
75081
74404
62580
72652
74337
34983
50583
3505
71253
57306
72495
29195
34947
50976
32197
76038
25499
38251
3608
57932
82536
68706
59756
12604
25386
70763
28693
31799
58800
29611
27320
70261
20182
33480
60347
15067
53924
73762
78726
35796
24042
68895
927
77990
33025
12416
76820
17614
72660
43194
63849
6930
75812
45953
67854
86791
53779
35327
43415
78697
47528
68297
14845
61075
41708
69616
55501
10715
31550
66467
39300
74820
5146
6941
51203
85980
86885
48445
78731
57064
72232
32153
54348
43877
13255
85151
17555
82679
59643
45370
81913
84359
32345
80887
26275
36885
85987
2826
75370
43284
5222
31720
69167
5171
86169
16832
57127
79417
67672
43384
70090
59229
18666
32443
32612
40231
9585
73566
10674
28516
44028
1994
86329
59898
76078
13840
12881
59652
82859
50178
3216
53790
35091
9123
61489
36195
27579
57308
9378
80842
73361
34836
46014
11893
69254
70567
12869
56974
23864
2356
65331
47594
59839
13281
81292
43676
29572
79089
80930
59105
32823
71028
55806
12531
44425
65080
42262
3666
72962
10822
64232
33007
70250
80608
64635
75673
61429
42484
35125
72579
51017
45414
79777
84351
79317
57212
81699
9044
4520
37969
61228
11554
38712
55423
24336
65725
67567
73262
46607
80232
19433
11590
69819
80518
7756
33949
23316
58879
22252
72242
27253
4696
16755
33593
54739
79135
67421
59735
68701
76313
54598
45218
30603
13543
17342
41916
65203
47207
62781
41737
69211
16120
22232
17010
39178
29141
46594
55172
66072
86186
44540
34364
79263
26577
25767
12678
22396
7940
29691
25965
28785
749
27793
63501
54888
16422
32629
80214
47156
20301
65095
67095
67208
36965
32370
42378
61912
45332
12383
38563
44946
46883
3267
84700
5287
80059
43247
1493
73081
46736
3622
59929
45014
10929
71712
62924
48904
75142
53864
35035
36057
54974
57726
78627
63755
84508
80804
64425
79210
30520
53225
86292
2354
68572
40178
7355
18419
63370
39455
57186
12511
60872
36591
4582
58187
34875
72842
52939
56459
76144
65958
58972
11972
70630
67076
46172
57120
45831
62283
43914
75315
66718
75424
73402
44077
81186
23008
8622
54657
16561
60346
24064
71837
24991
50941
65228
17910
30725
85724
17139
53169
41756
69740
83159
44245
56000
666
49446
3180
5217
22079
44381
14928
30016
50027
25493
47778
42712
30210
31147
40985
42107
7383
9060
60702
58153
85600
2714
81381
69392
69189
2576
8724
15715
84773
14396
85832
47504
19884
6378
18368
54892
49511
86828
15022
47155
11964
44494
75135
40136
65296
58081
34968
62245
25885
47186
11751
41177
56991
32862
60957
35289
21970
40536
13058
82541
24125
18548
59651
57650
44563
3398
60628
12228
14020
81137
17109
29268
51004
54772
28517
1737
75879
45967
36740
71669
32369
9774
86434
63341
15089
71719
3468
68055
22702
62320
65229
59667
38775
55805
15519
71416
20553
23211
35552
17025
53282
75821
10788
27818
11067
56922
73014
26025
86167
52792
77666
78592
35978
29021
41698
59320
31585
57346
68517
54026
40487
40695
51195
82980
59270
9086
24044
68206
32993
69147
82139
39160
74446
36887
19903
52470
29042
76636
40877
26722
77648
4564
17201
6305
71570
25808
59851
43435
51871
26639
43850
18167
68688
51439
59262
68704
75194
74168
25646
39783
25821
77578
62517
62185
32901
421
31350
11298
61069
4043
78056
71487
9825
76204
30589
63357
34659
82820
69159
38691
11299
36650
2556
25677
16552
34176
11617
51426
31797
19975
42156
77309
28184
39154
504
3222
78463
68150
41540
63459
7581
4999
66776
71056
62513
67627
48635
9806
51795
85328
59677
15323
63752
71956
29945
86219
2607
84784
31166
22393
1452
83150
22406
82034
31084
58388
20579
29580
53288
35548
80188
3118
17544
19023
425
56683
30622
54073
18514
31753
77642
59868
15291
65246
64239
12064
53355
30745
47927
15512
60840
36266
66087
52491
35749
63886
62354
82673
84093
23871
55159
63884
35945
3081
989
53898
77839
28777
74001
71277
49662
21976
69083
65851
11871
86248
78044
57736
12417
72740
81598
19731
71447
14003
67010
51308
52714
52533
57669
42258
39772
56366
82683
35047
80585
38297
5663
65120
84180
29847
55927
61080
39728
79104
42940
69110
53338
24961
58975
12401
13019
11315
67534
36949
36279
6738
24773
28482
13403
36847
55846
52274
59818
69220
1382
77707
55604
55494
78077
72036
36075
52432
62180
32932
65622
18721
77
43737
67588
42476
64159
19500
69019
48508
80413
62598
34455
37904
49132
21199
70334
74165
33350
70814
36167
77565
83975
15194
64734
34144
54281
12063
5149
48238
77001
49512
78953
29089
57086
12543
31551
19063
86958
14076
53294
77681
37423
57451
54086
21478
29989
47054
17647
18026
65028
26161
27367
4239
84484
78649
66867
46034
37603
37590
53708
5369
8242
86681
51845
6471
4843
1405
8321
23917
50985
57879
28193
46046
70559
37158
75707
14411
67459
36753
1581
5928
72812
25854
57258
19252
69018
73374
69665
28640
56620
78833
60321
67689
45132
31
62003
84401
64829
28102
42515
56491
58028
49170
70143
75354
29795
16878
23273
9237
43886
3691
33679
36078
42219
46661
4221
48571
18338
77542
32426
77611
13162
81706
33964
20418
39759
38704
17160
31786
75948
77277
36118
14919
85722
16227
53852
60191
64368
76191
28561
4651
12707
20601
85293
7982
79171
48934
37690
36419
81626
46591
49762
81676
60742
66885
68673
31367
77655
73398
76757
15718
13665
35172
54037
79906
29928
76826
43149
31696
74047
10665
14582
34962
38644
46342
40265
49717
48586
24926
48975
1920
18909
65660
15139
37514
40016
37201
22231
86875
78873
35168
83809
49095
19562
472
12862
15161
22846
87143
16922
53421
12114
81451
48109
39593
48439
62427
18770
48857
78396
11838
82961
63287
18713
62300
15390
46301
46660
14421
20851
69599
81880
8051
44817
20595
40542
37934
51312
26748
65491
46901
4187
33746
57286
55725
36378
14577
38824
2738
7122
41120
42720
13906
43328
18287
30658
56749
25073
8288
11060
5695
31449
34705
63829
41886
59472
47245
49699
31445
48444
64725
61409
56152
23703
53301
51740
37477
5386
57559
79655
18951
37686
51463
72057
83699
83716
67414
37135
25801
56963
6651
57055
33291
77520
21374
68189
9389
1377
31288
71328
13967
18753
948
72208
14324
10301
75018
85555
32469
72019
24388
809
34209
49017
66308
85660
20795
66043
82829
55647
7300
14185
59300
14624
3191
69400
86290
61000
29816
29896
20548
8371
2154
31484
23375
79455
77301
81010
34898
28505
36428
41829
6388
65816
51744
46911
50235
50957
62256
45524
31059
78136
55201
1661
61676
58407
26036
85539
56750
56731
79315
22412
6988
59204
59149
34691
15492
44885
65047
10231
55911
57627
6740
73409
4258
50891
76726
65558
27453
74071
43688
67272
1938
46918
27100
73177
71853
59961
38817
70522
73
28641
33466
12814
69039
47132
14927
16748
58578
68747
67539
3851
4671
39343
41664
62606
39355
51900
39804
75077
51717
79855
2821
8332
14736
29283
46344
63609
41434
20358
85863
105
8535
63009
31265
5779
36367
51571
84495
3485
76273
1950
79759
85176
62583
36505
25929
56040
12965
25103
39338
67999
4428
47250
59038
55327
17640
63567
31623
86842
80125
43235
32929
4206
47284
58008
83653
33755
18357
64511
74210
61297
43826
71857
21711
29376
54750
80742
30562
60250
86568
8497
22126
72765
61419
39941
75219
17083
47337
20731
34759
40355
80066
52219
311
78992
20685
46878
16105
83726
70277
28812
64327
31873
48693
16834
33289
35808
44634
27891
38846
37323
39626
28943
33530
76891
85810
79400
26468
19218
6567
68014
53133
42605
50271
36553
36821
10724
82388
81182
78275
52845
31014
76969
31540
30733
24200
63808
66411
80654
2175
8661
85460
66277
7653
6367
61962
14799
52616
73571
16161
75322
31842
53862
631
4474
11390
83586
68745
18977
11050
13852
29288
84091
40662
53399
6461
75764
37239
63321
57034
49224
22394
34726
71496
65018
28384
15094
77513
73998
76282
3499
106
48940
38051
67388
11721
18823
48080
32431
67995
70099
56166
40610
74022
26012
18569
67847
85989
543
70430
12005
14180
1510
860
84702
30670
47732
68360
82323
76451
38163
85448
2309
73340
73472
76626
13696
42368
68885
56014
8431
45488
28368
29182
79976
25757
78865
75518
85912
52517
22045
42268
26385
19191
54804
8184
23854
5398
52469
73079
37776
37940
50074
26112
75599
69410
7845
67353
7039
50559
83892
52743
76537
8143
55180
83282
27917
9506
17930
40078
20078
57113
8818
36825
79231
11272
85646
6121
71262
19250
31257
19465
44005
67499
40780
71534
52267
64282
7945
32297
84342
45456
37794
23070
973
44288
51691
61320
36283
5299
74856
43248
3503
73737
23306
10785
22361
59458
70396
51969
67653
42443
6762
37750
12649
9500
33336
66642
47582
69490
38931
24702
69226
66511
16848
27963
30799
53092
30329
33239
3080
1317
72401
58533
4470
27577
59551
58706
22925
65154
58402
53114
41897
33858
16576
57009
18630
21424
50428
14525
20686
58924
55185
20262
68044
50649
7239
24838
73559
53246
73206
64196
52078
34061
33005
4800
28811
66201
39782
36544
19497
13555
75880
64612
5018
13523
21982
1055
48527
45577
19265
51232
5058
13626
51941
23911
80780
10375
85435
37486
45357
16597
78734
8341
15836
79778
34753
67168
30278
58445
14789
52620
56279
25733
4491
10934
75394
69161
29462
65356
66
20995
75558
80639
4857
57802
12672
40991
46867
52200
27583
2319
28509
32154
67161
55308
1244
52761
65465
8504
48569
45442
11692
83736
75124
54532
6131
8849
45901
28077
84366
66547
2114
19441
59770
45855
43984
80239
55090
30898
15586
23706
7365
36400
55015
65645
43274
16871
56961
86730
39437
2303
77129
8564
23138
58383
47412
31975
72462
21191
64111
25433
78280
17802
49034
20706
86616
47427
3843
49719
41008
50467
75543
69567
27241
54511
3862
50690
47278
59484
9233
51477
1665
23613
85895
29252
27240
49447
24434
78488
20775
47377
44264
70845
63018
70783
37997
32718
71652
29459
13817
73336
34560
11818
32463
24301
53432
38982
78001
44286
26263
50581
12278
79166
37018
12931
8013
69176
51337
31335
16844
82202
10087
80118
876
38869
59446
14715
30034
68671
30166
66437
11693
63722
7362
53422
34019
80475
18566
26978
34939
40611
82149
40566
72349
59442
37399
11324
63022
59226
58787
71627
85153
3416
30863
74286
85225
71616
11149
13426
9987
43598
27738
85377
7491
70183
37568
67337
7687
10465
7788
55433
5232
38325
3724
50608
83843
56780
75800
32296
16095
14711
15322
59369
3886
33984
16356
28350
50648
35579
37094
54242
30772
31103
59057
73196
61027
14348
43581
18189
56804
37079
71371
25436
69524
69125
44945
77330
7976
3990
48683
44848
2509
39669
36621
86731
62771
73881
59480
77080
27517
19605
20865
38527
66805
53076
48615
32670
83820
57840
43561
60538
16595
19743
34873
32919
81700
5290
75057
37719
61255
23199
61205
18495
48287
12420
30453
2284
65134
50483
32853
86141
53498
85762
56773
62332
20784
29282
22243
68226
58085
11544
44936
43511
40862
13054
80289
62461
85025
3595
22766
70977
46032
84195
27403
73085
490
67691
21876
56936
21248
78558
57572
79397
47701
4301
47922
52095
13170
38458
71012
32910
37679
58190
42094
6386
85861
37441
82358
81297
52303
37282
42952
10514
41633
82133
42409
10437
10333
39142
47682
35615
33156
60221
7253
66650
64561
54355
28106
30080
77093
50344
22824
53959
78638
13309
34081
72216
72729
87050
46244
41068
77012
20197
43240
21582
27205
39839
28340
30215
45702
52936
3353
28360
5549
50054
59143
69021
52171
28642
52803
32192
67476
59275
41310
34869
13540
33397
66416
83516
25312
42891
24254
16870
60491
71991
35179
22311
9051
8998
74185
12858
64188
20274
65801
58448
77552
67488
71398
4211
64953
58409
8316
77686
18112
11905
190
84980
63007
9539
79041
28581
3833
19575
47147
83358
30989
14126
15216
44338
80342
38611
37621
2881
42247
1725
53222
79152
76456
314
43181
42160
57036
7161
53049
25421
17691
75389
42595
5605
55788
50540
48425
31978
78770
19510
45894
58329
50716
84904
43361
30871
56303
8771
64302
27720
32460
21346
7068
36434
26625
5659
44998
63380
62821
54899
42302
8756
35562
74487
78237
9704
48111
83133
49330
6063
2352
23423
24551
53676
79731
82814
795
42425
79760
2090
20186
14132
60495
71604
5420
18103
696
59727
70710
14614
17841
44414
31927
82554
3577
54046
80631
79346
2915
62934
17361
34150
85684
27461
19397
15046
20670
54317
70286
3564
37650
9225
34009
61212
55857
2478
72459
55183
86012
72249
49622
32026
69067
33122
45174
46029
12473
43945
63539
53002
43827
85209
5155
32407
19198
63134
3049
63442
26871
31404
8282
52559
67332
74151
3110
48846
85740
66429
9638
17260
10848
74297
55426
62223
37098
16774
57866
44078
6165
9909
12744
73376
73593
478
27417
74225
43186
43999
24470
73005
20622
23557
69543
11512
18873
24979
22695
966
6711
67270
2229
19791
71006
85644
53035
13152
72058
84043
31929
67322
5553
12322
48898
30396
4130
5866
15272
12681
10631
56663
62615
16859
85488
76098
74460
59211
79573
46467
39734
29883
12223
61712
47119
44665
13877
67555
68848
82279
18511
8656
56537
30728
78441
28160
75702
23228
79864
62814
6363
55767
9296
4113
31789
52375
60578
50564
81748
75672
9126
53313
31828
25711
85638
33474
71211
47816
36516
65516
65407
60696
58902
28420
58625
64539
37319
49317
18093
18652
62483
10226
28526
22097
11229
79746
35690
15491
27897
76180
53727
21627
43251
2933
29073
66425
78497
47331
51412
55837
55500
24122
49298
10969
64351
56674
72805
25380
16779
52309
78705
44466
85853
72385
69283
25978
45003
80297
68793
47208
66516
29761
38923
9857
80053
55344
13387
26986
39222
53242
57285
25857
77121
29925
56571
19271
28976
30389
75936
46311
60674
66290
54112
25498
79506
64857
30218
62972
23734
32621
12219
59055
58490
62654
71621
8710
32352
8048
37599
33478
77719
80624
47257
29624
29549
6101
59461
72236
54000
74621
10807
45597
65332
30826
83511
25735
50150
16968
60360
43722
58101
79767
46637
18048
24720
73951
6141
55343
10000
54235
5154
56391
44577
33662
53363
64202
65925
67108
82500
53101
75867
31827
33918
10253
45715
57722
10285
33150
68564
53045
83974
50239
58701
1412
40975
79251
80789
4716
21250
39676
69983
67716
59253
11569
71364
36943
17601
60726
19848
6847
32216
74496
27056
65060
22255
84995
37190
2472
55321
11819
54512
86245
25186
58698
40599
33046
80311
13238
34974
81172
24319
43440
9056
27462
11967
49284
63554
52965
35424
29768
80063
28124
31717
36777
76592
28591
73162
84883
55928
36968
41312
61281
22808
55135
75886
24529
47439
80665
12918
25445
60197
17740
27527
19203
74635
36959
11788
67492
52622
68420
75381
10074
46771
21553
13075
29741
32204
12494
84967
51488
4023
6617
3130
35761
64265
7197
23187
78213
69923
15752
36907
5976
30554
32397
75101
37045
48413
82542
21198
54969
60694
84296
67122
43287
6807
45961
31619
60844
19353
50119
14829
44121
80491
29757
74062
59752
41588
41934
83243
54781
6415
40583
5983
47380
73145
58969
39707
19830
35395
86540
57275
51174
78551
42853
67178
62381
57355
68870
11202
67169
59892
54243
44422
24087
45228
115
52340
23570
52098
31497
24196
52536
67401
14675
50688
2897
79242
62100
52154
42690
44162
8412
84369
44315
28938
49450
13138
39176
81588
79068
29902
42575
13123
45248
12772
57332
70796
22483
41157
83033
76423
15470
46098
11209
26559
23601
64574
46634
38289
3504
57835
44606
74402
1343
38580
77489
86145
81618
20941
34702
25600
41476
7204
6694
27439
80074
49306
53825
39172
35024
76963
22373
24345
56246
20140
49009
85934
17995
82603
45737
63564
85665
67115
62762
74822
52082
20056
75446
75237
50627
34501
78343
71373
57824
5466
71380
19052
68022
67849
2026
58866
61183
84423
37783
79075
34577
48935
29972
70316
18994
76194
83706
36377
65381
50451
2943
59161
11908
9785
72298
78007
74764
77124
68456
13135
6532
43791
53231
58363
80807
76947
62394
57361
65779
56141
59728
65066
40405
18535
71009
77220
21977
5238
82750
77102
31109
60086
72894
70957
60751
75254
43030
75110
46570
20374
82208
52760
59466
10047
19715
23249
14333
77974
12706
39784
40576
69895
35658
37803
86994
26244
40289
28198
61180
49541
74272
71081
38731
65745
12134
870
7281
9200
66797
73387
13454
35607
83937
77436
68193
79887
3576
5413
29408
23020
3087
52037
66976
25841
5537
8555
81309
29547
59604
56411
75894
39704
21967
28520
10599
15865
62119
72403
15675
24812
6009
70195
64764
20422
9869
44624
25423
54667
44950
25894
82522
77413
11181
7064
37733
31259
67217
42980
16392
60922
68171
61713
39943
12903
64723
76583
24794
68255
75108
40745
77404
34887
21816
78238
49928
28691
72703
33528
71897
66236
6957
11843
79946
27731
76986
4269
11115
61896
8335
17810
17317
52216
32792
60474
42121
28687
9518
79624
62979
46726
46137
7347
66451
68285
3102
76732
46998
35021
52488
64577
71784
76608
50736
84525
45678
46554
73809
28555
3364
47239
27122
51084
5334
69707
27811
36823
35306
6512
65206
35869
15383
32749
68990
58145
46894
38353
14260
16228
23465
64558
49846
64974
59734
77759
52451
60620
21994
34267
48834
23373
7479
55715
17120
29131
20365
40548
7754
80873
18168
14681
76735
7901
23450
85595
6288
39781
29258
5252
52931
80270
5747
15305
77471
30306
58194
58593
64385
40689
79450
59060
53105
86159
70444
47791
30221
58285
52598
54675
38456
85458
34049
33678
80461
27927
61873
15957
49538
16370
47722
54275
55981
52956
81689
43838
51663
42979
24207
14406
57632
1958
56767
71609
84394
34576
32757
50435
3765
76754
16268
39697
35939
57872
59848
20525
23754
74921
67851
77986
33729
35785
78051
83929
70750
27308
17852
66807
70897
34901
62932
5230
38268
19929
26798
42473
61753
55525
49981
55075
21122
55407
72608
60405
83067
18542
75180
76713
23805
5926
16989
30241
17778
85307
14837
64173
45711
37615
76252
15477
22744
67101
26208
5303
78369
61910
70410
27605
79629
54666
30949
39601
66408
61971
1932
70482
26269
44158
77989
51446
9054
68827
83321
4480
73216
16711
28682
55705
2039
72093
53480
56982
47370
59325
37242
57999
59106
29434
14168
23291
77682
31157
1919
68305
60897
19873
74874
48789
72158
45727
81670
46167
15684
9533
56988
2138
32128
10323
16760
12375
17472
12291
46354
4277
1855
25852
14549
85833
10613
32100
19859
13710
32
21120
35136
52881
59134
77874
4472
54638
842
29343
44867
75855
15143
23121
86638
13017
23009
15141
26327
53314
53161
46161
62133
52865
18902
53895
33863
67080
61058
11488
17137
32264
22604
85508
80803
35639
18483
54437
79411
33103
19579
64307
37388
34914
8475
78374
34977
85321
6347
1753
26336
12288
49336
59701
71470
1240
19580
10179
30399
55049
15226
15073
8561
11899
28670
72708
40831
84675
69444
26285
84123
79219
67748
35014
15343
68070
21339
66269
72784
11319
10081
20049
1179
41348
21208
33104
37589
41648
27600
79857
68577
63984
56509
48579
4927
71396
33372
23461
31636
81549
15839
53819
75854
1659
69033
58674
2456
11028
5687
63408
69946
32912
17770
61953
71775
2773
5806
78133
21950
1112
72889
41929
77749
9468
35482
75611
5470
35692
44388
68699
76682
34882
29637
79881
47500
85920
41238
24279
43373
32317
58727
52128
67771
9542
45034
57808
83713
3793
84941
57658
35791
35436
81995
24909
23444
56232
3646
49845
66521
48401
30547
1381
71308
77313
26525
9641
10434
51891
64261
16430
66648
36009
37542
33990
54828
15776
54889
27192
72538
6533
44795
20476
14179
17046
28101
50636
15635
5937
20334
22617
60193
36450
36819
7271
56958
65287
62057
61383
609
3523
79512
82129
11765
51985
26882
58043
58851
62842
25840
66034
13444
17993
2544
41705
70311
45569
70366
64047
69305
48136
78961
74894
7841
36954
57299
35208
80694
36298
84057
54335
10039
42084
27566
1459
4276
36342
36698
27703
20894
49168
49796
78845
84133
77917
15221
57927
45004
52913
45943
45926
75099
17064
15188
1200
68897
31783
52577
19001
34915
67482
45326
21863
50642
29814
82141
53149
82090
27162
11674
73304
59319
85289
42875
67289
85776
51354
64898
11289
1370
21213
24783
41844
6422
74824
66922
73365
30515
34127
86396
34793
45294
76135
6080
50486
30795
26498
21287
69637
20664
22303
54738
73106
40538
28277
19758
23437
61586
65552
77577
78617
54580
29116
26403
23696
77685
33159
3779
18798
3760
47323
46297
64322
74439
49543
43067
72061
83440
59819
3
52163
38146
19220
58414
68109
71886
62175
57967
76764
56215
45853
56605
11171
39703
86911
55894
74695
70766
12107
24653
45240
68366
68132
39840
33426
35095
19027
43995
20077
4009
48412
77722
78315
51878
41646
36252
52568
78487
61083
58812
55055
9188
73190
64227
46425
24608
40663
34111
38584
48814
3521
64339
15411
21578
62575
31972
70147
7157
50621
60464
31017
30059
76784
71629
33447
16232
9591
62769
49242
82906
56568
70749
14290
57691
76377
18408
70119
36592
86149
5824
20129
77020
29460
7914
23824
51547
70495
66925
84902
59509
70270
48221
9168
65653
43789
83484
75105
49109
70480
39663
785
31476
62573
26547
2402
24272
40090
85851
41603
79619
20917
56267
28717
35518
62272
19554
27984
58367
33282
9210
44018
62374
15192
52651
37691
86618
38256
4412
44221
17049
77259
45687
24882
66769
81453
3829
868
1829
82646
46520
79208
44328
66863
12276
42699
67836
26549
48657
1857
67300
51896
66105
39823
11140
68955
75453
24797
12612
10268
2117
56224
51749
2583
6562
34380
51815
6161
52007
38120
16588
38780
979
56842
52709
3012
49778
37182
60708
46129
323
12176
18779
40859
59335
10783
81808
68741
46362
33306
570
21648
24459
82714
78128
47153
7444
21443
16446
75523
69468
30674
83494
54195
63923
42798
82613
22494
878
7946
23715
52641
81658
25262
38393
9824
75223
12236
42115
81417
55438
3007
46902
20756
74574
74723
40189
7637
57717
76888
67850
71962
13935
75582
65627
77053
45217
4838
44571
25904
66335
4662
75066
60181
43423
58479
38091
4819
24492
37028
47407
47967
32295
44689
71240
3569
26946
34205
40572
3227
86066
69966
34402
71467
31580
43058
70767
73377
38908
63549
37545
78772
39215
55013
29401
27775
31958
9152
10411
40461
75606
24028
35175
65303
9419
69186
15009
15341
22026
39299
18662
58262
8858
3206
42280
33690
33428
21030
77933
57862
22274
9709
61591
54338
80598
75459
531
51569
76397
37214
72241
26825
21628
40079
31767
8699
57925
61336
67871
44541
8865
78594
50447
59685
52038
70513
64291
9013
3037
70999
13392
180
52756
68856
27791
24455
37992
26235
30012
84221
14494
73446
43593
55998
30920
75166
39108
48931
73339
43487
3248
77162
85021
38299
48271
28616
68735
32696
38375
65847
50327
14684
17686
75063
9967
24746
10529
76457
60480
22018
10531
64968
16128
46565
53662
8380
23348
32972
25100
41861
51688
58529
76720
85092
24306
55934
72684
73950
53078
85823
19284
80629
55896
69166
21983
51898
4097
43677
48144
74126
60782
10632
47045
84192
29977
20693
71759
82783
79375
80515
81102
21565
3036
66271
27642
15468
29301
46992
25697
80818
63954
51090
66256
15810
80486
71127
75406
33603
19951
20430
74672
72074
33631
76382
23075
66795
62756
27796
50072
33062
81328
39401
21552
53448
52415
53746
10707
32721
81349
85624
21220
70152
2343
51979
54137
80364
31045
79884
64150
53542
81208
38201
11576
78245
31328
26197
86325
78564
48532
33821
17567
66658
72875
52255
25474
24869
75411
75403
72482
75980
27623
79051
10817
62808
84559
5294
12638
55318
42376
78892
73979
42034
60263
11205
200
52014
34436
42533
58905
26393
17666
46338
82033
36678
34041
64076
78840
2317
58165
15646
70452
3590
70069
13294
14448
56036
3478
241
63511
11738
70264
51464
19623
30550
5065
6245
44633
5828
86100
31172
25002
44198
76589
44970
32886
26689
73896
28335
56587
28544
68199
14193
14237
51147
15574
34076
30097
60860
64716
17838
86973
77023
78910
52842
29103
55675
82461
9676
4926
16904
71226
84204
23133
69776
6713
33488
32556
16814
15571
81542
82430
26189
31050
24339
2491
10311
9448
77125
52409
51395
56866
50062
31231
67341
4420
18881
48671
72319
82178
72375
45361
53638
78067
1472
71983
16384
20070
82733
48403
53994
65620
50593
48582
61598
54538
68961
59395
80415
43632
86680
43775
82787
69905
23314
69882
52410
78471
5357
15797
60792
12026
33068
21019
25093
15585
50393
21833
62602
11470
13404
52591
42859
60006
2252
59087
57158
25796
2198
38667
20116
45610
26180
40772
61470
4979
24820
61619
61100
19307
52572
12389
42746
29236
66020
77054
18198
17985
4835
51998
75747
51507
28564
1999
57104
17367
69252
38706
17721
40466
27436
49982
51839
67867
59197
38055
72050
4868
7559
22280
25092
20255
26676
26090
64279
47862
7194
82428
38401
59736
57329
23802
21442
26257
47235
43127
43226
57054
16049
59889
1981
11293
76630
54020
7851
33915
465
56898
83058
57787
45500
53565
18225
47818
52509
17900
6472
24681
68859
65210
59710
62874
59559
57190
67756
16845
15963
14889
46356
55992
20789
42479
20460
66992
13204
72635
55313
8274
37073
26272
40667
43515
15849
69700
39664
10376
22714
54318
14578
13097
24684
64414
11958
2514
13783
62019
84920
85674
73873
43660
21692
798
78112
58725
41492
8700
331
9743
19197
7170
29348
29362
66529
47644
73533
66643
47914
13089
54422
2754
17922
38729
29798
86536
18744
51562
80676
39072
44038
16164
67469
5874
13398
8894
84848
37505
53847
24848
45117
37314
60401
26106
39409
34372
28515
59072
1564
33834
3155
13003
25604
43367
35318
33494
86407
72542
80050
8600
68118
65350
63903
43501
40927
42297
9118
21705
46155
61604
32220
27488
5623
83869
78646
71244
19109
54831
82409
84817
74183
82843
14212
15505
43047
1135
51218
20575
45728
68422
80470
75352
16806
52406
54937
6919
75566
56344
55271
4875
73723
43172
60549
3696
119
37496
59400
55154
28714
62921
86356
75600
48097
53238
85349
76446
66328
20252
4879
27625
47097
18437
55636
26187
78566
53194
20456
57296
41785
69487
43392
6252
43872
8663
13960
49389
13314
82933
44949
85633
1595
60110
85089
75251
4722
36673
24024
34859
31013
72175
33277
85331
15397
70122
3302
31868
16516
57317
80174
2886
37789
39696
47300
46359
80144
55845
43673
78934
48555
68542
40239
259
46067
58607
4813
76365
46912
51584
42964
28622
51483
3026
53467
55871
175
57728
39889
18292
19487
20478
10176
75465
57909
35233
9490
66707
20263
26501
27855
17068
64017
52902
19316
3918
3217
49741
42216
53690
83959
34905
70500
59302
31434
61742
39442
80370
3722
61043
72697
74528
4419
10343
37262
53372
7757
35362
859
23425
34640
41748
50838
28325
56594
23295
4845
536
54617
29280
8513
22595
15379
7529
14338
30904
48127
72616
44649
75876
15704
72295
15070
65065
10295
35931
76791
67829
1210
60851
60200
22614
40918
44849
52763
22108
33210
80439
61859
75573
86896
21450
19411
11203
12002
80466
4765
15183
67649
72743
18970
68509
53609
19160
17711
30812
34493
78784
76373
38852
44304
19808
36811
77235
80222
51115
40435
56482
4818
51949
31243
22434
26581
81095
71968
27156
41296
9472
25289
12216
84068
44524
15160
45494
24863
71837
12222
45821
65321
46704
35693
23951
63466
63332
60041
536
70096
32730
20979
28403
44023
20496
28958
78872
7935
13273
68349
19676
42608
79370
53159
2966
5033
46643
39937
72010
24015
3003
85709
60341
69314
