18319
75023
51039
81414
54284
31196
76944
67997
28766
41056
4011
26863
63080
7417
67448
72276
57976
48192
55536
55182
12530
25606
72725
6691
28560
50811
33614
55082
2525
59216
861
28482
1530
42294
13645
11066
63075
64292
44661
7809
80815
63249
48148
6823
68006
72604
8931
3452
41151
59071
65392
30056
47666
76384
61969
56855
8782
36554
18748
59556
21566
76340
14071
53573
1900
79738
23098
17172
8895
42823
28769
34483
13151
14387
39283
36859
11490
46070
81933
80156
64143
59534
47164
67410
59822
39670
18201
53632
47011
50738
47502
17417
39242
191
43530
16102
38880
73493
18168
22189
53372
33510
57195
71853
78487
81916
3096
15876
52288
19695
60632
44855
45611
56831
71201
8424
22901
78019
51415
42563
58899
13878
43123
53284
80272
41311
64660
36731
3224
78588
78751
16805
50187
81181
20018
9923
67124
74436
37751
5033
74205
75100
4512
71698
41430
60522
68221
54574
74752
82134
24702
41855
38522
6845
9626
43972
53822
12664
71463
30969
3726
41596
81569
33684
19725
15901
21147
82083
35113
68457
12543
1323
10496
78730
62524
23644
42213
45461
22987
32991
33182
58201
53524
41571
15972
6471
2270
48670
63928
79211
77837
54560
64913
12163
5879
58524
65124
28211
1284
1225
59994
15809
57193
64539
18683
15233
67735
67678
76970
52315
28086
64914
57921
13713
38209
72707
50146
27513
57492
53700
31952
48207
39979
73184
5497
76199
48781
5992
52487
77059
35718
1668
12172
52964
22741
5017
58726
68555
24436
58059
34912
66017
63400
68524
43776
22716
29471
8151
26263
35044
15181
5061
44281
77051
17590
35086
15178
18335
43433
76113
45556
16683
52658
12554
9828
56142
20786
78532
33381
72772
63751
26735
12511
64589
76428
42872
29251
15259
63812
37169
63289
38558
71845
23040
17411
17555
33410
53166
68550
28160
20815
13410
14248
71161
80932
60445
8770
69588
46224
80639
46908
48723
14223
5808
45825
19105
75525
39650
81422
42261
28994
12073
16038
81605
20639
33256
17531
49215
78867
34760
40397
11289
81690
5283
61399
10586
38586
63452
55528
45885
62048
51790
68231
21866
7903
9064
28672
66477
22478
33967
52309
67525
71307
65939
9684
75320
11911
38198
46207
55780
65526
5582
53944
73990
24025
55663
67929
51636
72132
12111
43197
39658
41742
40639
44083
11463
46193
10077
53329
61030
25223
2825
6358
31467
21047
44575
35800
80026
27740
9262
41130
30355
60688
47101
32827
61973
57287
49034
51733
37319
49783
1608
81694
77230
80185
4353
8199
57244
18646
50620
14905
49182
50105
40982
67521
48778
223
58453
47507
74165
82183
37238
19490
49060
67586
79873
57656
30461
22671
72249
17709
65584
9519
15771
11562
55304
55810
7340
45678
60052
36685
79591
54183
80056
6546
72847
65314
68185
37444
64148
77804
14660
60635
60254
18209
80169
70660
2658
17842
16821
14701
68211
79668
53328
63789
46920
21776
14528
25449
7552
12890
40092
28483
29463
49924
81022
74444
42088
45421
23805
64413
11445
4143
79295
46253
16311
59131
63636
25418
37755
40132
8671
45418
22441
49550
74738
80296
54641
73671
1687
45766
21554
55628
34513
25219
69843
60332
22658
60781
5476
24105
11207
28518
60243
1312
21975
45569
42034
24537
71931
59879
17187
10252
48835
62744
68746
61495
19817
55288
43322
10842
63799
33575
67216
18675
65013
37808
67312
20846
50340
3347
56632
76614
48428
32686
23037
22378
39357
22690
35147
18858
44680
39168
29628
63038
57163
80036
23365
4640
69918
48551
31235
66634
60768
64311
28676
38956
65630
70776
7893
43352
30946
64543
4487
42004
5666
81199
56497
62499
44391
48303
72656
62203
48532
73752
33056
17313
67446
17793
19740
54280
51457
3783
582
48422
74589
65786
9720
58409
53354
8705
65707
41810
27273
10118
50550
7545
32988
19960
11266
10026
47545
14927
26987
21440
56332
57752
23573
30527
29626
73929
66288
61271
30920
35134
33151
26761
18135
65022
35292
34602
46669
29955
71957
27792
52052
63778
38662
19451
44623
52382
33949
6857
57670
8713
26478
60379
18562
15651
79150
22674
75219
36696
38071
74637
26530
8435
16902
51243
75521
14363
15686
13394
74884
77626
1124
4050
37496
8150
53013
52591
13063
18972
26528
74638
75361
4262
8631
35138
22911
34761
46713
7569
61371
80087
68542
6115
22204
19342
20694
50384
71676
34155
11547
31619
1733
66121
19803
51913
40794
2685
71321
58796
42232
68759
38435
23032
52775
77069
66639
54205
51894
48895
18167
81117
15011
25452
29775
32903
499
9550
46925
35267
74302
2568
12359
60911
19356
579
51246
15490
19860
21679
77609
55023
59232
56
59708
69896
35342
76499
67348
6499
20260
81152
32511
76693
8609
21761
65776
60806
43734
17347
32298
75415
6385
82330
30148
50020
56646
54716
27877
34055
4958
68691
28286
23179
5556
70844
36202
51038
73283
9235
9216
33083
66488
2189
7668
50479
74749
50034
51485
76015
36329
36014
40885
73871
79803
19729
71807
80726
3937
32148
9195
31638
38916
16332
19639
62195
11414
15033
15987
62429
47588
81163
21750
20010
81072
32594
21546
46567
73534
32330
62080
13364
80985
36406
48533
18431
79754
49460
73030
991
64898
25585
7966
10850
3163
31766
38774
11263
74384
54434
13573
18668
21528
59028
62949
15358
67040
67607
23481
55418
82309
36864
69222
16604
74149
23158
11109
44989
65491
26866
11244
49349
19236
37748
54586
52548
17268
45682
80760
27694
57779
47754
54629
69429
6770
82306
59546
48512
38358
18871
78357
37614
26752
1858
65274
64376
59338
62424
37185
57645
29371
79772
82210
20803
47661
43104
26730
70719
71180
15675
22213
76222
65920
48497
72924
26448
79695
73688
2477
52117
59469
72581
29301
33620
50277
77449
21803
11764
70702
36537
171
3527
74803
52308
72163
80961
57299
44879
79052
48958
18763
27185
29428
62138
51959
11799
2029
6070
45235
462
38583
68428
47015
2924
23009
3305
65347
60193
80494
70151
40138
75413
1646
25901
44604
54750
49031
68745
73686
60165
66401
81553
24937
46395
45579
45477
27551
30176
12432
4773
72242
64218
9008
23809
14429
59937
77159
6548
55677
7235
26362
51288
20058
36308
37257
24850
40543
21819
13788
40107
30803
18627
19063
9001
52830
32689
27337
5944
22169
60242
60998
5802
25447
43707
51649
47554
12910
75852
66266
25831
6631
51945
64197
41258
54972
50768
37040
15629
63187
25270
2913
46194
44665
78879
35830
76159
12952
11162
49580
26023
32737
75901
9382
18450
46090
59490
27943
73350
28849
47262
48920
1558
2651
49850
10369
37370
17240
42149
65535
19511
29274
11839
69526
47786
49950
3730
69328
79841
52244
9746
24679
59376
51134
67033
72441
49127
54174
48503
24602
18368
36507
25508
52180
42035
13118
75875
41660
37360
54023
56508
3999
6627
9101
9427
56266
71312
30186
71620
76649
7037
6190
6368
35058
45597
3138
14215
2256
41250
30894
44019
19368
8879
851
30748
76090
68009
3135
57762
18594
19629
2432
62433
25969
42235
60007
76922
19849
40956
53457
60460
65563
43909
54607
64795
19436
72281
67201
2871
40734
39360
65168
6695
45403
66753
39911
28199
48421
52739
5832
35462
33538
59814
21033
6595
1032
5761
30570
82342
24131
17926
71757
21967
78602
24300
32550
4396
53279
80620
29766
12650
20323
61098
27864
53665
34573
1157
45225
43044
34400
13206
55710
41720
33362
34258
44457
70637
40937
50832
32997
80547
43539
42301
67877
17233
49322
2320
80082
10543
14355
59719
17968
170
4161
58808
75319
16172
41802
64161
18661
61282
63730
79712
62402
27564
52305
36267
31897
75298
75665
24563
41251
11734
19640
21085
56349
77223
30035
20981
65611
48780
28542
9424
63109
15384
11296
46418
31314
25659
43079
33432
38274
7073
28123
1651
78571
77271
26551
46781
48790
78433
26129
47374
30624
38077
77391
5603
55794
172
45576
34144
36480
60982
53536
79612
4760
6136
80055
27114
53336
28949
2770
19864
23439
33169
46955
47806
65592
48612
80522
46814
5941
21980
24020
68421
1886
78806
25332
22010
14085
25821
6121
43792
66579
39874
67209
7146
35984
63734
4148
51683
13246
1813
365
29762
32521
58898
815
67428
4694
70986
26827
62277
74134
44413
30874
51234
73993
77510
58829
6021
76182
81275
10447
27956
26158
74958
82161
31648
70998
42005
81047
44769
48878
2652
22156
56402
23322
33708
68268
14958
78648
71493
21090
58702
63766
16785
34190
330
45781
48483
66427
7788
71134
23309
29560
46606
60373
41689
20055
1820
28076
12961
24574
6246
28664
42010
30774
19609
35570
35769
81272
6082
23335
47875
30292
30201
3014
28720
8984
28198
8863
56002
9609
74966
49466
57012
59435
29030
26316
42848
29126
12985
55959
5488
75757
64701
73094
38891
36176
28282
32727
65187
32482
71065
61710
68969
15799
26172
406
24781
19890
22884
7631
36125
53298
51519
50995
29804
30402
22416
71446
33727
80848
28954
1107
41658
35571
31627
63464
11571
14486
75040
79423
10295
25968
50037
23668
52403
2830
77550
12964
33260
9759
13032
69098
52057
61843
19238
14586
22983
40283
41646
14375
38967
75193
35869
27822
47651
69266
82283
77605
24696
11447
24175
70620
27325
70134
48754
5365
74989
7571
75534
39285
71419
42773
38001
69521
17388
67160
59672
31793
70069
27465
7619
21806
11920
73057
2809
44415
55909
80265
41422
54162
82096
25704
32652
63446
68384
59819
32379
38508
19037
31247
13289
47117
53011
77334
77266
29366
22630
72150
24104
10508
74159
60417
32358
66899
25800
75427
12165
73073
60500
29168
43209
62677
67180
38695
58239
10642
48315
33089
18005
23808
52398
26057
42241
58520
49708
77838
72652
62202
13011
80442
64824
61177
54299
43846
67909
17828
276
65043
76655
48205
36370
70501
13448
34389
70397
66472
46923
59699
46295
26731
27640
6733
8645
14409
34531
78423
45945
63319
30712
73555
63438
56161
53857
46266
27313
67255
9884
56674
811
68994
61949
1053
81818
46389
70452
13247
45229
14311
50526
63278
34392
1717
44550
36121
38280
41013
5422
16381
12922
5955
49902
62133
33065
782
66031
46881
66822
67706
56398
33130
12999
7272
4186
63495
18247
10265
2865
1592
31293
16449
68732
44149
326
19743
42346
5948
53966
31537
65234
78565
68281
67056
13944
21121
69862
56169
30014
62217
42174
33795
79034
71888
50754
16986
34975
16308
14441
20534
80227
21659
7451
21464
20944
36718
47600
16980
41770
3301
4735
19394
29508
33139
17662
52694
68858
33563
70193
40497
10964
47438
43360
10602
69368
19435
34991
26617
66980
73657
4739
54517
21139
25825
2464
15730
65360
4616
38788
74321
58197
10658
65345
68684
9540
82010
5306
1051
29253
341
43245
26386
51373
48122
53481
69668
47509
22763
15277
26113
16721
71150
45429
49920
27556
31857
43939
13678
68607
69681
19265
32386
14898
1168
42533
69398
357
79059
69533
41848
46889
15315
7765
55800
49250
36823
78797
28516
6296
16669
58803
2461
81023
11603
63689
54504
51420
28434
65721
27535
47930
43472
13626
47910
59332
61577
47396
52217
37107
66083
79845
52693
59394
31908
81882
31715
7295
41759
60868
68217
28976
36063
15539
78643
17483
19209
24858
66735
14406
15349
49986
1918
24856
79215
27170
68394
29676
3924
24078
16227
42665
48502
5169
51626
31520
7403
22543
43957
29935
11377
14262
80838
8497
70142
23933
16637
1627
18517
25119
54206
33133
78163
46852
27096
36568
16496
19350
21660
51049
64964
1874
66436
58435
54047
2769
24951
71054
9697
68436
51924
71226
48381
47206
7914
12722
73615
27722
3037
4162
31243
24688
52947
12505
834
7193
70302
19033
51305
2018
31264
50680
15699
57073
26645
5781
9921
49900
33464
55475
40949
13627
76153
43168
9869
56726
78914
28220
22272
14808
26363
30156
75538
50248
39930
63653
64521
25545
41573
12335
71542
9941
17462
18696
77294
35604
77009
11838
44008
45821
58320
19764
11550
56477
47785
9887
19647
70770
47272
79484
59495
56813
69562
66750
65373
64393
55961
23526
79054
63130
31864
20101
4888
72012
23225
15764
59353
27044
1183
5305
16261
3914
40729
47568
21086
31725
17006
30638
25002
31034
69528
32124
37847
31845
34441
10043
21666
72056
18558
71938
78280
34422
20727
19637
41839
11820
10743
14272
35560
23542
62055
23579
65637
21476
58756
17479
48561
10728
38024
4505
12727
24814
43557
30081
9708
53228
80962
62843
42277
74768
46012
48782
74455
56195
37578
22775
73235
57366
56403
15280
56656
56994
75805
44809
17320
8477
55426
74111
43261
80614
1137
2195
12783
59325
12680
48212
30065
36079
38889
47149
47288
33943
66188
49547
48846
49726
29858
73014
7279
15768
10566
73459
23760
3242
33866
14108
65265
31084
16680
55954
31954
55701
11056
15158
28228
74022
79419
5320
30604
27223
74341
21290
17858
46993
68437
35106
53613
32774
25858
62035
75514
5342
9392
8382
68378
6791
62608
2019
46392
51449
56055
80568
27177
33960
64002
39587
18593
74387
45736
74794
20093
46974
43076
46738
21452
63197
16853
60560
15534
4061
76140
19367
34042
68178
18255
39766
75496
12904
33174
34518
60382
61518
5242
4697
9949
16175
35510
21915
73053
21477
25569
43466
45735
44689
29202
67590
39387
41020
6182
66154
18606
20722
2182
72234
18453
54706
15918
60479
1760
20856
43239
31635
416
41336
55332
62563
12024
2381
1175
20561
75969
1753
16170
12785
73860
40351
43793
60696
11000
37622
13498
26353
71937
53042
39756
983
68191
76306
17350
76298
19213
34110
28361
8302
61259
59516
19563
72673
7363
76445
64785
29981
58055
30188
61033
9830
45868
59244
33962
79852
69402
78082
46945
20671
4590
80809
67399
58684
62050
762
7016
63948
13188
39264
39124
80645
1693
43742
4631
2073
75183
64052
29835
50335
47605
60622
59337
36184
24765
61719
39828
6465
17324
30835
25652
66630
43654
55177
51362
67350
15678
452
53149
26660
63616
59895
32243
53334
19914
62800
63703
54543
36417
49024
76900
15461
21904
17869
6835
49443
11944
27857
28950
80431
61475
61338
24659
47031
29671
23806
34610
56385
66988
74157
71464
56275
44311
53748
78927
5663
53057
55003
71221
11958
2694
2946
63154
61273
77468
43144
3469
13012
9359
79664
64444
53564
6371
60138
22843
15574
8209
75096
78150
21360
9996
14755
44951
66614
67896
13484
14822
31902
63190
39206
79928
27771
51251
72411
81232
8354
14171
30353
25966
31103
35174
54077
535
70923
56757
60172
65726
49486
19677
17125
82081
55755
718
50446
8949
38143
69820
44521
74388
9717
37216
63010
57707
66684
12162
7350
38829
11631
3772
56465
40320
51112
76752
81091
15061
30743
79745
15893
49879
50845
33062
19750
51688
18873
42268
28838
81243
26914
58478
49041
43182
12215
29028
24600
21978
55725
42503
16032
3062
25165
10495
42907
45792
82053
43496
50993
81741
72878
4802
38072
21472
25370
51367
33081
2483
52676
61427
69529
45984
31974
35993
68198
81394
59965
52454
60484
9551
73213
68051
17071
60791
68377
29119
62523
27537
53744
24932
82258
43497
40454
21613
24896
63849
33875
57361
30727
48062
26181
11868
79061
29861
9117
39194
9512
8180
46545
72998
61871
24228
27597
49854
8555
75310
73246
58643
53037
23612
3738
82164
56097
80085
10913
80724
21264
18023
33456
63482
63746
62387
36504
32452
5773
72858
12523
29323
65517
82002
60372
80564
63339
73048
2350
8766
39577
47129
66748
16292
15096
45655
21764
57418
6569
9027
4833
65925
67182
79477
55761
59440
80122
63169
75004
32534
49306
35386
48956
65017
26179
52076
60548
72870
61718
38105
50195
17546
68880
59118
66903
81723
16602
31075
13551
14509
11124
64712
13723
56779
67986
47756
1409
7740
28506
55372
20237
55334
72054
77139
58923
63424
22929
48777
46516
13561
53424
46379
82073
36159
13471
78247
59515
63143
74842
80307
75027
20316
67401
8607
58430
62066
4427
12522
59384
2791
82236
54646
76859
76806
31241
42107
6013
41621
4768
69488
1310
50212
60181
64306
18590
8217
13968
13775
62921
28921
80456
12349
49681
41046
42831
9558
62236
5756
13542
42095
63963
60426
4930
60272
73884
10442
1195
59127
81598
23052
23738
30208
57871
37558
41593
44588
43034
44230
15362
52823
55195
82102
53259
39080
40627
71365
27849
79892
24092
15305
41434
34363
81135
9655
71056
48080
47833
3247
41447
63011
14405
47995
80470
51094
27026
21278
27483
75011
79967
38406
74520
2317
5472
60680
59589
76112
41009
16707
7596
74308
76979
46875
67024
55806
80408
47197
18130
63572
3826
68501
4855
15253
21285
49313
4984
36726
76660
62102
33698
13008
35241
10391
63583
72822
21749
64069
10004
77903
5824
54104
78566
22621
56185
31044
35193
78171
1034
46970
59829
74217
30667
49217
70285
62369
62478
19355
72262
10768
20351
13017
47217
42312
67371
2842
33225
20657
64183
27750
52933
19533
23190
25051
34381
22936
46094
24022
78321
12223
59789
34540
323
13942
34146
30812
60737
9762
3972
54253
79433
63612
19150
19830
11225
76208
40200
15640
45173
25615
36712
69428
54461
52596
69925
21028
26726
80746
60655
25500
75806
4740
78830
47877
23592
3425
55369
31877
56272
34649
11620
2110
14287
70513
79495
70843
60160
2591
50623
59629
47446
79077
47380
14967
31045
73476
31621
18660
44983
53086
78862
78818
16278
46659
11235
32589
31826
56520
33045
1567
38212
43407
21972
15368
62083
4144
3349
48910
1888
9006
23443
7264
230
38882
2949
64909
52388
64369
66177
81235
53671
8717
48334
81354
64322
73318
75477
42454
24733
31126
22705
14414
5186
66169
25086
29639
16101
70395
67603
42922
4259
18543
65646
77583
51692
5827
54571
23038
53567
64417
25742
14841
67959
19269
48310
22105
34029
38298
60723
65787
68004
16531
58598
4371
79893
8707
39703
72644
10953
23690
18337
18538
77545
44001
10414
74759
44921
5226
4926
24415
25786
31359
73809
58924
47403
49987
69229
36323
45108
73904
59084
78728
6839
36215
43491
30866
9146
10296
10513
78719
72801
47311
52283
38495
11798
3189
45013
24565
55970
56824
24946
60129
12091
79308
22668
49203
49712
65507
9824
49918
27989
66075
64207
60516
54968
57175
18484
73988
68735
8595
167
45917
17197
16809
22863
73827
57793
70362
11663
43256
47986
77336
42604
20331
18742
19935
20459
50712
26328
1803
44872
30885
53337
27637
81220
31899
63421
20061
41182
60658
1103
38284
19859
52482
31512
14711
56146
19177
69600
32523
26980
1134
10322
59124
68361
59257
57430
65341
9247
75425
58868
17530
15100
9944
69424
35919
18128
45637
61467
19512
30601
33054
76837
5911
23829
51740
77930
74237
49694
36842
15421
9097
17085
29165
51410
13730
9765
61596
17831
15340
27254
39292
2003
14346
64226
69557
77506
38903
6975
28267
46208
62485
11894
9234
33049
67702
66246
12626
31808
63568
1704
52376
45322
54363
25410
35870
772
66126
31991
80292
53740
41169
23187
18085
17413
26809
28992
53693
35179
16463
36000
4017
40736
48629
40743
81525
44344
19214
54365
7816
81222
52128
7398
71870
80983
9022
29794
13393
52107
82012
64929
1200
25433
70183
64869
81031
26271
25983
33059
53295
77980
11468
2877
31188
61547
55658
53225
40328
69044
43029
16793
14094
76127
12203
68471
34069
70978
76258
63981
48845
19303
20895
81854
39525
69581
14767
47382
11121
35963
23188
22044
30401
50893
38145
80004
82269
77722
60174
40455
57628
8146
29233
57450
69129
64387
76598
64927
39132
26786
26884
48494
232
26777
52758
48142
68884
26488
10530
12229
53251
24591
58647
71099
50569
41868
44882
55753
50546
8961
23162
35617
20479
80137
43096
68184
55856
71635
16009
51168
48375
74156
630
46894
43299
59783
51508
56354
44764
66320
65761
65885
3084
16711
59680
18580
78232
6716
29663
20337
1371
48179
68809
5355
54484
70372
16620
45445
58219
38990
12060
81944
23007
48581
5081
25509
58569
57615
66673
80267
21898
23722
36996
1226
8690
72734
27619
75432
4212
38727
21052
2781
61808
13780
33854
81366
37012
12298
79975
25196
61835
75785
33992
1348
45442
51454
15397
35715
29315
32797
15107
57348
9501
45882
51008
61186
60446
23169
39445
24939
55329
49796
17318
21263
50614
1927
8612
55335
28948
55029
48841
58619
56342
5998
12877
70439
58954
5835
63248
3636
26890
80075
60079
38594
75759
4985
68488
46064
60701
68391
14579
62988
60490
44211
57616
58152
70481
58921
59962
80357
53900
19799
67694
15561
22730
18101
60195
43154
35503
704
63521
33192
42194
37954
50532
29080
60211
76235
20463
43309
23516
49614
21103
64969
75112
49517
34941
50503
53870
16623
16589
13611
13218
18977
51827
57088
77627
26543
76010
68381
70433
54715
22046
16228
36902
57840
20032
26430
7204
78621
14812
33925
20740
72486
49109
71165
19473
19945
11205
69010
41910
28621
68870
66156
52412
30200
66812
50582
56694
79918
19548
73099
73791
62959
31647
40448
13129
33936
38666
18049
46133
23475
63733
57664
12897
27587
35677
5195
56341
76426
46789
12992
3214
74629
79882
77123
69505
16538
37477
71527
81838
61644
2514
63513
71433
25756
49585
21582
46980
69159
71660
81721
50767
29584
12563
29269
55937
46416
56127
76327
21154
74904
61998
81350
71007
50315
3670
11824
27953
19119
35230
47013
53455
54444
1937
59841
81527
68093
73980
13409
4702
4843
38945
16734
10647
60235
28815
63666
49696
12089
68663
51983
37400
1339
12221
48039
71872
53715
77921
34543
27710
55264
45255
66674
28170
73763
60097
43080
5209
61649
43661
36031
19053
52255
62706
12092
7244
12919
3173
28868
48812
13481
24225
55156
54278
11170
6450
36653
52218
2711
2771
32577
66395
60702
16470
82221
31474
80637
26686
77521
50252
55620
22783
832
65246
80509
76562
26071
72447
528
7771
32168
52939
14613
3039
63305
81322
20071
1049
44692
70736
51482
43125
66985
43503
3580
38333
54837
46079
68712
77222
28908
28384
76275
74804
61044
2241
28663
23875
59358
7243
51558
78306
16492
39689
8161
26830
1554
46127
55395
81405
43314
39439
1095
30288
72774
47522
58006
20220
43710
4268
70887
24176
19854
75344
75098
37482
31326
64658
74101
33038
16938
75371
16609
52413
66987
11005
47045
56360
67430
13131
18150
60832
51546
63795
22077
5921
8286
43916
51389
21460
58281
76267
55472
13939
41228
63435
44525
62884
5002
77734
77314
32094
2620
61159
53653
61240
25252
78714
17217
48008
374
49259
65555
77375
37557
13199
15507
18505
13508
38716
44785
62380
44591
35037
18851
59940
48912
8834
46332
57343
53983
81182
5866
51613
78087
27302
69504
59790
13925
50609
37391
18316
17067
24473
57227
5174
18644
77348
62964
16565
48364
46096
9308
79795
45763
47456
70797
32230
30343
78126
26627
18268
25888
50279
11418
55733
27644
38638
4274
71279
5496
55796
42659
8886
71517
1342
76033
57644
71583
54986
53448
27156
44666
21337
46613
54258
30993
53417
46024
40469
55155
46994
16990
80471
70961
7109
27421
57232
33307
54603
34199
50236
3893
32866
28316
22414
29024
47654
35251
56003
44564
47063
44482
55544
28230
18658
11515
23019
11330
19916
68350
80757
11224
19852
41845
77711
32317
78188
45300
2489
22691
69119
55530
73463
58787
50194
13755
60589
69584
67767
51830
56217
53818
5414
50449
63366
8561
26713
12048
74893
14685
64319
53558
49500
47103
5139
10554
280
11680
61112
48623
49658
60784
73072
11861
8667
8375
66173
8814
22819
62600
61129
43999
27652
4006
76250
60236
3976
81186
66138
74070
5220
5458
4549
80889
34636
77810
52950
75215
67093
78212
32238
3548
13476
28102
7414
44140
5828
34571
68921
21723
31430
4873
75470
12831
4908
443
29859
22603
4001
60410
36954
9494
78203
76044
58666
68223
67776
15572
45664
13923
42782
8565
31782
2543
6367
47572
72467
66500
34675
2752
80346
11623
46437
29923
17391
1490
5466
81087
73876
36080
58241
76575
68247
597
80033
38556
52045
27689
19784
36927
36887
55340
5344
3045
33178
71256
24712
7719
20604
28608
48880
39640
78157
57739
10505
76472
39853
61075
9105
60858
55080
17646
71779
51114
11073
28271
55958
67846
20508
35534
29255
41681
21914
23781
11481
69965
14232
56204
10939
81532
45464
41134
5599
34686
50971
57018
36210
8426
4239
53622
65853
24505
77110
34882
38792
15581
42357
61081
71283
32234
3544
15545
72586
37910
80767
15827
39542
6408
77397
2840
61349
76046
15408
61241
22198
11929
77320
81098
18645
33928
74006
78529
64453
68998
39852
73406
73276
5566
4160
8485
35080
42893
2046
66466
66125
16615
34625
80776
31025
48748
58633
33400
10844
50350
74279
58527
47430
65819
21929
45534
26984
6817
55281
54123
20793
6552
10805
82222
58004
19158
21931
17696
81509
54486
33119
70472
32791
1031
35384
18308
28987
30580
64919
39066
59315
38936
66397
31141
66516
20293
9084
21091
12597
44667
45207
53869
56854
44298
39016
4334
18318
61759
2258
46354
73848
60944
62583
30480
35016
72426
81313
5115
45551
69296
80874
3838
929
77073
26150
34883
36083
68482
67425
4951
18439
40010
61647
63571
65297
1610
57317
36597
22850
15150
32201
54796
62180
65702
80203
76647
10171
26858
53453
29726
8633
34788
67923
49492
26740
76505
62075
43630
14075
42436
16803
75279
72511
60249
36328
73187
75036
46707
27682
50785
81550
57233
5145
35686
556
79140
28213
270
19476
32648
5047
33074
58008
56747
47989
27241
43966
37223
75564
8940
39559
65007
5202
5757
11962
23575
62364
60084
25697
20518
31829
61857
38784
22602
46122
74198
26751
14661
4637
59166
64145
19346
72098
19847
56202
24032
44578
33070
58416
35742
43917
22568
82129
17717
63260
16143
55543
8275
64808
59875
79314
15200
14778
43739
70137
72714
25567
6107
10339
34994
6310
34241
25058
1247
50159
79907
23152
2137
22742
36435
14069
52733
74595
41582
67077
15071
25020
3250
43199
3658
26468
36095
78333
3368
22519
73118
50773
26038
10599
68597
34226
24730
12845
59805
70922
74671
21903
33122
24709
60814
32110
48084
9840
73571
10160
5660
50347
15567
39414
81471
22491
6667
57542
54701
3445
5718
48434
34523
61219
66343
33909
73310
46465
62686
67053
32531
40136
56503
8383
67892
73423
7868
64083
3770
70899
25018
30492
82158
33735
47505
52664
36156
37627
10071
12075
13849
8560
17585
50381
49317
41859
73607
13047
11189
54301
28456
10959
21767
52749
73926
34749
29429
65012
185
20235
29007
80946
5616
80376
62165
73830
50154
42190
36738
70280
43548
32884
25808
62286
38195
46340
48206
14106
65223
24822
31642
67658
33354
61002
42658
52550
61976
78625
148
43688
30103
13090
7028
11394
76217
58194
69551
62802
59188
78819
82042
80733
16319
36585
34115
72625
37941
71470
43556
13605
6633
15945
56580
72614
78968
29592
24987
14978
5637
67089
14557
30649
25041
19774
4485
39614
40903
70430
8862
13601
40168
19471
4157
79506
61020
3709
58389
21590
30583
6637
72140
55194
60240
29618
17558
59905
39143
39838
4940
4464
66923
9167
71377
54960
61561
61751
21614
29643
4141
23782
82125
25528
76368
78124
76064
61084
15120
48924
71251
46638
65052
12520
79455
80149
61790
51633
58782
57804
79835
11754
1293
48686
16028
70940
77830
45640
54656
5254
17129
72089
20382
14829
53633
66794
70287
57217
50437
76133
3467
31737
26461
27920
19792
43552
16153
31773
9470
3262
3009
55770
71199
44069
69651
52473
73076
8993
40498
81308
15630
26988
27656
60695
31262
31096
57655
8941
50794
69422
70139
55537
50567
70651
39939
38202
19522
15578
13555
67922
70155
54651
19318
78991
81767
39797
67593
57866
74327
73425
54872
10936
65420
33302
57378
16516
25504
27129
76243
5141
70950
63536
64852
51554
40300
45881
10857
6146
62378
76930
69503
1422
5430
43331
69421
49590
15555
66926
59263
78561
26377
3998
26862
75164
60091
33626
27796
21488
55397
59600
52525
28740
32378
43259
44890
20805
71847
40596
72751
75251
24582
21261
48655
3697
10700
37531
68566
35281
43787
58230
35955
48927
3317
47582
69625
4642
31178
48362
39516
24953
36602
50693
23522
11243
60630
24661
73196
2083
31083
71896
26629
14886
60267
14811
67272
54835
6753
44757
12272
11085
61902
3551
41452
52106
36855
18458
3585
27037
64060
2223
35756
13932
27641
28517
29
73274
77518
18965
46401
77668
32019
6519
58663
59539
39293
79026
59018
37507
51661
73540
34477
27172
45268
46846
18889
8222
37825
42425
17289
20961
51211
48742
69200
33705
63224
7926
34924
14638
31548
38140
6993
4686
42883
6586
55241
16509
65349
9002
24862
61703
30327
40400
42271
78845
34281
35455
49833
81340
1622
38569
48155
46551
17581
43522
58496
22940
17703
21445
5789
46121
27616
18786
79348
31152
77134
76965
30720
38562
10912
68124
40182
6909
62304
24529
42903
13979
41075
28586
49673
65866
69967
62445
57192
70505
36807
56158
78432
17045
77066
72247
63174
59423
30932
74392
35716
32723
79837
68492
13084
55365
25150
27395
37963
61583
31847
21453
42643
74314
60057
73987
80744
62927
9812
17381
24278
32515
79919
16918
23364
48660
26318
75201
56561
60879
43023
63202
51361
57904
79108
41060
60595
8511
5570
17820
81214
37845
1723
5093
82087
58730
48021
37554
11795
23625
29536
2952
12577
36574
37022
79885
36048
3710
65153
55385
6562
78789
27828
25855
68856
80995
55139
42365
55583
75555
29658
50271
7913
63417
28015
70810
28465
480
60214
36657
68226
63036
22950
28488
76228
67855
65185
9051
74284
64118
56212
34267
70135
68119
41242
33759
1368
17834
21885
59896
17392
74048
37409
23380
69536
61816
80851
21741
43809
120
59428
2253
68611
2626
44122
56624
63323
65241
11619
28474
23968
71679
7524
62778
217
18283
40752
27936
78599
75069
24057
53374
23356
48138
35826
35978
67363
1345
42284
2342
37585
79859
296
8154
14980
66464
9999
29865
18271
7911
4570
44038
41700
80826
61546
1259
28701
8402
32205
67833
2178
75110
5951
35367
60199
43371
5890
78594
19230
68887
56568
39003
24820
7849
28522
5219
75576
16288
9253
55461
69784
33779
66281
34644
56695
17973
26710
57882
22667
47508
37086
9763
61278
3819
53014
40210
52778
16064
22517
64456
7796
6410
54776
60852
69884
11086
1969
62967
15781
34244
20092
18104
67485
40682
8483
64231
47591
72601
34579
54395
49352
6516
32522
75580
5678
80548
74247
70883
44549
58841
24956
53073
13307
70726
43213
77589
36802
57925
62720
79691
18414
12093
44167
3106
73323
15171
59820
38511
18084
5797
25246
3208
70881
32883
65615
4600
35843
67633
48538
45208
59482
57118
61217
6167
67168
60869
71935
35296
79760
28581
3617
56491
6883
44818
353
74132
57092
28451
78371
29746
12983
31561
60644
46835
32778
60720
76412
38848
39842
68055
48160
19871
6708
68053
22131
29137
28653
81531
77909
63209
10653
55128
77688
73878
67282
5914
63877
35786
51311
27547
55063
15743
36780
24490
26188
31305
29600
20605
39645
60735
42295
74096
15985
6739
61798
81398
35287
56785
47448
9847
81293
20317
63699
27563
70125
76418
48134
48779
12870
80597
28018
16062
6401
14730
20884
11821
63987
77618
3561
2107
42423
28116
51233
42222
38456
62543
69743
5086
32027
23028
5233
78185
64212
48918
4315
68140
62423
79572
5764
63322
30162
38611
2133
29758
3629
44958
14280
1579
78491
81463
70527
18058
72560
74309
63576
48562
13354
1881
18138
32651
50919
44449
27195
48709
50405
9041
81162
6505
3402
40526
64944
65753
51555
72940
70035
73432
19824
72290
70265
39020
17283
39534
13575
58550
10536
60443
21587
57575
37524
30342
18208
18232
38302
53691
1865
23207
18022
639
51401
3209
73206
71616
5404
22588
66554
1005
79589
31894
18071
6500
22858
17078
68175
81481
53894
45094
68245
45025
9536
46026
52590
67891
3647
56883
70237
35094
18986
56932
5692
66682
28105
11522
4366
37425
72048
49600
20778
13610
54923
67821
