92323
44907
105700
86576
40403
31933
66436
51563
52304
11142
77320
15814
41385
37859
49271
50973
105640
34095
52005
103102
28816
103643
9124
44609
46013
51841
14906
105742
33612
64230
11154
14064
85467
96511
76451
63261
37606
99508
14969
24322
12048
73424
53596
20486
99371
15940
103285
66664
82242
66011
5401
107899
89239
13908
80944
93398
20420
46746
45619
11631
31842
16157
77711
66408
98930
66298
6539
804
31367
58264
81083
103657
22832
74783
97032
56221
1335
55521
70521
8134
95855
76950
28061
27028
66974
36127
37588
59395
12148
53477
14530
51471
80510
20290
59482
52535
86185
99911
91204
107505
106683
101169
34269
101436
40351
16133
97544
34526
15497
89437
28071
59762
70807
88010
93955
71648
77591
108135
21513
49383
108315
13312
84392
75864
78114
58899
6017
50178
5392
15614
68586
85418
73536
2813
62844
55769
32470
80978
62532
19203
31064
72935
102139
101442
38399
82854
82297
100296
37677
103184
5284
40180
83156
40952
2513
2643
84330
21993
4655
57709
88511
52476
105803
41791
37710
55845
44136
34634
4979
31165
43016
36649
33033
48775
55878
109844
107789
49382
11439
69325
17576
63437
55379
3520
21184
53386
8108
49973
32395
78050
28345
45656
8751
53630
36807
107101
29266
103382
93350
39722
74640
73420
102406
42475
55643
45320
59061
92006
49915
97442
9144
40462
91620
102383
19157
29413
26316
67423
82130
58932
102980
82367
95314
93497
65642
17545
106684
85868
17408
85544
47737
54406
107506
2458
35441
32533
21915
64767
43568
54988
10006
59314
33092
53917
28759
4557
107017
88073
107718
75692
99350
75908
107457
108188
94801
34614
105196
51512
14234
99359
55854
77851
63186
66874
29510
82224
57098
7099
87976
9347
72370
52689
37277
17726
88931
26023
101091
51074
106187
9710
82317
89492
79493
109670
99898
36892
104584
11987
88640
18161
66158
71618
110014
18371
74457
42958
82671
43409
51811
34861
46711
26237
63083
10444
12890
81749
39228
60608
104258
26987
94956
84335
77105
54312
63962
33176
78879
67904
72699
54230
54798
38824
59174
85123
11808
41380
13719
15822
44669
34652
10551
33072
44413
104371
12176
66012
70466
25698
88336
16882
21755
59885
91365
92933
1076
33095
80802
103950
48784
30449
56303
16620
11649
89836
68150
76641
69331
53006
109202
80502
41051
103732
51714
107347
40298
67672
84416
675
102142
18353
93378
95458
96237
59259
10824
74473
54892
109266
85393
8750
87355
42067
48325
88981
80451
50839
90394
45854
103282
66564
13785
49235
8909
42364
25180
13565
15552
54108
90346
75912
37061
89013
50322
49454
95630
27951
93477
66841
77667
28765
52612
58008
29384
24090
23058
42880
56372
29902
93209
10096
85063
66108
67778
25679
79016
96543
37050
8322
90487
59703
38500
29247
29588
17765
60653
86580
595
3446
84455
20510
80515
79597
82999
18846
98701
47693
6481
80538
74434
28655
100949
30971
11124
90458
72493
51030
39678
32641
64813
22065
38843
28055
44776
51603
75605
56460
40765
30509
46151
23955
7740
37673
3136
26561
72920
32876
57166
53635
88244
38288
73433
92829
3497
30828
87226
1697
28522
26958
55676
44479
28832
40031
87603
79335
47493
34761
105074
15602
8438
58990
89396
15556
104240
49181
17237
13174
90437
106462
20759
54364
60972
76561
107711
103128
75904
25618
49299
21272
69610
16175
86902
102035
42246
7985
108960
64525
62865
80591
70905
5220
34559
11006
63250
42131
91748
55023
72080
85985
56129
103961
32645
4894
58614
75349
61322
4048
1156
9471
109485
94116
18617
48383
61957
5514
79693
55027
34663
5099
59806
18535
99151
17693
73167
80777
33743
57771
40522
85766
87313
54955
27697
5596
48894
96710
5835
67693
108591
63569
96311
21992
90220
89183
11418
47790
79259
94895
25722
24688
102229
85831
62172
4256
17724
71977
51495
107203
30792
53219
22544
720
19525
39187
16790
31471
4785
15189
51531
27326
97647
60955
88352
31386
19228
83379
84931
34263
61303
52958
57472
6845
95104
63470
74359
8459
40194
37034
447
26743
65130
20466
5777
104870
107647
65983
46457
103074
46044
65098
88347
43095
91193
101172
21619
109732
10724
47080
104633
19515
68222
90115
40195
6636
103595
95322
30855
37381
43891
57739
83335
765
3211
9188
46181
58770
87525
4095
53616
64437
54325
5544
35096
72504
100311
108777
25316
108404
74036
39620
84718
16397
53637
48123
21017
6246
72761
41896
11868
7354
63300
36093
59574
38134
78390
88909
87174
20508
55264
18441
68927
107128
107907
70340
70210
42361
85230
45734
84953
27739
62596
75770
3756
96793
108328
84574
83269
105960
39842
42175
102393
2897
5963
33475
560
97593
56843
86943
86970
37601
5977
95076
6480
95569
72962
31671
107035
80155
21294
69108
85584
4646
106970
93219
45603
43360
27510
5240
62020
13032
26947
100383
67700
51754
73376
48198
23582
55410
66641
53983
11254
78292
52591
72627
11955
38189
24910
91292
26582
100084
26125
101296
71590
23981
13028
73361
72981
46280
4387
48079
69568
9507
31990
72005
72561
107956
55217
79620
39607
79477
107304
63169
1023
103349
35557
57168
109161
16738
63679
73112
57884
58315
101780
31930
97138
39342
59581
17555
18256
74686
2233
41193
16680
87048
60976
12769
13383
109093
60772
109394
5926
18625
34215
23890
58305
3361
9402
52205
44643
70030
14091
8606
28917
46046
109395
56158
46272
34202
75040
1724
57210
14634
30935
104844
62696
48179
21995
20851
5294
80132
93804
67770
37084
78092
75032
108267
77225
97468
108999
68365
101640
97180
40616
46014
36120
85187
3008
92750
23166
77588
70779
86827
32630
100129
86598
99990
31305
88375
89092
74257
90576
86389
93574
3366
83127
86101
92835
19770
67756
89909
86135
108642
56858
76169
32667
11393
11250
62451
66317
64332
73783
21609
15642
36600
94331
92319
61168
99057
494
84929
89280
15512
47906
80683
44862
48172
86407
67005
7406
87030
7894
30244
49980
12524
92510
95957
27636
106993
25223
94411
85004
97803
38508
39224
74131
538
6065
63908
49729
4745
69704
90045
93841
103396
88129
29154
51782
12851
46348
55766
14096
30634
29211
41803
50264
44735
34150
94602
66196
13321
72677
29504
98709
55517
42872
93691
17649
77901
58882
100792
9249
27335
25979
13016
101111
97069
18107
3086
58346
42870
73687
51066
99603
91255
38791
101203
14570
11867
16877
55391
20476
53571
54985
95690
61566
33018
61676
78197
81492
4863
21930
71094
30626
47136
37387
89799
85636
104264
67785
20696
53400
8278
3207
20733
13261
39882
105357
11078
25685
91028
37358
35053
102682
40073
46294
10002
79505
107023
46284
60953
97778
90550
44603
47603
90083
91399
54797
46506
26404
77339
81851
25262
56579
34966
102308
69888
96606
96754
65244
25331
3746
45601
103763
95291
96485
100143
76501
37686
87574
31268
21187
64485
63623
94795
99136
18500
95879
15047
28302
101725
81556
51285
62477
23214
44025
95081
12931
80655
106151
86300
54920
41486
63133
77194
8560
47032
84214
5723
44927
40218
98141
9142
108567
8939
84877
61171
71765
28170
105507
55745
41832
11770
13727
12711
99569
110072
90499
10574
79371
84988
82402
65904
94509
85946
43187
51791
43332
50649
67590
13228
10738
73680
47451
79852
41363
8722
40107
14045
47404
108
54648
104934
42776
42623
76270
76838
26549
7254
87126
38311
19424
56840
48446
90423
50960
106228
63092
72945
97441
77793
41676
53736
96497
64196
88179
28860
33458
47656
104234
62748
44859
18754
23857
99722
6983
8857
36786
12143
91219
3865
33053
19990
418
86470
71740
60323
25112
106305
16696
27006
8217
79574
91577
1133
48664
1730
9368
14554
86304
91905
89022
65922
10893
89664
94905
103866
58195
89459
100115
51936
523
67291
98433
58573
107725
84009
83249
48914
55242
93292
27886
103026
86172
47555
46753
27111
12646
38729
38486
53085
34364
45446
82680
54128
43838
72142
25645
106026
72128
76143
50561
80877
79932
91495
36735
26653
83856
7018
37354
72984
93023
68313
43897
89952
27892
4032
67225
90522
9061
73604
74189
97456
68516
1115
29468
35568
6507
99921
24319
76961
72049
97258
106169
52058
95005
98171
97945
72756
70243
16288
72478
91863
104816
75172
26269
95122
8954
63715
104181
7796
10010
1193
10757
32518
68806
5634
81538
7173
65206
69953
69549
14316
26182
78462
2558
73667
39498
7211
41833
109908
39259
51019
62750
86719
22615
69487
79495
5788
45041
10688
71177
48833
103174
32881
25270
29485
2077
82085
82145
110059
70129
63151
96627
59802
80314
16513
4851
38274
5861
49377
13463
45708
77719
68402
27513
42988
49038
7324
66418
61572
33668
106944
60922
91742
99390
28250
29511
35949
87503
25108
24687
109699
60601
67102
29357
18184
62351
28191
104360
8131
5585
104603
43542
78895
55172
60705
43654
57887
81143
72797
33956
15178
104962
95029
28896
52554
32612
37816
95033
55340
17767
49989
7051
107542
28437
74006
25057
63956
27116
105353
93563
23061
14374
41163
15921
92422
36713
91780
83399
48005
74386
45736
10737
94301
40303
99734
11190
105298
58847
39789
3765
3744
105906
95841
90085
41784
66907
83796
106946
17566
105409
86933
87481
24386
97259
93460
8153
4338
26032
42777
25650
99788
103070
83180
103974
58974
95818
18678
46825
45422
27296
87013
77534
84063
52435
9177
64343
65326
77399
16982
57973
72098
59498
20526
26659
29179
98300
34594
66237
70651
48735
71089
24307
104466
89360
13563
63063
13602
85890
85477
50425
30933
80555
78073
104379
37876
80356
54897
28177
33694
102536
48045
13899
29206
46041
32421
70683
76278
72795
16819
107474
50024
29561
5615
43320
61679
66858
19248
18878
40270
36121
81775
109427
14031
77227
46683
81448
106425
84389
40606
47118
51704
93725
72726
15317
30431
62952
80086
33447
36853
73062
62327
5614
97852
16742
6379
81679
69521
4564
61530
82076
57850
60174
16557
58165
79046
106136
103010
86652
26914
74784
92473
50893
96404
56963
17112
33394
69086
63830
14413
102858
8644
78818
109399
43415
66525
40804
84982
98132
81977
56315
24785
36999
35330
3280
82220
86680
32879
47986
32203
22730
89528
99600
48249
107305
51112
65726
33162
70544
76756
105363
104073
2526
50472
105585
90951
66725
25021
67849
45684
105926
76191
60542
55420
83641
59315
23783
91406
67328
2318
36760
28962
109404
50163
103641
107399
36953
3913
57345
33593
65678
49165
20354
11759
106118
64314
32833
95302
3561
23575
66639
6696
102540
99688
15711
79743
108275
82981
36930
22450
84881
51901
16406
20750
102320
106737
17167
39991
15302
105418
25986
95347
52441
24463
4258
83758
59656
35
96839
17481
26610
109873
15809
88911
27324
71337
53910
4198
20100
3864
92855
16762
89765
71187
91846
90313
15504
68892
31274
29258
26384
68861
69978
42858
28651
60499
46688
66115
103172
48659
56399
33454
97984
38008
44502
28150
68729
80825
9223
25210
109184
15882
37375
33113
18774
1010
76719
7737
19418
9139
106461
103924
47474
39596
893
79854
7613
7338
46185
19579
31911
76452
16342
28304
105247
47663
13263
33977
68702
24196
63208
75905
3285
103893
56855
38589
9884
12419
84257
14578
43840
59374
90819
76856
16959
24645
86085
59127
53584
51660
90911
77070
37933
21720
98687
96836
31284
77437
25396
31919
1159
14244
37155
49601
82829
53787
43035
16200
4996
94210
82230
46748
61096
43100
100228
93899
39073
50266
107325
17047
36286
90980
14846
26638
20570
19110
87754
26679
71195
99832
62
96463
22570
70635
98501
51164
28255
56923
93182
17067
3359
75112
18729
12724
80096
107771
82147
39257
35788
57161
17817
96191
45766
65999
98283
69156
97038
74394
84029
5067
14818
73646
94075
92223
65026
76061
8799
520
76112
45306
76728
68057
29214
30360
109716
68201
33165
9806
66847
78214
67492
27042
90463
23243
93510
24162
18977
90850
91248
80499
48755
29939
43234
43641
73694
13252
45128
82053
5908
38004
7006
56320
13728
36619
15628
21132
68882
25240
19856
47793
52421
85239
52687
44402
49295
1259
82281
99660
26267
44117
84984
68211
28700
5578
44697
82349
1299
97760
33193
83283
31009
43777
96852
72638
66121
22795
16297
19878
84867
19197
30319
79283
33899
43706
26025
92167
84816
16467
60127
5201
43168
97874
7314
12665
65657
46427
86832
21296
64850
58912
106723
17981
97107
72883
73850
108353
874
99891
30639
18224
56453
52710
87704
101023
101872
98255
71830
9083
94389
73524
97697
49390
40926
25485
76302
62461
59467
105734
76425
43455
90609
88447
10945
3041
85806
2258
78058
39592
92379
83340
40862
78206
192
17001
17038
102958
9253
100413
87312
44453
79125
27293
95815
50217
30515
80040
94396
75459
41871
83899
64156
79075
92963
23872
47540
43238
6764
50775
99307
37724
104481
106677
92230
17088
54027
10237
88944
22979
86247
37737
37209
61125
10706
19487
100617
21579
70568
44202
11308
94751
99485
3388
45113
33384
37833
13528
71788
18088
107420
10685
36190
13061
7763
47978
8424
48884
68503
30166
71180
15918
21060
28482
32492
79402
91672
14407
60281
8250
23886
36605
68493
18092
85407
67692
108164
48426
20636
79011
42598
96360
28725
46436
57566
100718
62613
21888
45273
19629
8281
94811
64707
59928
53717
88595
6223
20286
13184
16214
25984
73087
18349
101896
96005
27664
72521
109170
104354
68077
73971
85814
8195
92693
92924
1498
23807
51385
13614
91333
77575
7025
97691
67532
8332
50957
1037
97992
254
62004
71281
4180
66695
70252
107217
76118
97414
91029
9824
88517
30542
2363
11088
99228
88908
61642
69650
100122
56644
51573
67336
12200
92613
37775
43834
94713
87759
38410
36005
28392
13949
45819
106368
53759
71666
97569
56243
88761
62274
44035
109194
98499
67498
96350
82625
97855
44412
26069
963
14680
41063
55719
66213
16343
61986
52854
17336
4110
16456
79946
90531
12528
83912
65046
84753
57152
77803
52578
45667
63079
97886
42866
100001
102880
50155
32668
665
90776
93852
109223
44875
86783
37786
92608
16726
25154
21027
64140
13161
1746
19857
97688
25772
24622
80289
23960
81973
87325
56217
21005
38612
12784
96732
50711
107407
83931
105590
33024
71060
29343
7754
69437
83711
45143
86148
3691
43090
78788
40463
23128
67936
38267
15633
107873
23731
30998
51745
72914
31868
50857
53655
4029
102952
79460
7823
33591
10024
86012
13710
47570
52522
104549
13076
38964
61471
84862
100772
44354
40278
43500
29208
13515
105633
96566
27836
73456
101558
39428
13991
99538
38474
25746
18952
30055
72542
6956
5505
29056
104311
6508
99950
108418
104688
63689
98432
28428
14856
69135
53975
88539
16142
64693
102164
43080
1720
103937
92867
40327
23549
94012
61370
20074
14245
18934
20427
34714
78000
9400
42009
26880
68184
45946
25084
48407
3639
82468
15581
65840
5939
21043
3075
86552
37625
63299
78823
37024
17959
6133
88114
3085
2131
32769
106651
6838
13330
9579
34779
45410
59470
32574
5412
29227
64047
61105
71676
105470
63614
91962
7744
22465
6394
99393
102510
94958
34344
102398
20531
63816
26665
108618
92077
63656
34032
56989
68164
29346
94290
56546
83001
80223
106792
27061
64472
41917
84505
32621
100493
25029
10417
90198
46731
66293
54951
83834
38103
50677
38170
16479
53461
96
57361
83962
32927
105934
10183
108389
32916
5909
107550
23057
1274
33236
66755
46661
62358
57177
28739
30476
34970
42714
48339
98562
67731
82710
6166
33744
19708
18876
9015
16582
72623
78452
92492
47658
44641
55850
75839
62498
66766
82108
21931
75729
85136
100380
22859
51560
90649
96516
62836
7013
59512
78555
51557
19951
90411
70693
79370
40818
105562
26520
37208
78353
40480
56959
90885
64312
45321
52124
65343
106404
90928
103833
23770
87663
97775
31217
103521
49912
63706
47962
108145
36512
24108
35183
63965
67258
35112
87221
12164
16648
74071
6918
107355
17495
83160
21911
7468
58973
1675
42993
71482
45496
62025
80233
27995
78372
90810
61200
91162
52420
70715
18367
34940
14236
68459
3423
16836
36701
1851
8547
28893
23368
37211
41887
59646
87611
9992
103042
62487
86106
50920
9511
34849
95635
71046
10285
66558
86524
48438
107236
109119
88906
30687
43198
57157
68480
43727
748
90454
13401
42101
43111
23137
55566
17286
97954
24616
10991
102779
27406
24425
45498
31290
140
71883
9016
84939
100590
32013
9617
28264
100211
73109
40187
58365
6392
46946
71292
80798
92837
1109
95391
44329
20777
71121
7846
29249
43083
107073
80087
34416
51753
14021
60250
77071
69309
5741
64589
716
3312
78846
72680
59296
87124
90650
13941
11933
93703
19499
70040
77050
78244
36739
25980
108241
14067
91068
57937
20721
34887
56541
54002
95069
107402
42456
81832
37021
34883
22284
49619
78360
37408
99379
95375
70077
102819
92490
35726
10303
64463
84796
1719
65039
35473
94761
32525
11577
101200
23583
14263
89569
97965
66106
23868
27016
2892
93633
40902
22586
16037
82773
60513
102022
49243
21729
47361
62583
106780
17637
102906
50856
7269
44020
847
75582
47449
11971
54592
31077
5324
21113
100328
45903
99745
38341
108124
7024
47236
86941
74014
107297
62352
38353
10835
37564
61769
45481
15282
15677
99636
34094
63491
76562
75560
106291
93282
70808
65553
42443
11130
50516
53199
39267
489
95663
29218
36022
85707
89088
22676
3609
88064
83929
74549
21362
38484
6870
40479
7637
9704
92419
25556
17619
57590
86464
16082
37863
98482
67758
1764
64951
101407
34949
100835
45415
68897
6495
8070
106140
33939
107120
72682
31068
79089
26903
6160
68250
27412
9597
105048
47981
104229
16651
30580
66086
67081
33037
19045
58514
96425
102343
72053
52105
40362
93922
75511
22915
75618
95110
108209
6873
36345
95793
47935
105511
10965
71463
67263
108261
37142
57638
107053
2928
105078
4394
23206
43803
51113
37747
10150
67275
70576
49926
98858
63115
15930
522
18469
40994
93375
68750
24436
85670
31586
67356
35674
12870
59370
80505
19733
43263
1157
76970
92735
105965
106740
105360
108015
60078
107947
56310
58952
38303
4995
19281
32838
12431
36001
55864
3596
93627
64994
15510
12311
19315
92070
99355
9947
85374
22549
21290
2801
28198
64992
78519
20555
97600
76081
20981
78778
74177
4544
101014
66226
27817
15494
32145
98784
83116
56948
25951
64833
8288
106658
65629
88862
87726
93353
46550
2472
89862
91628
91769
13664
67800
8338
103511
109696
10760
35035
47615
89292
4831
52822
30040
56341
8014
63736
35547
94406
40177
81331
101467
67797
55600
11126
90514
89453
42291
50475
17703
50326
89739
13568
64786
83950
88881
17298
27282
103071
87330
69503
36819
12019
107931
25132
76030
104500
62052
2227
3187
98273
81607
51031
80129
61354
88096
13116
76097
105727
13211
45921
35034
35825
73421
26
43072
20626
13975
84893
70022
81621
73995
8562
84308
95279
74562
47518
92780
34343
65976
48857
16192
81485
21591
99662
45759
85353
40683
1563
45170
43361
20859
33158
45948
53915
72676
1729
48144
6070
23991
24719
108520
66400
65580
55829
63997
101641
9864
12183
91582
96733
99109
76268
38146
50559
33808
4179
78566
73155
89837
18821
26608
105611
19576
101165
48032
67240
64744
41067
78127
212
83366
64235
66619
19731
31379
34884
31159
61329
39598
30058
82940
22962
55399
49129
31959
96651
105453
50177
86891
13767
23726
80114
6505
17315
34629
92095
78186
98416
4342
78624
73906
95926
99035
74463
100425
19200
62321
110058
78974
100681
17470
98187
59492
65181
15901
17948
97919
7247
90067
13498
3617
94824
41733
38654
63540
18716
5216
46880
41482
107164
105791
81803
39623
83854
53504
55619
50361
66414
52959
53671
50987
101412
98247
37918
14766
68208
48112
88
76344
19870
64865
13959
100289
81068
28996
14272
56169
31197
109749
69051
105871
74335
106223
48850
34945
22640
44328
106231
105084
102657
10014
15880
811
61032
99295
86032
95723
1875
42346
855
54197
20224
64754
7100
26256
45681
87294
50412
22485
73928
34544
13648
25060
71919
61293
39435
17490
54255
109490
87743
98920
38833
82056
12028
1991
88188
61258
51695
60173
77430
27592
43150
8088
101839
97664
56910
39271
88103
50617
91305
14673
92651
93187
78426
10423
83280
17759
70367
9080
60861
41547
41086
42137
49335
30919
38553
101760
725
36540
60141
87494
8045
61405
57420
73805
4448
51805
79295
58739
35251
22541
27306
67077
78749
49830
11301
44992
105521
63395
19749
4303
4316
35419
22236
72812
60518
107306
41148
27304
94163
25046
87656
39696
104394
61504
71550
94440
93070
90381
62445
12114
65965
64902
20994
65490
10083
33548
65180
78291
10566
70408
19179
90630
105789
102665
79101
77149
14985
91081
27108
88492
36008
76609
77882
65874
73879
94247
68826
25241
1360
29224
64278
105355
11743
1000
68244
104152
33268
29078
39796
80258
87712
50453
18901
39141
65857
79938
46318
66455
6682
6504
76196
44961
48160
10191
28220
60357
27970
28619
89097
67
77400
1137
64623
16327
99027
93945
79543
47598
57508
104386
99543
86314
2506
1538
42808
31750
15381
97920
38871
75215
61333
11824
104803
106726
22501
77416
12195
107702
48063
103704
38640
29410
16546
95163
28788
95251
21819
98253
38481
90858
98055
51767
14581
164
67675
94094
24158
11002
75089
753
78960
16660
99026
2116
9053
36646
59620
45470
99100
16577
52287
47430
58710
13484
76949
23213
22595
78077
39098
16278
38310
85431
100838
69876
86404
82361
32640
81520
1700
53011
2902
87764
12733
22598
74864
68001
60315
87390
93020
74476
69249
11623
11893
96224
42727
60301
9230
16986
65684
25622
16529
106868
106356
75712
61074
72227
2154
86982
97034
59124
27087
3885
107552
12087
56741
103998
85345
59508
27521
59942
84262
8056
13328
47564
21817
46421
36520
6337
45614
85502
8709
50619
94904
2960
49475
10633
63851
104769
55675
71272
4688
76020
51307
107759
77817
107173
24944
32550
30587
18838
102580
104488
96508
82637
28050
95212
92026
4811
84876
30181
7649
36966
12062
10033
47437
45371
51136
19890
51607
77858
88031
84866
60649
2418
55916
51895
96423
5985
14099
32601
22050
54996
46768
64133
87009
27248
77677
102086
12262
54945
60675
8807
58040
15342
43497
55945
95206
32254
82662
31831
68242
80117
61020
49646
49088
106047
8341
34717
2057
80452
17147
76013
97445
26148
38504
89806
94721
49397
103326
33064
35849
85242
104359
93026
23293
11175
22666
56777
20449
63774
102654
64153
16268
97869
4298
37246
23603
81619
30490
55797
71635
72018
26577
109396
3566
33578
70354
389
67909
52534
71522
103330
102766
14162
49176
68121
58105
20283
18885
79055
90066
81409
32592
17827
6119
81871
108002
74973
26443
61487
9848
105856
24236
61500
27058
40793
109865
98635
86115
109436
15371
104833
23535
21255
54190
10060
33873
37090
33503
5595
19069
18580
22399
70263
101663
82897
36172
41350
105105
43762
50061
57014
60950
50817
100800
69180
62964
37503
98189
99870
94500
103064
11162
40671
4324
60398
25584
42404
56189
37428
24963
17868
89835
47507
26318
64507
44837
19537
76538
24457
26349
60405
95211
103985
14601
30679
84835
108673
17880
25742
33729
74308
28943
13874
71403
10138
77873
50768
40547
44019
7290
22005
24281
8551
63819
9470
100163
102915
63056
65828
35830
13353
44398
74251
16159
79271
97501
106716
73387
461
7910
66081
45480
79844
71545
107981
25765
60047
48632
80237
791
44312
38423
88068
27281
86915
34902
52836
92154
62121
52917
54675
78334
94995
24762
23365
87943
56980
101406
56601
12179
11488
66398
31414
22689
105739
81339
82418
80315
62808
69598
50932
56987
70839
89390
20659
95094
36730
59607
69631
15462
98023
67818
46888
97977
890
76845
44703
43913
22328
108070
55839
52903
688
48155
1091
51384
71524
16078
895
106518
14862
63492
8914
62189
92661
92766
53342
10389
76250
75812
10951
106358
18048
35150
66145
69177
38987
27477
136
87185
90209
29116
2684
27485
80142
21976
23093
30176
78840
74937
96354
6632
40898
38524
58892
53003
15865
88476
85202
84403
45211
28332
38195
67673
45155
68110
44102
47252
13575
56344
85723
61272
107714
56422
99831
8310
70204
61255
71104
40695
5247
49674
87285
60837
92268
42180
15719
23939
89840
95700
25073
41201
54497
54153
101910
97335
50714
70013
92927
61436
30944
80558
97511
68798
59368
261
53404
68497
43434
85880
82568
19024
30343
11000
59346
63462
95450
14483
46788
107514
95961
87893
24686
43958
6395
3286
74780
106732
54878
85791
70304
27064
54061
46777
75781
94833
99850
106380
79775
22992
46657
45487
437
71844
41131
15438
42705
1529
60005
52239
28256
64526
106141
95466
15626
54944
47586
85582
8393
44584
12052
75694
50656
83080
103103
53420
195
103839
81897
68080
20896
45438
36287
89781
68894
100703
27639
99844
73360
79034
836
74759
58143
54314
93689
14761
43705
2157
94906
2581
100165
96154
44670
32378
109000
12161
31948
22006
93851
49821
20645
55948
58140
92272
37259
70289
95837
104458
59600
39093
14490
9334
102481
42890
71677
20593
75855
36604
57552
44005
27859
62593
52087
34240
101180
61810
5039
22733
66867
73337
26535
32712
93863
14106
70586
66838
68051
46849
94944
67169
880
83870
77838
55313
107252
85736
97722
1459
40919
29099
12821
27207
89095
99976
772
14412
27430
30793
107615
83289
80265
19500
81284
80042
41571
77200
74913
81661
61114
74522
66832
31908
40048
56883
66372
182
50169
101458
9085
56593
38581
12961
13345
70634
86435
90151
9997
63506
94766
11855
33183
666
26734
30349
36932
20273
32327
29610
47379
21723
54918
32169
93414
71542
50059
56367
59725
66202
4933
52014
98201
53741
26272
43003
52002
45175
15265
16021
32901
2215
59356
28693
19230
60562
52957
91651
27037
31920
108506
93046
16462
27476
102578
94269
24678
35927
14210
59354
72325
23690
6347
54655
103494
28016
106167
95572
51116
54149
93450
76908
86996
19903
90199
16794
96587
38836
47023
53600
74812
47436
64410
27303
52470
100710
81682
8183
25582
45685
25069
54195
21909
47597
65864
61129
92136
23195
56283
61137
12413
61902
82709
37145
75867
88246
51412
2747
39631
41295
31715
40529
17358
78906
95828
104199
78963
98779
54148
79910
29996
92051
101549
27019
59743
47557
54160
41209
96220
82480
58096
109826
27687
67178
77494
52899
40496
55689
108352
71372
9044
32578
84212
99125
54707
43241
56599
19960
33387
56212
105242
41439
13235
23095
104474
103705
77003
41794
40726
71942
55536
18096
60039
18657
110176
49486
104566
16953
26438
60514
5580
102674
66321
62573
69619
64272
49884
36610
69776
30411
78626
15339
62199
68802
47206
24489
52695
89024
109004
36128
99356
19483
55333
9900
26586
97725
62894
56084
37650
35819
59748
23724
61897
7349
37675
92950
92456
97380
103319
31547
64250
88307
50789
99110
15090
60113
95869
85432
68768
78212
98451
59648
50637
13754
47270
95134
91894
68635
15764
28364
63104
44556
286
66617
59248
45387
14825
96514
14546
7792
68809
68890
98965
99846
67601
8030
94581
442
4548
64154
100073
69241
48124
88674
87404
3783
25433
107565
55625
60501
87529
99899
72976
108776
90769
18743
87027
79603
18512
99785
22949
80477
15651
68036
43661
21167
83153
49232
76386
64706
104653
19512
59075
56058
3686
46736
24642
43535
16483
6295
89128
52276
42142
42533
40133
9448
37005
17101
77224
17349
21391
95578
42224
32800
50154
96949
32224
58414
2910
14304
49007
86347
97029
39146
27129
66219
11230
64946
15043
41745
37238
24887
38384
100794
20185
32068
55276
86923
100853
37294
91117
2292
84649
35570
46342
82285
64834
89424
107141
63611
50228
55747
16188
46133
78934
31684
63128
30336
11274
73205
67557
21522
22539
27625
7626
106429
77919
24733
76794
81949
65316
29825
13774
86272
81043
14477
69526
99824
33405
110166
24617
39446
80801
64204
14214
75830
92478
17489
91303
36038
104243
91596
58979
1690
16502
105294
3193
950
83497
66687
75549
33269
98359
13510
86371
47483
43027
33890
90777
109998
57820
49201
100033
71800
36671
50454
2342
75485
102995
72217
51856
40689
79799
102736
25549
33507
2284
71908
20264
67402
100435
22187
42571
64749
69949
63311
94970
66880
44029
48648
69205
105116
56159
88681
62162
64733
106639
107827
62724
65417
15310
102121
67779
23651
38813
1100
77689
9953
103049
37556
82078
54305
98199
80732
54600
167
83276
87371
22611
6304
33816
81411
68230
2877
15959
43420
75019
22074
32751
60658
96242
40106
55729
98035
18435
40051
35456
98842
81138
5897
102678
34639
22321
51869
105547
17306
95902
72258
99580
5945
23092
77849
45312
7927
6985
82811
30007
74034
23035
30284
84555
56265
20955
102061
59649
6556
95886
68736
51154
105748
99336
83103
77476
106689
16405
4261
72120
75190
72885
3658
37713
63748
48480
78676
30681
41866
32788
40494
60522
23133
105035
14605
15008
63263
24894
39762
92979
10941
7555
19948
69518
74799
52122
99761
60541
34763
56831
87301
65979
63025
91626
93178
18203
96971
91420
89503
58287
2096
41147
78916
73858
105770
26031
104160
106960
37561
3843
49440
81108
4207
52308
2453
34871
73508
59547
58437
50744
45360
36588
658
53876
12999
14788
69065
25726
70722
3547
33298
27169
9409
35090
56877
93990
48408
3580
55560
11312
23507
71868
83470
26084
20262
63869
14328
20730
73044
23007
60942
27740
101260
97856
30499
26966
28384
47075
99827
49266
25538
92135
18252
76712
72140
13748
52069
20506
46592
76095
57609
73749
54719
3662
59012
58707
9531
83038
32572
70675
70831
94378
37946
94135
104034
28636
66986
30820
67875
106893
99304
60802
59726
58393
59715
103589
21009
104147
102821
91512
1011
55644
80876
19284
13424
23889
11506
98719
62341
8277
32339
2741
91057
96563
50387
106806
66294
44166
51752
41626
58191
39593
94638
76392
105199
52542
104125
69737
94927
23392
58589
19516
47872
90722
102872
1349
93776
47703
95416
23031
25579
48747
4909
27977
52541
67873
27877
40199
73027
82755
17889
25853
2257
33732
27253
93243
4632
92861
22118
72630
68720
38400
103678
80079
33303
75921
37055
77601
78744
83756
88041
70486
83401
44049
104703
86080
79123
35946
18015
30741
85289
71920
6082
52036
49785
101567
52604
1882
59269
5915
967
16701
55349
43352
44602
2846
104515
41988
106211
100886
44880
37439
50663
102684
21570
88979
102224
38621
44061
44831
47944
108602
14917
14669
37350
19849
42325
76032
18748
18992
69937
61208
17943
53666
14853
62252
45535
12854
100196
84870
8242
6271
6595
6908
90629
52384
34627
31325
37232
20678
25958
74663
58385
37143
97963
12849
12623
39261
86034
81524
91806
51669
45003
13572
61078
69534
53937
78021
18379
9058
76333
63415
98751
50066
26306
403
59388
56210
16588
106396
98158
702
76109
110218
52784
67317
42923
21030
84785
54299
8805
28623
103716
90797
86723
102443
75612
32349
89344
47018
74915
102649
63361
52376
32332
109974
96295
49189
61711
26641
108881
35887
42941
70907
4888
91824
30664
49075
36468
39834
103229
15666
12219
42334
99655
104681
24346
39450
25509
47857
22801
86808
60936
99153
71131
71460
91187
62044
81024
48910
1893
79166
65415
41059
106796
735
92528
58887
85338
107050
68153
18555
25763
108775
73504
83595
77198
105153
9089
50449
28518
36719
31651
36852
11810
94999
71964
29761
82893
9153
83581
4489
107229
59143
17559
13416
108770
90616
90943
40601
37359
30697
84738
82804
98893
72928
44334
45607
76207
67192
13398
48109
7741
575
65758
68561
30879
56617
55036
108474
24800
101935
78309
57452
107345
28301
28118
18176
11046
23951
71589
54257
81436
11101
81729
59943
102457
5693
109120
100407
26294
26223
17090
105412
57760
67290
6099
14189
77407
90158
72712
17392
69525
56214
43174
12835
56745
2382
81766
23840
33239
97387
39346
75976
23977
74953
98667
17739
9877
53515
17766
49952
73950
40997
97025
1515
91414
109947
79345
16372
52438
68320
17791
38364
54981
87140
82768
2319
108738
18957
68281
21224
26510
22139
101053
19026
104153
61834
104819
50871
14563
24317
42410
109293
32642
31783
39450
51402
93833
25289
43043
677
70546
9780
75357
60164
105765
16136
46057
24994
70689
91511
5061
84806
88974
