8568
33388
16100
42498
11426
86930
57618
33667
28043
59107
19789
22648
35826
68974
8917
78005
85760
23083
4134
70636
57231
48951
21599
5516
10862
49279
41505
39214
2793
12067
19053
22194
10008
46070
58407
54355
2098
6542
3249
71996
42575
50080
7638
72353
21766
76788
5405
84702
73838
78496
34144
33077
41562
26777
47723
75939
43996
78619
41860
6231
80772
2819
57741
59296
69882
47995
85430
32149
84317
58992
58198
29428
49819
59337
65549
70861
58621
50489
1252
55118
81476
18057
63958
60033
69643
42144
49249
30735
21827
73076
79186
7347
29592
77988
65370
66723
34627
46449
22946
59323
16992
70210
66440
73205
41405
58125
54534
22188
48037
85753
55750
60629
69054
3791
42365
22699
486
7938
21477
44328
14227
68728
36446
24689
44904
30698
13257
35382
54201
84364
43816
42333
55845
74367
1655
6672
71230
27636
23823
23357
72405
24319
58062
61226
73940
22942
16226
20760
81871
17096
5478
7175
77866
44841
69500
27774
45957
4199
49459
35711
42631
28881
66689
70002
11985
70310
3575
67957
84178
53372
66315
73139
67444
16928
22891
61324
77565
862
4882
43427
24708
72388
25952
59597
70621
17722
19116
87063
70488
70128
26846
84129
29291
86414
82317
53452
6373
76642
70469
38491
11307
9413
53066
84060
73717
10215
4598
79108
33873
80594
11309
46676
48167
87108
65007
81731
54698
79474
46040
25816
65166
12124
1385
56843
84248
20361
50467
50683
32680
82936
74320
30231
65996
87691
82031
86499
87829
28507
60666
8458
16050
43627
73794
34596
86651
22599
46209
10081
43235
70799
34880
48180
9838
12953
51319
85201
80630
9266
21043
76933
43115
4656
207
53332
64525
55900
459
76327
35196
59601
69822
68386
37151
68362
14749
61398
10678
14979
83547
63061
83143
73216
86621
72601
78257
37361
42686
26424
50648
7518
17596
37835
82024
75299
86819
73343
7726
57975
18914
25065
79492
37034
24204
2563
79029
79302
16866
1605
29673
47670
79247
42729
36019
40190
63966
62158
43725
56709
70623
53710
22163
62081
13593
82937
628
14293
28390
81489
30492
20020
16293
78102
62437
49634
53189
85882
76531
36699
17047
82878
15504
35518
21928
44344
58105
20414
4897
71619
65202
51415
61285
70753
60256
82112
23451
64534
70844
3207
29604
53151
56430
37247
63256
37614
71197
23368
87113
23619
84866
79300
15346
10287
38308
85719
41649
66207
63340
49401
36574
18700
15323
19311
4941
10519
56586
75190
21938
87446
80122
72993
76123
65197
18551
87442
4976
9531
41893
37778
39704
13750
84295
18531
43267
43456
43197
66704
56827
51767
10130
83944
693
44151
12951
86405
42174
86362
71593
73696
64659
31524
63127
20481
33593
29779
53237
8131
36164
86135
66341
42786
3638
14860
20727
39623
43895
77196
85128
57771
25426
1803
49214
63438
28108
10873
61801
44715
71008
22208
79121
14351
2438
79636
87081
18661
8579
66912
53779
75061
41103
24271
1481
4669
13457
52672
20165
69647
84256
73841
32674
43885
38591
2189
82224
43171
65969
4905
65777
36366
56400
9084
62102
39691
6192
44449
74553
6814
62896
59258
37488
9227
18243
25530
65065
83992
39262
3722
77128
75774
65771
46551
52094
77802
87407
18449
71785
58845
42340
73082
72668
53914
12715
8207
87244
21080
54432
60518
81127
74944
64168
10050
78861
66115
12349
81194
66875
30081
70342
26279
59080
30130
14799
21053
78463
12509
21741
3225
19741
26994
34877
6357
3401
51060
58068
43593
14137
41433
39435
32530
59096
64656
44949
73466
20429
2437
20181
71368
82475
43066
6334
5030
56458
36648
73928
33406
35243
28195
70066
82970
81395
42569
45212
52770
5007
15530
24598
59930
74266
67097
64052
42813
12532
87654
85718
9398
24688
59811
9979
75563
72217
40997
80260
21668
74653
37350
70890
67377
22241
54593
32686
20196
9953
33846
69579
54793
15395
69716
16296
40349
51647
69283
33526
76026
73853
39012
34983
830
69857
52421
33588
17487
41227
60696
50675
23804
53337
46637
68621
43724
45995
62315
43672
22704
52514
26974
6205
81848
31523
30407
11836
56064
49914
58923
67052
51147
35948
4089
7656
31790
183
32919
14795
1284
9617
55014
30285
14861
36270
79846
51440
61332
62549
56334
46132
78513
50197
6723
24144
83053
54605
60641
36872
34441
9107
30180
52376
66587
53644
4309
71309
38302
407
61697
36290
38460
78987
30482
67308
11070
1313
37638
62043
20403
74355
22619
49617
80777
5089
45579
12700
74096
75980
18959
75858
16052
14851
70906
37815
48320
65475
38550
47792
54143
72098
58238
69
47506
34925
86828
43270
18144
27293
81998
21434
51076
66310
58625
6710
50395
4333
20281
63659
52458
17440
67231
73406
58528
63702
67608
40998
20024
50701
76712
66280
22264
47433
1509
34996
80865
44003
52782
56471
36932
21838
14890
71392
72711
31661
80045
43336
59450
72255
2175
30333
78650
87940
36435
15522
884
54728
54989
22367
77010
11014
62962
4586
71783
5954
9789
22530
69172
70855
72082
1406
77925
45124
43283
66769
11698
39876
60908
38230
33417
1182
65424
55345
37486
57249
47888
74012
30172
42984
35215
86148
31242
70149
81142
275
74804
86012
31872
63607
78738
17316
71901
8541
80318
26488
65706
6318
65275
61097
31038
40838
23839
44365
12986
17436
75747
54239
10495
43173
77343
21815
11754
77385
13300
70426
29474
41918
22480
37062
69738
7939
23739
62089
2907
43592
5936
44250
5643
66206
14955
85330
77586
68128
28081
21561
40041
19555
37215
49612
71923
61055
43390
56762
78427
65195
8537
70437
45764
8773
57970
2901
78988
41230
80378
38544
65393
62048
31535
46296
23527
79847
49098
39911
30332
222
74323
31434
80340
72350
38901
1500
37908
28979
27893
86591
33376
19174
16219
68879
49673
45009
15467
44147
44626
3231
9491
57725
40108
52368
52320
61292
41537
56396
86395
61765
16942
85974
36025
81910
30628
17827
14733
73159
11284
13880
22506
74633
55859
39466
56727
50687
70694
79380
45089
62957
77863
62527
82889
85932
79020
71680
21755
9246
8558
82858
76899
5273
49306
2448
74722
18834
70983
63102
62692
75595
31334
58447
15260
8307
11898
6051
52338
29812
68734
60035
67213
67382
82532
73222
76231
37083
2025
14662
41512
51304
17053
64604
48281
83180
36857
44325
28784
29684
13256
86188
66909
46316
7823
2882
64813
38226
54684
3746
40001
15105
64295
22617
56390
64227
57238
40842
28515
73031
71784
48141
3667
38085
52006
47188
42795
52360
33483
69793
51174
28783
53871
26118
47255
83424
83199
35758
19161
12258
56075
15767
26818
45429
57868
48840
37802
23489
10114
40184
21063
61258
86529
44582
55292
85712
44071
24008
22562
28686
18737
83863
80673
46207
21829
67359
37363
10962
32888
61613
46310
24148
41962
24247
85838
77648
8205
74552
49805
49894
46691
72300
68605
42104
85171
70685
8120
72114
74869
15296
42135
28388
67917
33018
75918
79425
40527
28264
48684
39499
67646
66062
66128
4725
80723
8188
45457
42046
84638
37080
44486
7675
40270
84872
21737
79985
3258
76142
19755
77043
20696
43669
35773
69396
40077
7930
60209
61184
39845
52659
45727
4839
80606
83773
48885
26293
72046
53505
2031
63855
55926
34172
23283
64941
54016
78417
55874
50244
15492
73869
67200
16712
37476
58106
45241
78908
77636
30105
28953
8072
38436
2565
33870
62509
42360
45441
6317
26350
16461
54944
76171
42581
24248
41297
71142
45591
39543
26425
45108
9131
73627
60342
50469
85275
78975
13451
63028
44828
78386
1050
41100
43792
24509
2804
8074
47428
28470
85607
85289
62882
29785
20697
56920
27172
26629
50481
44999
86677
55127
71069
15177
42304
84580
41783
63437
72837
54836
68317
62300
9283
82428
66050
46606
35326
30142
26821
54857
72097
74318
47914
61477
62190
64823
86869
38748
86237
8507
69136
20232
57446
18220
39266
6090
45254
14477
3156
70729
44834
21062
5376
51191
1062
83758
11531
45167
57807
76711
62474
42736
64213
77728
23940
85350
14570
53057
31778
36844
36266
13107
85251
47435
13876
30289
5600
40018
62470
19072
11983
86254
81952
65802
61364
47602
29590
66045
81631
76240
10848
31978
74626
46871
24569
49695
57672
77833
36
24254
51548
51151
38068
3907
85273
32877
14847
74586
7544
260
83064
54036
66499
3333
85434
7088
11117
8739
25520
42566
45704
46125
36573
7112
62221
52275
9272
66325
58812
25680
72051
51428
62745
33247
69256
51844
65535
52725
10956
63439
29527
40840
14678
16995
80608
11979
73786
23612
53269
64116
8490
79476
62997
83829
53516
33907
71465
82358
42027
72698
52834
69533
7508
43872
7741
48449
15469
18839
76282
52787
75572
67250
29723
85215
66633
18341
42163
80759
81179
30759
78901
19091
77970
59249
80721
64928
42797
52519
73803
15486
35056
25173
50922
83458
46953
38192
51279
36531
26418
4225
86713
18977
67747
58902
27942
76866
58921
13540
13187
52899
8798
39811
79304
55809
1844
55149
7039
80776
61135
51966
77559
64432
79132
81259
86027
52522
73391
77969
57539
36744
66790
77946
32785
17420
28024
49664
11673
21764
30575
67894
82157
29217
69510
70655
44567
25582
5645
44948
42626
66879
41229
27223
84728
7995
30331
20590
19804
15854
81809
71525
2824
80548
24580
79992
19633
66059
76093
40717
72267
73467
59233
24101
79863
4222
31243
26138
1074
69815
2714
8359
37053
43993
6883
13711
492
74507
78846
38397
77690
5352
45850
83105
45672
7094
82797
80519
87439
21604
73080
963
59106
12610
17851
60961
51320
84615
43713
17105
38332
2469
74815
21281
70307
49944
82815
61528
60428
23917
40412
9649
58169
82768
35689
5776
36949
68900
73066
54000
32487
75627
28339
46329
67072
71278
79778
66631
73761
5719
34511
31956
16881
14061
71520
7189
50809
68494
67155
66777
39416
16586
35206
53805
3244
37359
72663
61876
31895
26848
27615
8619
34626
19254
65357
35335
10673
41430
67721
56669
11965
13166
5382
66223
62233
66620
35520
45432
841
43718
55055
71796
58654
70998
20210
62532
52695
58811
55716
17599
56227
27844
59353
38227
56144
72149
8243
26837
40095
48861
73356
78767
42219
37006
26194
27930
8959
79869
31951
18711
41603
17704
51810
29969
71697
45319
12753
58137
71191
8614
77137
26110
59822
25510
86882
14045
1922
41208
43470
55820
51561
12008
31022
62135
62210
13435
60365
79568
65687
31940
15010
23850
6631
71275
14177
29632
73319
65457
5368
21085
25335
20629
17501
80462
21313
10701
10096
28279
65838
14531
1575
11367
46294
55455
23458
58663
29703
527
80515
69567
15261
63731
15702
37953
6004
85037
78355
16011
20307
60471
54614
70599
47162
60572
23298
3672
51512
64212
83049
55996
50974
32281
6287
39946
15419
65490
5401
17954
52055
16901
55737
43521
18155
41485
83483
13044
65697
84271
83585
17286
20944
6567
63445
16048
62820
8815
31779
87265
26130
56878
41090
79224
35561
70588
33221
20164
82519
28164
4505
18705
28241
62383
59824
72310
65162
48514
32838
56267
7084
29657
49484
82925
28840
12031
3550
7794
52428
2873
57728
57781
57215
61035
21757
15488
86353
83379
47979
1358
19432
67038
13888
70796
6432
18712
75699
13735
18167
30829
41955
22382
9309
57606
6248
6468
79733
46662
70007
53988
72563
77467
24565
34517
75531
82729
53468
12356
19734
38694
27623
56956
4666
76064
40403
285
36197
51113
41432
69876
70255
68304
42130
1874
16279
32638
986
81750
2336
45040
87929
86609
2163
72339
6559
84603
31086
73575
6093
2878
49145
57613
416
55572
36645
5038
53741
69788
24187
71937
85709
63558
2690
22745
78549
9278
44294
51473
2313
1930
31834
9333
25443
3347
47010
75253
23223
86580
41766
8725
44600
58719
39863
14014
3182
84360
45872
68037
83783
40483
24959
77249
12331
65603
44136
24109
1671
79971
16451
57354
59790
20491
87221
58154
9622
7702
70573
63095
24645
65950
6547
84876
82760
5885
55752
49980
35407
82458
10186
4423
81804
56848
54245
55360
82435
77834
12111
50620
68898
57450
63541
80123
18239
12526
40351
13482
84425
75797
45596
31451
63429
60542
51027
80841
38155
77640
3265
36983
67803
4488
75755
54329
7669
22944
6824
4339
50275
68720
6274
46578
43650
61939
55483
23218
8341
82648
20146
85479
65829
18565
3594
2638
55478
35968
80392
30815
54885
53091
85391
38152
33594
69281
85984
29693
18446
35795
70133
66339
70271
556
31843
17553
83690
59061
62318
62631
58689
86768
27724
74186
23266
19869
58620
72384
48412
49740
13916
7535
54254
85783
9439
22794
77943
40864
84091
21527
73007
77266
12620
12751
51880
11764
69691
4992
9614
74378
50078
27443
25161
13960
6470
11895
3627
67401
45013
20891
22487
80966
63243
25282
36389
25992
39174
87200
55981
3630
51483
71741
77283
38485
28795
56209
87013
71545
40020
71907
20671
8879
66088
71651
54816
26571
77606
67314
5109
44845
26599
84077
39180
52539
56348
26025
44649
46454
31350
80170
2748
41780
78599
10001
28282
3404
57086
60945
55124
50734
73143
74356
7469
11263
2634
849
85296
49240
826
13404
30251
62844
46373
64045
32566
28872
1514
14863
64009
72980
12189
20932
57568
26188
44383
20554
42492
59178
84896
11026
47344
8915
85097
12908
26684
66494
63657
63508
65126
29885
76315
34886
56409
57250
72619
33392
78384
16631
56371
86718
44976
49546
33279
39167
72116
2240
40804
15466
66831
67326
86434
80726
49687
48586
81831
24180
54224
13587
79664
76774
83591
58586
4866
14132
14710
36529
12487
32265
47844
37810
80526
67187
22280
24256
47866
47345
54624
19169
15403
39865
45223
26044
37280
36677
35185
70482
35035
54035
16369
11220
59072
76750
47631
55423
65379
831
59910
64206
49528
10485
72536
25163
58865
75652
34656
25291
42515
14311
1684
6730
66522
43495
54405
65910
3669
16236
85549
28400
65294
65894
57818
51237
30275
68440
51307
44616
82212
9385
79523
65605
61328
61253
52805
31582
21243
22263
40135
26213
44013
41047
64456
72857
50796
85111
27934
21196
77676
82452
27688
67320
26083
2485
8819
31963
28898
80176
82179
38102
48715
38274
64894
4751
76117
60950
8144
87040
29068
47558
2967
25767
84912
79525
86262
18894
47281
81549
11464
46843
39896
86876
43431
17382
81220
39016
41348
75619
40391
58419
50714
56093
87110
48263
71825
18503
71030
67045
38459
86967
2567
87845
56403
76352
21314
68700
54628
34068
8302
61171
47236
32773
51835
49353
21921
33364
28440
18297
83298
73968
82933
14060
58394
55587
7233
55921
84625
75362
80080
10813
31260
26062
61077
57696
80393
62306
85660
63749
84744
74093
15821
66598
5984
84280
82006
63678
5531
18457
48656
22425
33787
2283
7701
41715
1805
19421
4642
84444
45932
36392
84250
68521
67573
22734
32472
22203
39696
30514
78094
75325
67586
67491
70249
38861
23454
64814
43573
37434
22038
44652
33435
86661
73827
44809
57516
8037
84850
15547
18605
34689
50443
57661
44650
29582
47035
64588
69065
56177
17239
84705
75482
29648
37298
7639
84083
85785
70216
35190
75048
30848
34954
31375
51500
28575
50501
80070
23965
16804
78273
85634
84048
39890
15510
29524
321
81615
65690
63016
41543
21343
70355
11421
59201
73116
14974
13406
46844
24409
77580
49087
1204
85365
34424
53175
40663
73793
80416
24479
67946
20965
52585
79465
3094
62663
28402
75112
50302
83794
5284
76887
63351
75663
22452
81852
46555
33570
2818
19982
32110
11206
78340
482
48294
30237
10155
74764
6729
15342
24222
45382
67863
32232
24488
26008
47702
80697
67656
31654
49407
30611
86644
38265
81580
18351
14922
23482
49979
11371
62169
44821
71709
27895
48722
13867
15247
62924
1242
59304
80972
26852
5428
81375
902
58307
65203
73532
56858
4087
11101
23056
80785
38372
56765
79681
9256
57497
3043
57712
70371
54472
83037
13060
32574
82923
23029
70326
50103
8286
9857
1783
13162
14338
3321
44036
29204
28899
76699
36351
67856
63610
53661
29054
15626
26015
10274
58174
11033
61746
31157
46489
7028
79463
36715
38850
26356
80484
46202
53185
37809
27551
59778
65847
37319
72870
41755
43088
57644
71527
81111
18922
6618
71936
34466
46368
4748
71690
82569
1004
38571
77913
77614
39693
25957
71700
40545
50844
32552
41490
18994
83227
44958
86039
69703
80874
32868
36272
31227
31007
30891
58393
41048
14964
83739
12011
68464
13469
28449
15388
83134
68084
70566
43405
49542
22483
61268
18606
16641
14354
60979
87693
74938
78810
37922
51988
68566
62350
60595
60867
28779
83565
41790
13307
18388
846
83009
37368
61361
7989
62922
87521
85612
70142
49892
17215
76539
44502
21325
43023
41073
47817
67969
37688
8986
70416
50530
46765
82137
18911
57695
31957
1978
38919
24084
55187
70297
15533
52134
8733
41923
32331
36274
9251
32363
50011
16968
28610
76285
36973
7944
15079
6239
17310
50124
11411
77967
60312
65013
62740
65873
6742
70698
38073
6453
618
47931
20703
74988
67642
41954
36707
47788
41807
81663
79829
55895
83941
54958
26605
22576
49168
25814
33517
49262
52763
86649
26085
55692
57917
40507
24844
47317
32601
38193
46916
74260
67282
13590
57392
25472
36039
23000
60604
65935
63786
76234
14699
73671
54553
31213
87452
22711
87778
85661
69341
34573
83963
79081
85389
45923
40418
82939
22537
30473
19718
50384
20812
70650
32139
45639
29346
74226
49904
71227
84152
66888
86303
2693
55027
21112
74950
71365
9349
15693
84752
85407
13354
70871
69214
38661
38898
45493
69449
17251
76493
30093
60968
23714
44340
27903
37281
45779
29408
30027
7910
54900
72566
20599
20126
74170
64043
79172
44689
50930
12795
67737
80905
18141
29086
63976
28757
54804
84965
62244
9688
60997
14208
56427
20479
26234
66488
11106
17460
76753
10839
18288
27981
66476
76698
85437
41089
63719
79449
83220
7443
70263
29003
26466
35994
29979
57413
14817
28721
60523
75629
71177
52155
71504
46077
19307
41704
17973
13625
6467
76448
3721
13153
77170
33665
16758
38293
6375
31363
62078
4461
66695
20583
2486
62514
59383
74625
66179
17136
35226
67934
45602
38220
32402
70109
17252
67476
45776
45063
14459
84590
49081
41892
41621
23512
73117
84042
54734
31435
57683
81207
39112
21312
47507
82960
66380
37155
75358
64296
80005
79712
48425
19349
56101
39209
66859
70830
8859
57047
50430
27336
64874
79153
41120
18414
42113
68349
922
79815
29040
11351
58010
56124
61342
19022
22850
75292
73501
57918
60677
2361
30699
23683
66985
61382
19518
75382
35648
41861
44028
9877
25758
14476
81647
64503
53949
55600
10075
8433
69594
32407
33679
14781
31069
60946
20719
54298
53280
51200
59113
72912
51536
35078
13757
26
31786
36891
48745
66
16393
48309
86802
72943
28119
7130
19526
41189
17723
33767
52218
50281
63726
56738
31981
17927
85541
29861
30877
9496
79287
34199
62541
15255
73028
23243
15714
2918
3591
63963
74496
61004
78220
67028
84409
73630
16639
11829
42247
55340
30607
6024
12201
16086
58661
51074
31920
69308
73662
82766
2323
61376
29916
71541
46852
8921
24015
38828
58310
42530
65903
24197
65054
17328
73388
59169
43532
54292
6533
59486
25121
46186
17873
69325
16020
66412
44091
74476
63523
86077
7392
68223
69536
66119
27106
79558
77141
21813
14081
28275
17358
77808
30666
66044
51993
69645
1711
61568
41560
43150
57489
84251
15681
7768
52645
23811
45445
78363
48850
73767
42625
36177
29267
22863
82527
42702
47315
502
87579
51364
13061
22422
8140
17731
8023
43618
68942
36728
37099
15515
63334
30878
26891
61463
74624
2293
61713
70493
3435
23534
59521
70972
31429
33273
10447
22223
56297
8585
18329
28136
10856
16125
71225
54132
13902
5204
5266
7332
47996
53944
41963
12021
38643
55663
51640
36564
9629
34696
50589
44419
46720
3802
81073
440
76128
74631
13494
48267
58634
22533
46663
54186
21521
16077
4189
63148
21584
57022
85421
80878
17879
15198
2724
16424
55380
29631
74161
81695
8858
62103
49520
6007
50020
48901
85829
55536
55166
12117
10721
67903
82286
25191
50000
34428
72327
12707
60463
69515
57564
43152
55452
79148
76880
33639
13155
81907
5181
72615
46399
81020
16231
8643
10693
32948
47336
16980
43222
44526
5577
36385
55285
22035
86139
56245
73964
3036
20523
84309
86189
21647
84628
41650
68592
67556
55953
28577
8171
49215
55492
48410
82672
1291
26375
63286
26929
12181
5116
2133
30461
8250
12649
51696
6229
71467
42645
49379
41990
21039
65638
35864
37683
83464
21474
15769
5370
14993
87299
1301
74167
78309
34436
6783
81103
54020
1788
32417
294
30787
38253
12326
34222
6566
402
46291
87561
68123
42924
73658
23649
26626
23351
63912
6387
25216
64651
667
26072
32606
32065
70777
72650
7186
30207
41617
16885
23696
29955
73350
2952
14982
35059
46398
13923
53794
7429
6865
34499
27492
29368
59283
19851
25081
30954
12764
32333
23202
64341
68102
41111
21143
54629
4504
82686
1403
30563
43008
24573
60593
27763
66422
22741
85402
29092
82997
28722
85828
67466
78689
24984
13017
82492
39184
3843
8044
5053
44599
69244
50226
67575
78826
12697
82326
1480
61615
60240
64162
15171
23704
68890
16364
3894
61912
31188
33949
85540
61044
23892
51758
19283
50424
12917
74591
26560
11724
84789
507
78595
63772
47784
52976
42680
59537
44915
14791
67036
78522
2581
55968
47696
78646
71485
55383
61404
28827
10707
25155
31146
17935
45469
17062
56802
23094
50487
31797
51409
55552
1680
37568
34
29390
36162
67347
48731
10811
25591
5767
30107
80481
15862
75005
65440
71585
68832
44577
8690
78851
33823
92
41336
75527
80875
14853
75383
50445
78057
43185
75745
63933
75969
743
67118
54205
64270
5634
11311
49164
18934
24158
80341
52230
86164
29114
55731
31226
22465
85847
2014
78984
74748
55625
71429
55490
82676
87488
11402
7390
58617
276
1624
26943
33798
47884
42023
24546
85767
37380
83035
5029
37471
36756
24123
24510
46539
86239
934
44126
2706
3832
28578
62168
32675
62543
73128
27309
55676
30459
71350
17064
58813
7488
30248
71007
61897
64570
32290
62253
41720
49603
70247
23868
40338
30283
27305
31369
56291
29059
49308
52453
84871
48081
70739
3468
58834
7813
77489
56058
73857
58989
42117
76136
76871
48206
26438
3386
29917
71344
60665
28844
81347
87872
49466
4483
63568
57722
16669
7378
53821
87119
24703
34813
53734
59950
67094
73595
53975
76406
73051
7425
78543
52945
63213
59240
38979
11082
26882
20167
69143
34049
72843
37679
13962
9407
499
52610
34604
40885
14928
12373
53735
50053
4862
61737
5377
32345
3831
16499
62040
47644
73958
83626
37575
10093
6985
13854
85450
4039
28781
28603
6245
64853
66042
47407
22556
34042
59883
37726
70303
5739
42454
67942
80183
9092
72410
23761
11773
53844
45844
43791
37381
61145
67546
75664
64501
47168
80975
70728
55723
19570
86298
10735
35633
76353
53584
21028
64457
83312
47512
46832
37781
8356
27249
5027
47405
35
51004
55516
40871
2886
45810
68730
20771
40678
1878
70635
35912
58912
33890
72605
26678
2913
28875
83110
32885
1577
79455
66630
9628
22069
20929
45763
42608
64674
30069
32594
13103
64668
43848
33822
12687
65797
63680
76969
33959
19223
2094
66890
21514
55577
55466
15677
10511
11323
87041
18488
70595
46584
36420
74102
81217
64878
53909
49460
49596
78286
63329
69884
84875
59197
85489
63512
14711
50698
45927
46178
63867
81596
85200
85393
49321
44946
34612
26535
35359
22900
20866
39334
26938
61998
35528
36248
32248
37148
29160
62578
84821
46833
18656
2607
57767
21389
34369
51126
47212
6433
78315
27444
52876
49105
71457
28342
41507
25273
27603
53641
29316
81818
49274
22214
66529
12920
65205
28255
73145
30642
8637
1230
1211
51989
71313
78962
9812
8608
60038
76685
27316
10370
68682
56012
84292
25063
18131
46137
82636
58819
33519
60546
70813
73380
69404
79063
84138
26139
56966
17739
32005
37220
47009
69874
12211
932
75534
40679
16215
47229
40032
57964
71760
67441
37463
72209
58367
81070
65981
31397
60413
55994
55007
33619
2083
43582
39490
16078
62913
83167
78112
42698
78430
50098
38158
69576
18638
15394
65399
74374
78455
53722
78662
75466
12503
53837
83807
28219
59567
75589
17921
27126
30799
62463
45437
34145
54517
34174
40115
5086
76044
63553
20252
71793
48050
26270
87006
30638
64993
58636
75808
11413
64142
33451
62046
81285
11383
3787
52460
5436
51611
3479
27236
22523
77165
24927
1720
48537
55020
10640
33265
30567
6776
8298
78446
21680
32563
36781
84218
41602
81048
18808
66960
66177
70166
81866
626
52175
74719
55759
15571
77717
25298
39070
42367
83372
15840
86408
11636
25153
73375
14631
28814
7494
52671
20460
11423
17344
64144
23221
71399
82281
76256
31194
27911
67704
80688
14616
66576
41200
25227
35386
30918
28658
35472
13229
40853
45283
20182
18084
34013
67702
57036
69173
81944
43693
7067
29633
55307
17051
58108
12412
22831
1623
13655
26873
53951
36417
35193
28391
80508
70223
49384
73203
15131
13101
14313
52869
32115
13956
64642
70105
47733
35784
56410
8786
63390
61774
13401
63228
1743
10268
7665
71062
25139
38576
47483
36472
5111
12225
25012
9199
34075
82414
74618
16232
70298
3291
24186
10809
43851
11677
7881
53604
23653
64960
66121
50617
28510
77593
21180
3797
42238
29423
54380
53746
11632
6688
80072
6351
82349
71019
51879
53449
44193
43757
86754
46088
41207
63781
15707
28650
71941
766
74651
44362
72022
31955
2340
24398
35288
36700
58005
36900
24010
74073
45501
56576
9350
33561
44771
33806
60296
25217
73886
11084
32559
7474
10230
67576
35947
17659
42496
57005
5904
25615
20076
51444
3367
52799
8065
75320
47445
9714
26751
76349
20898
10444
48187
32469
42931
9947
48890
8908
10978
13767
46565
2958
19253
74865
58490
52964
69378
46877
6690
25343
39040
73809
5903
5941
69493
44299
28973
85003
55109
54954
7035
20396
59827
23556
83278
5697
81579
36898
78491
82385
41898
12275
13270
70014
12502
58292
47226
74469
9650
13719
35099
72502
64759
67849
76022
63514
35173
75215
24652
6847
48473
5541
46905
58369
12016
37850
65364
18125
6615
74704
26713
42768
62688
84513
34104
47191
35140
9657
44936
86478
4154
65066
81478
55047
413
33317
48661
48688
48516
72890
74377
7590
51929
33026
19381
29169
51940
65446
20266
54536
10305
81066
33888
26215
62567
33786
23941
41209
78393
61456
8018
84895
61704
50449
45326
48018
5642
64746
17300
32255
45404
35008
39301
1791
38404
63382
58536
37509
36864
63843
478
79481
85262
20381
43878
10169
44735
37528
7157
43466
85415
47153
36710
69878
42442
63262
87355
13118
84206
36693
34794
10840
12413
36774
62079
74491
21260
65983
76092
21659
86114
21394
1722
11006
36319
53967
64066
86881
80263
82106
2108
2961
78429
52263
68882
64763
62634
61157
54870
5057
6565
67686
50500
55923
81143
80314
70847
80258
53896
37715
32106
41982
47639
74949
27054
72471
26451
7534
80369
2379
5681
86751
79740
74751
32325
79001
61156
32114
43014
11967
82853
60804
77661
42971
41351
41710
44469
26142
50908
67945
61196
22068
19216
10675
21140
52505
65148
28265
12685
41168
52920
70122
11363
3126
84236
82980
65779
31406
58822
51877
15598
18856
68823
68790
30796
69375
26911
36745
58977
16788
85520
38857
5051
54406
39465
73836
1345
29573
42850
1492
21768
80706
1588
19889
21348
11023
6424
6048
52979
32543
58626
71799
28438
72602
44614
49457
67930
41678
433
7479
67804
45621
8597
80388
42771
76653
54530
74714
63324
2516
35941
906
63757
65086
84540
17312
25607
8867
36860
85742
5379
15029
33146
72333
7549
3755
26738
50316
7573
25716
42574
20542
52526
36825
42270
10744
72308
46269
9081
24286
58297
66490
63926
73221
64271
35730
23294
38229
18136
14302
65597
22861
15778
50700
36554
84840
3439
56918
68096
1210
1505
49877
35743
66164
10767
6106
5102
85247
83893
10425
54434
54774
4660
73108
50824
7884
82927
36474
54442
17687
22783
84960
49919
238
23858
18625
12396
48038
82549
58290
44847
18042
65745
27869
67631
27571
71739
11853
39315
42093
7516
42097
75400
33029
37401
69146
775
48315
78898
62024
76354
13097
37685
32879
30837
36146
5964
83402
48856
10060
6769
75091
69063
10894
70869
75655
3151
22500
70503
4354
12815
24572
48472
21297
7530
48615
81041
36495
12747
42839
5074
66241
74134
7894
33753
64961
73866
22600
79074
24819
82986
2371
4509
44094
14486
39137
53448
18467
76460
53814
70018
57549
65630
67106
28518
38202
30462
68377
59170
32395
22581
69094
85169
68389
65091
53574
57324
3098
257
48035
76380
19717
55793
75094
65995
10946
75015
84964
52011
77069
26825
87888
14121
5152
18270
37896
73948
6240
16047
2979
44276
87187
10775
56900
6226
24493
54031
76718
24404
70509
87492
10777
23346
74665
47316
22979
63595
63886
62099
87697
8497
24579
32903
79489
2594
25358
49383
82361
80109
72884
36218
83126
39786
15383
16217
20651
71068
6070
4183
79178
31910
45715
11963
81621
81352
23312
53915
33322
21227
16381
64229
41794
21300
76965
87145
53551
75604
79212
19539
53728
39211
76043
77639
2730
901
67290
31576
76218
22148
31617
11802
34585
63141
50544
76444
56911
34705
51873
68531
68373
22634
4790
75667
32203
80368
82677
39154
55471
324
49840
45308
21320
54777
46249
24019
51166
9482
61606
23326
84102
35493
32336
28668
58916
75478
45107
6793
68646
661
3621
29975
56364
69603
63707
51719
75565
21164
78208
82234
18708
10522
82387
84456
64724
8677
37738
17376
20418
67204
31308
33241
49610
21305
13221
23918
68051
82242
80584
84776
32978
6389
59817
83293
57135
77464
59098
652
74326
43211
53411
34654
58533
82191
64618
83816
83461
76447
10418
24338
10282
17884
54706
27047
84679
37982
73733
57634
15796
49202
6238
52256
39757
8180
9457
39551
59367
23943
81856
1400
24196
10908
71778
15567
34665
59546
83618
40517
73005
18571
29382
30930
29708
84205
2415
27900
29867
25854
66697
27380
50631
68028
64875
84012
34345
15742
22091
81461
46246
1593
49058
5137
18268
945
59874
31381
46674
36255
20507
6159
15211
83608
81326
25940
8699
36638
35556
14172
1009
65523
8339
44772
30505
73726
32497
65254
35853
76266
81826
705
50319
69859
36767
51179
47287
80843
12418
9032
73463
42576
44552
62388
56453
23233
62358
13718
22637
85738
85156
9188
67650
18422
5449
17924
63987
10156
75653
11549
9888
70985
13723
53379
80945
79419
47110
71149
27442
68251
86023
81415
21795
63906
41946
19640
41880
28782
13378
57232
82843
44912
62292
71434
12311
46677
43323
80491
39482
53553
17991
83274
49750
46897
4084
42724
64359
20802
16151
60018
5616
3912
46135
32937
43578
36791
53047
64083
70225
47987
62077
56972
38075
11915
52478
7827
21395
4599
66037
66508
26779
9907
33638
49967
56628
49774
34019
11278
53561
54945
26117
53174
13866
70959
39958
79755
6996
80907
3050
56688
43139
70385
28158
17468
12712
67505
22016
50283
81280
34034
85584
69947
42594
60157
23664
10400
19668
19379
66568
58662
56542
18948
11735
9133
8970
30384
34011
64495
36799
82659
50846
80988
67327
10902
87301
65436
9393
38344
73699
84620
31924
49158
24864
61866
87692
36309
41340
66436
69463
60773
27304
31761
75903
28954
77624
17575
23911
35674
4705
3801
33813
4714
35046
83740
34022
340
18142
29124
1460
69902
61093
28111
57909
31851
34226
87729
59355
57625
34293
54270
5652
23213
26056
29666
16066
23121
69251
70257
69578
18960
87091
1987
6602
65596
49927
39941
25727
65804
39835
46781
52024
71169
36563
75283
59986
21202
40955
9391
24442
56082
10197
41222
83252
84591
54980
56755
42890
67692
39527
5952
59707
24398
55624
12921
14991
84847
45328
75263
1656
86509
48126
20573
32548
18334
71720
26018
4031
31257
75347
