90740
42822
32017
90135
33299
80009
48732
25854
63573
25033
77105
10567
56453
61059
79498
84311
40458
43887
17532
2953
79752
53476
75725
80610
56187
95361
34825
26560
73716
47563
36286
8544
67265
46839
78807
45627
65539
72987
34967
61093
82277
17125
52906
27840
28698
450
32961
55384
75058
41222
19574
72922
34720
59770
94092
32061
89182
90359
79093
84159
17792
90351
46724
33729
41978
65675
91933
8637
86035
58445
18101
58795
20676
2989
45919
76262
31822
36221
77425
78961
52775
79915
74796
69326
64521
65501
12967
84087
83331
39526
83804
30641
40627
2206
63965
20781
41780
20076
35215
76376
79000
38988
9370
47329
11100
40793
8842
18213
90878
54437
29102
63291
17274
61226
58194
71107
49874
85046
14223
55961
47937
64317
67064
3153
8503
75129
7877
9243
42074
19689
76168
76458
64786
71474
83940
75279
34494
22385
18735
48397
48279
41970
67742
40857
74651
42953
39211
73398
57900
37006
4486
61203
40962
51399
28301
11643
32631
79027
25432
70120
93954
66202
4229
85855
50218
92992
39996
22726
58792
7841
8410
85558
14241
76564
55234
9136
51137
89791
49302
9324
21025
10731
44141
31840
19967
7908
20080
29950
28232
9312
34339
72578
80839
54660
2753
68275
63013
32233
85123
92062
56205
3678
52385
27613
13405
75637
15607
72827
11342
79445
3815
1568
15230
43872
56275
55684
37790
87830
7724
15365
63155
37029
70769
39749
89453
43582
35223
44770
67496
51025
59410
65881
21063
81677
50443
64826
57867
56405
20878
1636
68408
88796
70097
51424
48816
90426
8916
85224
47883
79508
24776
89918
43622
58264
17249
46031
73960
69401
89929
43672
77981
93775
91119
21804
412
82735
39905
11854
850
1151
71282
55391
7173
17036
91455
16942
31315
67071
78629
22219
92070
13080
53132
66022
47378
65483
52930
3743
74759
50190
20622
25738
51659
4718
66454
4653
49060
56
84847
4186
50047
93323
53733
76979
53591
49577
29189
87916
27712
79163
44204
52024
74005
27691
52274
11663
44281
18480
67738
70751
15178
42921
7800
68350
9575
10799
61911
30452
57834
43335
49083
38548
11847
38481
48759
67811
50036
29473
10725
71118
15106
30491
12879
36020
69102
6718
43316
1325
82271
2358
65857
84152
43327
54849
76350
7144
25436
38067
80466
94831
58786
77962
93352
84327
68013
77228
60489
36447
72880
53501
88137
67559
85706
27774
30293
70701
21116
6109
73513
15475
28952
33715
21278
5737
63600
22996
13388
46251
49364
4830
5475
81379
88706
7626
60578
24087
37552
85024
75728
20703
28229
22143
42756
82465
85369
25597
85465
41377
36779
89538
35111
30559
43451
3990
18612
59418
71543
858
7217
64625
11885
6291
68109
42939
64057
14856
43257
8162
91742
73153
51192
79545
65661
28814
17371
46692
19941
32780
15766
82214
42441
3344
51031
22052
80863
44513
77591
63740
61309
11205
63273
5405
46904
84914
24928
93430
16428
7639
13912
85218
37213
62145
34211
46492
76021
26938
51846
26750
68059
45654
78788
245
12755
22943
14822
83577
42456
37087
89547
58120
41573
91239
30767
62780
61228
51115
21326
28339
1582
85284
54768
23096
60599
36873
55831
2475
63458
74827
70458
3245
42448
51799
60824
77663
60865
94274
34292
90430
26821
73590
84431
74963
43093
9321
82422
76359
61570
64393
58245
70408
26047
70977
92899
16991
48230
38930
86074
67611
92063
85691
31367
40693
23192
31587
94152
80139
44464
89752
84001
72427
80801
3182
92133
42350
88445
35031
25755
25174
85261
38501
64194
67969
68685
47091
60787
49528
62443
41617
47463
89567
38923
78257
77377
3147
16217
20166
49915
93410
64075
20816
59025
84310
23676
2067
58662
53813
4243
82649
73573
73071
91602
1405
82349
14349
17057
71799
53845
79076
39180
11368
30747
6024
67910
38396
71956
46819
8574
64921
95146
13870
976
18879
17268
95177
22450
73760
9832
26852
85030
47053
31778
63593
7844
41599
50147
49242
9675
47056
91290
37867
29431
94430
85453
79721
62119
32610
64242
46021
31792
79094
69292
31581
88308
66290
27483
90864
17219
35041
64292
17771
57659
68279
34384
14073
36759
89836
72971
47924
53292
7294
38848
14201
40876
82512
66714
22780
4091
26076
23521
82572
36274
40584
18685
77197
33768
35871
78102
82588
44037
65363
50408
68166
15602
58108
27570
37634
18122
38212
35231
89922
17115
4081
93298
87167
33767
5070
69352
19333
7194
81504
58764
37380
93293
72651
14474
59566
93237
57514
12981
28202
94360
57200
8704
4144
38815
65040
90370
78005
69572
67764
53824
681
30186
14470
57920
47212
63225
55468
39016
29443
83041
89765
89704
31148
51844
4853
48023
39894
72794
38206
54029
76264
39941
62359
4639
67378
26125
33039
85956
16774
93271
18461
68957
90410
7170
39569
84074
23018
25673
60290
95158
87665
6741
35392
77438
26098
40674
82487
21228
46191
4010
49484
53100
77009
29626
84893
26508
58318
6976
15344
18025
13495
44813
70191
26201
63087
15373
22314
13651
87131
53074
36214
30657
13909
86098
81238
30164
20470
79670
59335
1450
19969
25916
54873
36403
20410
79564
20605
75309
14074
8463
35361
8194
20454
66404
53120
29185
42332
39452
82903
53748
9407
78750
43682
85320
80762
11615
71259
59390
76897
8443
40710
32515
45480
73449
78634
26540
44337
87443
85672
42077
27609
11601
58535
67080
60694
74316
3479
83472
82125
82779
240
51078
87842
86440
83971
86261
82824
17717
24281
1538
70472
45702
59162
84474
65051
51792
20027
88242
63931
27413
38763
61286
66142
50420
50724
38325
77089
51442
49769
16564
46869
89760
57261
24005
8659
13691
89798
45936
93354
67986
34433
17174
25640
73526
59218
59740
15387
48061
10137
54744
67415
82833
51793
87250
18469
37406
87874
47577
13607
70026
51426
56380
66406
56310
23088
77604
88289
51318
67781
75691
8626
50563
58733
9028
73910
71652
81117
63780
51657
62681
37679
31082
81212
46404
15135
1729
9720
87418
89268
38764
87154
27455
88033
46459
62456
64947
34753
72598
93335
85035
86705
68161
78145
14632
89277
75421
78344
76886
69414
28269
45073
51103
86685
33462
52258
82083
52016
10117
72366
1278
14845
91444
18009
32165
13193
40682
52370
3655
44395
46095
18106
73869
47350
9454
5342
13318
29169
108
21988
8731
57160
39547
21658
68726
3971
52586
57521
84895
20637
59971
13787
65202
54770
959
78875
27854
78898
5153
12978
14316
40787
43078
88623
70002
11900
72296
89546
9074
42007
66498
63729
73346
7015
63101
61335
58139
81431
14124
33358
25880
91673
21854
81884
44344
56272
46562
17050
46774
60363
15348
92551
14196
11945
38623
25582
51165
61024
90390
20012
69601
34637
20988
93523
71465
11711
38233
8856
28117
70853
79524
13918
12045
66936
89084
92749
14011
57263
78410
58192
35714
71291
12700
54497
2742
16680
48418
45105
91084
1403
41716
80165
64541
32134
67476
49342
24678
17551
10599
7683
38202
70136
88971
74541
79691
14642
34321
26422
21389
38330
76647
90348
847
15503
12634
66090
164
41144
93874
15109
9808
28216
51134
19715
76998
91409
78914
51697
15768
39990
1408
1091
7887
80049
94710
89787
91059
17951
93482
3672
18800
85754
51224
83982
83189
55922
58722
88598
82811
31641
12198
1343
20953
90452
21889
22244
68822
85853
86267
23140
55386
71290
68188
4438
14551
40856
45978
22216
37246
29174
76498
87917
4991
10076
53209
74689
2796
51869
32114
32749
56245
50259
18474
17880
2296
39011
64314
44310
67554
52382
54550
27512
41955
41086
69317
65478
67003
57809
24647
12026
3074
657
93023
21611
58141
25431
65355
10652
14323
42225
86349
76515
81341
15564
51339
15243
94182
55038
25864
37
57658
1448
33244
64264
60742
19057
32207
68536
57771
50590
18516
73194
88119
58463
81323
42923
75183
32432
49804
60135
87353
65416
9137
32982
76479
76526
42221
59070
75793
43525
46718
42391
35474
69562
36468
41879
49339
32131
45513
8248
26069
69218
6870
65873
4945
22556
87785
54215
62123
55485
84299
70190
41329
46784
48252
55833
92093
90378
73394
39709
81021
13094
38716
18761
28383
87180
22376
2014
25951
72272
73781
36328
53034
36319
38933
58819
44200
55340
12511
63556
39740
38528
91034
94612
62749
85090
48568
60955
62413
55309
64023
11987
92915
17853
74296
84889
66086
82912
76905
79020
5088
48394
51212
10343
38673
54443
82696
30441
27402
89064
62491
19249
2263
66143
5633
88569
88963
36692
62950
83831
86016
47116
28583
74401
24664
70746
58308
36670
65689
31972
90686
35839
69492
26522
28486
77136
66830
21070
29479
39516
50078
10161
70151
65251
82936
44062
23248
17029
44759
76011
68484
19394
41199
1409
91887
54149
5459
44039
32225
64622
90883
32753
17778
69343
71163
31503
49983
9437
14972
8196
31147
78449
91736
95419
38860
45611
29459
55888
47381
60264
69355
24961
13456
86633
6236
31569
36409
78748
90624
63963
85530
43553
34087
17732
87980
79338
93283
60573
13249
70085
39981
28736
75205
84732
34871
69625
47661
13283
75124
17904
16914
5099
55832
7393
35605
88026
62519
49047
11007
460
37681
84887
77865
77512
58583
64779
71633
48853
53547
50576
34015
20856
83361
80295
5967
72766
9881
53506
63731
94724
82590
68133
65893
9564
94378
46657
94829
45765
68107
52831
52255
28168
64638
12577
68148
20910
81887
90104
76193
80032
23138
2830
42697
55317
93701
64283
83487
70104
64231
9439
94387
58899
2786
14998
43008
58663
60591
46227
72957
10873
33630
27856
26386
31901
37007
71757
18822
91863
84535
66
38029
36107
21534
83844
48691
20725
59945
42759
76652
32831
66119
40882
11518
48854
76114
48537
14519
59736
88080
17612
91712
12279
32912
53342
21094
48686
5052
78525
93805
29518
41743
81792
80531
87738
9819
35723
91600
21216
35837
17143
14275
46687
44372
58592
37685
40393
50490
51841
7329
76213
5390
85579
29740
35023
72310
42167
14758
83706
60283
21962
91698
11298
80095
68466
5443
94647
78116
53260
17168
66329
36361
92776
34204
49934
43714
81175
33139
5394
64200
54586
86103
64016
6271
69658
53672
22499
14098
7973
22753
76281
84427
29165
48403
23288
92516
36612
40733
51745
75905
23522
16879
11073
64960
61352
60855
10322
54662
58875
13217
74967
64017
38473
64693
19811
11294
23199
69078
68219
88435
32478
48744
26677
67921
77114
10276
40607
15741
19537
70519
61625
60495
85867
46792
23740
8391
82584
84980
15843
75748
60532
76585
52728
70137
62347
65007
86015
68909
19145
92074
90131
32373
29295
70220
60778
64801
3594
59332
45376
43506
60764
83931
22698
2320
39168
14258
3029
92778
32545
88646
8386
87673
524
10441
33900
6614
12496
46419
9755
26755
6337
2484
74932
36170
5090
42449
12215
64975
84224
45636
40122
22498
45535
2503
58995
59664
51709
83288
29915
43873
10638
66892
10502
71907
27700
83180
696
32566
20551
33352
44705
46773
20731
18162
12487
5047
82041
31715
63211
40862
54974
39326
21275
46720
30369
50330
21401
66038
4796
63876
62219
23779
50020
14210
72308
52974
50126
82889
21700
30039
61340
11614
32459
76370
7781
32849
49333
74399
90828
35852
22485
79861
28186
53214
41491
30343
76403
47123
56006
57064
82450
61641
60809
63461
6628
61220
73790
83888
41353
72754
14624
83638
22439
4146
87101
84395
72191
9378
55714
76069
3659
24093
84058
46167
60187
73291
8741
1576
68504
75302
89409
46185
81465
50220
89099
80254
10271
14643
47935
18814
50902
64307
27150
62934
42506
8946
39142
82180
11795
42768
63261
76512
27050
85071
84343
37368
73268
81813
15015
81613
92741
85954
86276
29557
63180
45014
17687
48444
57292
8536
65832
62667
41476
26138
37854
59706
93149
41436
17674
94991
12648
66935
55931
55904
79738
48985
78171
56098
43487
56427
52583
40649
49412
58037
30155
154
61458
16356
58975
36189
69432
23628
29534
76379
60574
72841
42784
55260
48476
48102
30170
50182
21519
13089
42576
14212
71576
38769
63645
26959
32138
22079
49601
60829
69026
75523
87187
58343
9802
44163
77465
84256
45820
58448
88525
49462
28754
62092
63611
9107
74600
20440
6432
42172
67883
54259
31782
20472
53790
33196
1112
22257
46704
84750
85543
49219
21454
90090
46110
20764
46580
58305
23454
29988
27966
2493
85844
86100
11827
38838
94014
10
64852
66403
66631
40871
42279
36032
20130
36503
50690
5374
32118
76328
11974
65788
58175
45590
55569
4112
72033
49564
45674
93889
12298
91540
88871
92627
17434
68410
60397
45628
41636
1592
56332
16751
74241
3259
6389
80780
41221
71933
68894
88264
56717
46011
95266
71033
82685
52217
43886
15268
60732
80378
34718
18023
25057
306
71141
9430
70135
32129
18508
76880
29958
7705
64893
34855
21793
58699
32347
56367
90968
55425
50416
85592
17197
68443
55209
55276
90957
80372
13216
4395
39401
86909
37348
83249
15524
60222
21346
18765
88699
95211
71598
45942
35985
93142
16409
51495
42917
70563
21400
92744
63642
9546
34301
21176
62385
28833
38354
47983
53603
74518
49464
17250
52856
60916
65627
64621
50124
30781
93400
65232
73430
31085
20404
20700
86220
9906
31830
42844
1306
21452
77640
33622
41356
30384
54988
38368
17929
20093
94438
30632
4728
9191
49321
89115
68218
89368
47311
17881
64904
59314
45403
13937
52119
83029
42718
92335
69399
15174
15820
2097
75975
67580
84932
86260
25976
15794
58859
5635
25047
70024
94252
28395
80695
35490
29850
61229
63050
23881
25262
35612
80136
74594
42681
53774
2429
4846
7042
52966
65872
64506
83499
70845
71858
13824
53863
23145
30202
26625
87553
8566
2092
28351
73168
75501
16968
88829
88682
15596
86743
23753
65296
70017
56853
82212
88605
62793
16395
19568
73672
59857
45273
58579
15786
46708
89859
12389
56683
65562
34667
32768
53102
53307
54038
22434
85758
42231
89263
16723
41815
7997
69239
3027
16085
8060
31613
89624
64490
63883
30427
1949
94169
18226
79632
88195
38463
6113
76536
92141
12572
66622
16963
27943
47982
89335
79418
43209
13372
54600
9516
79553
43631
76604
49985
5421
85656
45028
78133
48263
86785
31172
17385
29340
86257
71536
29954
60440
1366
49113
10468
10168
32582
60009
20762
88734
79178
29492
62699
65658
3785
48866
43322
30814
37954
62727
75262
19440
48712
61686
11650
16158
88452
42147
40400
75792
75150
8788
93345
41091
66734
60162
72556
22582
59374
69590
42032
64988
88784
88878
1439
37385
50856
31460
71298
31748
4265
60504
43201
56990
92005
71292
76852
1786
79275
25626
42235
23252
90519
63254
75764
63616
54715
28964
66218
85666
9947
55059
88621
72027
49039
47510
80872
50276
15269
4024
32390
94424
50077
76522
26840
31699
95055
84759
51222
16330
55018
3983
9209
83448
74538
43644
58342
53217
94855
91263
75429
22855
80306
68009
68853
19507
69506
30804
63331
71669
51207
26318
51489
69714
22929
54912
61739
1717
49794
75043
58999
6925
41699
35761
91428
9583
81794
64237
45102
91638
34790
19398
84181
45524
42534
35070
54987
20408
65388
19279
45562
6479
88754
89721
31222
4187
53607
53553
52742
68769
3192
39131
47516
64251
33034
30061
27404
9975
44568
20237
29820
12085
8815
4116
20257
2878
86963
22305
53540
85449
54075
53011
17945
87668
91180
1856
58798
10767
19321
68989
92576
34553
74346
44892
47891
35339
69480
68499
76774
43783
39710
23658
46231
34477
33361
57063
71704
49796
52593
77476
76186
70052
70567
60690
430
78628
54646
9611
9713
47474
27654
37974
55685
89563
92654
46163
17145
1128
6233
3325
23461
82113
44986
1715
74488
36243
6435
40974
79832
47130
74686
59532
63489
64141
8918
82175
92817
40990
35590
48547
81594
90786
38172
31361
55108
81612
80194
40660
9518
50482
65506
38404
37835
53455
59251
59137
5431
60548
25852
72182
6473
62946
30551
53819
22346
15530
82939
19374
1676
78075
52284
7157
72531
7628
43759
35895
86376
11559
11274
50062
92068
49765
70428
43533
85836
11143
54369
72394
88190
37774
45841
18008
48250
58609
76127
39234
46584
50792
12411
84263
32238
18640
23512
145
50990
13851
46956
51091
28743
89997
9367
61227
13968
62479
55479
69498
71627
4889
17554
33918
37434
4681
13900
32241
90379
69718
17990
69265
84943
48682
1962
9097
81272
31981
12256
80649
71461
26903
16043
45335
71052
37130
48913
19848
1103
57747
11957
3530
82634
39246
59990
15533
84758
71751
10932
92841
63
72508
77697
6625
65184
83072
1589
89723
38782
87628
35329
11691
67876
55346
5063
12870
64048
61601
6538
28873
93350
23689
40180
32925
54067
20397
76225
71284
80041
49654
3749
76820
23741
74198
91938
18027
88257
88229
83087
8734
23127
60226
58749
1549
89178
64058
93328
71889
26932
10759
51518
13940
22194
73229
67140
31272
27318
30637
83696
39820
34732
89921
58033
32708
32808
94125
72289
4638
65753
17165
79269
80253
61671
81553
19006
92680
56419
5999
70848
22536
69294
51652
27376
9153
50375
40102
65066
63420
42335
74790
87072
69969
91923
64196
40331
16756
36197
39759
68426
58613
87305
23342
86772
91558
67748
45031
2303
61369
76985
34044
29860
19289
75358
82714
44203
66280
86130
43180
73613
49628
70023
66031
95486
88376
55311
64152
19712
16816
75662
32378
51761
11481
29888
60314
55575
113
44703
35588
39764
60943
4199
60401
94112
73825
90086
41154
77283
84753
25514
81406
94535
28343
31786
263
10364
72590
4870
25
70840
29289
17641
60497
57461
13233
12097
27995
29663
34227
77706
55316
52575
25771
715
76482
40873
59965
93538
38709
85948
53987
16264
86850
30109
8087
83259
3171
2862
7794
88926
63802
14859
53117
16452
2275
38992
70483
32601
92048
6802
38518
76764
54129
8047
20405
42446
54210
80076
27805
24556
50344
40728
42671
86022
30426
13221
91584
15727
43956
50049
88288
6772
3440
33786
67581
53016
49403
15498
10480
36712
14825
44073
91252
47849
1285
54023
36446
30054
52273
49820
2867
89630
51820
73866
72410
60250
50632
67719
80454
21719
16495
18971
65460
34908
6475
24768
43952
91040
61414
50871
68739
22735
42869
94108
72891
53815
33814
17902
20230
59928
37628
27996
72609
53910
95138
10574
19694
39437
75788
10812
14889
23345
87127
70805
47115
19741
31575
90976
1051
66799
11511
12958
52271
78220
30795
34705
35297
16414
55236
88838
90593
50130
30308
94576
90241
72793
57841
21950
25767
47845
91299
17335
84098
14076
39620
56225
20724
33735
61919
54964
12179
2186
56258
67225
28459
3375
35564
51190
84241
36339
4811
25441
90182
49220
43144
7267
16701
7998
94184
80126
52316
10474
59235
44228
34673
795
16111
9420
28501
22475
67607
4273
54929
63286
79975
67443
5479
36336
4553
18497
24057
11670
82067
15464
1370
5827
6742
38644
85944
80731
8214
8691
26534
94446
74262
84621
92978
50229
37402
64250
31879
48461
63407
68430
17718
12407
62035
9525
76815
65090
64562
43828
76739
49649
11130
72687
86976
64984
40517
20047
28331
37292
87406
43949
59691
24102
83225
51695
80017
18363
25583
49548
60194
50575
12195
33149
42907
6497
15811
17747
80842
54890
36546
54819
18222
22236
10820
4527
25452
12344
55058
56834
45078
8619
83403
58161
80462
46486
6444
4215
33668
90693
30990
61958
69443
55401
34685
22022
15012
35340
64337
82241
48663
81510
73120
81073
646
81098
33631
82989
59194
56253
3755
28861
60129
88226
67728
35506
81679
47412
64010
87282
46314
32441
1563
46961
12543
30849
29187
17299
84053
65966
40081
38661
89913
32575
65004
26341
38567
50140
36281
3060
1624
42780
20219
4624
89349
61957
91311
9236
331
40397
26250
82193
44522
50971
15965
88701
21958
19096
10815
60812
15455
90839
20861
88304
36141
44565
10585
46072
80941
74289
16864
5319
40338
39983
12128
75304
51804
21787
72953
52957
81001
71325
53201
83762
62533
84860
16421
58229
65408
35024
5343
8322
50572
36765
12955
77297
41775
63299
75972
53620
17910
17061
76843
84743
40172
28462
22553
7079
99
11652
95242
1543
92257
77123
48049
43418
80571
3861
21321
48878
93884
37215
32079
81162
23517
54317
50661
958
62962
30490
44156
7289
56266
74671
27216
9447
42761
28994
41725
8498
1765
3129
15362
19667
67550
31404
47950
63571
78536
86981
52926
23715
25016
6830
75172
66853
29094
34756
46254
93694
87929
21442
71349
9723
56868
12887
9782
15898
76345
1193
47909
36095
94066
5028
65029
85958
40867
57664
23422
347
598
47671
19952
19899
78508
31496
1119
12233
52863
20184
36213
34894
10675
89149
52847
31259
77935
27433
51537
1527
94027
20176
48610
42978
79481
45606
5084
56140
21644
23370
92976
76111
93143
48329
11140
9721
2156
24824
35676
2967
75862
77733
53652
35323
51886
17235
6852
60710
67111
81683
94912
5803
3965
16039
36323
66716
63831
29566
81636
46509
79976
44737
19914
45773
43621
63668
43859
25634
72970
10600
67352
23599
16062
68921
74973
6403
60243
64703
82661
80206
35341
48136
73423
38011
82940
22237
45204
92600
10166
58157
71741
43480
21583
4579
64167
31838
52325
46591
31585
84184
3177
31349
3078
38683
6483
43650
82871
83742
26347
5559
50916
34097
35379
45479
31658
68908
71036
54445
79809
63004
28341
73927
37424
21165
84315
89457
78046
77230
75889
15902
34812
3105
77257
88305
41045
58571
4544
37614
43639
68867
91194
15070
23723
80083
932
78995
54905
4417
6962
40112
45126
42553
18844
25379
35496
69650
68994
48563
71842
51075
57228
63936
70325
36857
50108
5864
88114
93436
67711
2301
52561
42224
59751
45370
41486
62797
88458
8598
70347
39648
30575
51182
86031
53101
52668
85160
46336
45571
78284
56007
63183
53697
44893
44569
81393
18215
82337
5508
5713
56368
56902
52251
2142
6453
86051
18426
89042
9740
40360
30527
42365
3014
30322
34788
54435
77340
52581
83904
58915
56645
21967
54459
77060
93680
27415
36456
61037
41851
72243
5854
26761
33353
57853
73307
61417
25166
67201
31751
1227
69629
54205
24712
13418
27929
41695
11459
38204
21685
28781
45948
16569
91989
77729
30444
65378
36615
15100
21306
16250
4875
18494
73462
26904
63857
32592
64461
71091
42823
63081
65649
82301
48603
65947
26130
64635
10210
6138
56175
6781
87803
34695
63032
34352
62016
48938
43966
63749
42476
40018
83798
54908
22298
87470
20275
68062
18901
42341
4181
10193
87696
59371
70530
86193
76299
45697
14623
21402
79643
88813
2442
42918
34487
26650
20821
6292
66983
24367
89021
82614
55482
39032
12133
47066
44712
23222
5834
32389
69670
50270
34021
26924
76062
41292
40441
39579
94083
76944
81930
54217
20122
91075
19124
74983
71546
81254
62401
69715
33463
79773
50893
88984
49707
68525
27260
1303
18069
89369
62746
47544
45220
48623
6439
59719
14284
42377
1511
49560
39699
9914
17384
40475
60792
38002
94950
17746
63781
69997
77100
95391
77843
43720
66039
38424
41130
45261
17106
31448
90332
34722
49750
42911
9501
3225
86254
31831
70354
21797
10437
8340
71917
55177
34959
63596
64263
78993
62437
70351
30961
62102
22253
64903
28154
38562
69216
1754
50129
18016
54235
71530
85612
28633
46752
72013
2679
70824
1459
19846
27499
23002
47313
31565
90631
93999
76588
34429
39295
74284
89773
52960
87453
68262
54362
54465
68560
48241
9390
45094
42722
12899
80048
29609
39908
77131
11765
82372
33608
82948
61048
22667
92529
84201
67400
42030
53336
51708
81638
82750
93796
55894
31553
76248
93581
39424
22509
25056
3416
83132
56013
94318
51378
72104
68627
34644
48928
54424
79173
55590
40128
83138
92542
35822
52759
73758
67185
75851
7163
38168
60117
23759
34664
20615
28379
22
18585
87868
26660
26404
31063
16925
39888
9565
77908
24489
24893
10683
30762
53087
87334
44890
90948
79674
33032
75970
49268
13432
18182
67424
75465
55417
82046
27819
58127
24637
19069
57400
4684
75175
37573
19004
114
69918
79568
83934
3882
35641
50946
14419
11440
2145
86534
18327
78776
23824
58664
94122
27167
17590
82986
5039
355
12993
43445
6115
41729
90577
63564
44833
38916
24252
3404
34111
94543
83834
12673
59164
26824
71139
36495
11337
15527
48852
63481
64770
35604
47910
85563
21553
92290
40958
41920
80759
8823
93609
20555
47781
71344
90865
43756
43236
29329
29937
55402
4022
30945
63845
54862
3220
82251
73539
64671
20876
539
76442
45224
25141
90897
88421
9764
83846
76542
8557
45614
71833
57936
10296
39961
91913
93125
21654
26211
9482
57017
59868
15929
71146
54489
45547
28049
44905
10863
82635
91211
60016
3768
71435
9034
57210
47660
36982
564
23695
32738
79016
65350
94853
76258
55795
86965
22415
85426
51155
90532
91368
30370
7270
86676
80869
13025
31644
38829
33459
57689
13240
6763
57775
46259
30729
1198
14430
6186
22217
73057
9854
62602
44618
69779
56905
69046
32096
91501
70415
75670
36996
73461
45084
32324
91619
33238
45483
17982
87488
24883
4400
90746
14009
32532
26664
11530
33790
81338
67058
73133
70728
89797
83014
61465
86312
71131
42524
31369
73737
53641
20357
26549
48131
26204
51571
82703
44412
32603
17770
21615
63268
93942
84414
15643
83204
39592
55218
78675
6642
81697
76626
8963
25619
84211
43647
60988
59310
37309
33534
80191
55367
43267
84000
22503
75592
2234
75706
22249
59657
55879
17421
53068
55196
86512
93041
5164
82598
20489
5328
75247
28333
88360
44451
27920
92192
39655
33865
52818
82189
28297
26293
91492
80592
54063
75835
70123
8364
75061
24332
85693
48937
23276
11803
90685
57241
45401
19609
22703
55675
83507
10533
2352
26304
90169
3251
6034
48729
88619
13051
10882
59202
11719
59368
54356
84546
61716
55056
19396
78134
20041
3184
69691
33162
62339
94680
27454
27078
76047
73200
59455
43766
15123
23563
67745
91080
29969
81706
1777
83386
25186
10893
14188
92644
86443
66769
77316
10528
45810
42698
18015
67930
66755
25474
54199
25488
88852
34762
93066
80489
4825
51897
33091
20221
42530
20581
19993
49050
7668
24889
23848
8650
42881
90455
40483
72717
69507
22150
52963
71998
13469
80102
69919
1113
43809
25461
18318
75315
72744
73668
71381
76393
85811
12325
86868
36412
1062
52543
23334
83329
21236
79918
45038
74643
55693
81249
43223
70900
74909
55168
29471
43978
66287
89809
64252
47650
21173
68732
38475
25793
3111
81533
55973
78067
3761
76546
51801
44771
49193
92909
30395
21937
17911
25051
93911
254
14506
25754
54174
79459
30393
16724
4779
50705
72597
77800
25341
44194
7565
39721
72525
24982
21618
440
84369
91242
91803
32043
4504
71493
58856
1644
11668
92121
44654
2317
9476
90535
79457
92991
73675
92128
55520
34869
28674
58506
33843
82334
20666
85782
90298
26690
81741
93562
77393
52473
3914
40194
66534
2692
1076
59604
36519
21552
68729
78100
79633
70774
34541
59831
24205
55300
8888
44157
65389
6314
89050
77022
35270
78637
5810
67528
47354
86750
50281
15689
77293
50301
40601
92042
87362
82698
45212
66278
77951
75295
25409
1086
1049
16391
49344
27962
1905
83705
30425
64613
24012
50958
5455
68328
60414
54494
51176
9377
1295
77335
6038
63250
67329
90887
38563
81542
30577
88832
49744
70330
11794
24053
2921
63574
15954
29938
41843
43521
7878
29598
41506
42313
40732
60590
31309
38482
35774
14764
56159
4547
95101
64748
68205
78342
31761
37305
75957
74041
18238
62461
91018
76772
72771
75070
14123
54516
74499
78935
91073
21097
31097
63926
53895
29417
67977
8026
86416
26498
4881
68501
73377
92315
30103
38064
41320
90792
71000
4996
6771
28181
58016
44619
82179
52734
72686
57135
8890
54030
18551
74992
95112
61396
27487
17000
20352
14491
93431
42816
26181
25631
94137
39434
17246
5598
46278
93651
71104
32158
43139
36058
35398
59440
58030
22154
47261
76601
55324
69850
10648
26507
35244
24307
18590
61447
61433
55595
69780
23292
25590
8706
23109
25808
31013
50447
62884
30672
68598
51038
85804
66629
53204
57888
59339
11738
42555
78464
73466
2178
8227
3425
43627
10484
19989
89484
54495
48467
2439
19870
54371
1201
9319
60543
77205
47045
91542
39094
37633
74970
76009
19500
8431
25902
68425
82414
32399
80031
87507
9620
66226
43286
14047
25080
86556
12401
63449
92884
78402
35272
58050
85025
47470
62266
31915
44456
75817
94321
81782
9542
62332
39092
54047
60612
83371
79711
7465
44054
6408
38591
90665
18753
60396
52477
82021
39546
57805
36536
43564
68227
70080
86597
66870
11005
51866
64422
76233
78582
26624
43982
37893
23585
34474
75002
56540
12140
25009
27902
93004
18254
17021
93811
12610
17553
45798
85380
67142
3503
61137
75898
51715
41611
17044
70735
71213
10156
82571
34656
38041
8599
73167
37139
39283
6006
202
81453
15324
6660
85180
22997
78281
54256
67790
4909
31795
13201
16099
18625
16956
34885
30137
94514
89225
6172
68406
92020
36305
66542
47591
32464
21843
39245
76155
68727
50953
42509
57512
61473
73860
23410
31907
53890
22059
25454
20991
56763
85190
42644
30608
66671
50821
34062
298
32521
75099
19479
70917
36582
81007
49584
94636
71314
2975
12230
31457
39732
79608
28292
62411
36974
70334
38412
37332
52378
32756
22548
67237
93370
53436
88420
12406
63597
89293
21927
69298
62521
27555
93190
26375
90715
19182
19027
26255
74173
5498
53726
61230
11992
14473
34345
17213
72226
85730
47954
61490
77429
68096
26099
90439
91785
45295
78662
92556
85991
58877
65490
176
89658
70885
23151
77236
52162
76286
27098
10635
53438
83218
79136
86202
83534
71473
76833
23573
30422
41774
24014
66173
28448
61322
74160
27982
5877
53526
9533
6373
51398
58909
87618
73893
17309
77003
23124
42549
59211
53009
43507
4994
65531
7570
94260
46598
56121
71874
24348
48656
90337
5519
3101
70640
75420
73550
38698
63850
18512
1891
49222
20413
88123
57010
37551
30862
75710
67563
41646
63110
11475
21198
61742
33867
88606
74871
93170
25910
32337
10491
15056
11060
70847
90708
83842
81332
21484
74233
64736
57619
45870
19884
16086
69892
66689
91879
44528
32005
64968
4806
57666
45254
19021
44327
29595
81415
35814
35854
3023
72715
61400
51741
56704
50480
65295
93250
68621
65422
48227
8570
82049
89811
55557
35764
15138
71523
79074
73808
25463
61774
8224
51330
42550
47331
89886
24587
28397
28511
91775
62209
76662
58368
42628
28700
32155
73404
25580
72411
21111
72694
31948
48073
30680
27770
52293
32731
41068
12103
4397
42140
62990
50568
87691
82977
13665
62292
59621
27052
36276
46354
63031
69740
83205
27863
82014
20022
77678
26742
85593
44749
74725
85475
68088
90836
43995
46316
24662
89285
58269
37560
2458
81392
3536
19779
61588
498
26472
91936
78235
78685
24465
93266
68998
5605
54983
16995
58556
26430
68922
72664
12994
20498
58542
41718
69131
49155
44937
70226
48705
64309
66789
86722
49442
6293
34824
43495
58323
28802
71216
38892
47511
76421
30281
15822
3067
88642
9117
6478
71680
26500
45409
29541
79404
62885
64050
76516
23450
42049
68872
4631
2959
15300
60329
16237
79226
16807
48859
20611
21704
80792
60917
59776
45493
4435
70
76623
716
22676
25667
26803
8966
62095
79395
87649
80080
27119
47475
55599
62172
31939
67875
78143
73843
66121
55150
93841
24870
33829
90743
84446
33306
47417
65731
87698
11311
52339
23965
67016
35066
9634
13914
59337
93114
38868
15005
46481
91599
23083
48801
63715
21942
42348
45540
13312
54144
30538
44510
22681
33701
19888
75631
3904
24728
19127
62646
77058
29030
46831
49619
28953
19727
61489
88616
49383
63661
55660
19185
27617
68483
22920
22629
20134
50646
67868
2885
78349
76495
78615
41750
47907
47721
85411
68104
20246
80006
46920
77839
13219
58946
46457
34170
72251
32724
86827
8363
24525
34
33486
522
60986
6242
58950
44225
78733
52060
11778
44741
91203
30781
31870
75070
66181
78239
31454
43682
3613
35494
29381
8212
94502
78639
72048
77044
14457
81014
41396
