17593
53772
22824
69691
3590
87218
59011
57734
54257
34598
33468
15477
85582
52254
14982
39601
103149
16049
97185
3727
52705
56581
87293
21098
57748
51230
7479
12155
82994
90660
73394
36587
7628
83898
17866
42797
96986
2076
48738
34580
98131
93831
86099
103633
89923
44222
41252
75125
60726
12010
36683
43675
15798
75836
56745
79401
57322
46657
43938
24128
46379
10762
99634
86733
37212
69296
38765
86351
68774
3498
54741
39202
32552
92792
36603
68903
35768
33633
58775
95973
48481
51768
71524
101191
16777
49927
60025
6981
47868
84882
53715
34698
31766
41293
64165
96103
55952
6803
41987
7928
36208
28901
39689
28634
93449
10467
5984
20092
31993
68464
93818
84731
44026
9519
69687
274
98338
54882
67957
70779
91258
57925
49301
65802
1344
17173
64476
93432
57746
6475
65346
18232
74408
16276
50154
98396
378
61947
101580
69839
83819
38021
69208
16481
21586
92716
38468
41422
68503
37741
9572
35192
72400
83592
89106
23084
20129
63477
40334
38762
45893
58807
65000
74371
76370
17543
97098
67816
51833
71419
95367
63401
55058
4778
60927
21584
45278
29320
103734
80132
94932
49381
68585
3494
28610
15514
50907
92877
75066
34203
15130
83570
83969
44853
35197
71842
37227
80211
1625
99066
65698
69363
101007
56222
86875
39819
27860
6776
97832
89635
69920
8561
16251
11614
102289
17317
75710
43680
35761
69148
62998
53950
60626
99655
80784
23112
87876
20337
29983
31798
91895
93822
77236
54302
58717
38386
54649
92223
100642
42864
25314
85972
120
11957
69732
75292
51826
13742
18543
67673
102730
12173
102150
92356
85929
7111
5230
58703
24152
51134
34946
100311
13031
85806
71474
36250
9213
54696
49800
93890
85040
26512
3517
103225
99065
74923
29680
99478
27990
50199
55525
13928
58423
27495
31002
98715
94718
6251
16640
73433
57862
49062
42037
58696
12350
64858
3515
73254
37368
44867
79526
55854
81909
3975
37578
24887
12781
58074
62201
81830
94755
86745
65387
5169
92555
48882
67430
25700
59505
76965
67513
97685
76610
7633
94381
63424
32521
73123
27857
102695
6361
37404
23984
83304
4420
55954
48582
39196
38004
102848
73175
55804
16085
20463
90738
497
63536
1504
27843
78079
53436
58471
88424
8352
103470
6107
77929
98317
92268
59278
70743
78665
40368
16561
38794
49666
92457
84954
8824
77913
2573
65292
91263
2662
62837
66754
35180
10332
50161
17945
35293
13225
97257
52341
21679
29583
52636
27035
56573
87874
74638
91664
56501
41307
48072
1192
45133
52603
13030
4267
91864
88865
79395
84904
17828
54612
1891
15533
8223
28369
1011
8236
11836
83986
75076
69890
86262
1234
1719
38440
66323
102290
45727
77461
6147
16462
372
34353
25168
97072
12144
28699
21544
63496
101834
40175
6705
94375
24537
16773
16955
47914
5882
58007
35916
27776
75777
78256
101838
63843
21305
49774
96715
30386
60680
73606
77762
4147
51325
62664
54422
31183
51740
53496
74327
29745
79763
76486
82444
88377
16569
40827
95019
90364
19455
75951
93050
73202
82412
92970
90372
60940
77423
15359
77864
85717
32178
68549
36808
103508
42383
50171
89469
73278
34937
85697
89381
15240
83448
34171
95093
77760
48076
97953
66677
88815
67670
64658
95538
79063
20424
34999
63499
81562
57034
94057
38172
73373
8967
43360
74035
64194
43760
70478
78794
2187
42812
14709
68948
52059
52697
81048
55007
43298
41810
99814
63573
10594
39997
37738
51862
92068
44738
80676
46026
32740
29378
3099
75479
45385
11989
41299
23945
17898
97992
95585
90775
97728
45547
54107
21647
57486
45276
13843
19858
41966
26201
34290
35725
48470
53938
9602
67257
70406
82798
26739
27456
91856
98674
81019
25396
18157
39815
43782
52377
62268
77176
15037
96546
35251
71689
94076
48776
30325
26276
27793
101403
28767
72382
29308
47656
22746
29496
26151
30258
38980
94782
59677
34869
7243
51539
96235
32582
89837
58553
74509
84107
2959
44388
453
98915
98784
84748
36290
30611
49253
96345
14856
82558
65001
63670
21658
90011
72630
78583
98651
42901
94196
5674
19515
83846
96725
91003
99618
73887
96840
68847
41406
49775
87195
103558
47205
5416
73919
55240
87985
76505
91597
57218
96408
77884
1083
71759
62443
61998
46163
68086
35099
34065
68729
5354
24394
25077
15516
44916
81629
53394
54401
42734
59836
88523
85430
20692
61693
72560
31220
6697
10098
73769
45308
99260
98329
94716
86408
37658
56641
91475
69290
4703
95839
66095
102049
64839
91619
43891
63287
69975
81590
59394
86210
3224
72132
100053
43903
101749
51594
23310
55690
31497
92913
50433
71820
17913
33090
68632
38465
27847
88339
54491
26085
102915
8542
33601
18111
78822
54632
15603
35757
22504
97517
17322
29098
90107
18008
90850
7728
52263
40179
48950
37018
54279
67768
3917
76883
58690
35394
15656
91629
44057
72918
98745
96919
68236
84507
191
20292
19795
9571
7558
71482
74786
55948
54357
101612
22587
95140
67754
19481
59523
64790
11764
52659
80504
68283
101596
70720
62863
83696
33273
33741
27600
4899
17607
39704
28344
5404
84471
33552
43567
80190
19586
39442
8367
10607
94465
7768
76406
42883
46612
24126
6522
49052
103669
32497
19648
34963
61176
91528
5728
98731
90019
8217
96769
59088
77452
19759
64349
34581
102626
45681
9273
3066
92459
13926
24457
18202
31716
103982
2257
6655
103717
90542
82046
89187
77400
59454
5970
36950
2227
87182
17480
1482
81339
66358
78668
11225
7500
81926
49819
52474
33835
43810
81945
31975
68237
89340
15167
1271
100163
18920
40274
35463
70185
92872
89888
47418
80451
5338
71673
37506
35112
15018
32277
62124
35886
90727
72900
37188
101416
5381
75338
12116
2829
32021
95954
79868
84545
91392
27742
8323
32237
37852
12714
5784
77932
82227
26578
75764
17722
14872
78803
61237
93243
67400
98425
43787
76334
69777
81372
76979
94706
10626
50453
70583
65597
85072
37253
13207
78203
17744
75588
10515
97498
62621
4592
13001
49073
6119
78826
696
38964
65101
29915
78634
89077
35155
24556
70727
10182
28446
56908
71504
65042
98271
83698
49943
77654
68286
94996
37552
13372
18177
60175
103449
40309
64029
40435
48274
68580
91230
70516
35722
50023
9121
47359
99612
51179
165
92757
92659
30480
4044
94515
69873
28587
33424
38183
10577
88462
84845
98364
67352
28
65130
75289
53567
68922
87615
61000
94229
39548
17780
62652
56635
26813
33812
58684
67291
65885
58271
29000
409
47021
1334
93628
8808
79753
56669
93404
78713
36083
87970
23602
23854
97416
52661
36279
50531
35307
73665
73344
96592
21999
7316
49111
14451
66673
9020
99713
80181
38496
53135
73870
9818
72364
10393
79858
85490
26692
192
45830
21775
55334
53520
17437
38693
5464
52793
85308
28325
86787
11008
70811
27961
101714
26139
35572
40732
64619
39936
35989
17903
95794
45310
20489
92836
9233
23478
38905
66205
34199
68215
44915
20136
101212
20988
76750
86570
83574
35157
43413
872
24461
87134
524
69240
64111
24548
53790
45434
5478
19255
10411
35804
90038
56966
24693
82112
32896
52585
61873
80859
31529
84729
8538
77126
92819
6373
29398
93635
46412
30698
29111
76116
29475
21311
17981
67195
17892
43177
814
70324
36365
25104
34681
12181
39250
76014
56032
28016
67499
56012
34585
54616
41212
81613
101934
24648
2808
52599
10459
87759
75788
43970
71851
28115
69351
70916
24760
99899
95262
42315
57550
28579
73176
29280
330
22198
13100
64134
82566
79397
51035
34223
72238
20952
36341
8243
27172
9357
20853
87781
4399
97660
5170
92263
4536
26967
94544
33145
88200
71955
57136
68458
39691
1233
18866
15367
48987
90429
19781
32439
27193
49914
42773
48006
10737
54753
94712
68731
37699
11356
21302
42016
42796
39513
28826
70067
54115
76060
100728
22981
39362
95373
55486
95871
39294
102612
58746
60878
78759
102467
83955
76984
78022
68179
15808
42943
61609
51427
68526
82468
8838
9226
96517
51130
2445
12837
87525
64605
97959
48733
27468
43716
95163
2158
46322
85787
31256
5744
100869
69851
38343
80420
15810
102857
59038
17361
82329
12127
29349
89260
21627
91983
98196
97333
26205
97536
58001
69382
101645
71094
50785
50615
57992
77496
59887
42421
10185
77138
95944
48885
7348
32171
17864
66581
24710
74888
25991
95835
691
71993
80490
98601
27311
9537
48477
62173
20980
56170
24542
72877
7079
41249
11325
10477
234
65432
42418
16388
91532
1910
43117
102977
58769
79038
74984
42091
27353
95866
81494
81307
60247
96523
28574
53830
25241
6976
83104
60831
3823
97964
99808
78033
23253
14954
54253
72568
96418
43594
93799
1488
8256
36043
13834
18720
77255
65324
46290
69189
898
35894
93027
69181
56839
4176
65753
90486
7608
84380
84908
41924
76869
17671
32432
47125
31624
5800
102159
103401
73821
70857
59722
9228
3733
95668
69551
49422
16198
40955
101491
33855
80979
12484
48490
55102
26994
40159
58641
25282
15142
52614
83927
54344
65637
65147
63408
71402
24202
34403
39085
32437
5808
52215
103212
58555
20608
12801
101010
60323
35623
3734
45607
58678
28465
92843
89491
61987
71433
42314
95481
17664
7046
24872
40420
98686
80920
94456
48827
21870
34196
38259
84260
44893
31125
15855
74718
57743
39501
74530
34248
2860
23156
2761
50221
16099
58309
56494
48865
12268
97104
82532
15163
61698
52134
93678
10521
24412
33977
38508
66959
93572
34825
7404
78863
24562
68925
54639
28887
49871
23863
35322
27900
34543
70160
21806
81584
11629
86719
21613
63823
16103
404
84135
10669
42635
79916
986
99740
59994
1121
35785
5149
80963
60301
103059
25297
28758
27720
19964
34217
5531
97935
33870
34284
88818
40189
26176
59497
59623
52288
97846
94210
25922
97790
48612
3175
22732
49048
64483
18550
60110
54105
52292
224
60766
1177
10124
45973
65690
98580
64496
78298
63352
78197
23239
10891
17525
26966
54943
45344
79829
1324
51461
84354
9161
40380
74715
29704
3925
49436
41331
55479
76099
94791
55060
76764
74439
3050
79351
97868
32893
79942
33525
27933
39095
12401
84772
71681
49276
55608
86457
61165
25179
34440
47980
44105
48739
76566
54821
95594
41298
21672
7003
13867
88361
20569
103428
94181
63661
14187
70417
10522
33251
24829
15326
26589
32886
71133
23464
9984
9561
17687
2182
92677
6362
95740
41864
26789
42788
40977
30754
64967
45667
46434
57940
73387
38750
88583
23076
22482
32922
49486
93314
44402
27913
24453
92076
72025
4515
79436
66978
60757
51596
63881
28060
78820
91752
48235
47571
34129
33329
13983
80091
29054
89127
52245
40690
20249
53755
69631
80911
62862
35945
34791
77719
54542
101686
60840
21894
96252
78102
73311
48649
45995
56201
49163
34863
34522
2388
13527
41301
37882
50202
88194
34094
62114
81939
33338
11281
76280
35557
47329
5007
59140
101663
20193
31540
85252
73189
90626
42447
41573
85004
92630
1902
83164
56875
35360
16413
276
21867
40129
27746
7827
86489
39346
26095
18286
50843
62282
67531
44358
5928
54202
12867
82302
10191
92898
58598
30744
81143
96435
42707
54457
94581
38200
10275
86234
100374
74379
76632
103506
95659
81758
52602
22812
98474
55121
76881
102014
64644
19419
70272
11168
24792
64049
41052
13960
73441
11459
90481
85824
92426
76358
7368
8688
51882
49316
72761
90649
35522
19234
2805
54782
72619
78099
78633
66157
7081
90348
75357
61946
8646
94273
75932
80418
38134
2442
36015
75939
57184
65162
16436
17438
55859
19755
95011
71243
49760
74199
51021
90167
70573
69578
91099
22641
18481
71422
46195
14376
41506
79133
82987
35473
80899
61259
51735
88461
18281
73744
95461
20074
8058
52561
3922
31066
4202
26765
25940
24764
88731
3012
72082
69547
48540
97909
93203
43012
470
3432
92256
97600
97258
2909
58058
7776
93403
25406
38085
85839
71703
70538
69904
77770
52868
10707
17064
90736
101923
66387
48725
30502
92323
29401
70266
37285
34366
70553
20144
3980
9114
84448
56302
2539
98240
68284
59881
42435
55950
76165
95805
79533
78142
59560
94804
35260
13796
74909
80916
36831
9314
98904
43017
59143
77155
98523
6861
23612
18032
100607
75025
100544
20737
52873
3261
39276
92753
52734
17087
11430
102936
3407
50190
39397
83330
14625
35220
36332
13533
11398
44682
76160
17808
95848
57810
41143
64229
90730
39690
84126
25790
101155
53347
60787
79644
77391
22055
95918
5799
79654
43316
22912
29051
103285
3465
40102
51811
79009
101196
97900
71751
88650
17921
49077
27467
83298
33874
23060
37481
28667
93446
25880
29587
32498
69011
21093
46925
72615
17081
27036
16548
59766
16542
72323
36732
15017
10612
24410
30936
91580
26655
102528
67471
62818
57321
66815
9457
101065
65375
46720
31041
77222
88075
70873
68315
88282
57685
1735
68583
95261
63821
101713
57634
18753
17043
65823
11130
50182
42400
34797
63723
84994
65655
39492
64112
50054
91669
47736
70660
81774
55960
50303
10365
95561
81321
64019
71605
41077
42584
75517
46004
23362
24557
62997
22983
54367
26118
100376
83009
58023
2051
27192
51342
77639
10715
88185
90800
76703
19961
19329
28503
92238
56529
75851
63018
23498
66720
86117
60671
29706
74518
37180
78267
14765
80134
53760
102230
85528
12367
83815
32638
92514
85427
86795
44338
63658
85988
52468
60169
11512
103854
86182
25529
98443
50701
76618
25861
77679
30761
16192
80831
67551
18694
13610
95470
55672
46685
25035
53471
72805
101905
82421
77678
12748
101621
72720
94993
45719
64263
94115
89850
97122
18921
9994
51863
50627
51518
51429
85035
31894
69549
35409
96203
64213
19801
35325
321
32669
61060
12255
10510
91616
8211
86891
101341
69510
98773
3580
1205
709
14898
43648
20839
74155
64269
67100
12934
6271
8729
8989
42749
44424
12006
76168
76036
99991
54099
80020
96914
25026
67614
18730
36935
42609
84948
83405
2549
86243
73874
59456
75250
23192
101852
70076
97597
74036
70929
66381
29030
99210
20749
16052
8574
12558
56420
99599
23230
95459
63903
6378
45662
51363
60557
82150
66404
54719
17006
66886
14517
40512
60610
53819
91162
51549
7464
2625
40499
35971
49250
41550
60138
36393
18347
72450
60986
57026
59567
63907
38927
49282
72903
62633
71992
38971
26572
21292
51223
69195
97241
45518
34576
67644
83142
60596
39433
162
64412
51107
33526
46816
83558
75891
13735
61262
39055
13417
24176
22723
16307
1159
7661
79453
23571
30379
99568
51475
87633
66101
54274
15599
55788
62340
67847
2743
88672
9129
35074
16665
10232
76540
66682
28360
8173
68926
98802
81139
16779
67146
16609
58352
63667
73253
42027
100821
102875
17003
13611
18581
7609
71443
5823
53722
12840
43590
100612
103347
103547
59943
78526
28601
53997
35980
11659
18085
36663
91720
6783
62228
72495
101012
90707
37138
90144
21615
79586
10342
94046
73301
63276
95090
14427
18799
3808
59726
60922
28710
13082
3217
85435
53771
15202
11278
59057
41735
54275
30264
74615
80629
58415
43794
713
83437
15773
90635
28419
47717
102786
100165
30705
42395
85843
93023
15899
101601
75396
13441
69298
56357
85138
25818
59767
40049
47391
42298
93692
91028
71246
49277
2827
41824
30834
13844
70992
27174
87675
17034
39606
103302
11477
62985
30291
93510
71845
36375
33071
22011
81882
1944
49521
77268
74457
4107
57265
35649
92497
81503
23583
63165
83792
40747
87191
64753
12334
85914
11050
30596
78810
40278
37110
4906
48167
84880
55755
91217
43437
82885
67707
93588
28300
36590
73992
48917
65893
15651
58180
26527
28830
25570
91078
73338
75123
85647
2090
3424
14304
87789
81054
86688
38232
21044
26767
10316
60148
68001
103143
19361
45275
60599
61197
40062
72911
38929
75212
45174
95546
74222
40410
17851
77807
65864
79396
91254
27160
83750
68892
57874
27938
21850
97762
80401
37400
59849
17967
15105
70358
70373
3024
63120
50377
33948
97401
56643
58425
73543
49687
28014
13169
1061
57097
37618
72652
10938
52145
22462
72748
93084
101185
29095
90966
36628
18672
5605
101856
41967
24699
65718
360
30065
41877
80005
54206
71860
60677
4124
74023
16817
73740
51744
63710
73579
46822
116
88400
35627
4418
103304
4255
46222
44040
52627
98859
82686
24855
84299
15337
55073
96430
20152
13904
87077
46458
84744
61649
6413
11755
8139
86299
23962
22483
85786
29786
99126
16513
65922
101840
54158
21681
20879
96993
33443
16697
25895
83668
38692
7987
102321
90466
39608
38420
77870
100203
40719
39151
14396
2157
66599
79097
97631
73473
49448
46428
25976
51240
94320
33663
81651
27912
41400
29585
72313
53937
8137
60191
5696
46765
22539
102987
15207
34913
61763
10767
56037
79941
13987
82809
16082
21690
70140
81981
16242
23193
101302
23779
72516
48280
103110
27895
21589
102674
43217
52025
24422
16893
58534
96382
73426
84806
67774
5666
91007
66103
66377
2904
62582
49995
54475
52730
78482
2953
38784
26336
81554
79799
12878
33094
96369
28037
6268
31121
31863
6283
37849
40778
29963
98816
22760
63192
65671
91461
29218
97318
69770
70968
85178
17910
48407
18528
49324
67781
43183
56710
52909
2981
98326
11091
97686
18610
10867
99855
44027
69847
71154
71493
6575
813
14821
103060
37510
30644
14849
40244
45688
60111
13977
50175
94533
7518
84555
86507
81916
82407
53973
84137
62737
95588
81318
31105
30876
103230
26803
58511
96981
102362
12524
5645
6922
24112
61610
74543
3345
84763
63989
53518
103895
100882
70009
97661
18717
78876
60729
28492
100348
46187
56507
74345
23493
40724
88472
7396
10529
17077
101873
12682
63082
21939
75436
91651
13750
61047
39103
9698
27120
26190
85783
7819
69934
57125
15504
18153
98593
41382
49357
45807
62852
56147
32169
77172
30999
47963
36403
76758
62875
10799
64156
82656
34028
78179
66125
85710
101664
70333
9424
2998
6656
63264
47769
66441
11394
91538
94948
92073
46310
88878
31704
88795
16853
97648
95701
79696
58688
85773
7347
21296
52733
73607
31969
102332
95788
55722
92687
70074
64103
41082
101162
68971
35773
76495
52306
79894
51897
24241
38764
8951
13710
6684
40876
25132
93592
24331
99305
7402
40574
71748
100301
28424
58340
62324
30895
85652
6040
22572
17682
31076
18420
77002
61556
96639
88466
48255
103964
14953
60684
41896
46320
74131
48623
18829
61365
24678
63518
78798
77186
31135
75512
62083
75491
41790
24061
85141
10760
10969
4889
42884
28188
97544
47545
39998
36505
51057
82501
93143
84425
16480
66528
14585
43700
68193
34822
61236
73531
97100
39425
78388
24946
20469
35977
60504
13224
17098
50595
55054
78768
25959
96584
34744
70131
93491
98845
59598
64429
6569
47319
80804
8159
96601
75442
93294
6102
81616
73042
31698
7276
42370
60498
53152
61450
28860
97866
1577
10620
22199
39040
32485
42346
160
40284
87778
65405
92760
14454
96778
53552
46463
3272
17205
94326
46468
77785
99493
27849
34018
65494
86021
83619
8004
44086
80803
19979
43562
9670
13620
48697
15981
88893
32820
83556
42178
45950
32106
61268
95208
60231
46
70181
6799
11848
100643
39976
499
54044
55232
52406
22388
30442
79007
100651
2476
24526
89019
89658
62747
92769
16768
23188
45556
52195
44409
75243
87934
93631
12797
98861
67973
32271
28636
13920
53575
48915
17061
36620
79343
40896
100529
63350
10699
60608
21602
93953
53450
47405
99689
41450
94865
80778
53844
6109
19340
94373
94529
98908
60047
99196
37142
82750
5318
38348
73154
88070
21745
52735
16391
95953
27118
13320
24586
64025
66368
10244
59130
40460
32968
57168
51922
2063
43515
46920
55735
95476
23986
97905
69574
82425
23411
23391
27934
86905
22409
68139
7625
101753
18250
10751
54371
67534
99185
73016
13684
54872
48842
67901
2882
10524
8066
58270
83041
81446
18721
73767
75129
98372
36267
61358
16693
17675
60102
42500
47427
44328
85136
6014
1123
28466
68487
99471
96962
24960
78191
84558
13355
14795
1759
15044
72692
10516
82039
28509
92063
78815
10507
43071
30536
5905
66070
34858
51393
23725
53639
92815
81687
51094
61518
77804
63946
24573
41791
56982
102487
69370
82101
59308
14386
61231
94967
37125
27850
76747
5680
68652
89484
36312
97311
102176
84195
40833
43086
41716
11515
87750
98232
14367
11910
75732
27278
77109
45478
100930
60738
18265
32103
97812
49240
103984
7755
88218
95075
31921
3528
89244
95500
59625
101578
15007
5457
6878
72347
79380
45008
33096
21978
782
68270
89101
23853
71933
40384
41963
10861
3391
97450
39024
14674
92810
100657
27143
1538
20275
16772
76843
110
85984
73912
16140
32469
15203
100333
67837
74691
66817
92271
97187
46791
26410
85589
57928
27420
3990
54763
35346
14350
69892
57995
8966
55594
24163
77054
37830
69647
78157
92179
61944
8052
88534
4999
93331
79087
29849
14459
78819
14885
58548
49501
5424
10875
78466
2600
63930
23950
3703
65362
87760
86183
5298
69587
2358
39125
81845
6757
14656
74693
85227
64099
45960
26120
15002
60197
81279
88916
85453
36968
4027
31840
10444
94242
53380
87126
49143
23551
97943
31476
71516
49673
99193
67002
23856
8388
62805
29462
68794
45904
41342
39754
63834
5684
73596
43935
18941
45334
58390
103322
41109
6709
51784
41939
26065
16942
62617
23533
30688
71809
65303
75522
28237
8800
74028
19192
75774
79963
42619
38028
85851
35628
67775
1936
56192
59165
68864
74462
13242
65814
80489
34127
31741
23991
68733
18942
45985
101089
78068
96106
16787
13647
62229
88255
80086
8203
69386
73308
76030
15943
81081
85416
41258
49533
34787
43493
101394
2871
64125
45618
80860
99000
13336
44697
93774
54975
1564
40218
91607
47608
72945
14864
80850
95088
9525
42126
43549
64747
46520
103379
89315
49183
23611
65964
12865
30993
102932
16020
102021
85110
79883
45525
1305
85732
67077
85147
18168
40522
19892
93137
24660
86744
33233
64943
82577
19061
81294
45975
7595
13608
23014
10375
6587
46659
92986
75906
24094
38109
6606
78796
38296
75829
36876
41186
25777
33750
42416
47797
57068
5746
49881
69060
77643
77318
51578
78909
99314
80531
101216
11574
39594
82082
22601
68902
86877
97205
50009
5252
31081
7952
89408
82247
78043
28878
49905
54061
10535
70378
27424
52969
11561
69097
68502
80203
73620
53200
12616
63320
19731
44890
18428
14061
90205
27630
50306
14762
40615
87939
20298
9988
4589
19136
66888
35780
64549
27400
92394
62162
76260
23878
90745
58771
74576
45417
7090
37971
31996
57710
28516
24349
10766
57836
71358
47709
50365
85209
63351
21476
84711
11594
59594
33930
69320
47524
94316
441
46717
103277
65142
9789
22729
26440
21767
25652
49649
73600
97441
101595
17211
22932
29993
76019
79485
45043
8964
82676
81345
1732
30941
5325
71858
28099
8713
27499
47268
21383
37457
84234
65852
58332
88606
66831
27065
93325
8096
76385
58997
67825
85808
38917
17683
74451
15741
35544
95858
35203
54394
85469
31913
75235
54633
83487
50825
88872
40707
15638
11881
29044
42067
3611
37715
19529
31721
18092
64121
78063
24977
43027
37243
4524
38575
53984
86176
90154
49263
34972
12209
99317
16439
68515
33106
49421
89110
11949
25487
90215
28905
49863
96403
15253
55559
42583
39154
100248
72330
10528
52051
49150
28468
65230
14622
95718
40290
42789
44334
4313
49174
25246
79494
50473
88927
63539
96820
66736
35610
62267
61660
12704
21358
102917
94138
87714
13329
14276
83814
86082
47347
58858
11554
82114
38904
27137
60029
11522
66391
43450
38187
21757
64485
87949
69209
25385
68301
26987
20488
64026
31875
10339
11142
47957
47456
38132
58866
100475
74351
60653
42757
18775
12348
73966
78104
47684
95902
53704
84714
91092
90661
93223
61303
59482
701
49705
29734
101134
20720
87693
18138
58828
45850
39364
29930
79071
72245
31844
83680
23766
44732
64332
18405
56161
42294
86886
40772
13492
41664
93715
60959
40717
69295
58407
68304
81913
71509
34275
4354
56592
53736
83360
22104
6335
13758
2013
71571
49897
97719
72848
5216
64057
42594
16813
52405
71191
16954
38685
15170
77419
41748
14410
9094
2444
99574
21641
56444
44802
6810
45378
71147
7603
21938
63117
35872
96796
89777
83283
49335
73244
81144
5313
10587
96149
79459
97064
84575
20072
88805
31459
14526
69616
2060
14822
25568
27892
86248
38385
47866
82309
51285
40619
81626
35919
68020
19180
90407
102227
1417
13080
26231
55418
48731
53042
50269
42086
65306
33999
99742
57793
36292
91824
102788
27745
53591
9752
79019
12767
25263
2498
100373
27705
11690
62956
81251
31736
2469
81633
74463
54977
101988
86964
70519
96368
41529
38415
24651
9082
8854
42363
91249
50571
91234
11963
43561
58481
32681
63947
94438
71977
65555
53278
17804
38258
26458
77636
100007
75523
90180
19512
4445
2415
85784
69170
78548
4566
6129
25191
31254
14759
20048
83014
53873
38805
83042
100912
60937
94420
87733
41254
51774
78676
80659
8547
70432
81276
63922
70773
4590
60819
68700
88332
34518
59484
13565
72315
54672
52530
57479
90920
49350
23999
8040
64545
63538
6352
87782
28975
46313
41376
62708
17515
65980
89473
63227
73130
52146
17942
44061
61903
97569
57524
95432
27427
14204
3996
65127
27578
68410
60699
38787
42232
101231
75405
69425
95496
31229
14664
57035
8879
63813
89412
748
85533
85292
85919
4910
1781
18009
5153
62942
57307
7636
82879
59450
14578
44947
12079
22108
26532
30383
85068
28534
35779
23845
34151
54849
72129
62248
70840
18555
8948
99063
96998
69408
35097
28306
6239
65420
39851
79403
55507
41763
27290
45331
10364
91692
46229
87166
23543
100563
97271
74412
97988
80241
51859
38962
89195
101265
7292
36023
14291
12236
67859
76472
9451
82725
85955
45963
82137
73483
30683
93371
68626
57285
79
60657
21657
32951
57036
101773
3952
53203
52181
3252
100902
48370
34848
60712
55172
87474
57859
15546
45892
51199
24766
62057
62950
80365
72057
63688
63742
2160
71808
101402
80382
8649
75124
7701
16847
49009
47649
76440
64690
24546
7494
13467
48753
19800
48196
20535
53625
11227
21879
83938
98808
36193
73603
1636
68336
7259
4550
90028
87624
10017
96098
5220
15647
45565
53492
52617
60591
98998
7835
67648
6952
87139
31321
100031
86111
80567
25193
60861
21618
67915
56094
60649
10473
76692
15586
12237
91953
29323
77857
12149
37791
92291
31904
8864
8306
22337
72232
44045
77431
68436
25267
92212
13149
45847
58343
28850
2154
45619
41650
93311
51159
89425
77517
65660
94366
22431
87161
57262
26050
76955
14901
45309
50969
57008
95882
76828
93410
8760
11626
66587
30589
87363
19887
70260
75577
27001
74820
17599
30151
69179
943
83218
79405
51562
63828
42411
78232
64970
60425
28642
97491
95566
8990
20505
81155
54332
76172
70789
24343
17449
39551
42182
59187
49786
26494
71581
45000
24184
30418
13470
90487
26482
10999
68657
55813
35666
21339
50744
79498
76492
88234
14897
65296
93511
43595
78578
26865
4342
24697
24642
6746
13168
68672
2772
43175
95630
43255
103308
70042
6561
67321
73573
1170
32651
98936
23065
52533
42334
32911
75530
89301
35334
16732
66583
77690
33105
85020
18972
13090
85461
42987
14533
81409
6761
49440
57256
68516
11294
78623
59395
25825
103238
57223
44498
42703
10726
27645
530
49635
35023
73357
73766
20620
56277
26100
89527
61970
25040
7064
95613
101523
12641
86220
9435
91246
75643
52212
40549
30246
101627
67106
39788
47840
39873
3610
51161
92303
47237
98209
47626
58699
76027
36134
19508
32924
28456
91942
90072
97671
72285
17985
71041
49626
58319
14572
68603
31455
71707
42318
5590
90874
27141
30072
18505
92950
81169
20594
13025
89722
91127
19334
102003
25635
26964
97232
97391
102874
76194
66518
29561
29660
94599
41605
101358
97991
73929
14136
29146
67687
85263
8761
50839
47330
84134
36942
52332
76082
96472
57630
22544
41221
93481
82169
24062
34034
38081
1030
48355
9040
33847
79230
20239
73638
74469
83285
80608
17050
57474
19207
32433
19885
92247
95419
72865
97182
8591
29400
86509
57260
205
64311
82213
17759
555
46100
100399
14673
13450
40205
6072
45654
17371
85229
33227
14016
60378
25640
53963
67662
64190
46772
98768
81856
36547
76364
16053
71747
17330
55225
1014
77898
14425
2821
49224
80276
8144
46417
43091
73807
49876
101200
31134
11347
18609
94838
54319
46824
14130
65093
85677
16967
42064
7790
7293
73422
89697
5955
35246
45661
57653
75883
4676
29412
72269
94108
3649
92670
63952
675
31674
93266
72331
50111
58622
11959
94075
16882
4356
49997
43133
31951
12473
79185
66894
44082
15593
62651
103831
28689
6230
61163
74442
70547
7336
94628
90791
74680
53776
8115
9645
69663
27667
93286
43703
61594
19337
86373
75795
3015
15658
103445
83240
99428
96519
70097
96548
51457
24097
91770
29322
28777
95118
86769
23660
42261
54039
44998
81611
39417
88603
15215
34155
51296
41170
92174
87821
71507
41117
159
47353
60127
38350
57212
74801
96407
95649
8835
93720
84231
48058
88520
43059
58470
69514
29316
49538
64612
47479
79030
50832
66540
79872
82484
915
40203
26809
9247
36948
7942
42760
20056
45914
30618
5316
6764
20966
3319
73036
30551
10328
22099
44722
78607
30089
75996
22667
64732
34258
65883
53893
11834
59120
98189
26393
25989
9207
87893
86776
69720
68447
50542
31887
20963
34716
43645
93018
75019
48566
76427
41285
50929
30204
56065
10448
35464
103345
100018
96018
55652
49993
65404
83958
80539
49609
83823
27125
18896
102042
22547
3439
3280
57018
6555
68399
98895
45803
67923
5721
17822
59987
36816
47495
35233
66474
2170
23905
32041
29564
5118
38943
94812
35395
41530
59304
2173
70980
13734
21799
43319
48168
4557
45628
10558
58175
89476
63633
89525
60195
96920
5904
65041
41729
57786
97150
67544
19259
77281
19399
66444
22347
52209
21369
20684
62214
78373
50266
99856
93408
25854
88383
31274
59867
92000
16582
33944
37996
19199
44659
1088
64048
50890
97105
35517
3508
8427
68404
93465
68736
1879
58645
10664
69090
85821
22795
37480
2125
7217
67401
17465
89939
11220
9041
69837
29612
99056
18725
88507
64166
71276
94468
39542
78340
74931
50093
28986
25379
15565
64149
19658
100550
8214
99993
87879
61651
43373
86
31711
86873
31839
23332
5379
13539
8182
89357
28381
30908
88621
6446
81625
38363
97878
53001
88183
65115
97574
16557
102928
73737
46457
43682
39405
103067
70351
66294
12153
66602
95575
29500
82051
99896
103436
17181
69053
95818
80829
87124
36324
88034
27808
76264
46880
44260
15377
93612
65246
73575
18821
96552
14995
10164
23181
30707
69951
37439
18926
83748
64472
69947
51652
35596
81511
99934
95608
22739
53765
24472
67807
85338
70722
31892
57452
45222
87386
98995
95621
14690
19533
33924
8556
47132
24779
73594
38518
15317
17231
69941
92634
81658
79787
11322
103798
58073
68798
34893
80591
374
84105
62271
90506
72551
3740
49782
94938
45042
91834
98926
87576
19893
11806
53687
58444
90873
47392
102281
91181
4705
14702
34930
41300
76899
3937
84789
90013
8789
50951
40918
31764
14351
103050
78208
61715
39050
1194
79307
92108
13814
24715
90788
18067
15570
27438
14190
61688
20299
48120
70410
81782
60815
9515
18076
10043
66549
49656
84431
33862
28414
46726
45350
36889
99624
65775
63999
50378
39584
87602
50983
39567
39994
47981
64718
21455
91411
54354
50964
56913
96937
10095
62792
79312
47580
76159
51437
66457
10110
48671
66481
51046
29772
100049
20592
16545
50619
43284
35794
8408
32344
28849
102091
72311
84925
24875
43260
36196
85410
63971
3222
10093
40081
24107
28967
15994
71395
28736
69338
39495
41444
68900
78025
29231
102000
61360
86518
86475
23656
68640
2623
78811
55434
23091
90560
68676
35389
27509
1428
18703
32230
59093
101215
26919
74422
59574
92210
5376
25537
41158
81232
72423
48845
103741
77642
73197
62286
28829
97982
31715
13557
81822
98713
85960
45741
44731
11481
4972
74071
24207
76798
61794
2673
45242
