82909
94807
58265
88647
25832
29772
103010
11246
28942
49399
106822
29883
6059
1943
1606
51832
61192
57235
42796
26122
53929
89645
67404
64741
100505
94509
110752
57980
83009
66159
85949
4157
64304
36363
79739
93424
28052
99065
1729
4699
109634
68546
49837
41244
102584
11751
86543
109026
57318
100428
69568
7426
111909
66349
981
74928
98125
98794
54696
81421
68869
6437
47752
109277
30060
23384
16376
2035
31583
101141
48091
84586
27959
107383
56214
54756
110771
66357
63491
13726
35768
97945
47009
64672
76931
83152
70697
40591
56542
49223
113084
14594
22876
103933
22843
45528
89917
54962
108756
52134
111687
63626
106404
87394
25913
60096
67526
103958
40196
83054
78106
16273
54779
44579
54403
3345
50066
40512
14193
22022
80649
98578
50660
22763
103802
92285
67456
70466
83252
78617
5887
21359
71972
95144
40879
12473
114501
18153
72352
90357
8522
30304
109924
104858
74765
95382
31958
16544
99743
23744
108300
76810
47302
95513
85839
112263
25656
19255
61764
111421
7237
96113
23368
70693
86109
22007
46315
101164
76142
87999
36457
51576
98265
57365
108452
47085
109076
35578
59170
35861
109396
73996
97411
64995
12938
107331
101345
86175
68752
66858
253
108425
95412
28334
13056
70219
39966
66473
104710
18753
112551
115066
59054
114488
43453
76704
46836
19854
4851
32590
57027
18869
101468
81036
62672
49920
32028
7203
59372
89303
88114
24630
59
78037
87915
63159
41109
15618
89938
111996
66513
84016
33491
97318
45516
17647
74839
67354
10050
43061
13067
68630
5184
32847
74901
34741
34198
89001
46631
45515
91304
2698
81890
55001
35507
31216
84333
82390
91107
18665
20123
102142
22828
99394
34449
88638
113368
95864
21068
102619
99618
34297
24428
96318
17208
70660
58417
25588
74318
25685
95120
102471
45901
88488
105686
36255
81695
60119
5227
10981
1755
8879
15844
15901
87168
106908
100920
57927
53672
21611
96938
34857
6189
44119
28948
94290
30731
102104
1964
50325
96974
100282
5101
89711
24691
39092
46772
110535
98891
53379
81394
51358
69820
2701
71589
86475
108192
30391
114245
37233
51599
91972
74650
9864
9346
34764
28294
38934
72034
16469
11715
37184
49024
72343
47940
98310
39351
86357
45118
43421
82980
42666
86547
25791
51961
109084
48360
9882
83662
92859
32165
71067
45158
26670
107898
84392
23280
28348
30538
65019
43083
26472
101913
74489
24101
5966
48618
88715
31040
35385
112315
100069
21833
106609
7507
43001
92170
108982
11517
97205
99154
37311
12958
80150
53688
26511
30388
21928
57066
69071
70544
72941
24056
46967
47015
61488
105965
25773
104200
2687
68335
22666
75712
30976
62051
30425
40031
87343
79021
46957
73722
41817
96468
78829
55843
112588
106280
43698
57706
6900
84597
111736
1387
82091
86369
41775
50722
311
101446
40773
64639
88178
10196
14185
21602
5269
104921
83010
98956
88738
10960
43414
18417
43341
101783
67369
109835
89501
87629
93520
96569
43219
82519
28289
43934
53636
69270
110362
3555
51814
74477
2364
7913
40735
93532
72378
109043
4011
94906
99174
44333
976
62779
25663
50221
76135
75407
102289
102268
1293
76967
106885
67636
42476
10295
85584
106528
79834
93273
42565
113437
102342
61476
74483
55951
36332
72718
14986
106916
58997
85016
34201
74950
37363
61124
39994
76543
68329
101865
19201
19920
105199
102295
43891
10186
70195
56130
7579
71610
68980
1029
16026
46594
59029
114494
16806
44998
19
85464
90416
29444
76154
42401
43578
83370
71435
8663
75495
63046
91291
112361
64130
42769
99134
43267
17733
47617
80130
55534
52541
10803
25837
105679
113716
4166
51343
101628
101208
18511
1215
95930
69944
113615
79678
215
42710
20851
81538
23858
61538
56973
16127
90417
44336
104960
86683
28329
78627
32487
65590
84287
276
104890
75992
60186
83868
60538
84164
86706
26299
70034
28829
71180
92410
51346
89721
50306
7868
90731
99888
96086
4569
20256
69168
110395
75014
89042
67163
40125
30591
90973
46521
39071
14098
41475
38169
98313
69202
61268
94797
62763
112850
2446
89400
84187
46214
55700
21250
31199
64445
39383
46993
76102
86859
95005
26246
87636
63980
76321
100849
38576
71052
49907
15170
98526
58534
25593
104688
50712
78130
80132
97035
41497
96398
25251
7665
4579
34952
53504
16342
17255
71268
9658
26734
22907
40449
62121
34509
2624
71354
80017
40209
90564
106621
82578
87966
109183
99401
96891
66563
8463
66783
53352
51486
64069
79771
59235
31350
48347
27961
45328
493
106230
113560
94783
8172
80969
15788
20353
65393
89264
106419
77248
74478
61195
107871
52999
52766
90657
80450
43810
115090
93330
28147
26505
77409
83346
88589
110861
12956
79199
38987
23220
18377
82620
70128
39503
72968
27887
34906
30655
82009
92646
26819
98090
100841
94861
21929
21560
35444
85787
100806
57687
96484
52969
1095
101989
83767
46618
99179
62545
105757
30764
102838
66376
57399
92049
84343
64461
1456
79547
77060
110061
80640
8134
14235
6809
27728
93253
8314
41587
7079
37750
21249
82456
50036
37111
26846
36835
10996
91244
22679
20734
73979
112019
77414
61117
70874
23082
43799
100999
90839
11208
103777
66638
83272
33495
21253
37778
49211
40366
113636
92876
24716
40694
66939
91630
18065
94314
109740
49206
9519
6954
13055
87325
67159
64184
28631
4249
11839
108255
29741
39427
55198
82255
81902
44547
86114
29518
12074
77553
38
81275
22747
60681
1004
113681
93142
61961
32025
18550
93243
5926
88147
100191
60387
5232
39384
9535
26046
41668
49152
30969
73519
39360
82965
29192
102305
84640
89394
104350
111211
88194
58703
104614
83098
75861
58273
81758
23720
10407
62520
68733
98356
112224
113805
91144
93945
40234
80343
17436
26433
109639
53796
107744
65761
24120
70229
11789
54733
75703
76641
109220
49250
79878
34990
79497
35916
41866
49653
98120
78251
1896
23606
17468
79060
89320
66263
67646
61199
97617
93109
93413
57542
57486
57974
110144
41654
56093
16371
84054
8627
95160
8701
78276
89528
99430
75329
88343
55569
70303
75761
16852
113351
49320
111688
92365
27070
79606
98583
102604
82663
42309
22117
50581
96431
22083
11885
45493
71814
109638
28793
9805
50669
27361
39175
9899
38263
59017
74147
50648
65673
26802
91556
142
16989
63331
48349
32890
47205
47055
67351
67932
41900
53859
27309
97044
63030
33681
112382
52031
62654
82750
79355
112308
33672
11350
50
73414
62422
66740
26759
61753
32282
12672
77304
31058
37272
84128
64778
73897
27815
783
27413
97385
24383
9653
46429
38588
90659
105609
86707
98735
8173
68234
96744
29594
90766
105508
51624
58220
72054
50679
101001
32221
292
16172
36710
72230
68241
33548
90856
61733
92092
59693
92053
93886
66084
38222
58158
28499
18035
52623
56769
36500
100434
98921
59910
58134
53834
114360
96778
112157
19366
37197
102189
108198
87707
113372
103743
16668
29958
95360
11537
88211
5790
95912
16793
65145
19343
26873
25213
50111
8044
64076
93933
87271
58253
14063
73985
71692
15435
37932
45592
48940
57674
105826
34344
11000
93276
86908
46082
77167
79759
54838
82574
42527
89598
52613
12159
68528
45574
44867
26686
59445
103032
96100
26832
24834
47159
9815
40642
7184
110109
28495
114264
10058
74159
40069
25277
88546
115126
33218
7821
5800
77127
58102
111002
10539
97486
30917
55562
56655
9852
43257
28338
63429
52340
29070
58222
112213
97476
79473
73790
73776
91384
114901
7095
81102
90314
5197
93892
93012
43512
66746
7667
8609
12087
74852
29478
86332
80970
98229
47728
42437
26193
1760
47282
100031
40806
71113
168
56206
38396
84699
95865
112424
50877
13581
96030
53804
106896
18952
4492
54743
31396
58544
33480
21293
112864
70222
34940
43851
94885
82841
76437
55482
4974
8822
11777
34900
42496
108127
111965
99227
11323
2340
88621
9362
29109
69940
92841
96662
33351
92477
49114
97619
79162
24791
20667
829
5727
21814
56689
25876
4132
12845
42365
43331
16860
53085
15153
14337
46950
21881
30151
81574
93469
110911
87754
20662
62647
19505
80167
63852
99119
37895
39752
91807
10916
85413
81025
97646
51268
66015
67192
8961
11408
8467
6418
72839
34913
72277
70408
16601
97578
47059
24397
94988
39136
6023
14417
90235
109381
101383
60464
66680
52228
1905
81265
94637
107037
24554
33169
61856
101404
46394
3324
62316
101380
74786
46179
51443
43586
106681
50258
34219
109699
47321
2629
113688
54660
70943
45733
8750
77142
57287
44079
78415
23651
68750
113043
83572
50655
97146
3623
34085
70794
2523
78554
107369
82936
113485
87491
12548
114049
90130
61393
10442
107171
12441
53143
78736
79275
548
10971
16715
88319
89283
82491
48988
105982
87267
64428
58870
53725
81951
102028
43973
66313
83420
47976
4902
38322
39304
59426
22445
61682
18006
102382
63033
39562
103620
98113
3189
31102
26298
23755
102942
22221
105211
97437
37133
74518
70812
83021
80925
2941
112405
58360
9848
68455
74363
102536
63968
12224
61882
81192
95101
73909
68693
34849
40799
40841
77246
60549
37874
75352
41820
55315
104701
16439
83875
88964
26776
61455
114774
70558
55607
107196
49296
59824
7405
77341
58677
47540
14858
12646
93415
19879
84038
33847
100622
93951
83237
114227
105884
107884
39723
11058
71681
92078
4075
82117
76189
60946
56789
71323
26144
82522
109800
21495
71197
6159
44498
75253
53325
61958
23303
54377
57537
13132
67116
18839
23567
13349
80683
46036
4299
102641
109064
108752
82187
89483
40760
90026
46965
6855
1747
38049
4345
47457
103571
42677
59059
28215
39298
36952
40486
35005
69690
27860
84627
38980
22956
73330
100836
77809
84174
9597
77430
13509
5692
48916
73402
8584
51879
83974
79151
25018
72306
43232
46408
11465
65519
70854
53904
9185
71807
9920
9288
27647
68363
45576
108227
110248
21313
22183
45954
31679
37764
45109
68854
67347
30175
41325
7877
54191
9496
35154
3120
96035
91530
107881
57546
8005
26379
23034
12020
62241
42350
103579
85598
82532
110835
9627
52456
109647
58263
7016
42057
37420
86236
105108
98405
45122
35662
14225
26422
5199
107041
81779
40906
56899
102760
38540
107846
38387
66071
33413
113180
73916
108789
34815
427
60623
71293
58187
61242
80680
108472
100026
70344
68922
13146
113710
73844
78834
78135
37313
82253
32896
48558
59081
35262
71075
75644
72154
17348
14819
98226
44208
53169
52807
24538
100824
63854
72402
31824
6544
64963
56034
101196
87869
88345
9872
76620
25339
103922
70231
54037
56098
75475
47506
83198
84801
75476
33546
24107
26716
3211
28127
45557
78625
13519
20422
93847
89920
12553
113785
81134
15701
48261
112117
91288
101470
9676
61431
16627
99250
79242
14604
46730
12915
21300
113006
92732
66247
90447
97978
17882
56527
30381
87013
64441
1921
36203
110704
50246
110481
19465
19604
103080
4535
66077
81966
83170
35799
108428
72662
59669
14240
5954
40868
10233
97860
96338
5272
64077
20578
112682
61411
114979
60857
38815
26160
79921
4098
94524
110635
45955
109246
48872
107266
4352
46671
28270
66144
53920
19324
83013
41439
70680
87106
97445
94684
87411
9674
54346
2095
114704
111296
25997
55225
68217
1191
113777
108268
93152
24429
74026
108685
33819
75711
57416
38285
96009
108442
105980
78996
114383
102278
58558
99996
60484
87727
92748
5432
38360
66940
23973
83564
107784
82078
42492
73947
60865
105441
114298
103875
95351
41616
71869
91402
86820
24146
61518
4183
1929
88422
105339
70889
6832
24687
74121
51920
88936
91673
90489
28941
69161
91404
33425
76725
104240
81044
84323
88901
44566
27805
100739
107907
28996
23193
45989
112806
77603
27695
4825
62120
83787
99067
80424
50911
102662
43431
20849
37683
91544
57233
88713
13310
20820
102466
103452
72622
105850
65222
71291
104262
86422
50176
71081
27244
37857
55663
50079
7654
12329
91360
110673
4396
55344
75354
45256
8105
53693
86353
108341
23497
80493
106363
40715
94094
36551
64742
2125
66303
57809
88847
88895
11011
71305
99984
25406
94621
72846
4923
49624
114605
101320
93444
98823
65904
43915
51787
82157
97108
95355
52801
61800
108500
29363
106491
114581
101820
96764
76885
91605
68977
61553
86625
115181
39748
110581
99494
84811
66976
95638
43918
82045
43401
4859
55161
53764
34247
46623
46495
49264
5762
107483
53147
87630
78416
44775
57606
30313
8043
105079
21025
43491
56208
63021
72365
53109
9534
660
113547
59649
93684
94323
12206
15529
100812
103869
27063
11471
41983
27808
89753
54405
74905
87
54174
35137
13696
12413
15116
110340
10943
109127
92123
78725
84364
52571
17225
40004
105856
3643
79815
108823
67230
37399
65055
77801
74726
107766
90085
38148
6456
72334
64444
50880
10198
68602
96736
75892
6175
12667
18062
37919
76317
110623
35811
7077
7028
52314
83754
57886
17734
78171
49423
87014
5743
11886
10423
80802
47631
37929
54745
100176
102443
32831
102125
1128
26467
12455
41560
113834
66014
8079
82939
80741
17390
333
60046
67917
43872
3148
64996
82756
38200
55013
61860
41053
70908
16949
26340
77757
68900
67417
93822
69158
88502
72010
63990
24465
92293
112420
75216
56936
80078
16316
91854
78863
45781
42840
98126
100924
59972
33348
109649
4393
42758
65620
29062
26736
1754
96650
58681
113936
94451
102875
94804
101815
111525
21769
32852
10572
78610
23373
70070
113018
79381
59832
62618
69331
84687
100534
94956
26589
58828
75110
5223
64473
101125
12347
28033
111307
13351
10485
76893
49073
92341
90610
23340
103060
114926
98334
85210
34610
12102
53057
38305
105811
93234
73381
88788
87836
86073
66621
8860
53664
6918
63467
22930
33651
8517
97043
12213
12052
45087
105763
59505
58120
69409
106961
48631
81522
42041
4659
9823
37389
80163
79752
114554
36171
675
7368
56951
48200
70533
15428
91475
42068
91701
44269
31808
66308
100576
67870
70500
11834
81788
99068
24500
36140
101440
41445
58596
11330
109541
27047
6039
29432
107568
37931
109568
30928
27696
21079
13741
77993
112537
9895
426
80788
7339
107000
79768
71269
527
95390
50735
8888
88288
61853
6107
90412
21517
37327
92402
63092
82318
87280
107402
93814
112837
73556
21493
91589
94929
23299
24779
105240
39908
66242
81241
53521
25121
23127
107965
45928
53302
89761
4027
83204
13253
57938
45489
19947
80144
96836
52527
69984
75027
103022
49732
89426
35492
27639
98370
16990
52717
73083
17762
69391
112533
44990
86203
60726
3878
900
88651
96333
86523
34292
27365
22317
64706
91969
80486
21417
95939
30083
20979
71513
12537
462
92533
102039
22233
81283
20921
33598
42070
106763
73604
89446
92006
760
50084
82964
88697
57868
21896
94795
101315
96381
67790
24839
68351
64855
69500
107638
12544
99659
18448
75631
24652
109117
55409
63958
106782
1810
91937
59041
114014
92988
70266
45687
65741
73596
71780
9226
7086
199
114635
35562
111157
93245
90823
79372
2781
103331
23722
9020
684
16911
58422
112638
54873
16582
2847
80131
83483
59820
35971
31056
79990
18391
66383
26067
112618
100716
14999
58174
94176
68607
32567
5163
29735
7035
36432
3663
52712
12270
101682
19080
34541
35219
33958
92028
73781
111433
68095
43266
99001
38421
85169
108806
112707
39291
51775
41522
37805
68382
115223
66173
42614
18312
80821
7300
25202
54890
39884
19292
107384
2970
84491
62336
40928
87406
43942
66397
77578
110213
6085
681
96387
72523
83795
100946
42882
55291
108339
84249
81923
59490
113142
26438
29511
38530
94556
109543
89924
101484
110229
8186
111550
13845
24271
84206
42002
44411
97295
111665
43717
107773
103392
112568
37078
85420
59576
31156
15488
17839
71080
105388
39415
106084
113695
101555
109542
41384
43796
11124
30354
66807
53822
80005
8367
15874
73628
70744
52449
46449
87700
33037
42371
25035
54012
80437
91867
14659
24751
46360
70661
21004
86656
91292
50459
27938
75891
98804
55742
108433
65668
85351
44296
54811
79383
32625
59300
22313
99156
60999
51989
644
49305
80362
88245
51155
7527
28268
77436
71745
29674
80585
33792
13252
61640
83071
97887
72621
83756
91298
1989
39263
46573
24001
12604
79220
7536
1844
114710
9835
86689
18960
25690
59002
10287
492
115148
114756
49597
102985
79732
18593
23294
18654
104819
79046
98448
97636
25668
111149
35188
15222
106997
113484
96551
81183
51589
4588
93557
32224
38010
69173
100905
48342
10286
75620
24224
23048
89486
29797
67278
18419
33989
74469
110487
88332
101763
35143
83391
30771
19922
44905
80838
11364
50460
31060
79637
5418
79202
101729
54384
110716
55396
109970
94749
15374
91458
37104
64756
65868
112966
10440
36438
62393
68097
109936
63912
5467
70652
85825
112447
25419
47297
74933
37020
65618
95716
23364
91759
1883
21125
17678
54278
87593
49236
113169
103754
16422
283
78389
113841
19060
74850
60391
73760
3379
62591
4516
54039
103170
48483
94191
19190
51052
42105
107264
91063
26184
52075
70287
102257
81898
36857
33461
60945
110501
97728
5295
96166
75795
104201
96942
113823
41210
64354
57212
58758
95464
19064
44712
105399
114610
113650
98955
25957
64168
24759
72746
36104
102079
30934
54245
103411
22819
28103
14006
34544
85785
46819
92868
105158
36397
62358
105581
65310
56364
49015
79890
66422
40755
3210
102127
25790
107232
75388
30904
39970
4799
3076
75525
10785
93346
115001
90124
33143
56942
22187
34525
107843
40803
17600
98770
93848
71481
62284
28917
37814
49446
58428
98154
59090
108727
66126
63010
87989
5870
13174
91060
4275
105256
41993
85253
33481
52936
26757
78920
26019
56132
97832
82489
113680
67693
82670
52054
84713
94418
88180
34404
5153
16017
97751
56727
58983
5044
62133
44677
48615
96796
16764
104481
79118
12578
4424
84221
74020
93884
53070
38607
66747
57185
9540
18147
25085
7066
63539
69861
50090
55582
9680
77495
39695
107850
82680
23465
70579
26481
3533
90465
483
11579
19176
69666
12459
86557
11644
91879
57055
94497
109952
33859
22943
19637
4496
96230
39058
113273
66085
51973
42977
79588
20187
97669
26309
3558
36181
105291
37870
94050
75675
109486
81957
19420
99390
23551
85365
40520
6065
52647
48739
29209
27684
62298
1314
103521
31606
64905
111297
113432
44569
13003
70076
77239
82631
72305
108011
5001
79000
44556
106645
102969
8649
55319
83269
709
87292
88660
47910
56001
110448
77574
96280
88167
33678
35944
79714
105940
9049
99315
83008
85970
67556
97725
76823
95179
79472
44928
31140
1334
82342
92272
51110
114468
55369
106565
91979
8944
27727
33168
31644
83718
5985
44562
84607
60800
60291
100679
59057
60016
90055
17099
38485
91278
114048
22401
38938
18505
16671
84505
14205
79663
76434
9500
37954
10439
91209
28508
14421
4649
36385
22055
49914
28067
5097
111034
36059
70538
6837
7571
86647
9619
84268
71264
86553
2509
3376
40855
42547
32113
81711
86325
34962
74010
35488
62648
54123
47997
1768
21039
90112
100725
62800
72405
97194
57113
42257
94814
60447
36163
89313
19626
51976
76789
47826
27668
26693
19221
22722
9451
48841
26502
112791
14275
93711
81843
29298
38774
112343
90904
31090
53326
109029
44472
35744
29421
70440
96180
103437
51600
87980
59246
7039
113539
26138
110416
57644
13158
21378
66285
24330
100760
41394
79396
100221
22035
23885
112912
56688
92736
104637
92046
75188
27332
114787
11850
22719
36381
94357
31111
7185
52948
51554
11674
58638
72753
85985
87247
97917
69254
97678
107563
21472
91388
13031
14583
3656
49831
108321
85950
94765
11119
71668
39363
10576
3766
23211
49201
21628
54668
72486
103379
20401
39428
66318
90227
107826
55110
82948
47847
101156
45273
109996
40935
39349
3818
109362
86161
107287
93073
71514
67164
1534
84842
22168
114934
111044
57947
85851
27879
43175
56081
106915
19695
84142
52308
44224
81057
38482
95432
50664
77654
51825
60026
57554
20575
88921
64959
65231
23820
53971
1246
80120
83656
54309
113632
16855
93747
47188
91648
30316
7657
30262
90295
18721
998
79803
40896
13464
44955
94547
14444
94322
41230
13622
42289
18186
96718
47425
78964
4782
41344
12305
14774
23814
77250
65346
5665
14089
112277
35798
26620
101943
80813
96660
21787
36121
71816
13243
81924
66748
103600
3901
75557
11856
63847
100738
107504
80359
101603
29205
20671
44694
41893
107982
74704
59984
112457
33278
88448
47632
48444
97442
25730
42280
6187
15598
68945
3455
106658
71715
11547
35586
106600
2471
82653
111647
79019
20873
20525
99045
35339
70758
109057
28407
109108
53674
43018
74458
42292
103390
47318
98293
9439
84361
65500
86971
37141
34434
46761
14720
13762
27776
64738
14700
71085
64674
35525
107084
34558
66497
40081
59863
14333
64492
47609
111520
78819
83618
4784
31817
300
52602
101307
109205
50887
17318
27224
36750
85441
71492
1043
98335
103730
86636
42491
80840
71170
56261
90065
23721
54391
80698
71368
37231
86972
61442
80020
10948
69162
61180
47300
83894
7151
94214
69232
62734
33406
21988
67108
88222
86206
101398
82985
3434
92112
103979
59396
76079
54376
45961
85194
63876
59119
58522
49742
90292
97057
112929
94156
20876
102792
109299
67424
105018
101361
9234
714
40784
46956
43304
62771
59433
28673
110018
72555
2108
42208
48096
5729
7754
82322
11680
2614
26222
10271
22362
100720
76560
44023
85320
45145
95396
78255
82527
49915
39491
3159
103698
108046
59757
26866
85844
114462
112301
19452
107445
65824
60620
95038
79559
4580
108467
17480
27252
92711
86528
37840
15255
58941
30437
35664
25369
114807
107588
46121
25231
91878
29873
3576
59777
103038
35713
10247
17592
18774
30018
44871
7915
97037
87506
17086
25756
25456
20396
78214
28420
59406
63430
48786
67999
100239
86331
62299
2009
63859
87826
32257
21797
99987
58420
65252
89519
35103
111917
68081
47347
75890
110131
8903
80593
86915
42580
42486
73525
19548
20762
13593
58502
99084
55891
77221
114095
100565
60559
92446
65702
22651
114526
14001
46549
12070
63268
62589
70069
88674
76994
76291
26465
36755
90755
47072
72487
63297
87835
48919
77499
102338
99308
10662
102506
44506
72344
32767
24392
18841
107501
65517
75062
94858
82284
25378
67162
56812
88209
60991
96624
74180
67834
57401
78685
96532
84171
65880
26870
35650
107397
74171
26994
66641
85084
63969
112510
48665
90290
97560
668
20939
51418
69797
103887
43673
64023
1437
56728
59399
44260
56716
24775
39170
114764
109491
23817
67088
66192
22515
39729
31655
33582
65049
80472
113159
79110
79625
96419
60625
96691
66399
87792
31176
21105
74790
105930
93500
68021
4963
77448
25776
67185
23675
90190
84291
66523
46955
101277
102236
84433
1740
89276
62627
30080
41261
90950
12117
88195
6086
34717
49404
39685
35463
24085
97713
63823
14008
98900
6449
107903
73183
11898
21768
26095
12005
113696
75570
106857
114557
48828
96356
54363
39471
27946
48847
32800
38561
23898
62058
56556
36636
96104
54943
29068
83329
94283
4366
48836
57388
2658
92343
40236
109290
100661
69049
27323
14455
79442
66686
56180
80620
13303
9053
47237
54224
60286
113933
79751
73263
84494
49198
31643
98253
27217
27576
43972
98288
43364
25777
63295
106472
82127
45193
64317
82612
78169
54794
3091
55887
48007
15846
106267
26657
77767
37991
56595
60477
28383
111400
53428
68627
62490
11580
69628
112645
5650
83323
16071
29172
44878
3536
8579
16303
23846
31863
90673
58287
112604
13103
9309
75170
30418
24412
75802
46368
42284
79306
81286
51653
70913
39324
57942
86300
106058
27376
87043
5151
87823
61683
14397
56472
162
64126
16703
47896
26171
3637
2449
90434
115028
106564
75600
69989
114528
5317
92270
31937
73092
92095
56635
106779
17536
36094
29140
3575
37573
17026
75674
65725
4331
97190
68224
19994
34533
6904
108608
33505
31717
30706
66207
84748
6854
63655
94693
13503
45013
92680
23178
98400
62892
107008
49455
111056
84991
100222
13620
113480
108455
4860
19530
88822
2309
25921
17153
58848
11149
71627
51496
21437
113858
113252
45999
11182
34603
60470
99392
66269
45418
40661
34453
107933
8394
111228
90574
3631
87578
40178
107760
78362
99999
47241
50991
42345
68219
13662
75190
113902
36637
12721
45081
46676
51316
88442
14002
90094
22444
15276
100493
3386
67475
101063
96210
4838
13783
12966
61702
44744
13321
28461
14170
11137
22865
54658
42090
95297
56311
17739
11613
91246
79515
26102
103532
104750
42591
108970
414
19136
108707
41798
19679
7717
82806
27385
102727
101426
100256
90063
21188
54651
15780
97173
27462
68221
83241
29326
53066
79134
93798
65409
9927
68887
17384
22396
31669
55020
38642
89078
48485
92009
112231
35282
17076
101437
5173
36720
85594
1079
52814
51998
80202
18567
114499
60180
44088
91564
12747
19789
82382
109911
65307
109239
26947
41011
43767
43560
60254
21888
29311
39549
4093
9776
18305
100870
93499
25828
105521
88224
14820
27172
224
65568
71274
82169
28745
67955
94777
95445
37018
105607
59883
3879
5988
98772
108773
41056
97115
26387
27749
63060
73321
112853
1046
32968
4692
18192
86328
111862
87071
5516
7578
80369
58007
24795
87770
42762
105175
50042
112338
86571
47775
38255
47520
68401
48703
111979
86398
112265
42562
43481
67123
78837
12485
98916
113306
115055
50844
53005
14351
16034
98875
35092
80911
50271
70172
85842
17257
109954
48197
48948
53491
13192
27316
53579
106806
111253
3603
12623
85146
108859
54684
51087
44446
108996
88255
30186
7567
89271
13473
47683
70796
81838
109908
3645
63282
98612
13459
99294
12674
55671
85586
78073
37147
105691
113491
41781
60463
49319
89577
41370
115200
111477
28388
98072
5914
21753
67504
40421
4135
101457
22467
97998
82056
48172
82706
13335
50508
42054
7448
10888
64032
59798
62310
6434
75571
94370
114567
102247
84215
2114
109733
82219
73180
64356
105878
24773
29846
27757
5668
62774
23843
30100
30215
6357
16599
4527
40134
17884
83363
33091
26525
78788
36444
82844
105085
44910
94803
7097
82818
73869
35560
4462
57488
114782
59266
60828
17827
90418
16817
57889
75827
25212
37757
86987
61458
33849
69687
57641
25867
1158
45085
97395
95856
26390
36498
10214
37441
90494
58093
61159
103424
21938
9350
34751
4639
9348
103089
94115
54299
87737
76999
65395
49931
71843
75798
39247
55791
63267
51801
34267
101935
8116
72317
85692
42077
30364
88564
9794
14844
95374
68644
2400
17518
16431
73251
84655
15280
94353
22148
17903
63699
41180
22519
21413
62933
50116
73477
61087
65025
109110
22488
91238
74250
106072
89715
81358
95734
19392
37591
62401
105173
94785
105505
88068
114609
934
34921
105697
83931
1531
74938
36141
34055
53513
51109
100789
114147
93883
95472
59380
47367
50988
48504
52127
30539
37345
67873
82434
93368
98318
70040
42685
32759
32710
63723
93693
33999
2550
106225
91776
23607
20574
95307
52956
61255
3995
106986
97604
72509
16082
13544
54020
4592
41218
110201
89321
57334
31330
35358
50737
41195
91069
55116
69623
59424
77183
11812
19499
40244
74557
55897
68006
11813
61299
58890
17915
45219
96729
12586
16061
53247
29740
64303
84073
111949
9300
103593
10319
79906
61106
82359
107292
112220
46215
69635
72245
30043
56613
13210
85601
59561
67319
33887
20866
52272
110515
106144
106091
87123
72572
104884
111815
88220
99764
50257
4669
86757
88805
46710
46528
82757
5455
23202
98816
25986
51178
28513
76450
82063
88953
19926
60899
83861
85083
47960
107275
24902
112908
70601
5559
42975
113880
57246
18801
6369
5290
48493
66224
106340
15008
90989
10494
36490
94787
100859
17598
52907
78879
10852
14926
3975
40839
2149
104079
59442
5556
19289
67019
61814
32716
16931
66849
83855
90378
105122
82759
1782
93763
61810
110103
50929
110331
38185
77616
8694
31578
39518
37351
5065
47476
89409
2473
59431
75036
34791
99474
32877
35017
95553
57928
63052
36996
14146
87862
68639
57612
77044
34733
60858
26178
89658
101497
10561
52773
100049
86164
69462
4374
65368
24423
18407
30646
70583
1731
79368
13803
76324
103237
12289
26166
7479
35559
48382
65764
5664
51017
85005
94043
45979
106147
12142
65377
84497
38973
83419
78400
53199
10538
21864
38103
31804
36285
93185
24946
41896
59660
23313
4992
57816
107853
46883
89014
10478
70748
72591
14598
112414
45332
71802
58184
108112
72494
40560
43227
84862
87191
1201
175
78412
36969
27289
87120
20920
66324
96683
42716
88045
62563
20840
64434
110544
15056
102182
76052
43489
104542
109179
84703
8871
42394
110110
33005
61886
74499
50701
78373
3687
36342
101590
67623
80633
69943
68133
79421
1581
9900
39736
31661
41177
57915
677
65646
40858
36654
54597
92921
92987
16448
100492
53577
55750
69059
85595
100545
84526
98249
44127
68265
64399
54975
75765
20251
84459
36595
79456
44394
30847
87396
45338
3192
12028
43201
81266
108943
22987
63493
70513
2189
80566
10958
45272
78709
77289
698
73554
95550
82766
50690
31537
29500
72321
57516
18073
109824
1424
31406
62951
82802
14597
104877
32485
77782
20870
24057
27942
87807
113852
7952
50826
88275
4034
38735
50908
85191
5603
43434
70708
64630
70644
2202
82926
57790
57914
93018
73670
87057
30094
52437
12400
7550
16511
46756
25585
78795
93943
104715
100649
113138
112556
19874
104657
29035
92283
104802
15017
67686
101870
18668
114455
9736
26265
22477
61626
18038
56141
92201
74086
83142
6388
34316
104952
97392
87177
66034
12209
88817
112499
31485
69559
13636
56469
35189
87720
52729
39316
91534
80888
27469
54201
60143
110492
15773
88804
40389
19634
53125
61304
87067
49083
100776
97598
19305
653
22061
58130
113392
17589
56937
3023
83512
107828
99613
24681
102527
105977
52863
7969
55723
71594
12765
111637
108841
52528
32829
2047
110866
57269
86057
4471
9997
35892
5281
35419
24166
60459
16604
82777
74084
46322
74993
78093
16164
4567
47265
28321
55838
57474
109769
86666
20922
106486
62180
93752
1926
36739
43486
96828
36046
61320
100684
47798
27784
78854
52428
2080
92908
102737
33079
24514
106893
71125
87563
5438
21089
77770
28799
63345
47195
93742
28626
41531
99756
103395
12384
55805
32893
29629
26415
112504
113978
978
105141
32357
27799
23158
53973
95825
98973
42079
9046
3393
95437
102877
91230
12158
66595
29095
96003
69810
88373
105745
28056
55879
43363
96586
65631
92912
92303
19670
29505
64291
42868
79369
83683
88933
68923
24246
41322
36263
71667
57660
53872
94758
44235
77656
111137
86334
99299
76953
37366
68380
523
61017
57
26478
77490
92761
41186
93423
108572
58225
43949
89671
115111
34589
56168
58480
19536
75256
32490
8418
17601
62736
79376
5322
36893
91437
99832
48247
112334
41091
56752
57883
78816
11118
25447
91266
44211
58829
72840
24268
17744
53557
18751
40364
107061
15914
55388
47724
34621
2764
53961
55886
57008
44293
26011
6661
20665
61980
53716
1773
39593
99354
14148
40942
8811
47331
48266
13481
71223
98308
66201
44355
19589
105379
18784
86091
75991
438
21791
85962
38058
47725
16235
71118
83928
59344
26588
19389
60912
37253
10661
25981
78878
58702
86239
12705
34307
73458
112321
75825
23396
91815
95243
98102
109494
34844
90730
66384
80932
58578
114749
7988
108206
98930
71161
27321
51804
18692
33679
16446
30028
76134
43252
49318
71545
23157
62667
20207
74137
80604
13183
19137
59432
3547
13468
68516
59251
71619
107518
109553
99076
33955
71029
103847
57115
74526
89197
93278
48845
95083
27206
80829
81202
80225
38337
2948
60158
83184
34501
59862
19630
76968
106719
79115
106510
19010
4529
51330
86315
101970
15518
58033
23894
40816
106296
47438
13315
5421
99842
91565
100010
19717
5606
40639
96250
90621
76483
74062
48439
16739
89493
107223
60269
108263
6234
18664
1435
11772
76718
108512
99883
14877
8702
29215
33255
39712
69877
13960
77976
51249
10081
55673
22400
90802
85880
89842
57443
58413
62434
65846
60760
67342
43890
77264
37958
22353
43382
86780
91125
62182
85117
18152
56318
6082
34595
77056
34364
109849
80016
63045
9180
67622
103824
63239
51123
71649
55111
57452
17342
105327
104511
89320
114869
5186
34638
42017
81467
63221
39379
33925
105526
56524
65169
43968
59100
85372
29084
91767
