64681
70123
47874
111549
109400
26052
82441
87970
16614
56231
18040
11123
95428
81284
64677
112740
4643
85373
56346
37191
66851
53101
78233
42294
64208
46689
23330
74993
103981
99340
17772
90147
6443
6698
36316
40611
73058
53560
77076
69463
106481
31922
50831
48590
24683
65076
62693
74273
83530
13273
54382
34085
30783
71784
16446
72339
98328
72890
74345
178
102658
6099
4544
26087
63396
107200
74487
71520
79876
46228
51911
5954
28257
69711
22679
6630
92713
9688
34271
59030
5128
28514
44788
11348
109612
18705
78433
21330
72011
31537
7870
4969
87080
79603
77141
60578
47966
73870
83739
4193
94352
75951
11620
31486
80134
23338
68568
103913
23542
20868
12644
102993
30356
48215
102397
36266
48310
49299
90840
92724
104952
30861
98596
34134
91807
63327
48650
15348
43101
30315
65500
14019
36918
102459
52789
9898
55642
47011
57089
90675
63404
6007
101663
99518
49042
67593
49027
106613
108334
98936
73021
107286
72768
3962
53228
109059
59290
26624
98634
108754
104672
93264
84274
34224
102174
82747
82740
91820
91241
57931
53284
29192
94339
77885
7835
23102
106192
80791
42627
31223
50890
4033
3518
50236
30570
49218
41626
105958
64631
86093
31422
41203
49440
72023
54953
28828
62317
92459
84047
79393
96160
95486
69593
80176
81286
91998
96882
70480
90301
99798
90887
9312
42055
66164
109808
104722
95970
76499
37842
43362
52043
85708
23134
23846
85728
20151
57086
39378
92869
53744
52957
48528
112386
3225
91981
105959
47801
100186
35752
98521
24846
94836
13602
61853
103647
177
800
6857
1227
25533
108732
25179
39684
35089
65342
110058
30871
84657
22067
42700
34888
37799
17695
13571
77845
74356
53572
70131
48813
35467
32338
12349
22448
13775
37242
4647
101403
65094
91952
1732
80811
6828
37481
100249
103710
17628
105699
95236
60125
37019
22518
91526
11714
51642
93562
45572
34650
62469
53600
21663
82577
108274
57210
52889
8061
95732
56062
70983
59053
5078
66447
62602
86228
57307
23870
52991
32813
15522
3334
37894
3574
89428
101141
35109
9682
389
86468
108453
80164
85450
43168
68407
65785
105767
102059
33739
27323
58155
48817
53986
5887
4888
113367
58037
58060
109608
7987
25448
72786
48066
67293
45362
76899
28322
18993
71932
92911
73088
91693
38050
30492
44443
10639
108031
106522
58561
83253
99071
64186
31817
62557
21895
9651
68336
14837
25844
90617
19160
64994
140
78058
75665
19301
24126
65698
61208
31824
105885
26231
43521
93404
96346
63148
77135
112206
113231
70221
107443
5753
82192
20784
101455
40792
86766
48146
73670
6910
106538
82682
61045
13457
22083
28174
54488
88069
66242
89540
87946
17962
67243
1412
90834
106245
8448
77979
39840
64809
58796
83230
96381
48435
54936
80500
36273
88801
19839
15554
58323
47469
24873
76202
14144
59000
61904
64797
46248
102933
104581
41252
74637
50443
31711
2607
96772
29378
42691
97409
72453
105038
53754
35121
103406
108762
4349
35537
78596
20931
24483
53294
74195
58284
97628
86135
58423
2965
14308
95383
42019
31649
94298
24140
104586
38076
56607
64179
48021
25251
94367
90184
18155
62537
90801
98690
22983
8230
99338
64106
83069
25236
104056
18147
17665
8313
88293
64324
86655
95341
81595
19208
25860
85363
90561
4463
52131
98149
87883
44610
35297
98744
86282
2495
24006
91004
77576
15127
97317
58704
9955
36634
35407
74289
23990
47061
81046
34982
28458
51743
51910
24913
82545
18841
9739
91275
44938
91205
73745
42265
61342
91112
77741
96409
6213
97399
88636
58629
91891
23061
38142
4084
109165
91165
18778
41895
45244
112211
27083
59700
34622
21784
21452
11329
113151
62260
10127
96338
31346
24503
103425
71380
99157
72139
112954
104232
83229
33706
37970
37851
48309
93632
78677
89791
107231
58623
22579
26121
58343
174
14123
88014
92130
79256
80566
19742
79919
11330
29598
90095
43629
21266
9798
35032
17957
33588
109500
46025
61823
84798
57157
102714
55582
29866
108010
15289
90229
3455
72019
102856
85202
82221
10922
44083
50539
49675
112624
40433
19447
102308
98473
59732
98879
67328
80733
53029
29845
44603
11012
57962
2794
86987
16963
17587
13677
66769
25967
15320
79211
43972
50902
26805
74660
52685
66487
55466
6931
60460
42714
86085
34336
102446
2157
102693
40663
5564
78319
55040
5707
15534
101016
81992
34454
64690
36841
3704
48987
68026
11898
47977
41024
453
31140
112978
47310
42755
100499
72637
71404
72465
71929
105323
53116
83112
24470
53225
35504
46393
94972
111143
9177
16768
56165
87434
92544
27914
65089
53018
72240
33627
3883
77758
21556
24427
29212
59629
66959
27595
87700
1831
52220
39792
49159
77546
47334
11594
112347
100005
64815
81702
14224
34007
12136
93293
89196
108742
39258
102255
75174
8726
94611
60871
41576
88862
3988
51164
57263
74784
93160
31620
28853
60593
64172
10652
2830
40174
102044
64044
68376
92357
89579
28366
82383
58256
9630
41506
53540
61960
62142
96837
43781
4773
110569
74940
53432
17218
50264
70355
41656
8569
101702
37724
90116
68061
107072
109001
101128
82950
33740
666
90042
99017
54792
9359
77257
31506
57572
54941
100166
109736
43471
79030
58295
40105
61966
79390
88592
47990
105708
110068
4612
32609
54414
45715
68699
24033
38539
41574
10811
101142
20134
28849
90612
26680
39544
8876
111652
74815
98575
69349
46893
625
84358
107973
35399
35835
43127
93537
77955
33798
31595
54271
64455
52963
27878
1639
7404
68588
7101
67455
107359
8731
26067
40274
67533
37140
113160
30577
40927
106753
102056
40514
96913
73245
54625
5819
102759
89836
65300
12104
71215
3830
78027
109869
8065
76341
18588
57296
76067
33289
53977
8435
4535
84403
36540
21117
113846
83394
60596
37896
36656
93009
8684
105093
77683
68298
9627
11091
13238
55600
1709
68831
96126
57182
105700
78454
82454
42235
33089
2311
113564
8572
16730
26112
8392
49017
27134
76007
67682
60783
70144
90654
85968
84659
56291
74775
69405
35523
42301
74516
52409
110668
24263
87605
10088
56252
109242
91623
39234
58932
46024
37567
45125
17647
55859
4816
77217
96541
38496
20202
28907
95065
27666
33570
103998
95202
48988
40198
89000
9859
106681
21455
56731
98869
80429
72057
5562
103254
24519
82674
103899
41850
70200
36004
52852
95352
65678
105264
49453
47673
91946
72839
42414
65060
64325
39851
64332
17538
79851
108418
75169
28598
87107
33532
110460
16907
7744
38617
66308
61155
107269
75
42512
43534
92308
10676
100735
71512
29194
18444
70242
57065
14323
68740
67983
103539
51027
43143
97948
55130
107192
40004
69199
50166
38868
72956
65020
64414
90673
48112
95343
43612
75307
22416
14889
87708
15292
50202
65872
3212
60280
13880
11439
63390
37253
44068
82091
25221
15058
46938
111494
1733
54210
24511
89756
84271
46962
33640
82586
525
21639
43078
64278
6098
67985
57000
110994
53088
79577
17660
91897
74812
36847
113527
85402
7645
105819
7328
70630
19256
100779
28740
97040
90274
109961
86424
10537
17533
74443
47430
82790
103932
13020
52022
87015
65170
15157
9401
2482
71610
23560
61453
95748
86153
78739
11541
35922
35164
2925
38559
31390
67875
43475
21247
113357
107601
74579
112816
100327
40979
67814
100855
26682
26058
93119
75300
54446
2395
87251
60222
1802
85077
61330
98747
88714
60002
107943
36769
27359
67598
95342
73326
71400
98151
8457
27299
45177
4960
108442
58937
51267
11339
3725
113394
53148
26406
43983
97316
74934
34329
75460
62727
89703
31129
49284
27201
107408
5389
57237
49724
62058
28640
17272
32431
68630
51963
101300
52026
40766
24741
38245
33226
57896
49174
100728
92835
38388
22536
95365
6843
70574
45952
63541
77930
97131
46825
89625
25779
64348
59618
112960
84342
48246
55278
87907
92972
39239
18868
19717
72487
55611
62962
96473
39944
74596
32995
86727
102045
28477
6607
81738
57095
65635
19715
56233
34703
2986
99823
80489
56781
2847
102796
7111
51937
9582
66754
107059
32981
98731
92220
14684
33749
74926
86434
83642
66813
48750
54914
62830
45691
13155
64182
92012
95644
94053
37333
60358
62041
37075
11724
25826
97788
17901
12966
15169
93940
44404
71720
112656
28703
82847
50753
36596
55980
41167
4038
18257
28889
12537
77788
92297
84020
15852
60041
93284
87675
81659
27997
29228
33906
11883
50119
8679
68711
112427
12166
72307
16557
80973
10119
86734
16454
74547
70587
66672
59821
70479
54346
9997
61365
85572
102373
42408
58700
29040
47698
57288
57266
28459
22769
89054
34851
77071
62217
73858
24162
24515
66097
49648
46498
35437
74230
7013
101520
64119
20036
87408
80685
32747
51232
104049
9369
66374
82964
82999
21724
109778
94432
20972
31156
32141
68629
99378
29350
61954
3353
82738
72257
105422
50939
111366
81042
11324
109074
110207
22117
7511
45292
45085
52374
75489
38136
56605
90601
43264
87799
73208
62003
294
1255
42319
110705
25046
55622
7734
1680
35808
77002
89300
34628
69301
40496
77954
65983
41621
104057
67314
35721
72604
20549
5044
46637
107249
14572
73511
40130
79914
5291
69015
19782
12065
1540
64252
50105
65909
84970
54642
4851
95580
21704
77403
20733
80
15928
13680
86999
41241
59235
27656
13922
17402
2717
82411
34539
92807
18291
105859
44468
53989
42474
15716
67848
58386
113211
52379
80268
35475
25333
72060
77847
69409
71493
83052
82719
85398
57311
104840
81978
23768
51841
47957
99893
33093
83779
41258
54968
91276
26977
93726
113366
35423
40424
57872
9083
88484
41730
43273
26367
107813
9371
18747
58530
45112
106840
54123
4679
45210
111709
107567
39403
67530
63487
102657
51326
68601
97400
68252
67891
9579
87954
16585
37602
6392
11874
89493
46858
32015
105250
90749
80390
57278
76537
67245
87568
36557
83368
70343
26870
19654
101356
107454
14132
71596
113899
13490
92320
79233
95671
57954
82353
55211
82077
36884
49614
33914
14244
62230
58550
48468
85307
50080
64001
92953
23067
53702
38768
64157
20662
102369
12805
49843
43499
77489
7996
103186
62592
93074
42599
64109
42073
113378
5019
55884
26486
99406
40729
37873
65281
83521
14714
89969
57413
50389
101342
46963
82816
106032
84754
75641
56710
5837
96870
78822
16006
64434
56054
57109
21421
106115
53800
110055
93509
79160
59858
107038
83538
60274
10191
59525
58567
22108
60820
103948
13769
113604
88988
69202
76758
99627
22018
27524
26079
73477
28320
85041
100182
93051
97671
109739
82632
106501
33825
74513
70816
96573
20394
10758
57096
37966
113320
4334
33948
9171
102382
60947
7936
13190
108607
74737
63558
91295
13782
1216
1870
41207
77146
101183
84557
80016
55104
10685
62249
104501
106383
90722
107607
9499
72801
24805
82522
46839
109581
28839
28665
48113
93319
87162
54520
51686
75785
40471
86225
113467
67468
87365
13369
73563
76382
31904
58874
74160
58176
59230
80663
44523
47592
20589
34915
64542
25278
51603
81904
44501
29033
29449
61373
29286
99809
48179
15245
110685
71221
58972
35775
97663
102934
27116
14944
92518
72663
26206
13184
14885
74231
97467
103453
18948
6567
25937
3520
10864
93797
80832
4166
4413
53509
72611
99909
110155
51660
76927
9105
23617
53515
84756
1569
43949
63702
105423
80491
80088
1312
13764
92416
67296
32931
88021
68373
83392
75444
87195
88719
17574
17427
99366
56919
5237
58997
95959
97822
98164
18860
63808
38086
8515
104440
73153
54715
80843
29006
29342
83855
106804
3677
28642
107758
40357
22008
4089
92615
41596
84605
59258
67354
86151
4567
101904
36930
73210
7711
95414
38837
25547
9454
35418
30413
8697
59878
76938
45217
22402
51229
38215
24081
27135
113084
57027
247
83446
112775
24597
36976
22745
26197
34031
37211
37382
68889
49573
52462
109299
8718
80219
32333
93548
51304
26198
106365
92729
103273
92167
64389
55367
27615
40983
25069
62934
43052
69610
80188
41183
69710
53353
15340
72076
62153
69630
29139
111118
1826
38153
74313
33780
49666
69716
110787
112614
82030
99147
59264
9329
81567
71923
101869
32771
98430
100370
54840
10371
65138
83508
32948
48980
31344
1068
20697
73443
6019
98091
66324
75557
74776
6873
44008
12839
20030
34554
43314
17029
91408
19089
96689
88697
9381
21633
111492
81144
51138
35125
50151
91317
238
84888
86129
73753
48272
9779
51863
88190
89606
105881
19442
64249
25743
940
48740
13504
57173
51587
52365
13144
69733
87211
75901
49977
14942
63713
33054
108934
77778
36737
22137
11147
111548
108975
6516
39989
58614
49676
58620
75560
29589
69156
47632
54835
108973
83838
27055
97371
71685
56049
67882
48899
10422
61030
110719
82842
35754
36217
4256
83956
20000
36417
87713
74804
56047
72285
78666
57045
69781
18829
56742
113115
63939
27912
31605
85165
23526
29473
46843
38403
48678
52373
88453
62606
60917
23518
66991
90692
72199
51263
50342
71320
35417
12825
107909
7831
69571
73037
23982
107797
21454
88652
109
69099
23231
110947
56318
91421
84869
19542
39526
42230
49590
96803
11607
92411
72605
1887
110645
86537
82694
61127
81039
61674
47671
93369
101838
111540
94870
107422
19267
19526
46271
8323
64695
94042
87351
14941
65059
78541
14461
30274
52165
30920
81934
27358
47940
14615
66443
92370
104597
3118
108674
60111
61929
7829
63326
78088
36501
90003
35011
35402
110544
72294
56867
315
52679
98327
7475
66341
100062
26880
100145
112035
22899
60078
71974
111760
169
17784
66864
6756
94458
14451
66330
5261
24507
46039
82855
1114
74292
99802
6128
42713
72131
110501
34231
70795
34925
30334
92029
4522
113003
75098
15237
112281
30132
19265
99122
83627
17943
82772
84188
11859
89598
23414
93233
78742
70352
48663
109761
72629
7883
81881
48648
67431
62485
101951
109329
74090
104169
56677
71074
9446
1151
104698
10724
65033
94272
100813
11814
21951
47035
34251
70253
102364
109390
38557
89283
88618
19481
77984
24458
78504
52607
41873
86524
99861
27592
1578
50196
105429
45770
8511
24832
43736
84320
85401
68814
73371
45165
19543
14331
104456
91718
98137
34670
65083
25053
16596
78772
4253
90639
17109
43514
111079
75135
94235
40018
106305
71244
10611
93912
67565
20956
12949
86
92988
104636
34023
63699
69083
11677
20949
111944
101652
47161
53987
14427
78627
75520
47123
107392
34372
61558
59297
32377
100767
8291
6982
54066
45444
37234
34014
29818
98352
38219
109030
108923
85335
5694
113076
74419
107054
79208
92066
32751
101247
64583
52270
28266
99783
26118
71435
26995
13613
70546
78795
64185
110800
92043
31653
75640
73732
6757
63096
28406
91856
55189
16932
105493
51779
55118
62384
2116
90575
54619
82321
70091
91242
54094
52619
73778
8888
15753
73887
98820
61525
36193
16673
36297
85859
80227
7692
68367
8968
97965
91940
101651
61425
82844
97899
111132
92174
63621
65569
31423
112797
101592
87654
45867
38690
74819
63805
72452
104468
97962
102027
112027
54638
48851
22516
41540
74210
60587
7454
75982
112606
78745
81038
74582
8033
35716
88141
97127
35055
31111
24502
91008
75476
85915
53915
58321
86484
38452
6180
57511
76283
77046
27569
50880
112587
5536
105786
37117
58988
111905
75256
51248
71608
7816
44940
109204
112798
5572
56170
88192
24680
102945
5899
64418
22797
50913
57798
82866
69474
45262
18824
10148
99753
51253
111882
19457
74209
8206
4831
106865
30780
107066
23150
37471
108093
41638
20886
63425
103469
47844
96025
100920
61103
112808
32549
62623
22033
67139
84061
46033
31985
48548
66570
7896
98441
50666
13990
112557
83155
95555
36257
56606
63319
45570
2561
90441
87088
1222
17912
8868
105189
74621
106052
108191
9102
35489
39868
37132
19617
88337
97967
39990
82090
39818
108847
96608
35217
106780
43092
94363
71730
79518
42671
32826
35762
96416
61461
20225
56366
45749
41433
16343
42720
64335
104585
102054
38372
1746
18781
5415
19575
103699
27894
107924
96858
108283
98502
24689
77058
7727
80166
21566
64301
110003
85353
85396
37825
33310
36148
57728
48727
92255
105602
12911
41711
53916
7426
66876
46751
105595
18168
23446
89868
108790
81028
55137
87908
4531
47268
83256
102143
49016
99144
50097
52503
24646
45140
104189
74023
39069
89712
34959
108441
57426
108907
53982
15952
22410
84473
105265
1171
23884
64729
68668
32645
103880
32308
43919
8791
93698
62910
61347
45277
109461
72835
105334
60100
84951
53347
65248
19148
89966
95591
91880
26021
2751
9071
15451
48947
101387
1307
29130
45209
9340
106811
86039
72926
77583
24706
54515
72758
102338
56335
113862
85877
48904
108253
101896
30893
96234
74888
109841
108702
30174
90199
68531
61703
75241
27612
42842
19875
99682
7769
5302
71624
20265
10090
81112
89948
6395
81677
39619
36494
49451
46346
99258
70585
57603
75360
38325
44429
69339
12918
81312
32508
20852
28936
35168
62467
80161
56315
32314
91735
66848
87777
39319
82661
110540
102440
47042
63315
66543
42759
75187
70656
62525
73791
112640
11308
91503
18938
26032
25502
55062
114010
87562
32116
71708
48880
18281
631
2429
80391
76801
51597
89144
111680
61217
32827
87963
104592
73859
66853
84583
24173
44241
44827
73923
18568
23001
76138
17168
77354
65882
63459
94462
22649
3545
2275
89899
52358
28173
4211
7034
66149
91154
48636
111382
66808
29795
71149
83461
50848
74853
62735
16547
34295
93098
66042
55437
76111
99456
35515
96316
108414
2166
111558
74907
93501
90334
83802
4085
106615
9336
64428
64207
55119
112468
82934
88506
43295
39095
95771
33323
91886
7807
84324
27220
36519
93902
83302
64921
83044
68993
23311
27772
66296
113654
74069
83109
58927
71297
86503
65223
86331
85807
49990
113539
46431
48733
113099
68315
5946
77318
7374
29489
87998
72053
45862
85921
49197
27375
17837
68158
55978
15079
59121
25756
43769
97370
18149
56907
6291
54404
32589
51624
86819
70106
100556
98930
60988
91676
6123
75857
11734
9250
29466
44454
100846
51170
50859
76461
88075
33860
50898
110706
3556
75802
75044
106861
94736
76859
25501
108457
1509
1714
107670
15633
25217
101019
96258
16686
23480
20181
81220
42730
19147
75162
106141
49253
105294
17349
20753
103644
15977
110274
102498
99480
97855
74865
40579
60575
76
79321
4987
41096
30253
108048
84490
80039
68603
91230
74885
97569
42297
84456
43704
102169
29858
22088
74147
27975
55989
58687
56753
90504
81378
87117
43014
98529
43472
78168
87146
41431
54879
50268
81462
15671
103422
94970
41235
64267
61571
91012
97018
106551
50894
29404
9628
82851
32556
66792
95298
103221
34442
112642
99018
22215
32811
690
56893
74703
107227
77496
52174
108979
52697
41445
96579
95051
43200
25235
48914
90449
18639
112973
34582
52529
72551
107535
98300
59014
61690
90635
107893
103371
10106
85039
113736
67156
96197
50279
66965
10139
78645
2091
70641
100191
103607
23298
87103
72678
57152
94010
99021
25705
103311
81400
91780
77069
26875
64832
58195
46845
86204
92157
26444
52942
107385
78258
96777
15480
41790
25437
91690
32921
63738
106268
51102
29453
87128
41051
38990
18382
38139
60439
50026
5896
46653
45624
61900
80223
101350
47904
112596
17934
65113
38592
79100
18194
35782
47219
1160
65648
96691
66780
108774
98590
29853
85172
59766
11614
23367
109969
31927
70811
101786
28666
108649
31727
99489
56764
62125
101108
9239
10198
65880
73619
63595
52056
3521
77229
61205
46927
83337
51193
112871
34586
5712
33422
83369
55843
6029
61483
161
106847
5796
61352
42270
4426
33549
98363
43079
38664
32926
32219
54822
5267
45604
104129
104578
86830
15413
112794
74206
29767
95038
109635
99336
34726
41677
74538
43172
63640
39769
20808
77781
93525
104368
80658
81735
72077
21942
13386
48363
76045
46412
83775
20907
53343
71083
6403
46974
38164
74759
46318
60230
76670
84680
39449
24896
15516
50694
87552
50330
6856
94742
57148
60521
75310
104909
22675
3035
26483
107027
52269
75715
35596
70998
6686
104239
102739
105629
60106
106836
44047
52414
24786
56831
45546
37158
70217
62873
16467
6404
69232
29665
81755
111115
15389
35923
45232
27141
32271
7167
21363
67789
10949
15078
41303
71098
34787
61182
13528
85892
34222
12148
99075
46230
44557
74295
66051
54025
63373
1130
101756
90317
93578
11021
22440
44571
104055
68108
86962
1862
98148
82297
5299
75069
95719
23260
4956
89711
55468
80211
97050
72905
19924
74163
10168
86685
37657
21216
44651
108098
80233
31348
59058
5421
52796
62711
23590
28532
80225
79094
38673
37421
65884
112845
14876
18369
34798
3700
78035
23200
83463
106926
634
99703
113908
38658
102748
92179
39541
7661
53838
41615
38826
83598
45032
62946
65688
29815
2058
50642
106451
12637
108836
41699
5253
62559
65375
75195
19427
24338
25387
95032
109936
63646
51030
103589
49643
111224
59298
103735
58081
24256
46603
39064
35131
92680
100360
8231
113977
35213
63961
64988
103670
48876
37210
58748
37240
63022
31182
112819
48844
32679
108370
104934
32572
29310
99043
97499
93952
99760
59283
41856
55492
46588
64029
44943
91841
66610
43211
21245
41350
68357
3366
79425
93110
10915
112203
25671
43661
5530
66574
78691
24419
58495
44092
58253
25665
112985
1396
23334
98355
111689
50664
5908
36422
106071
20696
61069
8343
6592
36551
52380
100365
82868
25912
57700
62165
19873
9404
28908
72492
100011
71306
111220
43903
60747
6270
43459
36986
55465
79791
25003
6001
88366
73641
86684
12003
111957
52787
22091
91278
31910
105718
12287
54124
45373
84079
67822
38967
84451
22507
95840
85800
37156
32023
75874
59907
40828
89971
21864
13832
46218
26090
66669
36650
95587
8301
4154
93164
57501
78137
56011
57841
19889
103624
71111
19359
9979
69154
34403
105444
30833
64038
93490
73490
78808
82773
39232
3522
48994
57936
35839
95677
105765
90436
50214
64429
27683
102183
56224
59698
104563
109998
88539
88516
36928
84434
69430
23304
15930
33990
42068
95526
31797
1682
7161
41652
29928
104595
2813
17919
63
80261
72255
74612
41246
37958
73798
65611
53669
67178
49084
68796
33602
98366
18410
54666
22684
32894
5945
12989
36855
5540
40544
92606
61647
8048
94268
84147
34375
95382
27741
25210
12362
18463
113837
55256
77582
93770
28859
51377
34949
97255
56574
27023
75140
35203
35757
16532
14528
36916
101092
63252
101091
39406
80991
208
52618
62362
20347
96345
8930
25424
230
81097
26345
30028
11281
37467
77014
85977
84223
7676
5136
29695
23778
91083
77639
78683
81535
67843
32753
74802
51014
98818
88545
14745
96076
83704
109200
63743
104626
26679
58167
85425
42389
81632
68804
111687
31291
102276
32487
86245
66994
13306
24046
71783
45996
94901
102259
45468
12050
78123
67946
61611
48923
108867
94172
29753
54391
98184
50958
100830
28695
22574
89052
33263
101885
94603
21681
111697
110985
34609
32381
101638
43072
50187
90078
15024
85255
112243
2302
46941
6340
92983
14043
38187
89525
5390
103542
67220
15484
104851
36575
4411
82270
45438
24214
6115
6706
18460
56297
100884
60272
39150
9205
22126
9942
31925
72216
5957
54991
73082
66066
55342
24001
56602
59001
72209
739
58930
76090
108838
98464
85139
50682
62862
14436
22169
7156
80067
2287
45979
4144
109249
26985
67635
51829
29687
88169
24317
48264
12952
27274
80914
59987
76565
15365
83939
18746
67172
36975
13700
64782
90031
109945
58316
34070
40734
74092
97911
66936
34177
84399
11255
41344
104523
14909
56172
66665
39579
24498
25796
60038
40133
22355
43130
62717
59736
57472
93267
82412
109779
73704
39385
5085
42946
91983
110771
8195
66284
51659
105381
99729
15135
55865
11336
80072
104182
91331
86508
30635
65869
64222
105930
92641
52947
112240
20061
84376
81166
27556
38384
82382
5790
36782
54211
77541
64342
74771
64818
64197
53131
38925
52926
48357
112765
87973
42625
44550
87127
67956
14439
67101
35160
55731
28506
12659
76183
67122
41624
47631
62535
48743
54201
111719
24418
69794
52084
15790
53021
75639
5354
109424
4277
12433
19720
8198
7235
83075
87539
113227
7644
7574
30482
78671
109260
17608
102803
45138
1790
56617
19671
16086
71180
24359
90346
108990
6829
88907
60444
63810
83357
87041
36016
104136
17209
67083
21210
103953
77918
28789
54932
69862
97219
37818
89956
69100
87175
30320
59916
103597
47546
79408
53229
94366
15349
20084
7443
54574
19998
52486
80038
113159
88565
32722
92971
75473
105921
19008
111470
9492
2252
32998
44395
39711
73105
17370
76384
106845
70575
97311
10584
90136
89114
11410
113606
59191
79613
111482
80149
3116
54403
5879
50201
47626
11701
105181
19908
70647
99470
63192
74614
113445
27427
22951
63109
60235
25633
53069
67297
23891
5262
300
82262
105088
8952
112916
43793
8217
6506
10879
90254
13067
87796
72466
55886
3663
79473
35896
88219
79461
39627
41616
6054
74550
113387
50228
60416
107708
40960
112938
22275
24818
8167
105724
57254
46651
79050
92589
85306
52333
12186
53656
93818
84082
12872
4514
107950
87995
105045
49779
65434
65540
96204
31032
98743
45930
89406
95822
53334
18890
45960
50060
71562
81639
61370
80920
92237
32122
26297
33837
85317
39337
85171
12146
41490
44877
60739
68909
92574
95598
56204
91664
59474
74497
31827
41811
43888
56726
87012
80786
7784
56191
44462
35207
101082
53748
50507
97059
45089
74836
64801
42355
93906
83993
70210
22265
113628
112631
104878
86491
6069
87421
63161
8378
96903
934
110463
84841
59164
61323
81189
74494
66507
24152
42827
73118
66533
48898
113879
22509
73485
33954
17322
93086
39279
13160
44720
82248
29014
86707
87633
72026
22226
72189
73041
92406
42450
46144
60287
44402
5735
66747
21553
75452
106456
18338
72938
26563
48283
10926
82007
27387
89729
55422
52334
92532
22801
15777
24416
83134
4039
30262
65158
1164
108266
103834
69383
106503
70821
42097
42571
40120
61725
97411
89666
96003
40052
66226
108299
112823
37927
27278
101064
100471
451
103303
77494
16891
104649
84461
97436
4606
12386
74624
76194
17265
32120
65262
6101
87689
10559
43951
110798
60191
63648
22280
5630
80778
17710
21637
8088
57162
3356
49793
6894
53001
80517
91742
64225
14903
23343
90629
47102
55659
67129
3597
102393
84971
107961
32521
73498
53257
65805
80828
27417
65272
90321
10004
94583
112095
110838
74126
95608
31691
19826
45082
76361
15181
94780
2833
74919
41053
87593
78769
21120
8192
40809
8239
104953
61939
8801
19293
70595
88010
78285
110123
65801
58853
59272
44023
97105
6031
80013
10162
4372
70122
89628
101695
24478
46792
100821
52475
47048
77444
98499
78047
52572
49549
96621
37495
27393
68972
66147
111674
2049
93118
83441
104974
1115
25481
19822
72454
36320
31030
66866
78744
206
105505
33787
81300
75900
87302
99019
111097
51722
38141
3882
65895
13298
81491
57812
46786
15845
103050
66467
52890
58773
30095
89987
8864
32041
77128
34701
107158
72914
64165
87665
77378
6108
53691
70289
109811
54022
34248
71011
33209
100271
19867
22130
28219
62958
33324
39882
107162
11001
18522
46814
89325
72933
25226
64396
49505
103397
14504
60183
51918
31254
44225
50991
85215
61532
88763
103598
108731
500
27232
35552
29427
83342
5275
18552
102275
50299
64553
74874
49242
48195
8962
53713
47573
7071
74011
90158
37562
71227
89421
99539
72429
62866
48024
75380
22992
51663
30978
23564
8229
83661
19314
66383
41910
27551
11413
54963
89769
101620
59841
6780
34584
45146
111141
39911
12618
93353
18329
95603
75262
4697
102428
96214
29098
111256
63627
71965
56127
92062
8591
59172
77259
61147
67701
6
33648
67213
20051
10908
71219
27946
21922
63806
64237
107005
94889
94431
2714
91164
73213
84591
40048
63399
96797
92767
38300
89895
44641
41007
66237
72887
97450
40111
28917
80432
101055
105377
16974
2911
101740
35929
86241
10404
66662
21543
15029
91596
111019
82150
92010
4501
97688
64238
42677
80397
78644
17240
18253
99264
49677
13596
109155
69843
85213
31354
46170
34054
99086
30677
100717
82031
99203
73083
93554
20666
13207
109000
96829
27371
23934
20882
29575
19136
92804
68844
79928
42415
19648
100389
56720
41771
113581
8235
28745
35181
53575
46673
101252
81532
63779
75056
46629
16186
56215
53983
111575
85478
55778
68359
53740
29495
36891
113388
28755
57297
68124
12158
41474
81115
31448
7944
30702
35810
103193
73380
18687
83487
30538
16048
67239
33507
34751
42378
32506
15240
68446
106168
21836
26861
69135
89803
36325
517
43477
2609
76780
73145
1546
34633
87989
96834
25192
3089
77218
108733
49862
27187
25600
91326
95700
52795
39641
105151
75791
109653
74426
61861
47018
77472
2997
31061
107320
108900
13221
69726
55964
23833
93585
74957
110725
103892
80995
63592
48964
13870
37180
44136
16588
106473
38833
19225
108347
99545
56689
108406
7706
63312
81394
43251
102217
107729
54728
83760
108662
72960
65506
103728
62341
48637
88052
108405
94877
96275
108099
72753
28437
88919
79125
33286
73740
94089
65846
35195
44869
41356
18452
65058
18900
28938
46642
88153
35088
108898
104541
63971
101122
266
107870
13771
39976
34360
105723
35087
23593
44817
109271
53235
13293
75327
104394
63866
57800
85181
37732
63638
60233
29143
46816
72464
77189
7236
21459
15002
47303
81858
31592
51525
43450
88840
11655
110159
113249
97292
19174
3013
55451
52864
37455
31345
99752
72587
40819
66899
46769
110018
73464
70543
13695
25986
82958
67450
62655
53321
33383
12927
83904
11627
3167
19763
66300
23437
1570
21294
23964
58234
112523
17101
36926
30460
48983
73700
4116
29836
70491
48025
5417
109857
81972
61441
105022
53191
107537
48091
90878
56497
36988
25174
9536
104458
98120
24411
110764
49423
66021
94856
45833
90478
50351
74194
16635
86439
19487
60006
112872
73377
103096
35263
10688
57849
28291
12258
30878
70750
25635
85926
60189
105443
41645
6208
53828
25081
61212
90704
113116
97345
101597
44164
66903
418
95562
48439
8516
12398
31347
23528
31939
32172
57052
77363
36874
7226
19756
104889
78162
463
112333
85015
48325
87210
105769
65612
19905
17315
98073
15330
18441
55408
33521
87984
103206
102662
105343
97204
107887
112573
7658
71077
25824
22651
77544
89955
184
61984
6654
31372
93697
4060
84667
49548
38930
32586
58450
111334
99693
54149
95579
89811
2910
31307
18341
25851
82533
15337
91003
9353
59221
64121
51295
81201
51022
38847
81975
62698
13688
45440
36454
47391
90029
44359
53507
43217
86583
21891
41320
111951
5106
83238
57358
256
83471
287
100452
60894
25805
62330
86073
28478
3083
37296
4683
66718
51671
56324
54448
104294
33551
108288
14643
89636
8604
73194
58762
108602
8594
76515
111419
76452
39512
9279
83887
1398
31136
41479
22856
104264
97044
18631
67965
54104
109303
112803
46798
27938
100638
101104
36763
26157
110689
16630
55008
67047
4291
95616
11484
60205
16650
76684
106570
107681
61051
95281
65144
74948
110808
100376
77314
20723
72261
104377
27732
111166
45349
47425
93068
50359
74337
68415
47224
70203
32735
72412
72566
45452
4201
70443
28860
34062
87672
33632
70357
46327
86101
83873
61113
76271
79520
17192
25763
8272
29483
20114
18573
3205
58732
16362
40536
98983
100393
63536
44156
112237
104569
110832
55902
72624
67094
57485
40391
30187
17680
105712
88928
81446
89207
33395
62102
34036
111146
60376
31500
72435
67950
50587
49794
15888
13022
106050
32102
29705
18929
15787
41020
25017
1320
29436
52191
60982
33022
22955
26149
35082
95632
6643
71543
6537
80329
95092
55183
22501
79554
24319
60166
96081
62475
81573
94696
83005
80590
105332
74709
51803
69629
28307
65574
70570
74463
67727
6544
77958
20457
27958
108360
57139
63863
66046
11599
59962
8776
73052
104323
78796
52401
15393
84648
24722
72947
34946
13559
70223
31421
40504
55428
88056
101524
65867
104975
11666
84151
6738
49223
87191
84103
62530
35215
348
15873
6171
10437
94435
11092
30686
35008
48353
111844
76590
29842
6038
57884
38619
103333
39010
33288
101199
2050
96651
29861
6845
33727
67330
111804
14109
36525
85596
84997
33005
92462
59492
55301
50485
102779
45821
38394
55996
10433
94020
104172
25891
105987
21494
89327
40450
540
