58027
89395
88285
64341
71684
2446
100639
85328
24099
70495
3649
43515
57467
92232
49816
1954
58397
38285
76374
80898
115432
68364
67320
79502
84635
29919
19820
112202
14094
120074
45739
12275
41205
3509
27047
100322
15410
74003
53899
16278
107141
112473
23757
63573
86597
8651
15590
110494
51176
80329
57272
118530
77313
5127
8581
107444
108485
10920
86610
34300
47296
9025
115205
15552
43170
86583
92568
39429
108252
8683
75884
7221
99529
103430
45396
43029
12997
91698
64116
49248
6022
68245
87093
81989
27205
27443
14100
42491
110999
45420
90059
78546
88682
25092
37164
9949
44240
37692
98406
21337
87646
62950
64235
36207
11625
120967
14953
110386
109176
68724
37408
101091
77433
73509
69741
84277
92113
49565
96918
76488
55755
105422
105898
29489
57742
46574
4577
91996
75593
99632
47392
102524
40307
101158
27406
87542
40686
108028
109567
33610
28229
71507
57757
71547
45074
56343
42455
104660
24283
5470
82345
62383
62287
20564
62979
53736
39168
108679
95902
108190
15515
16292
15833
67314
5051
69751
95004
105163
75205
99893
65938
32628
70194
72655
20488
71225
120297
20346
68047
57719
31760
87479
35258
89223
81877
66949
32317
60197
66588
93075
85566
53116
9767
108913
85085
102495
78340
111354
17664
6778
68655
115889
82591
42773
111379
73985
114556
46937
15430
8455
89319
7899
107424
108337
102233
80685
13448
48781
11987
93456
18508
40506
44316
5854
72773
71517
99954
49019
34000
77138
380
72707
113340
59266
14291
46747
94775
96729
22610
25031
74572
105433
110398
114103
66121
120425
11949
67422
68382
9317
6588
18353
81013
31401
9661
79307
91359
56929
22771
121052
20459
70156
81371
49268
47856
61949
13105
50317
70182
103333
55948
30476
105619
8703
87878
114911
51277
58174
87649
66774
104706
12182
77784
113644
55559
71201
33674
33169
66451
35442
65520
117199
115192
113065
71178
79327
98989
15371
104292
58241
111544
58144
36712
22662
83621
79795
15705
45371
120895
109433
16294
106105
114235
26561
93774
97141
103366
17687
38771
1913
78405
22496
70727
62492
88465
24060
87200
55152
46671
108072
7669
96419
51279
90778
5473
1951
32094
50061
93293
34903
70217
6791
75855
69086
73872
84996
79525
86762
42729
87893
34507
30453
105201
53878
48648
54022
59188
103136
94737
60292
93616
84234
1160
83876
104103
96363
64762
20313
22440
99714
8826
101174
85697
5090
55266
6261
40124
57660
85734
61518
41283
83598
23428
103993
109993
39563
37499
101285
101439
56029
113684
99947
111168
50633
34116
70063
40755
118827
54833
119530
26931
93455
50277
74105
87697
18689
71605
26763
69656
101917
70254
114394
37220
90298
15457
112459
13923
48380
26085
77239
70780
113163
89451
52486
119831
63862
50487
37375
48535
61029
65539
44343
8198
16479
101683
106322
48154
47489
5144
15149
34850
51442
78382
103197
23945
70667
30651
32752
74582
78373
2499
33724
118377
118892
1925
68527
112164
41059
11049
112196
86389
72355
108468
79267
59548
7042
14147
93310
66987
31244
72631
92898
11775
4563
53057
66812
58789
9522
73474
68270
92507
107413
97552
23769
70424
49691
12737
89698
59372
20985
68899
30362
72170
105179
77023
66441
50753
106205
4272
121669
54951
51420
23097
43380
11475
39224
68492
119710
52822
113888
2493
83178
19947
5910
23252
20184
76835
37285
34461
77628
7351
92402
93657
73594
38829
32044
55089
86475
89097
25044
114605
84049
96302
2288
14616
47306
120295
70185
94205
74520
41665
47920
18561
94446
75637
45418
50947
19772
64483
50966
113660
88657
84565
77174
1397
61306
88625
5149
106596
51810
111140
100615
102619
112188
42112
31444
75558
97193
4331
95320
98398
3913
102211
99962
99627
40006
43205
114363
87236
80069
61133
88917
11748
7164
31720
23248
71927
10640
68603
18863
76103
59299
83846
100311
102367
57970
75244
103702
3086
85669
80980
88919
50470
92945
63450
95132
57066
92883
9821
65263
18451
89930
25368
110830
36015
43397
79497
19791
112598
69719
47916
72386
105391
26929
45271
31091
87687
92156
32201
81836
60589
29173
76177
10502
73485
102956
56402
69028
66383
70289
101480
91304
30795
84719
56086
35430
44396
110960
30047
27948
59867
112012
33997
86508
117449
116657
97770
117732
25459
84117
52518
8177
116093
86841
74803
32368
29998
58897
19003
92466
34480
95342
29050
27109
3252
58378
19335
24429
95665
14992
80240
58006
46670
58853
35232
58145
77577
9708
953
20644
104705
18120
34187
14930
12170
57163
64277
90863
65935
65785
24524
92323
66418
16507
95395
93364
25086
36846
117222
44290
18553
88303
93661
64065
9916
121774
39397
101446
43537
29315
50133
22577
118622
20263
66281
73069
31087
61394
21895
45886
14763
30747
101607
96526
46888
37080
120563
91390
5114
59715
63116
16374
105713
79424
6250
1333
54101
66433
16313
58279
23490
117313
83063
43040
55721
55644
44913
112754
97784
26252
55929
79120
25881
248
33889
23512
91290
97832
68925
48844
59336
104085
101616
80694
103782
117076
65238
59476
39135
28601
83751
117498
113891
14492
86413
40623
26821
39719
4829
67094
95873
94747
37083
19739
14170
20112
15181
34789
60052
41876
39733
20967
112969
11679
67933
8094
57966
5642
43559
66277
78173
53578
79272
24291
23759
21147
116608
78787
33574
104234
72278
24539
104614
50429
36276
98640
44893
55747
91878
76674
49340
11321
121147
32828
78626
64809
38864
33823
65679
101237
24806
98878
27240
20520
47181
112464
99402
103310
75440
111492
77562
7023
63202
104974
90369
53434
5946
83946
83909
78507
38716
61533
105066
116448
29723
68928
98007
17917
21941
60768
42368
24319
50259
56483
89843
80223
80998
103677
64854
106556
19312
34676
12058
68002
35094
103314
97682
57076
27825
104055
117842
105030
32
91653
31390
86331
95785
62019
41043
119340
50290
54430
77897
18958
88373
19856
61054
21665
6514
59772
31179
102340
78761
34435
7306
49031
3572
52548
27706
4933
104998
95271
75335
15551
71415
110970
90977
61238
40826
45407
87780
86016
94727
65412
100194
48400
89882
115623
97851
102589
319
77846
43116
33293
70323
60408
99606
44654
76853
52768
23247
3022
76455
114418
58587
103645
110482
51626
46174
73902
25166
101403
60217
25462
67033
51432
69154
53777
115817
108365
98430
86380
46055
53828
20852
48049
69281
34146
93449
64752
88225
9953
24756
43606
58219
116549
37288
73519
44375
32383
120488
19928
54985
11969
29044
32319
50534
36794
49813
71675
64541
77561
91181
90666
97934
37637
115147
98992
40567
60452
62112
45470
24488
11576
55676
104367
27872
94619
18449
66920
56584
39338
77861
38344
104328
31630
46255
104204
54930
30325
58784
13657
18640
67839
99094
82312
98351
83925
52268
97952
67057
5116
103563
13003
85850
79174
108439
120918
68182
98038
111851
63766
69059
60537
73162
57079
89496
98653
112422
5565
12970
106242
23418
50786
65840
29608
3525
42126
115408
33177
75945
8544
32553
79319
93182
24675
38351
62351
27889
81422
44670
101927
61876
8812
7982
93806
71175
101435
102963
9446
16452
60164
23871
74167
109025
918
46635
71633
81483
80922
105012
44886
104269
41514
87165
10438
61448
43945
58663
45346
74745
85211
59500
91019
99775
71648
33247
59949
39663
109292
82132
53007
112359
110201
31681
89489
4400
50793
18371
72444
101100
71735
103089
107617
120212
3783
79218
120564
35835
13371
116593
1241
81825
32068
6639
117188
10883
7402
57422
59965
52144
39267
29693
87215
28784
113753
111932
46763
98824
11924
1324
37998
8399
29032
20028
120153
82263
73615
71521
16739
105612
23948
19420
76838
52124
9197
34352
48236
83923
101023
53541
31097
15250
100878
9544
70623
46230
80145
84410
62176
118343
76420
71353
36765
44726
20319
116828
121044
548
1418
49844
109142
100808
86065
41017
10202
112488
76574
21646
44881
16723
4529
21307
111941
31491
91358
37747
103486
47299
21263
101770
71098
23536
54011
85846
99116
99394
93746
81751
55198
81773
30084
30470
71424
44529
75779
118113
10147
107709
117400
22517
2619
69483
71598
91581
21207
2842
97588
120611
74937
15052
56137
25607
77090
37584
91791
94955
40109
95061
74844
54390
89382
74864
72026
50632
76975
41658
52224
120964
11192
89549
104881
68453
45205
79884
64336
82369
5726
13466
112389
88800
20029
28652
55290
108100
6553
104426
77405
12550
120073
101018
109974
28255
41857
62549
40010
13159
64327
4407
78905
85295
46537
50265
103679
17698
109668
2814
39351
20318
93178
26302
88391
94330
97732
108892
30218
22495
15907
23585
6748
16344
113591
53308
40339
63193
68143
75610
111070
41013
51690
18047
83268
62433
42659
64990
90361
45166
18543
56411
17470
4291
21267
63392
11998
57836
47235
64380
37301
111696
69613
41553
59922
40648
106637
117505
86532
57310
2411
15818
5450
42367
75668
76436
91634
107181
47006
110445
84002
40086
8641
75112
73957
94869
38310
73806
106042
120358
51327
12882
24822
1112
106145
1561
90810
41167
29736
52092
95191
16863
3623
42229
93134
72771
1909
67909
91522
91528
63669
85684
55596
77340
62770
38045
32656
3093
85055
73449
118768
117163
28809
27882
28893
70522
93691
87409
44427
18264
108692
88748
77337
58958
10613
99466
37221
1695
83522
57319
81994
61702
88544
78455
4475
78243
36667
116347
56640
105798
114802
108082
4871
35184
47159
12708
72383
11263
120156
23775
7085
20886
121447
100972
111882
48684
1848
43621
70295
106382
119371
120267
39228
19590
90675
65376
9857
107647
33480
104856
7637
35852
6076
99343
78418
102653
18692
42086
81791
65736
98708
52966
89557
27496
77001
34585
85434
69997
88278
66536
107371
67841
27412
37308
4143
96491
91417
55313
17037
23866
84325
107609
70829
56372
63088
30778
81787
84531
104016
11081
25757
64461
41767
9540
50394
100028
86059
49341
38432
65776
68633
53368
119492
110343
77719
56434
27316
6473
99622
112520
17239
25523
64462
42200
74064
114216
112699
10605
113770
31907
50511
22572
86184
73341
84284
6523
102428
100977
98005
33856
29095
41085
110334
61254
25021
93753
9259
78336
102628
83052
16832
90275
28045
21962
1886
83595
39134
94210
57562
18982
99246
104122
95031
115039
14303
94497
90073
18710
3210
6470
66843
463
77059
114613
13556
34216
55735
32916
82887
57513
1825
64227
102045
62126
72002
84883
62674
96212
91122
22288
28726
67835
102134
117320
121144
7944
101198
43145
117366
79361
39024
113386
113895
48216
6296
48798
120605
35422
51660
1775
26575
47621
50971
59992
101232
87625
12597
112720
89527
86676
456
59671
18933
42513
22882
61950
36952
112956
93476
19320
39525
119415
60211
50576
51427
17145
22511
57335
33588
18247
112261
8905
70824
58349
109075
72498
114204
14024
117929
101217
98886
65034
5198
84979
62184
36346
92391
54341
118155
64985
118650
78021
94271
113604
8523
96917
116182
71588
26650
38425
32811
101933
115489
114900
34129
103381
70513
75309
16319
73869
17060
73056
67517
113152
70723
42760
40856
82977
24562
91824
101372
43990
14779
17510
117231
15036
97022
32032
10778
73362
63790
12357
107242
3910
78941
49047
93762
14206
103734
84276
7840
116638
69206
24287
19217
18161
16864
71717
9874
51260
114979
8524
79421
53911
88308
74694
60233
58232
115979
85458
6732
80226
38786
102872
76074
98210
24641
40120
114915
45777
58772
50556
81083
26827
46642
10346
89718
70483
48238
43137
47283
43427
94810
11074
96659
5094
16108
74654
69035
73465
15228
38856
59792
13939
67210
34241
58032
111020
112588
105445
493
5066
84834
38349
71526
9926
28890
11249
100186
119687
72143
59239
72166
15911
2746
26400
63459
90370
52238
84141
88945
43857
68255
76837
59038
17120
824
48388
106980
93886
109978
23640
84819
97164
84538
33220
24714
28705
27489
117974
58481
74267
85348
44207
108838
59933
27643
49589
12566
19643
114134
56509
31710
9920
43042
41826
72716
23123
34809
65312
31668
80724
49661
117353
102588
8053
117110
43783
196
11896
57944
32728
64863
90020
15252
99001
37577
92446
78875
6709
114692
36746
47089
112825
23336
81343
94514
93217
28542
35770
87745
93309
72651
57721
102675
89588
8018
52371
64895
52831
76428
2397
25287
40167
7457
80203
23204
94705
119546
40840
65895
98370
87169
104335
21935
107374
74527
39741
74175
62998
14459
30160
70674
91502
6587
21567
74240
90065
54400
1639
84085
17633
61884
109326
49480
42402
99574
12310
91437
42034
105814
42974
87690
37144
773
27033
18299
92752
112099
68890
93224
115953
24342
27310
100274
19482
3660
75528
56957
85829
105992
73423
49325
49577
82549
78440
97389
99385
81752
118588
69176
93172
80607
13021
8951
38979
829
6203
109152
5684
100572
6800
4723
110380
68218
37259
11113
16702
71137
47525
58135
71015
112790
9684
103841
64511
92023
16649
55197
30573
52599
4092
109371
61850
73975
44757
86796
84143
25970
101170
5190
12707
50383
91597
36171
6696
101169
115675
43528
81276
78747
51192
116452
1393
49339
78019
92009
81295
54287
95416
30269
47075
80290
14476
33843
39209
56458
47767
41672
36805
99203
113678
50950
7630
81868
21179
39093
5438
5682
108779
83765
42253
1037
27353
110110
70322
70884
16395
9774
18145
95871
90723
121287
15766
102544
55371
28970
12303
3750
89992
70618
70119
38533
48989
92953
72088
42258
96463
42379
26958
24425
92312
41706
45255
2910
69192
108531
16965
57560
3883
96744
38004
930
113832
54326
64333
13206
88577
118463
36442
117144
12724
95531
30323
114749
57383
24588
60253
97009
90272
36914
42828
32759
84891
103756
3669
75513
56899
71195
10601
68702
23168
57726
105998
63818
11349
49007
84122
72891
63649
84854
11409
52780
119231
91461
79072
12986
70859
22159
85730
36799
113255
92661
35753
35840
117797
96322
108491
112058
50911
68979
9896
109178
111050
100844
12819
20516
16635
44130
99662
84723
84791
97354
100030
114055
112670
53660
53009
21849
72783
117235
46938
36583
116672
111725
84990
64031
70740
4043
119957
4984
44243
106701
32461
39347
10542
105313
4202
91759
26891
58523
28162
111360
45369
113899
120434
33328
30304
14736
86384
68205
61615
74035
105545
114042
120521
76585
35577
44487
80344
43381
53114
69043
105874
33670
26218
73814
112139
91006
20983
15988
16740
1378
75127
83836
94942
437
71171
50856
96811
17885
73941
119857
54102
37409
44215
115236
96787
102218
84364
17945
42680
69216
17506
46813
20688
102621
16252
36155
92537
26032
87261
25208
41865
85868
58061
97073
119397
70084
23044
92053
81142
29446
39067
588
65687
116311
32971
46036
88464
47056
31474
48597
12214
29362
54244
4540
101048
53353
16592
100890
90433
97772
71621
76147
69910
68737
99089
2750
81196
60397
17254
84847
38898
119761
7359
58023
116052
103529
66162
4714
81237
19073
43225
8545
111751
14810
71477
92158
101074
25075
77573
31013
36671
54081
95123
91264
61335
31242
64957
33318
81260
11971
109943
73976
35746
1497
13425
65869
43627
100437
34998
6980
87435
58026
85752
62157
43873
90755
35820
79585
42186
93721
52422
2580
64638
24779
35380
85317
85607
69490
77758
50545
100887
3081
105760
91395
67203
24352
3455
67130
31081
116477
38037
56549
45138
27960
24672
80926
97258
41644
49215
63503
111946
116891
104530
35159
97509
96743
89284
8595
112069
116905
45921
44086
58332
25917
34766
52917
18105
26693
108050
87919
83996
43103
98876
98365
32455
49812
60924
34795
13006
72975
7925
109214
11880
27105
1477
48498
31521
65038
81450
81330
62127
50193
80709
67689
32741
53480
78855
85494
20060
39561
9077
105561
116676
100644
90528
41979
68781
22631
23785
7433
51823
108898
45768
71989
22602
103269
21483
5281
99596
73922
29910
51661
35553
13979
11123
40256
26264
32227
58634
1682
35643
25212
32161
17930
64647
13699
102607
19470
111765
94077
46020
42648
52597
120263
35303
79933
4944
82881
29442
37298
7121
28724
117523
37693
14748
9703
12687
62395
12702
78780
71399
47602
84047
80526
107285
7795
68225
75113
44114
110116
84365
7760
106328
37777
33376
58014
90423
14544
19906
96860
55641
97244
53859
33191
10953
36305
25555
16691
65618
23364
33245
3148
107686
84636
8323
47259
72658
14304
1312
119709
73945
93759
57108
17892
86454
47607
117743
28608
16451
63172
114080
20621
116873
82100
51441
19843
21603
116274
105110
80718
64644
13037
20192
48633
87623
11317
83988
85509
77384
115339
31994
102273
25879
23774
75451
84209
67594
39843
9367
43414
115758
75475
102910
13315
48805
119853
59680
115960
117680
112237
33346
33894
29551
3364
64209
107496
117002
109583
92938
116493
49317
74004
113657
87371
43614
43365
27653
9552
116296
121284
10558
54232
20905
29997
71514
109730
75322
80197
10994
66662
53022
99312
55966
90699
55633
92287
66856
74005
7091
17711
60480
37493
102834
113606
105025
116913
14188
117826
32478
101592
2598
2577
57195
78125
89320
106603
66194
103168
108816
36607
57576
98792
1671
92101
888
72210
81208
24116
74317
85385
69447
1750
16944
117952
9762
71278
13249
28711
9050
49811
53893
69912
70796
56336
49676
55632
3296
87626
105896
82695
14068
23641
52308
112965
13429
69725
6492
82814
10670
12636
111039
105716
119622
50159
106784
108363
117681
41459
56053
102326
106591
71226
86428
19768
31646
15414
110328
115900
50898
71420
75167
107789
109175
3931
112045
11226
116690
95333
40461
66099
29404
96761
106705
56468
43579
96270
57807
21743
108191
85843
31599
25474
9855
34487
42979
62974
67778
74432
29954
98176
62754
108781
86153
45408
83749
113296
100178
15144
14461
2535
47081
64143
56010
71243
51662
143
64304
120878
80706
115851
77863
65307
35687
62757
101275
109013
111051
29838
31565
105077
110843
82594
6337
61600
34526
112476
62463
60780
118022
105774
14688
93396
32190
629
89431
4777
113199
101
46884
58157
114022
7952
92620
113442
34424
81150
116294
11392
7686
100678
57011
78266
61550
6569
69345
67478
12824
94968
14171
19352
7818
15119
5416
121336
13128
41958
115564
108525
117030
115126
104633
21984
33178
88890
108962
73533
118472
12861
55720
82385
114109
104013
57480
24544
31057
73351
112038
63693
29658
118680
107132
51807
37590
83203
40999
112528
115722
19268
112729
119695
121229
22400
27332
51066
88135
11607
25633
75546
11001
80559
25338
86701
94001
47682
91141
2907
86268
32996
96649
111101
27118
60861
96977
111768
42254
53198
51795
102362
28174
80427
69336
117428
69342
8967
39629
8047
39021
107341
76372
9405
4949
53807
61261
48504
78551
85696
117877
4876
53310
22378
54885
13327
30096
120344
4320
15670
92709
40665
113688
8054
86842
73058
75093
8666
79113
65706
57640
115973
16608
57049
115713
83899
47819
39787
2177
70229
34029
120783
7835
105156
7361
3683
2953
58070
80613
111694
66181
88189
119443
59966
30840
29694
61843
8376
85234
115154
4046
118340
31534
103859
70146
82191
110335
79031
46535
30886
46468
92374
44320
43853
28520
92582
109510
42640
46597
8182
18309
62169
83496
82581
86627
85745
99275
55214
9999
43288
108798
4357
72834
75567
89477
56659
102413
55359
16149
38605
38065
44152
41362
57224
62683
30691
116762
13958
6830
32440
13123
57523
99965
90084
83005
4473
8116
26796
44087
58227
18051
15507
54690
106802
96061
84886
52528
73622
43733
89202
105641
104582
67136
1728
47531
119210
10390
14477
43028
84292
16446
46581
69841
17259
111438
40075
89543
91379
99393
37266
24573
85827
12425
59579
55106
96539
46594
52113
24635
111174
15220
12343
40448
79343
114353
86193
121509
110354
88456
82864
105734
103901
30326
59097
64413
8169
41292
86671
23930
119473
26014
103616
120785
1379
100482
15801
115933
110370
87494
95623
25174
31338
103418
23064
110259
85972
116169
41108
57902
53416
12954
17025
96260
26041
26647
6241
66558
96228
38811
57922
5582
26125
91746
23987
15517
78827
96520
119603
23200
76085
20310
91898
121362
65779
24082
70034
13401
28293
30870
71620
45461
90837
9590
55804
111805
93272
100777
24962
56898
46626
87583
39790
112949
29612
93807
113229
66535
51702
65502
593
26712
93997
36457
33597
68381
49894
32837
6558
101937
51469
49726
115496
87331
12051
52252
79273
44564
21408
64149
77169
96673
89730
118723
116403
79098
58603
61009
16420
48959
94748
80719
4708
119182
73399
117254
15709
108990
4891
51924
48221
83313
89922
96445
81434
12166
55479
82423
99328
121679
108951
39327
11498
90962
56991
63336
115909
114675
45034
52476
114403
68958
28903
111646
49393
40080
110827
20956
58392
37566
110206
69862
29164
75582
61947
9880
43808
96210
117989
112849
65377
86240
22931
110869
2790
86282
52527
103569
70652
95144
103812
48846
12587
24339
113662
38521
60505
35176
95331
55144
98475
45995
70537
111233
66081
110739
42301
91966
76422
97330
106862
17727
52866
67216
10815
73650
53962
40367
45485
12895
78674
65651
55217
74894
94199
74162
74142
2198
107040
61364
95672
56355
70067
105135
33687
93428
4847
9795
50897
14547
104412
29729
91514
46851
100984
35051
100362
48229
79797
18939
18619
75905
115961
107980
103017
6328
1662
14367
50554
92535
81203
62984
119071
38535
68960
75574
66557
100814
13716
23896
85657
121173
6098
83039
45954
37893
39647
38288
18230
118857
120437
119137
49911
48765
10668
77943
104099
114386
29481
56057
49747
79105
121608
83282
84783
94756
12768
115267
36978
29935
9264
53763
56672
11999
91517
100855
117106
74206
27004
26036
90726
53225
17393
104178
18219
12305
79747
29812
98942
52990
54880
77329
45228
74794
63019
33241
44401
41369
81026
68458
96817
71366
117835
105009
69508
118050
27512
44523
29077
23048
118501
103098
51886
96818
55820
84868
72961
86264
70540
21856
56185
28660
6643
66611
104548
19867
3982
117219
41341
55148
48680
77807
43947
5205
42539
97754
89018
87157
64609
93341
110499
72308
16069
52900
48090
2668
4197
19514
17745
108454
94607
49054
96574
31963
118379
59118
114468
66078
17978
54630
83339
116344
48010
96384
69973
60909
93646
67073
107169
73672
33483
12916
53632
56153
13648
78948
57155
68045
85901
36521
19707
26658
10968
34514
50970
95581
61805
100749
8143
48284
87457
91747
31480
32569
92261
79549
26877
39884
46176
98265
53253
90829
115045
18043
120218
45323
46528
89975
10989
28785
11762
26387
109535
51065
85779
1424
45531
4365
58033
118536
98027
3885
38755
69925
78842
29185
6012
36217
36437
45229
99041
57519
43013
102867
55680
43609
8649
57593
39991
94438
24857
47203
803
63315
11818
51730
119313
96916
81539
12680
70166
106969
70209
53423
8865
49336
78247
114554
73939
100603
58683
88342
41922
26920
22671
7791
66909
83721
77926
5560
117801
108080
84560
51850
89414
19586
97946
35695
72635
41331
67195
32124
10328
106860
3613
22768
34299
23114
30302
40529
17526
3433
84205
43653
17478
79963
89385
64683
104248
44175
50504
52901
4910
79619
86439
14020
87792
18270
47249
65617
81033
110601
77591
62138
67888
3262
63836
59449
11363
82811
25135
117413
71488
23359
70823
29787
87107
100748
117462
107273
117963
107332
34793
103577
92345
106509
41793
98696
85358
57729
33102
71006
3733
17356
120467
86632
63179
73918
11038
83571
31162
98525
49942
72072
110062
95924
25469
66087
23703
51020
65752
96109
25232
83228
91953
105339
75457
75870
36415
77119
21287
106764
14325
113020
21418
95182
5278
50506
70161
54308
97231
29916
65735
58709
103977
98918
51974
84494
21119
101288
83006
121194
22896
39414
89644
60541
18762
38597
101179
3770
72946
106177
11685
20869
86534
16314
22770
60492
69661
102898
110575
79615
23043
118398
37195
81898
43564
99371
38754
16357
33438
119439
10690
103276
21882
28658
20408
103481
106941
31010
11463
7095
105436
15405
25437
41181
114048
36928
108150
49051
60805
112305
36115
74975
35154
64964
120914
67377
81390
19868
12653
81561
63388
32655
41461
112029
119359
117557
85011
60995
81455
113614
51565
72548
112461
14439
73009
26421
72066
112642
94677
98315
96952
112887
113007
106047
33281
94298
18339
32521
86949
49355
70100
96810
5534
48720
74889
113977
100393
78716
52916
103459
68284
16627
25700
92102
51539
21668
99648
76971
90608
44080
50691
12185
16731
50058
49138
19813
81546
28030
37742
38529
7804
19115
52915
70628
101387
121826
44694
40026
81809
8114
72502
68754
68422
43491
102601
93342
38043
103838
99038
52701
756
101459
36786
40825
38610
74859
10109
75361
88759
79539
44901
115867
64095
25377
5253
121120
28133
109168
108526
11012
108780
10482
80541
97162
27537
91406
87828
49828
4064
97888
67348
93898
36747
107476
45341
85413
64302
32701
3615
42033
3267
118036
121404
94262
104217
71895
66193
115759
117581
708
48653
24048
119330
106995
3515
46276
40357
6582
22428
109773
60876
59443
64040
3196
97145
70058
24446
84090
2689
118819
120370
4219
48306
2150
4760
38999
97782
46262
36234
66395
50521
56312
36175
46946
55068
108709
16683
68315
90460
120680
109874
982
38087
64364
3412
41650
111389
31522
52215
18155
93046
31212
101655
50190
111622
103016
34872
44720
79868
42387
96706
86554
17907
40620
107447
58500
7939
105686
78702
38879
49857
53059
3644
101506
11897
102165
38978
76164
97703
16308
91365
18799
58846
44438
95328
25895
1945
32428
109378
89313
83247
10463
121439
6193
56806
52864
77442
97840
86446
116236
113704
97543
68345
17886
38953
47808
59285
87521
19941
121048
94848
112515
58421
51458
62614
70625
39140
96766
55989
69880
43232
52742
48637
121241
73580
25150
86174
114980
117863
5650
47312
134
73722
86844
36288
94835
93733
73708
112205
67075
47092
11655
17457
86520
63546
96727
33553
41728
6868
64369
46761
1103
58654
42765
11605
65789
26039
116521
112193
90577
40605
94674
20606
98762
56311
54258
98136
62649
40204
29653
40290
32365
63983
37632
88021
99522
16227
67498
83270
101779
111901
111660
60648
40248
16123
116671
108120
30935
121387
30751
2770
10484
92530
85886
54523
106562
92689
9515
26341
39463
95778
3728
91172
35581
23310
112216
30283
73781
23312
95730
43367
8846
29060
57618
83181
109165
108501
36027
62927
77013
69786
71946
23742
38551
40117
109938
21383
28557
57123
72387
118762
27421
75029
91177
104608
18424
2008
16747
49100
84012
79096
74991
17829
32753
109300
71218
101323
65397
105877
4192
107243
17615
92888
87868
10724
21638
110671
14229
117764
70598
4608
107836
13080
42023
63948
97333
34498
14175
53325
48146
14283
104222
98881
24755
53887
70630
106313
100564
76601
76883
119641
48951
104801
49006
70059
96653
115679
34541
48660
70595
76089
56316
24418
68343
94476
86881
45773
26477
63376
12719
108751
51317
58043
88234
17388
40511
48744
6300
37665
81552
85708
34307
6539
59655
96045
95844
79280
100078
24100
43176
62741
80586
2076
52163
59909
74879
59678
23032
1590
56333
26829
89387
85283
74126
28822
4344
45312
52183
90791
646
27296
21634
87299
26473
47726
66660
23928
17443
29960
36459
96841
43674
118408
3271
104320
116944
35843
30493
84227
70154
92481
87595
76014
19104
21277
85191
52319
5861
36127
26918
79844
82250
16466
49488
45343
80081
33057
70538
26108
75918
112119
107508
39405
40854
12559
86695
52989
31892
29690
64601
111862
10886
112100
108330
79127
78725
4072
119322
70776
117634
76327
5342
78987
102324
96077
37958
77003
8612
88365
24180
102203
61894
92992
33775
62118
14766
112034
12605
103899
25374
102731
26628
90096
109260
19940
59724
60598
70024
109861
3898
106240
1093
71449
24863
91660
106053
24498
55834
24771
91611
28902
54136
53990
112570
22928
111445
75075
113699
113362
105033
23047
59045
82370
85881
3390
49951
113068
89062
85777
69617
81757
61226
54152
30796
115803
95503
91804
22891
36544
104136
34033
103303
3646
76063
31798
15084
7487
33798
73731
70567
78242
105646
56525
55292
115153
95523
91896
28900
46484
108802
53585
96926
88536
115934
13690
36727
94552
52282
48386
96410
76159
14356
2851
73376
84863
80126
90685
90029
14389
68495
37063
99045
25960
60730
89736
44658
104275
106883
50488
84765
89433
97662
50017
28614
92994
116163
113651
16593
57906
9045
7378
14867
106750
97003
79831
49962
118694
7993
84811
42038
16035
108963
88451
209
103376
35292
109680
22431
8179
55032
20972
56592
47907
21526
15435
92506
91051
94648
102341
56847
50150
100741
12791
118879
44577
101579
28865
12087
68168
65897
77786
115148
13545
49591
32639
3555
57917
79697
81688
95366
27853
110734
5893
41590
54981
2579
96345
44909
35460
18225
114611
29992
39030
49502
62893
44356
90924
29922
61674
28870
32468
25874
94037
119847
89790
19652
52919
48837
110550
36456
43892
99420
102999
47928
103538
115363
30477
8262
16433
5004
98945
17446
8982
61301
47578
62631
120797
89555
80371
96809
31147
101069
16461
92896
70436
55247
55691
74600
8489
73700
43657
5955
70533
67889
85404
64772
46132
78282
35461
3334
26841
90504
28401
58352
38131
72385
46354
49327
117695
32528
28130
108985
38003
28582
44643
7101
27420
51400
29462
45160
34414
29486
46038
70546
28290
1003
107278
84041
68582
1767
92469
121577
91881
71149
100907
100970
8633
118705
106803
94866
17617
22213
26209
34311
114561
12470
29407
83746
6723
45027
117470
58667
109404
63833
7617
19253
16885
107607
49975
37774
83491
64480
79876
173
120824
113364
87344
113804
87965
58059
37435
108279
100425
40184
46493
104923
84283
99856
40724
105340
6061
28064
63984
63281
111425
109381
34253
117397
10936
94191
41063
34198
68310
94127
52042
85639
29169
90241
65220
93238
4426
83316
21676
95590
36531
2189
32136
11016
2515
24002
8218
6009
49582
65063
93598
105815
9809
96277
109836
14536
94501
78621
111437
74955
72006
31256
43694
80214
95047
115056
30005
90420
52311
16549
119658
79886
28681
13797
1553
36083
82853
85870
113400
103963
2388
32123
105141
93763
16142
107328
111795
95212
53409
59961
81416
40067
57730
105719
49651
90627
33643
77152
73021
120542
78071
75015
107136
99509
30259
73767
84121
5327
100276
43780
115465
85038
54473
86452
35532
89677
54381
103762
8884
24355
5873
26982
101705
88163
97953
113054
2489
87
114895
115065
60221
17579
97034
100161
97269
69870
19766
59607
90410
57563
32871
78316
65110
109939
2175
111455
78694
6670
99951
71244
65976
98195
113585
64735
58785
90443
57762
81444
17322
20596
103652
109401
105221
59612
11142
4419
103493
50468
441
77829
98902
81447
66995
88384
30042
5480
100309
1874
95220
117917
47225
75283
28926
90527
67284
9103
37664
88823
39303
56777
93695
112254
65559
85485
61907
84449
64465
34619
13952
103105
86794
36273
39482
23395
75634
83831
41504
70791
61995
51018
16956
118589
99465
115589
96515
89531
10442
39485
109636
28956
94052
25667
82448
58589
113193
59975
66697
79391
66233
94145
24171
33477
21272
753
36841
82072
821
3449
10307
61318
52726
88592
85442
90643
23189
30830
100667
72821
67144
41859
70916
38253
42057
23923
14165
2022
75107
38990
10462
95288
34127
26117
9192
84293
37536
89685
63861
41683
94742
109101
50268
108869
118882
17871
27037
80332
105280
100220
97806
19464
55595
4238
110025
24541
98008
52910
100768
27117
47393
81325
98291
75844
50426
84444
34760
103228
65388
9079
70900
34441
69353
102604
93305
3487
27790
35566
90654
75253
54718
59717
54071
1486
107618
106600
71911
58019
3447
62314
65132
106340
52590
37258
20832
19714
26077
59817
56758
111147
103440
74512
42823
60228
18868
73327
28783
9758
56990
32263
72324
50351
45522
2615
82247
1711
84725
60448
13175
40507
27644
6948
88159
26539
106074
58016
114505
18220
119280
14923
85039
10270
94576
11295
30057
114665
75981
76095
60101
46979
27715
107064
13077
106567
26173
92154
112370
98763
28026
11751
18918
68519
30526
43315
51454
38702
93977
83443
2371
19377
82495
67368
21424
2332
80491
31879
31928
95075
98678
74080
106772
117483
61594
17319
6653
120716
104606
81112
49421
9326
116843
1868
92346
111021
58293
105696
88783
28756
57701
105776
53168
66642
27813
57041
68637
53081
120752
107422
461
107634
120256
3544
66640
45180
73087
52088
30119
72238
65234
85357
72052
10423
40062
37709
32864
814
88087
73302
57496
86209
46830
8910
103787
40387
44347
77320
102108
51047
75989
12850
11611
34660
73285
121818
103681
82873
2900
113680
56695
103623
7695
111808
93295
32454
66705
58730
16932
35821
93102
51157
118454
