41787
34295
15899
1020
21858
70201
28624
23087
12916
42277
100476
74216
82690
53169
2049
17593
49809
63025
61186
91907
110472
106905
71635
67749
23270
25953
99031
27091
33842
98323
104743
66687
4550
62682
90914
23248
87120
73923
33101
6562
40912
4079
54134
18025
85627
103064
103476
86361
68704
39169
19252
42890
95943
37455
4153
28157
53819
13598
58276
42039
25751
89378
29053
9496
70974
38543
102634
96322
3194
105034
65279
60527
27276
3781
3549
98774
6009
10204
46673
88117
103400
19473
67013
35961
107650
365
22829
66645
1185
100328
10493
51666
72455
24909
50698
98160
68736
29032
63405
13034
81645
12569
29596
56941
63500
25994
15647
12271
41286
105625
82953
70715
18072
7638
81976
1898
60532
27328
69887
63732
14262
104591
43113
8394
33182
80021
61554
47334
8763
20693
51064
77278
77720
63586
84421
59056
59851
35297
61928
87305
49960
76113
62368
110834
26191
46499
110990
42447
82863
37631
95807
87832
65259
13337
69401
35652
34448
43736
44370
68094
79046
61125
102847
22647
91028
17779
27484
16954
47637
3956
86113
91906
4865
71723
17192
109097
79130
91976
49601
6369
66618
47723
63498
54830
10299
53574
105517
7327
17201
66187
70845
41043
100655
101180
81132
38073
25797
94701
72239
54248
45446
86135
102884
27847
70784
67968
98317
82696
52942
20067
62798
81924
46219
24421
49316
77161
67955
68251
76068
24470
26780
21841
70503
46918
31694
45672
6733
56362
69579
82064
19902
90640
7697
67402
8232
97955
50191
19634
101628
69013
77869
14365
12865
74033
85579
31490
870
41125
18245
54142
37684
44383
52600
49879
22560
35445
65945
104094
50487
62055
73808
21901
57635
71151
6661
62654
39580
46487
15592
105549
108550
106576
69224
83041
23629
90101
74910
76222
64079
66518
57927
34278
49980
28552
18518
64786
18262
6689
43865
79496
42198
12924
94204
65258
60171
109166
8079
65451
25014
54707
54671
11523
46922
36023
66986
2280
105479
103183
56040
78155
27342
68460
43230
1855
69948
98067
12467
94215
35206
68175
89731
89489
76304
13816
20357
96280
31567
94985
67399
20771
72902
46404
55770
60954
12526
50983
34906
40808
105064
7533
81361
91582
44850
93296
13940
18426
41001
10768
54425
44492
69796
45934
16350
82127
28065
21896
10498
48014
43294
5569
53372
760
48790
94438
72466
62017
17877
35936
91941
35870
1826
48813
62598
33865
65490
107584
7660
11041
9676
15368
10337
61669
28704
110687
75308
40416
61357
79144
28069
109410
60422
52833
4457
55575
8341
10242
51936
89034
49877
79316
34572
26666
102024
75832
51073
57360
12587
83272
43022
3806
49236
100469
105456
101875
18872
15958
96454
16929
33374
104402
80970
81396
78420
49366
54235
28006
101876
34713
22795
14201
84510
54952
95266
82975
98946
81277
33445
54073
24668
47435
36194
58007
19024
13911
107361
30029
6803
2761
99948
9063
28197
94170
102587
5256
91750
85193
1288
104118
39745
25313
37097
42071
89237
49654
95451
105970
46065
51085
5779
79433
48755
105584
108430
96849
87102
37281
67129
42567
95267
49954
21474
65846
67499
12534
109996
2420
77508
33346
35467
63443
58066
48757
59102
40927
109315
96170
51390
1324
43980
73812
74792
61262
58137
72706
79528
52564
6709
36275
38386
72241
84882
8833
86380
109644
5386
94163
110170
25844
101381
25948
32495
47823
78760
57414
46731
10318
89857
90285
3743
30409
10548
27938
89278
95689
42100
21307
22606
94208
103505
95505
88789
68426
54679
16609
95524
83339
19063
15690
13916
94883
31651
11144
31945
100757
22251
70529
4629
65911
74192
41993
33632
108996
55443
94099
52353
89179
88126
55421
49969
101552
56844
54057
69440
89469
7095
102833
43139
20143
67293
17575
91428
110945
78537
8088
98603
14069
14180
37344
12501
50163
27825
20926
65714
57069
9951
15198
71881
26074
64578
82520
73001
58861
91360
32686
60160
89678
68612
97552
6310
77290
105623
37910
67009
107009
37626
5069
72449
70161
64562
95998
16233
95186
87056
53840
31392
8322
110106
53441
86849
82105
15621
69031
92134
43011
19406
77225
94757
64852
109906
75166
95641
22934
40493
106950
84142
39129
40786
2235
31547
17776
27296
107848
82473
97145
2157
109966
84379
22109
2830
88094
24843
66829
49002
110961
75755
32932
43598
8959
44026
48150
7195
38906
10013
35312
44041
28733
70690
65424
15353
13456
90135
35003
101712
27399
86239
64483
41793
45292
34221
15993
13805
97419
9385
53824
103149
55139
375
75548
35409
34431
51004
10444
56003
74440
21325
61761
101474
108188
77742
2862
84430
20832
56244
101548
78242
47010
25564
10469
107916
61882
66446
107330
36203
41627
3105
27320
78303
47476
7501
44977
3523
81690
23387
61528
97664
83363
21170
1362
82806
87017
100228
81681
77908
90570
47344
29956
39379
70376
42406
73536
79003
65290
8402
16526
86836
36624
29817
74248
50210
33230
3259
100532
27593
99726
93742
19285
24352
55496
34662
93403
105168
62346
31168
59442
72324
43327
74016
91416
58830
85358
98673
39318
57895
763
79367
36972
16139
76314
86368
23894
46364
27133
24171
20029
35964
78261
5380
22529
15682
50073
26204
63579
44386
23601
59344
14374
70856
545
58175
77608
64277
13356
11131
62597
56444
59112
57386
103429
61078
73108
19885
92687
48159
50994
39778
29716
46251
78372
62727
102375
32213
98763
52120
54322
92542
53314
219
97526
75819
3878
19029
70696
68823
43674
91961
107786
78051
90346
54800
24242
100014
28627
46423
55061
59808
9078
6606
102370
38364
19309
41422
57348
25330
17486
42896
6714
80181
77335
73463
9116
27385
32635
34875
31538
104232
72595
58841
36686
3510
103268
70180
86407
92367
66666
30953
97623
92987
63517
26
66063
85191
45825
9726
96947
26426
56906
41378
96618
53128
47342
31564
269
45617
48885
83725
48178
42225
2218
64403
37868
86393
65772
62328
102212
7218
7741
6361
106001
29250
95259
52456
19688
81787
32757
68619
52994
30146
18480
12173
28414
88069
71385
54535
72436
54762
54428
8468
27602
64041
82233
29046
68073
16115
56519
84788
53013
2057
97950
55824
32431
106186
29322
89568
59541
8784
26650
49369
12011
105385
84693
37611
48531
70241
35246
69488
66023
31803
73585
38344
51973
9284
81885
104625
15594
24860
41640
56302
14081
106556
69442
99752
20756
85475
93093
58694
9706
10576
86533
76844
78881
5063
20798
44417
69932
90865
78067
54543
54545
8091
23483
86550
63420
73627
86203
78151
73731
107609
59688
28535
48658
28100
53398
49253
12486
110521
11913
29594
40365
110037
55013
61831
72119
31889
19146
38653
97797
84805
103929
90793
30252
90291
96848
95004
90521
104751
86739
36284
18928
36805
81105
102497
87733
74322
103069
5615
11953
100080
63214
98273
35249
105358
89932
20623
81720
110388
86875
28275
110420
21927
3106
49792
19064
80594
23604
36582
43949
4694
57334
39064
16423
50226
14812
22121
100477
26393
87156
92612
101230
39253
40555
34489
63681
3019
15485
44033
59225
11074
103971
51905
18889
18696
64768
12176
29567
91246
32332
91352
66003
68516
12908
94960
36402
27734
105832
84126
84525
105467
18058
107048
108245
76858
17890
49134
68630
14587
13184
44915
44984
42164
28637
12593
76072
27993
87342
94780
30410
71018
54879
33966
6680
19531
46302
12387
101804
46346
59614
23307
52220
84192
5892
45034
107139
47547
5347
84728
48667
87229
106406
94999
75793
105408
82277
27249
23657
96894
32896
89728
8500
35443
28279
55479
49815
74120
37948
106654
95165
62567
96775
28881
52516
55911
105224
107687
11747
55435
96301
4655
45635
6236
47776
14368
35897
85022
31502
52459
32204
74490
79164
15159
53719
18620
37952
92065
86328
59202
64669
44288
86835
61767
77540
30967
58262
52498
11765
6594
34528
92951
25973
68146
34440
41972
102419
42604
2798
109981
12012
58433
97065
87970
69055
13702
10560
108675
33574
43140
69015
67628
53906
9130
7962
110626
98748
35971
23315
110912
110844
50535
45909
105889
39980
21411
106870
14644
24451
101619
88361
20597
17124
77359
47168
83408
21266
6538
42608
101067
109276
88526
94412
47253
21543
90002
29655
9911
70532
107222
57195
68025
104794
11076
57790
63771
70363
15158
110203
75119
54920
12105
97717
77095
108405
86524
69996
40650
57882
15750
28540
62137
105811
100650
21999
90527
55545
81557
56893
63192
68597
1147
75640
48333
19656
95514
110073
11808
74620
88385
35970
37911
41830
93830
5523
23750
63827
92724
29991
89153
106735
110528
24469
8129
24053
52482
45978
38425
104549
110190
92072
25152
41038
51090
9066
92881
28291
89999
93741
17998
75587
26053
7565
86804
78137
85440
95796
101081
1193
22181
43163
83963
44
12950
79952
109137
32833
100096
86133
88473
6396
92117
69441
15710
60299
54723
44569
14324
96162
36092
24087
70783
18143
53393
71184
28239
65077
104957
23932
56445
93081
58740
53086
6418
91131
23860
77993
59258
104144
31896
30994
16206
65970
14354
79227
93504
47864
16810
49575
86555
95424
78417
81729
71971
25413
17665
4471
84027
92029
15100
54075
88090
64109
27281
83097
24524
72679
15462
74873
61904
52334
28455
72760
102769
107398
68646
28569
21637
55746
95910
89227
2879
36583
38193
63872
87001
101168
64464
20952
60484
109051
21926
71395
37300
26291
7417
16816
11466
29585
44235
76250
2166
64335
51214
73598
51438
55397
82578
19636
77496
27260
64735
68966
41259
103850
88479
26199
38697
36844
30014
15511
23437
38008
97974
101059
40233
70203
75234
9720
95649
19486
57268
92249
41503
90277
98470
52309
55502
35262
5689
64350
84743
74211
98812
66992
90384
68807
61853
60337
61442
12623
11895
68525
92210
69672
73423
65306
27112
72024
52045
24913
103331
107516
45822
96062
105601
1240
106041
85694
98841
54805
66033
15370
77004
33782
10543
5487
109136
8957
66950
92602
104434
79409
54916
31017
107735
106656
103792
4126
16187
59856
53084
31782
93197
15355
55296
66398
23395
65601
59405
25138
85215
14163
21509
63643
54216
69289
106138
43035
47670
59397
5302
68298
76269
54434
23654
54712
33019
26801
66532
64938
15372
31730
26668
10549
37871
87958
78446
10896
39154
79546
101245
38498
54554
96257
107141
3052
47917
54211
85607
43648
21693
47733
29392
32649
110292
80580
44216
74821
13588
106288
82236
28663
94012
38865
30553
108264
21442
74234
19188
35991
58947
33625
11729
68760
87140
63811
76938
51300
65325
52159
61016
37937
32266
73332
77860
109205
50736
33528
31830
3770
29320
5172
54437
87664
44969
18299
103988
75831
41289
20448
39415
35311
110807
36915
105024
71203
17328
102898
46178
26510
50160
45693
79651
95452
36997
64442
72082
29446
100097
5268
36166
94057
51233
100808
1123
7640
16982
911
31973
61536
51738
15260
67316
14531
96531
81245
69659
26296
57799
8855
104607
81638
103587
80158
86892
84903
28666
66424
41614
41153
24969
5737
91345
99550
92194
93656
87397
3992
67185
73183
41186
109536
82855
51828
39999
106809
54394
67630
24977
63718
84681
89037
21217
107345
94806
16949
6659
77337
64373
105366
1842
24408
54136
5912
46325
106246
28265
2650
20775
32516
102308
25202
108888
82834
73352
85308
73295
18578
2928
96127
62799
82129
86628
28736
78825
35823
60740
105685
100682
84490
19413
67202
22909
44436
67120
93009
69119
29610
32484
50497
70946
1851
41224
52884
41879
19339
4729
36704
63452
57335
78410
37970
55674
1094
93910
56591
60624
27968
54017
60503
103003
43074
96299
43755
19418
933
100941
56159
36649
63037
30638
19073
86367
7636
71528
32577
1442
1559
48153
23101
108908
22145
109550
45872
26269
84818
61716
73855
28122
100890
20760
61616
17842
109770
82078
95224
109467
91409
27457
75633
74989
87712
57652
11249
17768
70392
80136
6525
30893
90037
29175
51760
7124
25268
106371
91767
74481
60359
10176
107098
71266
46040
9048
107486
23222
35155
67604
2955
80305
8400
36244
14483
10216
1888
96737
33187
5056
78295
69707
3386
67820
101487
76438
107597
7591
80274
1994
45933
1769
100722
93116
52652
12068
100321
42336
33663
20962
41118
683
65908
97980
68784
82531
10628
99165
96974
47477
39594
84435
47794
48365
83956
24359
1340
109896
52832
42006
17329
8911
23769
59264
95814
39969
89258
2193
28355
45718
60708
28531
43729
85784
70583
79378
21826
97630
109213
101577
75435
97049
13375
58043
36030
78470
21869
68885
30775
55119
16952
67650
62381
92477
56065
20719
110455
13342
27344
42322
29210
57372
49970
60225
88352
2120
53075
60759
104815
102824
1443
92142
61440
86308
6408
75703
67048
109625
82309
105747
489
101384
60300
46009
9809
2273
18372
8906
76001
8259
72253
82852
29731
39988
91474
97917
59971
92485
73188
84413
41105
36156
32554
74103
76215
4154
30635
34124
42614
13656
31753
27455
27531
53105
93995
102548
88645
17294
108898
18263
24533
108025
59406
17821
2615
25334
91406
90311
71272
34579
70257
76926
71137
21178
11393
96371
68827
12716
10521
46785
52879
68207
89482
91931
55834
44343
83875
14649
18681
51960
6188
72249
40503
103361
19429
38575
102870
81757
78941
20831
11260
8664
32955
84587
103190
16838
57888
85593
32987
16649
4200
47374
55580
24213
50910
88275
101574
63987
82117
41905
14431
34886
60631
34622
71213
44396
96357
64088
42708
69134
13474
86659
85896
32681
86097
2575
92184
51947
30857
81709
109460
104254
59285
71664
99933
82139
98820
58471
7205
55261
38734
82302
19299
68425
73877
88845
58451
84962
18016
102714
43944
77677
94329
79922
84054
31076
108355
87745
74002
105000
26050
11610
55667
15550
101975
44793
80216
41601
28461
18107
73156
53807
46549
47051
48015
88942
69657
19336
1231
7063
80725
78569
20770
108222
79716
97606
54120
74796
35834
29243
22766
50470
77935
63614
43000
5703
110398
79038
96189
20713
69995
93905
74696
49583
89945
17886
68994
103700
17666
31192
20934
47546
66497
102039
33185
7664
71795
86918
69695
46520
15527
77885
67702
81780
100265
6678
14305
64046
26575
106030
25713
51007
12449
92508
70098
34754
29034
102391
60699
40265
81734
100504
79093
81570
30434
58037
72061
14101
7743
84386
72326
12636
101753
79357
43252
52319
96493
36041
61403
73532
53785
36723
101593
106322
66954
102340
74923
107230
33621
60551
56294
26256
69770
28942
73848
52147
13626
66386
37748
71206
1398
12180
19116
87049
179
4408
62571
13855
41362
35491
40558
90481
64398
48189
26478
33248
34502
55768
49017
80896
28292
39873
103951
105433
22274
9779
30134
85641
94194
97674
54162
89355
6413
99490
8020
9646
45038
9943
91775
35817
76597
85015
84674
25172
68674
69123
67701
69718
41255
17778
4657
19526
42397
101676
97219
24351
95776
86556
90389
26673
88351
96840
32925
6972
2881
16377
85982
80910
96234
44429
100744
76599
4187
44550
103733
48211
75823
21469
16815
38594
15394
58609
73162
87944
47234
103457
99696
33770
83845
44042
53057
14250
104806
41214
15949
64934
73689
5576
51649
64845
20888
21422
111086
107621
74381
13823
69917
83032
21525
102895
7659
49063
6724
83126
20205
20564
97854
46147
29663
58560
86904
2539
13307
97923
90092
93531
41340
50033
71475
107554
74811
84167
54778
97866
35026
24904
22186
25045
13819
38319
54135
30558
90785
41312
56683
89908
4679
66698
40830
11468
55101
89405
97976
19469
108516
22018
102813
31939
2298
34890
70528
62746
97185
39152
71106
83108
94195
61195
98835
93964
45002
38429
172
58950
4570
40217
53356
19387
8011
29107
92195
27148
109138
33141
106474
95928
16812
9119
81259
9080
48248
41254
95672
110407
77094
96455
27915
29137
86205
9516
54355
107806
34267
11207
37656
47626
21438
84560
14491
81481
10883
103655
101449
27760
104553
58315
14078
42014
102803
66947
47605
84650
17889
61356
80182
28830
34500
25705
33557
84440
59895
53495
11983
32006
60775
18973
85821
62975
32322
72831
90301
27414
42316
21619
51989
106901
48984
28206
108985
43257
43091
110389
37761
89557
97769
19676
90997
48081
59461
23935
57764
52914
55319
102572
5203
78577
110237
46110
28868
56529
88018
89291
15024
92993
31
63565
47538
59840
42726
22681
61034
110729
27169
47300
1739
66085
54178
631
22910
67927
65673
20973
90048
37065
108641
93559
90293
56523
38952
67362
109013
77237
4961
99230
77262
10893
96345
53074
63270
69468
81145
22461
58448
100718
21933
100501
90948
24890
44797
40418
4089
65733
20816
88430
98170
84328
9926
4430
30700
49931
100377
45349
28706
68555
79288
94454
39983
87474
88192
78315
85952
92366
33920
48397
11500
93810
73470
57643
20501
72260
55245
1219
100279
20847
60887
7705
39896
73373
41355
55843
41445
106996
101865
96304
82135
45439
91163
9099
9773
20384
27253
91905
69129
39503
96379
90463
47762
105118
10747
73576
107555
35804
98093
51806
23733
108731
98617
62964
105578
3024
38384
107063
101375
50281
31201
83511
90168
88320
59766
17423
28629
32203
23805
2724
80705
23042
15274
36454
55666
60793
102099
67788
43031
79860
2455
44095
42479
45911
5250
21951
52469
87824
18725
66849
21395
74613
60061
30050
2540
68293
31339
59076
99045
77833
47725
94349
81800
1088
10099
108369
52275
108363
61284
26481
45164
53547
98335
42610
59931
18689
30952
45070
15281
1201
95747
56295
76343
63448
38655
26554
67598
29158
95876
25494
60741
91811
65376
100088
78864
47238
6221
51498
45775
93924
30711
51448
27370
74032
84410
87499
53967
74658
81794
110562
28939
33806
70473
14650
37289
95142
91944
39815
6095
51530
86445
45769
84838
43249
56622
63996
12600
25640
64378
28802
65619
50199
41868
23481
65932
4969
68420
55077
50147
96760
26693
100333
54546
107977
67178
102312
73605
70425
34571
93195
100922
47715
37302
102031
36798
48987
27305
95025
19663
12792
9644
27485
2051
30671
92021
71986
20754
33490
107072
78489
91327
20912
27259
46516
37231
19549
2046
51215
37856
9956
26206
59196
90012
16499
100389
27040
47848
38720
85825
69565
73546
90933
74692
8397
77853
101264
48943
658
17785
102139
80868
1237
43760
81544
84646
92625
37413
82840
102644
22144
28951
10067
72906
35530
96018
90857
10486
56387
8596
16759
93233
37547
45914
107159
105006
80467
78640
40917
34321
5152
1962
67992
53876
33216
48895
20651
85692
59460
36390
95750
12044
98250
56937
49909
27446
102262
20534
76501
97536
973
66231
97343
94532
53444
37031
86035
1722
3077
96814
56145
87404
16867
15352
84960
17769
34931
84981
98574
89735
18727
28972
34412
96658
76865
13139
4611
8494
33921
89091
10252
79732
18212
69635
4102
69989
104196
73280
107562
17031
108224
91745
25262
28471
27601
89108
77461
46381
76233
75620
63041
61339
84044
18009
46945
109476
97852
24138
101558
39017
38873
59987
57439
83890
36567
60154
64918
103868
57999
71016
49738
31628
56808
65544
56297
94964
20022
12381
50324
46233
91473
65564
40905
69221
34594
13507
29753
18005
93969
41229
52700
22593
13899
32402
73971
17707
46736
82389
90995
11552
26932
28536
8260
4386
82557
30471
86110
34897
21895
16354
12109
54194
71053
22321
23731
14205
97199
101165
77992
536
23593
62362
31731
29085
74706
107826
60530
95361
14344
91547
46266
41878
85942
63321
39236
102516
66743
39995
5636
107738
87594
70066
62423
104433
72909
69689
66980
79115
23800
62804
41284
102263
46214
73613
34488
32275
197
49074
100236
9695
65779
35435
19714
96564
53186
47977
11784
63151
61546
44549
73061
13380
61388
3744
90677
75608
35686
89488
84211
3121
48742
107129
80007
67447
99659
28848
26538
72216
48970
34608
69878
101955
38579
54372
106847
80627
59733
96477
99730
37977
86960
43240
80942
16207
43677
38707
47642
37640
4284
15138
86889
71786
68383
78439
99732
36601
100972
99154
1327
6983
27692
34565
36241
10573
64896
31781
51000
65947
8051
26232
96664
91546
5987
65403
97512
89372
2765
110612
17378
24585
9297
29914
79921
31437
89630
490
77255
73276
10861
104009
43295
46138
81052
66505
32929
76879
49355
44409
79079
22014
74342
75415
44723
11518
97878
89265
57470
94671
88424
48138
73155
55960
16061
65059
66806
68346
52163
49576
53900
104106
58375
55787
4293
29212
26469
84123
41985
108713
65298
25626
26018
81981
43866
31277
67281
6078
73436
40400
12316
23302
48546
105488
102934
80272
17651
104859
109814
83741
49454
56301
99783
102306
17571
75455
43378
63484
42806
36500
52009
51053
98861
48392
61509
13673
107594
93176
39527
27716
43428
99470
95831
75265
7318
61348
106281
3844
30358
67385
7692
108636
70156
61736
2799
76353
12446
4887
12289
13059
94626
107784
26606
6416
97109
99108
60430
110334
17163
63119
99970
66564
11583
65124
83208
94543
97352
36787
55805
31162
50003
102860
108630
45728
5733
51329
62891
11575
24084
59423
25031
47856
60751
84314
25482
102361
50750
84736
39755
62578
4720
11039
66929
99066
55755
39701
94137
80616
43548
68870
30156
20004
13176
91153
57412
72469
24226
18158
92546
81769
8454
43559
16831
107195
74252
19391
72705
94526
61407
93191
96697
34895
52898
43151
64311
32754
20145
22669
55899
56646
35890
38582
45593
2395
83656
95897
63909
54514
38682
56329
43190
95199
84615
27288
44437
33121
71486
7655
32178
111073
72607
107866
55452
5709
44934
66273
21067
77740
84946
34233
70312
28515
62415
39469
38146
14863
53615
85069
4672
64974
84098
71902
40609
6047
24800
39562
107769
12313
59082
48759
97702
43460
47025
20928
8543
80083
65575
73397
62392
60112
57484
16919
99095
62848
38531
47050
61492
65780
46175
36068
21269
58570
83396
99008
90671
53404
36854
12116
35562
29194
41338
81209
5495
56690
91648
69365
67394
51034
50844
50632
58726
78118
75092
33781
43411
86534
95742
67938
81339
70515
103841
107758
80821
3057
9401
7153
53795
93961
13448
44961
45714
39475
77570
47106
37887
104616
21695
40444
39744
4412
37399
61190
44294
96931
104576
23588
52903
107676
61436
100341
42355
88119
47024
80197
76204
79103
41236
84733
57235
64356
16291
105888
62628
8734
62457
69000
48651
8292
74106
104091
92042
101783
27606
1674
69445
18679
96456
101697
111040
26742
88107
70939
87921
79463
6838
62145
80067
67923
96369
93716
87476
73732
21535
51712
72364
27713
94756
19284
101703
40080
80185
110026
27166
73404
59467
19533
20810
53870
46598
17938
35885
83893
75647
108118
69487
66579
102734
74266
30107
20134
87363
60866
54530
78501
67227
53698
55110
76141
83781
60500
68808
68158
53527
36381
44509
23366
2323
72015
18994
64797
56001
3881
25058
100288
1299
73778
21650
86461
80539
57780
4030
31084
66958
48801
2465
16093
23004
96399
31492
22607
75100
45571
26008
93284
103522
64332
92839
20878
75240
13204
11058
11143
60317
82173
46477
89312
42382
28450
21023
30486
104679
85558
73456
109698
15605
79247
50560
58864
85372
5415
9900
73060
10860
45546
36005
66108
109489
37542
42350
55602
107539
10418
105227
107907
62688
66863
59175
104335
58202
43023
99292
7541
38997
57612
83390
74557
7863
13345
47497
5499
26528
56304
73051
16239
109354
78297
42933
29611
34365
32030
36293
91029
18108
50551
30899
76325
44016
93105
109109
31198
29800
76416
49610
43901
105799
38714
40287
80098
92322
67452
83632
61483
107601
3350
34058
77008
25649
41261
39434
41568
37402
50012
18680
3548
90427
42680
42996
96179
14877
71353
26017
73299
76533
3666
1560
15524
49146
28516
57816
77208
12983
81988
53336
16284
88252
60596
57880
95373
12088
28001
61460
96177
71330
15432
14579
8655
108823
99842
83053
45368
24198
38294
82420
87325
100043
100502
54749
104159
54449
88100
42747
93457
65716
86646
49629
48140
31806
58795
85078
33031
59639
96547
8651
58278
98561
11343
17480
12019
33323
7297
40684
84282
36195
87093
53449
35617
100593
101355
39783
80798
98441
28099
8552
78698
87424
78769
84109
95867
32130
32288
87922
21784
43590
65241
110078
37058
15397
23964
78164
46327
14055
106758
70555
1882
22620
28786
42148
105138
64600
28282
36146
14566
32633
20218
104262
75935
65183
2195
7542
105837
11151
105986
11911
459
50223
65900
67697
49231
5453
110277
42742
17160
89020
27334
54573
71020
72400
60570
43701
56513
67942
7410
86772
3648
71791
12894
2459
99233
31813
92330
107042
30209
23687
80259
25269
9215
77997
55651
2608
12833
13550
56515
34003
25589
82950
40572
44777
56066
35827
48403
61480
91687
98957
101933
9086
84063
20942
2237
107939
85566
78490
100118
11342
72970
79474
68892
5651
36764
89729
59083
79338
72509
19159
62636
36212
51318
14646
82695
7700
66782
31760
86508
37766
85723
43130
48928
23449
83543
16922
74729
24622
23346
29405
70232
88219
24261
24357
74007
61746
37299
5793
45484
48792
22745
60078
38483
108555
43838
45964
84416
98646
25822
20491
40831
36740
29886
8916
23150
111015
84843
17470
78423
96388
52408
9158
31181
36451
20170
84749
30500
49547
313
34001
47928
14552
58853
3925
84897
87851
14639
107157
13620
13296
20443
62785
22351
84686
110465
20674
16874
18944
19905
18773
100598
51130
83338
40506
62459
45281
53289
81874
47112
75147
15774
54580
102283
92002
65217
66216
70172
23293
29709
95755
90869
95217
68914
59314
32844
88067
22311
40298
76330
74276
80508
56157
69608
23390
1807
92795
83166
98882
31513
110931
41033
34492
55654
85145
70215
88233
72270
3926
41063
40026
6852
19335
93104
65431
41553
67886
63199
87076
64572
108520
41464
18856
30699
87243
37292
96705
46821
95538
109039
11550
12958
17272
9377
101951
26029
35824
39490
77206
92451
28600
71982
82667
93464
86381
66358
40874
90023
22220
23594
18132
56693
51454
36604
25074
93825
68739
95462
39357
77754
9023
20453
84573
40203
66706
86596
80226
75353
8089
96113
104797
23423
83908
2044
108123
83091
75124
33766
50725
67020
103652
56540
3184
28349
5267
36299
5623
54395
86802
81088
84783
103015
41179
15080
103248
21164
25520
50126
82449
91297
87508
19528
58621
99341
25678
108357
44842
40556
44476
58480
62366
34189
2710
67411
83337
34013
94336
75604
102664
33733
85156
58656
78204
96673
57248
5842
81897
34475
54501
54727
55398
2290
41192
46975
37331
110877
54899
57282
85210
35681
107244
70614
33345
73307
7209
38340
4376
17293
71901
68443
52510
27590
19603
101284
41887
54561
92079
108157
99296
77847
76602
60535
18803
3023
45255
66044
10686
80820
62703
23736
17444
11817
63217
5825
75288
103838
99138
35850
50768
5303
44634
56735
44606
19308
80785
59948
8461
11882
77037
5176
23165
39126
26786
73901
41389
17276
71075
10653
110173
56819
56194
103249
24513
68406
58289
29214
45551
96792
87959
24559
102924
15910
4703
20746
95489
21048
18718
103860
24255
7147
99289
39416
51850
31515
97745
100983
105982
96787
92534
105259
24981
7083
1776
31024
19866
58717
92848
50011
82001
110301
110995
104133
20341
346
105447
34248
73835
52112
17077
18631
58493
98063
27582
88386
64198
24769
95567
102289
100505
68932
33209
109087
25299
61201
1004
17943
20909
20293
60042
59034
92876
48694
34914
5568
11773
19477
80123
49226
110295
102349
54759
6894
31209
15384
22973
43354
30248
85227
28741
36031
57059
9993
33808
73333
23768
71702
9756
98842
57034
100242
2457
47965
77293
69416
56276
6653
77782
52468
103078
41181
15569
14083
71343
72112
106238
83321
1432
71230
110640
30774
17235
57610
32894
81323
95733
3436
52717
33218
52629
68034
54903
19423
55178
32927
48200
33719
22078
49807
43807
29305
55438
83434
98687
65698
20039
26398
77490
1377
106882
56180
25979
73884
15955
98128
63046
41968
77448
90935
30286
47370
33757
89288
102878
29703
39160
93909
28102
93329
62429
71091
93090
98115
40457
3472
79199
40777
1157
39680
60784
31377
13771
64450
40329
14499
80422
46349
91818
112
77489
20641
38427
94982
95090
5045
44209
77467
812
92642
5191
43893
70109
70613
94586
7132
101832
73078
26249
3737
45833
54857
70597
56776
67181
78499
88093
32855
1668
9684
21712
49151
75378
37674
34998
9494
90299
79000
42541
20873
39706
28449
70131
59979
94363
17873
65222
33140
58417
108969
75019
40424
16398
98672
27046
10719
75576
2646
38939
79429
81056
60091
20686
81394
54150
69847
48428
34581
89139
80520
14549
80213
20310
70036
78081
96441
107974
75550
37584
104312
13719
34822
20913
71481
71149
21339
86390
92098
79111
43244
63810
99971
91773
50984
69252
48308
42963
78610
9953
80455
37869
47623
11730
109952
57073
75357
10410
30444
105729
67035
92147
93238
58125
30897
62115
25404
57080
109557
65378
64955
25774
19909
7453
89243
33522
99667
5678
43166
101241
60877
6812
17948
84372
27006
33738
61564
35874
94967
89414
54726
104687
80971
30470
32175
110889
7848
72998
88731
38371
41040
82226
91449
78037
50242
62149
55692
70359
91959
21068
63307
33744
82021
67856
93646
82964
92884
22236
53956
24405
95933
9710
10207
20714
73126
341
488
85171
89232
94621
6184
11818
17916
93285
106338
108707
36998
100901
28980
9768
48642
15130
86130
12179
108858
93170
70361
64772
17923
99509
69151
63408
23635
73616
105650
13087
67204
15192
15821
50852
39248
45697
35780
60465
19164
60848
17782
87619
9019
107190
85177
85312
41925
42473
93447
102287
105577
8802
57161
74169
61620
52415
13119
18559
75574
96231
77417
50552
43038
14861
33197
70329
107381
48618
68677
105995
46468
50071
12927
44486
85582
43122
21505
688
65191
84954
44299
53631
49726
28976
46594
103088
72775
7272
24474
38993
32540
15835
12202
9995
776
38848
28945
103264
56396
92781
84062
183
29406
54576
91983
76085
20137
95268
47260
31536
4295
31621
23139
90790
56261
51521
92659
60987
24655
24648
22183
104802
62721
63340
5519
47325
90360
3451
44679
21464
98251
47509
57442
37003
56691
75970
90502
93199
68130
89478
100523
103401
18170
27718
50793
108720
4589
98711
1103
65873
39483
90490
11777
66078
50877
64733
34935
29725
82061
23107
59741
29840
16659
991
71286
49622
49994
26479
100772
832
83481
29868
68312
99362
91117
58349
88617
32883
106196
81032
43703
49739
63509
91179
78662
104638
32367
247
2076
18580
31540
75987
29879
101612
4745
13756
20219
6609
8234
4445
38772
104026
103878
109168
16731
18124
80882
28710
40263
67379
30211
87998
69481
99756
108502
34127
38281
98125
66547
2910
38951
85087
47335
97477
9954
5952
100746
59301
49696
86988
84941
41324
42378
77142
27545
93867
33692
75637
71420
16652
49544
46482
36553
51133
37634
52557
25608
102653
35778
94746
90270
95932
15119
6815
67451
86619
107888
28856
53548
18903
36313
102767
15219
33561
28985
49268
64541
6106
51465
99150
2992
18068
78329
69008
49339
65732
21775
61286
106866
72617
56201
63887
61308
105483
34857
105688
58822
91414
3160
9249
58420
11160
88383
57886
104758
109497
97422
33548
43224
106597
16050
81591
78676
15300
23010
85060
4858
21111
29607
104539
24729
61257
38389
94833
12597
51628
101423
16129
24761
18004
56788
98869
21930
11156
106157
103365
22879
26506
72422
58878
37116
5661
27097
73071
69749
86721
4146
101714
80980
21672
40431
3867
82189
71293
25917
65355
67656
72628
54377
8759
83273
2552
49446
25067
90669
77326
86089
11826
96467
72037
12799
21649
110250
21958
100426
103198
53023
92792
51588
50998
4826
6612
17035
25804
6234
1063
9498
62378
55095
59057
107812
89597
96165
81806
7226
104225
90106
4064
85666
33496
92154
4715
31472
28885
88363
48168
41699
41371
8064
27255
76944
98505
94893
37713
106327
83501
28910
39063
19716
94440
10961
37568
18001
86856
80611
87444
107060
100307
95064
5700
52497
69700
1945
48513
14414
108154
104977
99112
106079
101685
44843
86438
104588
95397
85721
1547
70802
15342
100039
100715
27869
59286
77336
42744
10122
32247
25871
62455
22286
105807
82239
78097
62639
59340
38415
100054
79675
20672
7382
67554
27103
108614
72749
79704
64371
87355
42585
92900
99792
90799
62070
33875
5719
95653
70558
3151
60090
43494
1045
19789
19175
83398
55009
17106
102950
30151
25473
38394
26037
65626
22635
86918
35374
12508
51740
108876
60667
17978
50165
87202
17239
20639
42616
37374
71000
12816
14904
2454
107838
43565
53655
