87925
62385
12399
50165
36885
108811
104015
81524
56163
25380
38451
96424
12403
96192
82763
111902
86082
18728
109851
90260
45341
11507
76706
82384
18440
70256
104292
52501
73879
42584
64564
55186
87968
61939
100059
38546
86933
82624
103605
36036
49239
24151
105866
1760
13949
32935
92763
9718
109193
52074
37237
11779
7866
73529
95370
21859
50237
22119
86340
60851
108929
18528
99268
25568
8889
28688
84253
81654
103574
16379
60929
13728
74381
29849
24547
12480
65610
50150
17302
42425
70341
4887
47543
3044
100705
57113
56130
42145
100248
65634
71237
16831
48404
88426
67402
105849
80744
25812
10195
80352
23222
108065
50862
49114
32684
59564
75241
10829
31099
104344
28248
45696
72401
44307
7617
21453
30465
104110
94127
64056
83968
43371
109485
84345
34261
19390
81132
108171
19922
43090
78213
86424
42992
54931
85429
37487
7901
47561
5668
95473
88087
107063
28494
77953
9421
84260
30521
19323
65198
49526
72845
54269
52189
100877
54060
27174
56804
27826
16697
48556
52559
34589
40106
20755
8388
63235
103277
40795
108380
72076
104787
73695
31797
49825
22684
30438
52293
16076
89322
93138
62930
93672
66012
30427
47407
104653
55989
6034
63650
8721
87371
68937
47282
28507
70990
89714
19357
7096
18362
18491
76940
111905
103502
56371
84008
27352
96407
16504
3581
38528
63171
92907
60176
105984
86376
5833
39574
12951
94860
102800
94770
67827
55192
76440
43881
29567
52637
74161
11164
1842
46291
39772
99934
25912
80981
77226
49787
48017
94129
11324
37381
6872
76524
36327
87057
44333
3781
13142
46368
27766
85633
86774
40708
68444
42242
6363
76044
20171
485
44834
37315
89411
35575
27771
87779
5438
42094
70172
66429
31650
3706
40666
26500
1908
80594
16326
73670
19123
30571
93920
36803
65573
49777
54929
19009
89211
12095
69189
92015
43467
9156
33827
85523
9410
85480
110012
79095
82171
51767
86807
87792
10962
61168
103493
94641
59970
90498
36028
8707
82064
18869
35827
12068
61922
22304
29181
13591
10935
95393
31576
33086
94565
62562
7971
1090
71333
28955
24584
90886
13231
86349
36217
70606
44584
82298
37442
30518
74119
27508
14182
39345
61909
373
54795
24411
6088
80013
7865
35661
89347
62684
79875
34324
83223
16938
65487
48576
32842
99420
23291
28476
78616
22074
58093
17184
33778
31137
7949
105828
24593
46057
39977
18943
35782
14848
68471
30119
50847
87814
65289
30344
87338
39548
107053
17722
108867
71524
11950
36573
86389
65375
102118
44726
18402
57764
26783
92378
52772
83688
67804
51309
94365
90815
34182
8379
101727
101517
71418
79738
40374
83852
71
13108
40243
10289
8564
72173
38093
107394
104213
96106
18992
64858
26294
46719
52160
106452
102184
59285
90820
11585
98503
46715
40655
22041
101430
84175
106070
67607
63049
51608
50231
36813
102901
44122
73618
73179
93953
50109
40080
84313
83816
12164
104969
98623
89785
937
19446
65565
81158
17985
27788
101584
102935
1256
49050
8984
88776
68246
35361
14754
13323
6198
16715
20144
104873
39688
57214
36802
23270
44255
107700
22619
13366
26517
32872
105564
50567
103306
57099
34016
86360
8792
5225
70973
104316
38719
109722
58107
96448
16904
100896
5213
8596
17215
31991
47207
112277
109727
109505
1557
39211
47093
13705
59363
107889
61289
74727
25831
64447
32667
38511
91216
55869
106634
53473
43725
100580
35875
23401
37483
56671
5766
19488
85418
85928
43449
73561
1211
15765
13301
53911
6770
36419
20523
99353
15092
4337
82221
40299
106117
15359
677
46371
7666
43031
61459
106159
20514
75160
45923
83850
85158
27264
57545
80740
57180
20722
61
76615
42610
98789
98754
15490
58421
84828
99325
6564
92864
11492
30057
15076
10250
42381
104826
111689
16647
27671
53800
87191
112312
1089
30371
47386
53176
111386
78703
68277
28041
77249
97398
23415
70517
93406
67282
22722
22608
23314
99086
97240
85851
47080
3019
106666
84367
107214
86605
51820
59847
66557
13795
52004
74084
104285
66067
20257
17323
92756
74236
103603
66419
4612
10669
57482
24228
24662
43191
8554
89798
51159
48236
3819
89373
61357
67892
65651
96972
41880
8565
83236
97242
23226
3931
32404
46808
17902
10555
74977
24321
85026
94869
103129
34267
102307
95864
42219
63532
70135
11295
6212
64409
45158
82396
84803
62454
5886
97677
25113
63073
21149
47024
3487
45549
111031
108906
40439
92297
104027
76676
44259
22316
42727
78282
29067
16650
10752
24582
29556
51116
73623
62013
92005
88560
85001
70791
89566
52084
51039
88934
99997
21862
53050
87501
21212
105052
88541
71619
13766
35359
51372
72492
107177
28936
71461
25042
47368
83178
38752
70961
44455
106005
33504
578
97586
25819
28818
106604
71837
63747
56342
3949
100128
41544
97497
6453
45190
79186
51387
80030
36489
26975
96005
32806
7092
92355
17586
95240
6591
40246
59409
26463
83835
8278
6017
76504
43648
94870
95354
100483
8958
27360
24361
103299
108243
23957
91514
40606
69701
87156
38821
66227
67169
48490
61172
84051
2089
75409
18810
48265
5167
85962
95875
60531
103249
110113
9854
98457
18796
28788
77381
19955
25597
3203
107128
69655
38915
81149
3153
45223
50970
28534
28456
53384
57077
31789
95681
33615
59157
62671
21886
25310
23563
107737
41632
55591
101331
48583
110824
61778
63275
67134
29353
95881
56407
103855
88553
75529
23635
20735
89489
25919
36010
24395
11414
80492
4123
58373
49571
73895
25292
929
110385
68097
10592
105696
63917
78773
1355
70427
95289
36935
110844
69316
71018
75753
56826
60535
58972
98932
56026
23408
15908
17797
43622
91415
74893
77891
28029
103729
20670
4374
22778
69370
52848
88146
66005
37878
77979
41002
35114
20824
61052
13423
4147
88305
27184
72893
33576
60908
68279
37951
99583
66577
12082
31268
67477
83562
27762
18959
87926
29750
79916
70686
39427
65949
67553
56981
111539
100197
8725
30003
82049
22265
120
11532
64253
52901
90893
29515
101529
68106
60374
25841
47672
64331
7267
104396
24112
8258
10745
61003
44741
2941
111644
100955
72305
61233
41757
96375
35201
110872
97997
59524
67744
105503
8978
50851
11559
96905
46984
9797
91395
38773
23908
75936
104657
63353
33699
103187
58193
107537
52120
55479
46148
9368
3903
64915
21188
49712
8592
35258
89431
8625
55088
92782
84944
46849
26173
88746
79187
90576
99053
77812
55249
26939
49688
100269
18856
62031
83398
103723
20513
12979
20340
88291
63977
43318
67862
17609
1112
59168
108843
110548
25937
35381
87284
15032
54640
104182
19514
13566
43626
39991
27304
87301
108179
50013
60486
31400
41670
41329
16449
87352
25202
68893
51897
46133
38739
4335
102147
53356
47496
39083
41532
23495
52796
2735
104410
66668
85469
5102
86546
3071
37673
55898
62192
59926
94346
20919
106461
75881
3924
59356
58737
34511
58499
95233
112382
70260
71125
41931
75798
91753
63468
85390
48463
4954
46466
76926
1474
33709
98007
108201
24803
11487
90184
55398
44865
86289
36472
16616
43056
75236
26847
39137
35156
110352
27948
51005
43759
43720
24444
76725
106787
80569
96492
72773
47622
50086
55951
16947
4502
41019
37471
46607
37479
100116
12876
12775
98377
84831
58170
4033
9715
16138
48919
8773
36988
24275
40152
43738
89058
26091
60166
68035
103612
55278
73605
71385
14714
46883
47473
45956
46724
26002
100643
94611
66843
52198
16726
61713
92433
85867
91229
37771
16992
88641
52695
78254
93948
96872
58278
105051
43319
100913
79039
71058
12205
89903
42456
19635
65965
37953
100533
35669
85560
51156
57571
9440
1757
40267
88820
72849
23522
55336
88615
106164
107614
48361
54299
50033
39205
90857
86922
43294
32931
19196
44866
104852
14656
48714
54727
57919
36541
54285
65705
39076
88445
68182
40614
9575
68729
85452
98094
19571
52546
42092
32218
28643
4678
75295
63349
96128
95034
59206
72025
13751
107782
12279
50797
71967
64363
25144
54500
74781
46066
66053
49207
9811
72551
18301
49997
58714
36510
8852
45384
39832
92192
99796
35412
64861
6177
77916
6697
30619
109531
70054
102060
15671
27986
78676
108980
37972
302
9805
112484
10585
34170
54087
102476
7217
11802
45007
33990
110238
43162
26024
86957
78672
14167
27465
103304
79687
67451
109412
37470
43335
17512
101810
101052
8901
64170
76635
109188
4761
23749
33519
79454
55063
26680
52355
7717
59393
24450
16419
108675
31913
30907
15417
32334
14302
23432
43576
61863
32013
86484
101401
8868
109159
46628
105394
28979
79484
52638
73478
27454
99699
81392
77500
97491
13044
40035
91940
6134
17526
12945
46973
104252
9759
26932
68621
70678
65604
55839
50042
105352
95579
101740
101639
98445
98486
112437
19855
74826
30927
56661
85246
3730
36545
71859
40268
62858
62270
9684
101392
11373
63214
84015
88457
28765
107862
49228
65173
86138
36386
30436
15638
54345
4884
14801
76953
559
64647
72782
93116
27936
103003
10578
13397
36677
11151
253
54794
97383
15649
99403
36712
8607
99498
60651
23043
2423
37657
87972
8145
45427
82375
63901
83378
80556
59715
102280
102360
106658
102798
109384
9183
108560
37058
47483
17315
40820
52666
99950
51169
91503
74663
51769
19717
73202
33885
3010
88597
40150
94221
78714
19320
39052
67274
62559
45473
5658
80370
35688
1444
74912
2680
89773
62223
56469
106210
55947
33456
24525
830
99448
99569
50167
53024
14050
12544
63744
70736
74106
9612
35062
55141
45199
72055
14355
109602
60595
14114
51264
7414
87506
85392
81928
93696
74831
69570
52377
61362
96217
43548
41780
23785
10312
45752
28872
7240
8879
16375
36366
88813
5741
738
54031
29735
110172
57709
19685
41973
50707
13522
29859
11555
87702
66393
88569
91339
98589
88317
17657
33908
38952
92181
51968
70898
88633
15629
22156
82322
43270
91004
42130
21454
49398
71122
54174
1033
30452
87688
87257
105479
92761
35836
80517
15148
112197
21874
106423
102100
100442
70903
767
57331
36352
95241
60225
100297
79212
46445
60512
58867
38953
13395
100837
16702
15580
76466
30010
100088
37244
76702
107527
56097
34496
30075
942
75216
27494
20504
94350
55119
19016
24702
32984
72458
29906
95866
65115
109357
107220
80215
88622
382
36170
44991
108434
100050
33717
33261
5353
11188
61218
41404
81572
79246
82135
96382
35152
2087
24974
50273
8806
106330
5008
24335
54380
33747
88547
10202
29182
18712
58
41437
78625
109187
46337
60528
19844
23129
103677
7712
32596
496
38736
100703
20996
59257
78891
96768
46619
85576
102606
10520
14017
93808
76334
8477
42330
95204
8017
15242
43606
57131
50914
45365
77568
38975
108268
110483
103591
29568
65940
106962
5312
37166
35130
92871
8750
89849
26748
52452
82314
68596
53265
66961
3301
76862
79117
14462
72731
17211
105979
53483
50418
109125
3599
20318
110682
59096
103366
77432
77517
94075
90673
86918
82588
23579
109657
20261
42234
17834
80195
111548
64523
90365
42707
50073
92521
39027
85265
31822
27417
9790
9990
75692
32509
40531
106131
78896
85948
7708
51179
54943
11885
28892
34950
33461
12672
89407
12914
65226
65798
103667
71323
107809
4105
53305
75352
99359
77215
58245
49182
86883
49100
74447
86866
109660
97115
85218
50761
96466
54136
18176
88082
39982
93943
14491
73434
9035
64244
6440
5039
94447
4686
32991
22966
58777
35068
19668
26646
21414
5193
74615
82468
103873
95497
62024
31897
14731
86077
20969
9426
61350
107462
34165
55877
52519
14390
57947
55892
35121
76457
82101
53098
94765
11677
79411
80717
11890
371
76149
50753
8649
58544
90167
105092
55653
2474
59561
68887
64565
59611
56253
27512
108012
108884
17251
84237
61670
92590
81655
108679
49090
56196
74817
31144
52739
18072
106240
91987
36084
111259
72090
23224
32176
12821
52321
104127
95471
49184
91813
110225
4520
36189
62494
70156
110871
69793
4794
21863
75697
21294
6546
106730
90405
14101
24157
7703
55084
84271
73622
63794
36925
83488
46049
29864
40643
72079
93311
47367
56254
61265
61239
38413
53147
13062
55408
38379
17069
87223
27999
56839
73003
6972
68204
31777
42419
29919
23852
95090
10269
77925
90932
64625
1794
64001
19510
72882
7640
28899
52132
87530
25442
87457
32888
27567
92997
43014
55768
54783
42719
44549
62742
73582
35184
102111
53477
61617
58707
77206
10381
108881
6637
3060
30650
52632
31063
59246
51089
61102
3031
58720
102320
15460
32051
89279
52481
23758
103656
64842
41251
5391
26128
4631
109057
80862
19364
98665
21832
80856
100212
93154
47666
68967
84193
8441
12702
5512
47658
14751
93830
38121
89572
33038
67935
46159
91591
39434
11944
43807
81138
59455
23430
66878
21324
48041
1220
105772
7074
52406
6326
35467
87772
5733
70553
52112
74328
109643
22057
87233
21705
15115
26732
74256
56915
90715
88083
83254
29203
13256
2581
16200
83338
69553
28524
10608
66260
135
105156
51209
96939
73309
35920
31779
104592
42035
97897
68928
67120
89655
110761
89966
106615
61441
60838
107827
9361
17418
16161
43242
6501
72933
89693
95349
32163
41356
45751
18550
63865
22775
29720
78923
35078
40803
56936
102478
60977
74731
10134
19240
85703
111428
53198
72735
112030
111022
40501
56954
65663
80922
67651
92910
109513
37827
84710
108989
43791
11817
1637
58267
54960
63170
100798
3254
13169
15090
3184
89042
76006
67305
64888
14667
45543
24917
26603
104321
62398
25332
64690
1202
53785
81679
109988
93329
55537
5660
62012
48737
111069
16486
29337
22071
88200
109100
26679
71870
36384
11596
28164
54116
109637
59404
40248
38445
97579
103176
52615
57037
67918
61449
6393
107294
75671
27870
86928
1106
111668
110166
96700
63724
19438
84491
67904
68879
93334
7965
65621
9244
35191
109702
96045
33179
60907
63686
96539
105193
3227
41954
33248
88356
107886
21009
94768
42157
42492
84618
43207
47891
41351
87214
70257
10008
111515
60271
71721
88554
76941
55559
17824
32418
78807
71010
76199
33878
28730
97209
21532
60062
21677
106266
94450
31736
54020
54281
105731
47775
26055
42327
60305
105700
70756
79362
37671
98747
42641
67756
8814
45299
18122
63867
37938
41755
105639
72128
22471
1531
2857
101042
42316
52385
19455
69846
6316
107005
71119
71480
60444
36952
66387
12531
8311
25645
38801
51828
34370
12613
60453
41835
75534
109103
8563
100729
28573
5153
11061
48077
51402
66923
95842
32579
95599
95644
26082
13953
55374
24054
81159
57949
37687
100813
43992
62533
30215
2892
100079
93561
102425
22365
8264
29592
69200
100156
45812
5395
51405
94733
63643
45071
37901
99246
20803
56649
86769
79198
106433
47145
83052
30994
91576
20214
8498
22077
32396
105093
16374
82447
110808
58995
107484
74527
109527
25477
5156
86055
61340
66042
108006
75463
82542
88414
46741
39072
29010
43381
4264
104772
72739
89432
48153
30227
14915
48425
104634
3240
78118
14067
29598
89443
16734
47807
5590
79026
66056
24204
87529
36542
45364
91123
81194
35569
22101
6853
34822
25591
13794
102281
35101
29363
26122
2621
51258
21109
28079
73716
71118
88876
81505
72957
15694
18443
4325
33507
829
112316
58453
111638
110525
64449
33264
11112
95435
65261
91475
104220
59838
100499
51994
103595
74012
58651
90964
46688
105419
34717
19125
27074
77430
10078
74611
80053
8142
49751
23086
97876
37272
79859
40898
20941
70841
62553
91659
57398
5549
22096
7399
78895
79199
8455
68092
50502
78973
95420
24418
16426
4589
13000
62072
74126
55406
93635
27715
6566
84152
76996
103682
8312
84905
96261
13484
11931
88892
95185
78115
108266
60468
100153
64934
111155
58230
103714
55008
81672
96070
25910
38228
26048
38436
283
112421
45984
10492
112417
27401
13081
9666
15630
85031
25839
19745
112076
62153
41921
46495
22275
69029
88304
5598
21360
83927
109221
64128
56354
104798
74553
64044
70995
56892
23113
110295
7437
24718
56322
94151
17225
71148
32114
16330
20921
85968
83188
78790
90288
78715
72375
104875
30539
102628
19130
31809
112291
36255
99611
20926
29278
16494
64087
48991
83634
23384
107469
80222
37774
50050
100635
61887
90864
5943
110443
17030
29176
67247
25237
25199
79862
21019
4941
88845
10960
26857
3876
85357
33750
14387
87747
105215
30635
33270
93371
52762
82300
75878
90831
57519
93710
69826
26343
17844
27236
84287
112404
84110
58224
11509
8419
5894
93132
45306
42778
59014
99601
80109
92704
104571
107239
32157
52598
107533
80841
11003
62237
102400
110925
55891
2168
96170
3410
56829
55709
108272
64180
86400
48021
81401
100862
42143
38711
91342
34534
20422
22486
104041
22544
100207
42257
14698
100060
11222
72792
75218
63725
57401
3319
91595
93201
5387
54168
3351
30523
84556
110590
6006
110823
77299
24048
24202
75701
8829
51576
74099
56453
14008
109428
76245
32726
7590
77662
32281
36896
92269
68310
58146
4002
65334
62382
97246
56530
2409
3598
74055
24868
55055
14587
105034
77015
103355
37388
90120
31687
6449
75890
60973
55428
81738
85632
15494
36753
94616
18814
80824
72059
102906
16248
49415
23313
63144
14520
55848
25962
35241
83041
10988
30863
1818
14392
26240
88586
14181
60739
99459
64570
39878
6742
80678
10505
44640
110814
60850
102190
37516
40891
71098
42664
95978
75988
89831
4968
82406
33674
79698
57517
39951
73087
101416
73986
12991
28842
37259
70246
95239
60726
6584
14570
20254
50230
64122
6925
14929
96285
46309
65564
56269
90368
50356
38259
89873
78085
25924
10367
18787
31111
42292
72684
55660
26494
32648
11678
108009
52535
52002
31902
93324
75261
79995
67154
6208
91730
72006
44733
63321
73996
87648
83352
49091
45181
98838
25372
19230
70262
63477
65125
65508
43495
23035
111473
72750
79639
57385
59015
61545
87839
101761
80484
48456
103796
2538
94849
52687
103104
41103
78499
63644
80527
99421
23028
71707
92567
14214
51007
22926
70511
110785
13958
21937
28025
49586
29086
44927
27887
65527
100912
75466
640
22348
27668
6968
3976
32348
48347
4211
16876
77053
218
77936
24888
92381
26664
79045
58937
2955
1615
98696
45563
38980
10932
105314
12786
34461
73060
69663
102546
71284
41415
41809
5178
110010
63770
107416
98734
67857
13246
44531
61216
83369
28130
53869
56038
89577
89571
99449
39497
74700
78783
676
88024
96395
2368
15079
14031
6179
66810
32563
103712
89956
17515
36881
49694
37911
43810
88691
28405
31986
23232
8106
99173
66185
34730
46816
4622
104670
47596
67009
57260
75253
72552
110314
61957
55405
55161
65746
95725
32514
380
86277
52006
1988
88140
19573
83975
74783
64993
89952
34593
88088
75056
102407
85619
41633
3771
76331
28470
37519
14760
18294
81799
39906
43258
25754
59468
50379
100922
49007
93511
54751
98590
74683
5001
67087
78504
109175
77896
108891
35229
21642
65184
40527
15660
109612
27386
8662
14402
13037
21274
48676
71363
108096
7429
6801
15290
24268
102284
22932
96581
6133
37514
41167
97946
52785
26194
47906
66692
54508
4404
60776
85815
87671
104496
74209
12156
108361
64992
64259
89910
11231
44301
16596
83095
45088
55047
94722
69563
90935
19249
54854
6489
100334
26972
19493
76249
109220
89392
108172
41376
80009
12999
76889
92691
46612
5572
31381
75416
63645
40272
25506
15012
36341
39196
12354
65874
62292
73336
74292
100945
4530
3536
9469
19413
44972
41020
48588
86676
40351
97573
23638
47152
45257
73365
3151
33695
54659
93367
6410
63922
62771
29940
34880
36737
50469
10362
34308
12327
60477
41508
111942
101264
3238
23534
108797
57794
96836
36284
106458
10972
87236
22657
76017
66107
96342
36191
68707
6046
61715
7754
95699
64493
28814
104382
105545
1645
11647
23513
88927
56999
104169
53258
46839
101948
3894
14175
64991
48597
60053
3273
18853
100853
106626
54875
22321
101171
54918
57291
36713
71200
111643
95979
65199
62495
21260
42486
20217
12384
71308
101607
66776
333
60964
70508
5012
52289
41777
4330
52792
23214
37586
74346
29873
80526
25724
98691
28217
63042
42669
58259
22851
100404
12231
100850
89406
73330
95317
98092
79153
64943
33597
46617
32543
18484
36260
56256
60533
80104
80408
8622
104295
56016
95096
73382
79825
75450
71993
70836
76273
108626
7407
18601
7919
42804
91527
86760
80731
112588
74756
110458
10416
39941
20031
18439
94175
57834
133
96334
32496
56120
62251
30341
87994
1018
103087
25622
91143
93070
71184
72732
100726
5019
57437
46990
21465
92154
39626
34725
70655
14232
33979
87966
12484
25902
83950
29323
71659
31917
20793
34440
81335
104175
1854
18870
96228
74165
40041
63591
40343
9658
39297
43939
75666
94321
39181
35088
41093
110894
91175
42699
95897
93475
35630
77478
85336
90952
64395
31170
3978
55622
100286
18447
18405
77098
1091
102000
55741
9017
111758
30351
28651
26596
78928
59813
93549
21902
50633
49310
1187
10038
31868
98870
3821
63132
4615
19871
1938
261
48356
72031
2894
3245
12559
22703
51373
55806
83490
72901
62131
3576
72605
1489
111617
53615
54962
112111
40765
94587
28425
9839
30071
3364
85401
42606
26561
64776
21387
34371
39910
57550
19588
106214
68485
58710
33799
107217
58523
70145
50748
60708
44010
90058
76061
76630
100107
13205
83511
102210
46546
92195
31644
23278
16676
103845
87353
12149
79188
26270
50962
19900
1057
55204
3724
80778
111853
17672
74637
112540
49672
106828
97404
59769
83549
7005
56998
44114
54308
35772
62004
77030
37071
11953
54405
46801
77330
77548
69246
95171
38020
54611
109617
32964
37638
108170
25139
22221
32344
59041
1707
57685
98310
70753
6608
4356
58676
79374
61732
64011
91986
38950
31024
45150
36258
86946
104546
66950
31652
110271
2382
16838
7310
6300
59196
55737
94496
9565
4032
90209
48222
102454
15837
46347
4146
82720
82110
10292
86244
44050
73250
105814
29874
45397
37853
39842
49037
50149
95843
37860
96871
10056
106370
17666
83734
37668
110945
49380
107813
4492
48807
46318
108755
76369
77183
24209
98998
88210
35960
74622
52220
56494
10279
38345
93602
42135
94122
106050
58369
53586
8454
36793
47692
33226
80906
71838
64201
57242
11395
110812
29861
104032
56173
64407
104863
69201
66545
36865
15616
77340
77468
59973
81919
24762
110265
7989
82513
101284
107587
66985
57639
9657
53875
19422
67008
6579
26405
36851
41299
15428
14850
23267
12273
26758
93822
42438
88051
24294
17764
35624
77296
102472
51680
9197
9931
60356
85777
15036
11821
11753
8269
67146
105064
34329
61783
5274
19272
75204
107122
18428
23426
107682
35561
54810
28202
82975
6746
77850
8292
96934
4877
48811
108778
96645
5506
72471
49101
79074
61723
109248
95318
55912
115
94858
72887
88636
58218
99306
7471
50419
26989
111412
2814
70249
22776
19229
75542
44212
11927
63456
2576
18047
29708
11691
91354
56005
44085
27612
66995
16640
30649
96367
7253
68980
22121
10651
50347
10264
70771
46082
105001
36021
106331
81190
109688
94666
12683
24336
102353
81565
64097
51045
73563
3127
52834
78039
105124
22680
10154
61717
24326
69921
25578
91430
46664
58516
68475
9235
50711
95717
37088
37620
50690
106304
64751
111920
88046
48016
48117
5989
69361
33732
93690
81071
31709
79295
111697
72642
42806
19197
99365
82351
74956
49789
57184
106438
104070
48228
67328
21045
32112
33278
95496
17042
106309
46261
8684
50827
105670
52608
3779
80261
63810
103200
61598
28603
97987
71486
34090
85387
12716
17073
48808
32839
51284
30158
59644
109266
34923
24156
67408
15896
78721
41208
23874
110701
109406
947
49300
7704
224
102892
16529
54553
10331
79382
43322
15797
23618
109263
107022
100451
106034
31904
6715
55831
62373
59913
13499
62529
50686
6867
24266
93759
39134
76763
108370
31401
20607
85100
78720
92025
105181
95703
51063
66338
15371
41158
16155
39463
62667
38860
51887
68898
1553
33257
95476
89842
16186
20984
91383
65024
73156
102969
76691
12255
87162
55
29603
9958
3919
103552
85111
36774
105893
95477
55638
36121
15847
92971
31134
65525
9254
76287
1103
30046
110670
35733
85807
43445
7873
19847
28919
27489
38974
71915
28162
85650
55897
55998
79397
67418
25948
76154
56436
56827
78881
90696
32167
42050
27151
92917
110842
54188
57187
9951
28555
74027
79792
95502
16479
16887
96531
109984
53975
74288
66423
103504
82799
4328
61214
51107
102748
16027
99607
21160
102011
89625
108750
80247
2454
70073
107392
5561
50653
97637
46781
13290
99323
58156
9902
100131
66015
64312
106355
19998
107227
446
97756
83636
30346
63377
72224
9646
20037
66690
12697
35740
35757
110510
64995
20506
44938
112292
18865
43234
107016
48867
37609
38688
51480
108578
39000
22835
12158
41812
66880
45863
102261
91632
63081
37231
62840
95884
40313
40626
83537
79898
61420
82371
59341
35005
108600
90651
51670
74861
10874
49144
11938
67327
13740
60127
74248
71256
2908
37036
92992
10730
75174
108594
13090
34650
98767
83478
35027
10574
81759
69022
62957
63902
78940
30329
28127
68454
59666
36095
87152
46476
91202
87932
32523
48355
86287
50188
51260
26181
41738
91803
25095
29871
11635
2068
5900
38847
56706
40139
87316
55273
32203
63402
98492
91301
49053
81961
95031
89358
12268
35161
16011
74333
67537
3962
28546
48011
25547
1409
18970
88481
112528
92093
63973
99493
4455
66174
85891
80508
112407
101120
95829
8824
106932
40815
12902
5149
76463
10572
81652
31127
43378
87307
87154
18237
101458
75421
65824
30639
101070
44548
98968
21326
96105
97733
35432
108865
81560
48321
54585
7730
9629
33500
96061
106449
505
99265
45213
92610
99016
37912
2418
92678
2905
82486
13989
80866
110733
36041
92140
1863
40922
71871
106809
105062
88841
10475
15384
13605
32131
89797
16618
89979
33391
46580
51883
66403
98433
36440
27416
78805
90153
35709
86962
31008
38843
53642
59694
72645
45403
25274
50333
1031
40071
23770
105129
51724
50107
62729
15810
99284
30035
90191
77723
106459
19383
55158
35603
46117
78196
96495
73723
51882
20808
100038
48709
67720
57435
3505
47937
78149
42679
81360
6634
103740
50444
80624
25592
21792
54253
72814
14925
34996
102094
7655
5267
60788
55551
17152
74260
79201
110266
25088
26644
27250
68820
14073
2755
13377
41807
18544
97004
4583
111494
74878
109046
49558
12923
9953
77070
94307
69571
44683
44896
95141
25114
73486
16745
8119
96810
58323
6298
20638
76758
110727
38796
104786
83662
47097
64305
66990
31286
60275
94417
68504
83980
8138
21014
77988
36348
16985
18083
26903
102466
47242
82626
82781
66633
21834
110591
94707
67078
88740
94101
27998
62446
16081
16263
1247
108092
81254
3048
65380
54793
67236
63903
92046
35189
7376
60590
12004
3667
92190
24235
79436
56985
54342
50659
99908
98735
5638
51824
98096
98881
26595
86936
96854
53431
64989
94309
48336
75090
31276
59877
39169
49352
5655
29267
11712
44336
50818
81268
67178
61231
101315
100537
23062
72366
65960
13936
23818
5243
88486
550
30124
44913
7120
108588
112104
10400
62499
7322
13760
103699
45907
44408
31189
46967
90081
1571
1619
56277
30087
104693
72327
60593
10734
67798
68275
11135
31056
101648
93792
2242
73198
76857
37829
37037
84082
106987
84547
47291
71034
497
38261
24179
61306
20527
20901
70748
63334
530
38566
88156
39066
73245
76362
30624
98067
11577
26927
36992
10845
63740
105949
10889
57645
59030
112259
103184
11706
89380
44389
2131
90701
97007
99248
58366
71126
10551
11490
34540
41473
69003
21741
19591
57694
79682
102708
74806
88513
99527
28614
77118
83293
53494
60488
4171
73384
45634
63584
13084
41337
76729
14006
110187
54818
64173
92625
67488
81321
103933
19893
80115
36609
6056
58066
2202
100884
16780
104812
88386
36687
65013
54975
30592
6386
69078
73574
73191
106282
97265
30971
103374
84643
47974
31434
99244
48551
51091
24227
51221
64002
41897
41375
50984
56751
58038
28971
39729
3751
87064
45050
35737
3284
58318
40073
95421
43361
41013
78654
30821
35008
77851
49345
5252
39907
77239
44238
52056
90376
44221
89603
86639
15532
48984
1214
90346
43217
26371
11769
97391
6799
93236
54296
69447
55517
60648
105145
57730
29661
68228
96047
21791
35488
90155
3493
69129
32718
49658
87864
48076
53561
92385
76266
109707
34291
12159
90779
9147
68389
50243
30928
16067
73241
1968
8059
13914
62330
41462
102899
71396
45183
64547
84086
22708
84677
42843
110219
83542
77077
96716
38781
6242
31413
84743
90131
21508
7052
20492
92152
88494
29000
37374
96344
69134
58288
16808
57450
86194
74104
103990
32210
109782
9519
18473
98543
35716
37910
82750
5596
28112
106969
29727
58200
8500
53132
63308
53963
31029
43699
89764
67308
11427
54916
57873
13808
76770
38428
85975
91651
42510
102739
23545
28929
33993
106313
7678
37362
34043
17088
58423
55014
21477
74442
65799
82430
16574
99503
62556
37436
66848
97958
73939
102499
20595
67345
82131
56246
61725
33093
72041
98518
73589
21535
73403
86007
83029
103511
100585
24550
61066
106565
43121
33812
67173
47301
72073
1951
72435
4975
32383
77360
20391
31486
27550
34032
87374
29369
36023
67841
26391
3271
74079
87095
104107
20649
9496
68503
41447
97357
4509
76125
38628
85449
56018
98260
4154
87033
66987
96234
71612
89500
62118
3059
3272
51425
26637
11221
9306
14775
80233
31180
45143
84355
83454
17296
26915
12443
34317
42739
88058
80636
32909
1172
82531
6292
55613
54414
94540
21686
48630
89089
103
90251
97772
45709
24070
73862
57960
110123
62227
105648
58761
20427
96566
13896
94904
6299
104226
3436
110837
110326
21038
5392
21437
10184
24147
77848
11330
87052
47110
70459
435
69337
103291
47780
53381
66956
64194
92716
95340
28885
1880
51244
95949
23715
19180
70807
99456
82224
28145
72478
72899
20006
72614
11177
31926
62699
39476
111565
89214
75043
102212
49496
7134
51205
62006
87563
112445
48596
92056
36115
35235
99473
37762
49870
72840
39099
31091
10020
50634
96363
70828
17637
58268
87896
38782
20429
87743
98729
54586
57689
67114
39865
104601
58945
1798
36174
110063
52086
30393
2754
30021
25798
98643
52407
47696
16293
18045
55392
33067
62241
102769
52418
32486
74141
13464
57879
58842
98428
54068
42552
63034
69397
85490
108413
1566
24948
54634
7844
35426
68770
111413
18965
59434
31588
61452
106186
83065
29039
33158
69944
55821
25646
107175
32994
12262
29208
13125
31335
40322
55670
83238
75002
107290
67005
100014
95525
103169
21814
16898
23812
103623
110002
90130
72785
109519
52058
91994
78413
111695
8191
13850
12329
92251
16668
79043
77185
110772
90396
64311
107459
36308
101438
19239
19294
55747
62511
102074
54248
15973
25935
111038
49179
36184
27629
42549
40627
59019
75939
22639
109497
21297
6542
42997
93954
72138
18240
67849
65086
10513
9826
86152
100586
17908
40761
94974
37019
69218
55704
100497
93571
95484
67711
37840
96410
64820
26798
50140
49738
70946
102498
34085
38336
46190
23456
36413
75151
68588
89442
39616
61593
61554
2035
40854
98444
7206
52530
32603
17084
7535
67237
18241
29766
35435
12379
100295
8548
32919
31577
29989
70436
49355
40349
46244
74919
21267
41366
73247
86490
10947
70000
77586
11289
18341
29091
4250
90524
36446
19490
87266
22880
61748
108926
22082
75289
103668
54400
33746
73952
21273
67363
68612
71325
151
108554
59340
90285
5238
43195
15663
111727
32063
74139
58522
50211
27992
109463
63649
87317
96657
64662
60529
11304
96830
85621
58850
53086
89368
20909
104312
67792
49422
68876
101017
69403
60256
50688
102596
84032
29794
77384
106667
89999
58650
101814
1853
262
59735
83918
59196
4743
19664
2149
92596
73939
82679
85059
23875
98065
11745
108213
58622
24019
49489
101222
26508
103245
90099
4112
102095
77919
67012
94868
98787
108441
109888
74892
82544
106821
21009
57526
74759
30767
69233
53725
48221
4518
106098
16003
77094
87460
103326
72784
42155
18042
78846
57940
82986
18363
6951
50610
77246
19031
12242
57312
45803
27360
103905
70304
99442
18050
40967
51955
71784
69438
54801
44793
87624
94254
73494
54781
96429
82354
27982
41186
37432
58401
2387
30391
63259
101148
85310
78939
54315
74493
51931
110279
