72626
64701
49342
22460
53816
101629
68000
41290
101424
96
101927
50502
109057
49956
9026
46647
11824
100412
81588
59535
77842
107983
42167
60844
30802
46882
9831
37417
12768
78757
45257
8020
91384
1327
102524
34024
51348
40497
35185
18185
67991
105803
892
67198
35290
70745
1570
43826
46980
27225
83799
39896
51969
14648
61884
16754
7074
39047
17558
52359
2256
25861
15641
22570
62850
102356
1236
58981
28892
41484
32758
100027
67921
57589
63311
10233
83030
30047
16884
102616
32954
64353
49311
8380
42115
31679
76176
36736
93712
57552
59445
11335
41782
15691
92491
47168
13247
36843
74830
65939
45631
61718
92161
44380
89279
54245
12329
68243
61398
46516
75395
76478
65666
67777
106287
85095
51705
36276
85983
52388
103554
67323
429
53308
88825
5628
82755
104648
79120
60285
3895
94472
43502
88515
24896
65831
92209
30153
88394
7474
53070
74615
379
88785
73320
70473
56065
90840
10494
97878
30631
97269
82446
43403
50495
22973
2228
1350
33804
16722
73692
95317
43719
79876
4121
20029
37598
86999
21763
52829
77005
51975
80469
54890
52784
9952
61564
63290
41492
92359
16689
14080
24466
99473
73930
62481
43808
12968
67159
12363
59693
6582
88964
23355
28193
37903
331
33954
34773
35365
59483
60906
25484
96598
103172
25102
104972
60252
2957
54593
5333
77305
30138
49032
74539
68436
71529
98562
28681
60010
75265
12532
65203
70541
47063
50644
21131
32266
65486
34459
3977
78986
54427
103485
10072
11951
19652
97603
99182
53711
17604
16398
102870
57461
65886
84541
58733
18845
65943
80598
89274
27614
91518
18547
62109
106909
41972
87821
59826
40439
48312
18450
18349
75520
50826
34064
45381
88496
93641
28102
65220
108831
6272
94343
56103
22278
54621
8031
48009
66609
1597
654
69379
15000
49885
23173
59217
10331
79286
4409
88379
77053
86045
35481
61082
49905
82757
82641
24777
48171
100400
46119
59050
12400
108418
3867
59859
39400
86860
95234
50965
53424
40633
63859
46023
92396
77856
87299
84108
84436
59574
37237
5172
74845
73580
52697
41214
88841
6322
117
18714
70889
6367
25588
102897
11845
87011
27645
33376
13823
86496
23693
106982
83889
21739
19685
19358
63718
99012
96291
52802
77726
14418
64526
17846
72077
51083
108931
107894
98011
1975
34481
11703
24201
72251
32065
88737
72340
26958
18453
5165
98274
12974
44976
48733
53731
51503
53108
33755
18978
106620
68508
41695
34374
11128
29527
31631
41190
90391
78281
90013
26631
34454
106512
671
63376
53916
31209
34497
99556
48493
86224
80134
49126
16046
51546
38419
67477
55145
70408
43637
17093
43412
69169
23854
80937
79164
73039
20141
43469
102564
18424
58153
32685
78764
10258
70413
95056
79188
79493
64171
46040
38316
51082
38487
48144
104585
5894
70934
48306
106528
7502
1898
49035
100912
88642
11541
20635
8068
54076
85527
18970
81834
21022
73204
3763
91950
53185
21373
93843
45601
31332
92124
64326
49376
35570
55313
60653
60976
63533
94503
68981
14335
79402
44546
56495
103561
63769
90353
17527
89372
49172
86588
98652
69344
10991
92339
108768
96305
87297
35597
60622
3007
25663
39945
49115
104492
46723
40432
17916
95574
75996
7390
20073
22577
57028
84195
23929
9975
55365
73251
43733
55255
60668
81008
82514
7917
94498
56913
66001
96642
16083
22865
64062
103949
38331
106936
56806
9180
37614
30335
31225
34354
57583
79983
29330
58155
3860
79776
71289
94863
52903
57579
4772
90412
8889
13334
35664
73549
32823
108830
84586
13870
62971
38725
2176
84506
72901
71180
19448
18715
5834
51712
40171
65609
62947
26035
2633
87533
77629
103765
45570
38735
86348
57789
20258
9279
39804
15534
84797
48396
41274
40472
23988
21251
89376
30436
8991
2455
9220
35658
101616
38975
92160
103444
84485
86440
6920
102562
40299
40921
91044
8726
36901
65410
18974
564
79093
53894
22331
60368
48598
3444
105744
26360
107280
83170
31402
65848
13164
79276
8389
86761
40960
77157
100749
11535
90464
1100
10783
16854
96246
27189
74007
6369
12496
77469
16332
64034
42417
9374
81235
70268
11713
72506
20239
29890
84157
24302
59286
77754
106942
27696
47853
58252
68176
76201
32191
69193
55063
12844
89911
27832
71821
16964
76310
76068
106849
5471
22241
34460
81454
75809
26207
28613
40313
13694
45156
35483
103173
76956
8526
78505
40768
22534
4674
83070
57486
44183
93538
62441
13064
14710
3152
19948
73171
66356
41417
33325
4202
82035
21215
51312
45839
38991
47912
73993
54157
24273
64181
63891
28985
7062
6711
49506
85055
14211
84972
75161
104383
46820
10658
3889
99432
65525
97351
11526
94943
53245
46156
87380
101836
10957
16244
10062
91218
60540
51942
32727
7439
57611
10278
44280
1370
73678
6686
54762
99649
73772
109848
54653
109024
97203
28140
80627
89923
60720
81795
68804
46191
62093
87857
43418
48661
3521
78818
16340
983
72394
25321
59919
4326
88281
32672
14063
11669
88029
83554
90455
1652
56725
13526
101366
28511
73579
51337
45696
69171
24253
26405
45014
27012
79173
75137
9889
10231
84640
861
14324
61109
55010
7085
84530
5195
101307
4872
15101
94553
27092
91278
98632
64669
84908
2271
20269
52780
100969
28832
29804
67369
74109
75546
12117
61086
34562
6361
55001
70655
79514
40877
70178
92924
62799
43648
29339
24510
63069
16042
108651
77813
98641
3168
22657
64941
92103
62896
61253
26320
11455
18542
11308
63758
91185
106710
104510
77462
32571
75641
70329
78080
40735
71214
19330
69078
67319
58507
12664
99295
72571
53624
98483
6774
54374
49937
31386
50348
59821
44985
89334
55876
95702
10785
108663
45058
88335
96975
37316
103302
34686
45836
54836
19768
15369
94983
73939
40504
95705
79763
70638
73974
79764
70741
79305
40883
87009
21346
79020
29197
2312
4901
50386
78476
48664
70713
23664
6576
55293
48980
1540
12291
53408
40197
31327
22247
98017
106005
45702
60418
81487
96360
64460
64750
57939
56336
56621
23940
79518
40192
25250
84123
80357
19771
16937
94239
66903
93931
91147
104480
72150
2502
8832
20493
16793
102867
81519
107394
95781
82340
77304
74956
102081
7636
87889
29643
95394
15057
96431
78733
4357
60748
53945
17678
16359
99590
27747
77314
12250
72679
42375
69251
71219
15352
28061
18172
107966
46085
99484
57174
95683
31342
64684
73157
60218
14612
89463
86552
91656
54981
31837
46044
101576
86773
67408
99915
35137
12221
76694
27250
70168
24500
13179
5256
15498
98938
90397
70494
12212
90925
11162
38888
97761
6140
5876
38414
69174
78869
65084
104062
68456
24517
58364
76839
51852
28543
77393
87803
38727
26397
21275
50058
15655
55308
48301
55648
63900
14110
90063
70805
30807
94520
88898
34379
98286
18167
89049
47252
99223
94670
10865
27129
97533
8197
87973
8129
63151
5911
94189
96496
55066
34097
543
76151
53494
41940
71703
33290
34644
68262
91767
59020
80990
99398
4622
58292
22642
108438
57545
72986
24176
95879
68617
43533
22592
63309
40766
91184
53436
48154
105894
103009
10462
68275
86884
8381
20156
7655
23568
37973
27327
104096
75454
50994
1307
73888
44621
79925
96770
71639
28393
78015
11334
21535
29216
19225
53582
61902
76765
67814
19596
93182
36387
20618
47943
38593
98108
88771
13832
99489
71952
79499
91076
7147
48506
24354
69572
91668
94179
64145
77449
94911
105470
61929
45350
59985
52294
47558
106276
61045
47274
71762
26311
25767
96552
33975
72254
11068
93715
69985
21783
76046
21274
19972
4749
26716
99123
88480
67920
2575
33930
12650
27339
17462
69888
100089
49949
28391
105648
83306
13308
19906
39956
107450
15906
80869
91965
106861
52674
22562
35391
35887
100321
94834
18406
31835
49501
66081
81005
17479
2937
24260
32417
69695
91390
45645
45870
101618
37349
67439
31406
91378
83332
91101
85206
85992
93204
92166
56801
89476
50066
79107
79422
20224
14543
72445
9875
7548
47507
81449
52960
2009
79731
94163
40729
63372
1254
61545
33539
72258
39962
57550
12615
41712
27657
15279
34943
59356
107332
4366
63090
101807
89694
52576
38561
90044
4748
105262
5257
66306
4777
104084
88859
47975
78279
75422
14307
16946
80721
64635
19997
104836
47814
79455
57130
85842
37178
106106
56588
68916
93503
15039
41831
12474
30705
3924
19003
18591
70652
102523
14605
90884
25894
49391
82701
2662
19848
16585
3138
82792
21178
100721
50175
13029
31381
70504
87943
61571
38955
35040
52369
82547
108292
94760
73279
66670
35038
51187
5267
53622
76746
103016
29447
57286
1349
91444
41184
24595
71485
30242
60660
59112
108490
88948
62666
108331
92446
26368
36407
47116
95850
40716
79377
81492
55195
12312
73599
836
87724
11502
15863
32396
3910
58154
54426
84299
85903
102609
106114
88704
2302
45444
83596
52029
90549
6976
36248
75034
70161
83484
25287
40455
2792
50274
78151
75725
16515
72072
52461
81540
27742
87381
84897
81003
106129
93752
85632
97557
100002
10800
78101
6291
90776
76659
10054
3066
65353
97584
72291
102800
80588
2924
91549
87529
46618
95063
7456
91179
20355
73231
22390
53973
69862
4860
24863
67934
90637
41810
72211
35013
29227
53979
15750
80008
43831
12734
29792
42695
76074
72529
28711
104334
76002
16073
22796
58669
84851
80106
3645
87815
70382
105150
68440
103623
7832
1677
18112
96104
91308
73186
35774
84618
78369
59996
46205
55584
103455
94022
57705
55718
28103
15230
25257
47064
64084
85856
35334
51772
87077
70235
4008
45478
58058
86509
90311
79095
73546
40866
18813
73633
29985
77812
56128
61525
66659
103613
109668
87822
97646
1155
101729
28444
62554
93350
86857
100928
17492
73399
55712
62357
50179
106140
9610
99764
8540
12977
15983
25771
70304
107434
23986
106944
29566
56595
97978
167
2510
73836
107386
36028
17406
78567
3754
76191
79331
40988
50003
35963
37509
15095
45113
47219
68698
81043
70559
38006
108363
63808
73137
23677
19671
37983
12963
13914
19332
14963
65185
2641
28269
39716
37477
4312
96827
42221
59409
66669
4697
51498
78404
3193
61418
14951
11855
47369
12124
60885
13339
10741
83336
13446
85478
5296
20145
62637
36042
12203
100212
56996
35455
22739
59994
107196
55200
52618
29827
64507
99926
49160
11043
27064
20844
108915
101912
3088
78134
103783
11055
38431
5818
55763
55888
85288
3384
79395
24837
55237
6960
77070
14801
106350
6234
15853
30146
53904
84138
66288
66214
69346
47435
28049
39260
53564
81018
27472
38959
45049
80309
84721
77404
39175
93966
89096
46198
87417
13403
7709
269
93229
3243
79138
53139
48046
95306
70297
100692
14722
5636
8892
50300
56748
97929
4027
72140
61742
51787
23037
80120
18951
59222
38604
25704
20170
61886
82259
72491
98382
34180
90075
20582
50154
73209
90196
33753
109400
33651
95652
71696
53206
26674
29340
59663
107125
66578
38407
40250
67518
109868
87230
20540
77637
94550
48484
92563
63329
31947
29810
81307
90089
4280
74107
50589
27070
11667
43095
94649
8482
8938
16038
33842
31926
7614
45167
60394
102328
78020
77084
77286
93387
36103
48801
71819
66582
54732
69448
41233
14356
27272
69038
92184
67821
85364
62823
45347
71392
2151
103179
52881
99528
96342
3022
103701
50205
45254
38963
94748
103978
70323
53579
29716
12533
105533
68422
30814
49947
99212
89790
35416
4406
55151
68247
66702
63763
15438
16160
96160
14239
12064
54464
46825
13462
99016
83329
107697
89978
97585
141
69111
106286
104361
70926
98758
75843
65094
20123
6114
42107
75304
55735
91726
50214
18337
5933
46709
84073
86740
4866
80395
109104
51031
17697
81194
28542
4075
101389
88381
225
35229
27680
88650
85779
74198
100046
26907
67061
79735
24511
55429
17559
103398
90998
41424
864
71096
26444
74173
7953
47499
14271
74480
54306
72325
81244
75113
36311
82879
51861
93461
107811
48233
63496
73840
47166
75
87562
84263
49614
15024
11525
98901
15897
37246
69266
37716
83767
13045
9474
105559
73053
32051
20136
26131
10249
8406
64070
102693
56688
12924
62119
80032
101695
38416
34437
51254
40884
15432
1506
98703
99382
1799
25228
103210
36876
103883
6868
3297
41292
80213
71927
103752
106692
18877
8513
78381
88120
31058
66839
107081
41189
62960
101196
78831
10391
109884
50520
93717
24973
19742
41970
75237
103204
84831
83244
67091
22430
43698
25846
72430
75254
96929
55273
17120
65925
7019
34684
149
84878
90849
15009
1161
70662
77755
18040
16247
67108
94534
78776
56142
98829
22068
6453
101168
91717
75102
43526
82253
69810
47114
72736
5049
83172
82904
109502
61408
15018
87590
77981
96536
64534
58528
68835
54043
44041
58509
44229
30698
69857
100092
11631
61003
38790
52934
75868
20465
25645
83772
77086
64872
66542
66073
99932
42835
47528
40700
32755
30486
16756
42428
84053
57969
90050
103416
80535
25664
3207
55281
8707
104327
28828
100645
44108
7186
69373
92214
21143
50355
97809
66388
79411
106931
8091
30775
19569
81821
66816
36614
45472
36279
99394
105724
56904
47300
47532
82227
16769
67719
73358
27890
65238
47764
70147
76245
28421
9321
22947
52360
45404
86291
92856
49267
9671
60993
7697
57126
43471
69079
1710
101195
15817
92969
58919
108538
58604
59357
34601
1173
41114
72765
88848
40460
48162
33284
26356
15005
16188
71204
26312
17501
30428
71054
19678
38077
43875
56105
16198
69407
73264
101696
51161
51149
77942
61581
50349
99451
101980
12556
11168
69256
2505
54510
19898
53256
18003
3976
42215
85476
94497
62585
63153
21269
16616
85795
45125
79954
24323
14512
82422
108521
65665
36313
44103
51976
5017
22361
68860
27889
18430
51790
17335
47637
15762
31323
72408
24842
16846
40602
40431
102420
34126
41985
65131
70749
76303
62797
5703
60608
16461
73003
98579
66826
56838
29516
87689
51301
34765
72192
13094
2885
85085
17773
86697
106837
1424
36500
18139
39723
30660
2389
1076
96675
88774
75826
73172
25145
79836
37527
87394
11947
29781
90189
93165
19219
39038
54854
70174
86918
26790
23715
103702
94322
59507
51666
69948
70668
51210
59691
39478
59531
27286
93973
90956
34701
107136
7370
95192
87887
32761
1303
23576
96635
32390
33494
85586
38353
102894
83570
75017
37865
22125
33035
12230
26037
74685
57690
21671
14205
96077
37651
47408
20398
107936
10789
61307
83158
31653
39648
82647
66818
54675
56836
101085
30176
16178
26967
37788
107778
62232
26171
73556
65055
78828
29591
34016
105893
33109
2327
77403
88325
81997
72870
15994
61369
21211
8743
30435
88442
11421
85407
93055
93862
16808
108348
76535
18963
9388
71954
10028
80018
27613
69784
92251
4835
13182
62171
52276
33132
56839
85337
46523
35973
67573
32935
19610
48226
37211
63789
68453
101872
56925
74659
97270
84910
28023
48473
51804
24342
1406
92543
10656
9662
9923
95389
59166
77498
42586
71957
64508
78083
98257
92052
13418
54630
83797
52415
94653
86679
75131
20943
107680
19852
8103
62568
72600
59738
69004
95221
72412
26488
3506
57396
30318
52062
34098
61343
34349
9
86955
71976
21212
79035
88272
8843
84724
18519
12475
60780
68575
8607
62037
62183
55681
68736
104664
84922
863
16871
51073
79101
97726
103748
4586
77592
107701
47347
85143
72766
31997
48504
66221
25100
19736
24941
33550
25540
76409
74632
52333
30912
77559
59433
34957
108792
58352
49763
39645
91353
87068
69765
71407
92373
91223
24431
53599
23028
31362
81232
1508
67288
83662
96380
48738
78403
46410
38665
101345
40667
107581
39938
50522
85416
104223
103608
45411
50886
16716
46337
4348
30644
31700
14294
22095
82630
69580
34451
80346
57851
21439
71530
40401
45774
17791
92958
15933
19946
57757
92879
19647
50679
86313
56882
64594
35987
74885
19560
60858
9142
39316
24920
49280
70793
37132
17317
21784
71598
97438
12189
16780
23534
14057
15678
53212
103578
16056
84371
91675
31718
37065
99443
78311
6736
20121
18696
58776
66744
105285
56000
87258
21123
38995
55012
14280
105752
85502
35281
5222
74699
46678
30245
5168
45255
27433
59696
97032
15705
87896
2545
76011
75716
80414
94615
11076
30033
19530
57720
82865
14749
49818
61586
102019
44625
28094
28302
104133
40343
58875
66554
63411
105727
43039
36097
36062
47318
107645
99045
40143
18777
40414
106295
86354
60048
104476
12449
16438
4310
5856
92057
13896
99062
98612
99396
86971
39634
90577
15234
32020
76573
96702
14297
38887
79477
29179
53876
24291
4046
305
37440
99865
93278
47642
82801
4314
14847
90145
49466
52111
28139
83692
14214
107656
39450
80538
31948
84894
2609
82938
14030
57384
15
55677
37116
42518
42850
75873
90846
1249
35444
14764
79528
76345
96292
39717
66854
102476
9746
55850
62941
52887
17552
58204
21121
102392
7423
88041
69506
88519
2561
76578
101496
101755
43191
39639
36341
27694
42053
11751
58896
86838
26675
56878
42917
107389
31328
66636
57924
40635
60597
25552
83996
20945
15278
32090
24852
90001
90215
53438
84033
75298
95723
15809
17769
74689
63030
63835
43510
88766
4669
108309
90085
48665
38249
68870
76485
62497
67750
17228
43167
55212
32493
13062
10458
38121
62528
67970
11410
96192
20882
1384
61763
80245
65325
26704
39265
78965
8901
74523
22150
65072
90453
10431
85409
39139
22417
42214
101354
102295
62650
63387
90116
70943
93788
107925
43735
54091
33848
17597
31594
93466
49201
107885
10402
101407
22532
48334
20937
52066
86992
78936
30509
69433
1432
7189
66091
92003
69418
95543
65861
8310
82765
27535
75472
103366
65249
6607
66561
91020
69664
85951
107787
101166
7006
85636
49060
13724
63510
6262
103216
9829
77335
12972
49255
46435
58314
78680
59264
49699
81256
38599
82415
12742
57663
73573
93406
33019
3482
67630
76016
91913
81542
6558
74574
35922
97727
45140
21594
63427
38636
16316
68022
14039
57135
55303
79495
93226
28518
95126
6320
90135
91593
36866
48044
2033
101809
75010
97842
46090
72967
8077
85655
55745
45604
80013
73899
1229
60650
100792
28796
51657
91799
93716
14812
36320
88228
60515
19580
38824
46139
60685
54158
15843
75203
105501
51939
12991
41425
91313
47382
80637
30168
64763
3589
102254
87041
13748
70166
21162
105579
12478
62538
77456
71777
81800
60964
83897
19518
63006
14242
98603
45004
64399
33593
104429
74594
56089
91103
57132
16547
22318
28251
24963
3673
17854
4993
95583
88619
48409
75660
96016
40840
40622
63987
67263
35731
76706
106084
32116
23018
36969
20277
80085
78928
8185
95805
30000
55165
5962
8362
25424
97156
71092
68402
91012
42349
12362
47474
75245
64883
97030
83678
7775
54866
6782
47240
62047
20256
84024
103566
65106
50717
109155
13344
65258
70835
12244
3249
48435
105413
62640
82606
74793
98330
26009
81120
40226
106903
81386
55873
44225
47380
37848
65346
29149
39071
29651
80852
85300
54784
92761
88055
58888
22774
94558
79311
103828
85781
68526
77508
12931
75036
45270
28066
91198
31601
32675
100216
37540
64264
105308
98991
81967
1518
83187
13398
102990
55379
13585
33162
45675
1507
97471
85862
8596
79887
30545
89160
36184
57269
89309
58706
12576
42548
7088
69119
32783
70518
35680
17991
5598
103957
62356
81302
44154
53775
79669
11259
64575
85101
14972
104890
16759
69027
26038
10176
63049
66482
21293
69092
88498
51349
103690
26426
66845
10830
28824
24507
15643
4186
9081
80825
53456
62857
87291
83775
75158
87292
104743
61436
107334
35323
4437
53972
107615
67202
46542
19618
1314
90422
63928
54570
2698
60060
104962
24541
38246
44227
61066
75302
87128
44036
94896
44955
100287
87152
21587
50854
42363
21222
55640
56498
7160
93499
20021
26610
3829
28575
51020
85855
33642
95297
17596
12061
18126
20807
10497
46253
107197
40979
104112
58962
35884
17537
83963
39303
104042
37331
31115
10255
53430
51633
74314
51372
48594
42532
60240
56512
45105
37209
89298
88923
90666
48263
92570
87751
102540
99227
32391
636
104670
55083
73592
26807
23217
13946
50629
12119
101902
26184
16890
68791
2260
24649
10813
69275
60355
61909
61005
81824
66993
100632
50914
13612
105307
42895
106482
4640
15979
3750
61214
68377
98431
81996
29990
104855
46350
25170
87554
49704
52528
26682
58504
43716
64237
17758
35898
37603
38014
4657
85685
44283
90738
71949
63899
43557
59384
22494
24895
63691
102403
7403
83324
97861
39349
78343
64073
11810
38027
20517
92252
81391
10065
35516
90323
17348
13631
54820
82475
95597
10087
99797
95089
89843
102510
11870
76027
30897
61791
43156
16413
64225
27698
80756
59210
71129
23569
47919
105475
96621
73619
84808
68070
16368
54343
27221
65371
41157
6279
105243
4796
82073
94151
87303
58242
102700
51523
4179
81393
103007
60702
86942
11150
108590
29249
67452
92762
84150
36195
15988
13827
84923
38504
8549
91167
64913
71422
13948
78401
60967
37051
24394
32449
26048
35995
123
90660
72127
36809
42905
86809
34367
104009
86835
41442
37685
82843
51395
89937
64051
9502
8767
30667
38215
40252
45200
98069
66334
36569
13346
12601
34250
62866
54488
20065
56386
10296
85768
94020
72671
26521
56872
49552
79242
10681
37336
49377
11100
82002
92966
65317
61898
88201
105128
67713
52268
36258
11504
103181
57901
107176
40819
12992
33066
38760
33453
70796
25135
98005
85882
100161
96186
63558
56094
61224
47194
62653
79387
23175
57407
96492
56534
28590
65112
80251
77079
2310
29563
56430
3293
97184
83473
6214
61639
50675
743
93908
2410
31572
47052
41044
105488
27988
68049
41890
104045
60507
92199
71260
67639
46132
36003
9163
30512
37720
101610
55756
1252
25536
97378
78278
4496
109877
51396
8730
10153
95830
66712
109732
34671
44180
11531
62500
3640
36189
18758
7699
76807
84333
37890
73881
102989
76512
60884
51899
29463
36141
104687
62363
12382
13638
9604
26623
51089
24485
5672
26797
73849
21038
70610
4498
74725
66711
101721
3188
23957
2877
24352
73357
67515
64099
91832
16591
87531
70910
93544
55029
28395
13889
89723
105390
96285
86843
36297
35556
1061
34125
87244
58596
94392
65138
77682
41852
58266
46665
2355
6316
38612
50518
27435
57610
21973
11966
86367
53449
16586
9096
11972
86933
46954
36056
105779
17982
23725
16860
84756
17287
65637
50753
5198
10032
2950
30746
8372
822
105748
77155
73245
38448
16022
31507
17743
74087
59180
92747
108579
41275
102445
20960
11833
57181
93507
38471
93632
86155
86502
74144
64679
96025
91838
8944
72000
65190
21435
26223
38596
6707
25648
96977
56543
46629
87017
25272
51215
92800
22564
43633
107677
54254
22935
52026
92637
58307
33070
85998
21676
64923
89824
105818
62667
51382
34144
51514
23880
15007
60746
84979
4841
42013
51132
10271
21109
11670
98063
45445
17789
34221
6586
195
4760
102804
76823
34596
92562
449
81158
87814
94347
84259
58115
62176
101502
58373
71853
51305
17034
55307
30529
90978
79825
48294
2003
104257
74611
7582
84850
82135
82341
103995
15210
51329
84200
17168
83512
88348
92275
42243
13995
44538
24560
17855
41300
40148
31208
53723
108630
87110
20700
60256
84661
94033
103854
72441
15579
63264
51436
83478
28043
106082
104202
47060
70635
17281
6038
20695
71789
12846
75893
19460
24752
21358
35606
86330
57861
20633
7922
47688
96411
25931
40978
103471
42353
66541
10876
5592
59595
100598
103364
69297
25298
92561
63684
3768
58371
39678
100534
41316
77801
32368
89362
86841
31576
77031
59106
41359
52555
38936
47179
31354
74729
41874
107626
3340
5021
36658
26673
44785
24825
13834
31596
90257
101923
104175
36638
70368
25774
57584
109484
8312
105183
58821
30753
6136
83584
70904
18315
57779
18772
84644
105598
43800
89896
64404
74601
76140
79193
108178
4342
16387
88125
57020
38302
3648
44675
54969
94200
19408
12023
17503
29824
96046
70435
109198
80366
81112
75740
69508
1583
66004
8444
85451
61087
53805
21599
71651
85159
42424
54862
19804
64475
62881
96063
88724
89070
4481
2663
62213
32957
106057
20503
45864
102615
15184
20309
26113
77582
2770
18267
45869
93256
47185
3817
83494
54376
12816
52651
7567
42650
16170
102710
99803
75085
37145
43013
55360
57378
2427
80189
22709
16955
94986
59528
12852
40857
2600
27953
84379
54916
68859
91967
25706
13727
82385
86575
64098
62589
16210
3192
69113
73894
88983
37731
65931
14201
57171
43511
82392
34205
85943
106223
8252
26433
32984
620
89416
13776
31546
27075
80980
77377
38166
23744
67498
66893
40510
73823
31236
22608
102304
6964
20546
61554
7175
70798
67297
37415
36642
90855
54441
65176
40009
27941
100521
37382
63788
27851
21787
69746
3409
21939
98279
104730
52136
22174
74556
74908
47162
64499
77208
100155
67948
62932
15968
59962
107558
33348
91606
44517
52631
92513
67304
32846
82809
98100
94697
62897
30285
39582
27888
36615
3164
88987
58552
38044
24590
6564
54164
7308
109209
103896
74391
4131
94517
61298
95006
87180
45069
95768
58081
33738
85413
22451
60068
81177
90476
29016
78748
42120
135
103637
97637
10717
46813
103347
21333
99148
6799
96972
9195
64887
103322
104147
28324
66626
90868
21339
61547
53725
85767
42437
96522
20014
98174
22202
55201
78903
87567
62574
44134
55258
26714
670
59874
105838
84788
104975
100615
37077
103369
76450
96367
38146
50559
2790
36203
71318
101384
19285
15559
42898
95625
71603
443
95420
22182
64361
25912
17590
82777
101294
90882
31070
11724
90608
107135
84564
42763
48470
13647
65471
83851
91660
86892
37989
65279
97390
33612
7564
93123
27358
103825
91633
7026
15854
54957
48466
72768
83719
48420
77326
67919
69103
31219
44393
20702
94600
99921
91269
42568
27
65059
82072
2638
107008
71440
98980
25625
94660
48911
49712
52510
41224
89697
89772
68208
6610
71434
88592
41510
5187
18496
104440
97806
1139
72151
48841
77814
44917
8042
90479
67185
68156
54590
12866
16001
79744
91968
32073
27796
20521
89352
54501
97931
46789
39535
22467
16049
54843
38010
22873
108496
70234
25537
99403
51390
18339
53224
83826
2760
37282
18905
89213
70132
103423
97138
11619
13802
95492
50937
7768
86384
102083
44932
105781
83274
30082
7124
47501
32537
103797
46903
58731
94105
71825
95788
90889
55140
32263
36221
23849
723
73529
12785
89651
30806
73140
19184
79374
31677
44230
66505
19028
33632
79296
79614
4843
65608
48142
25747
73998
3847
97064
47448
94363
96381
63943
69177
106246
77268
104243
23458
20092
29443
106953
86296
63236
49179
2513
15408
15149
103755
21725
49431
20548
9524
14009
84675
57616
20823
10433
74590
89167
87883
105058
26828
83893
75994
26361
27531
5154
38687
53597
4331
88838
96856
24968
61301
16378
35488
80902
97777
38129
66241
18936
37354
77911
76687
95747
98190
85298
98820
1331
49749
62807
59441
94941
46395
37938
6041
75707
60610
28967
66172
36031
24739
46453
53003
104419
43992
45609
11445
91011
75230
2439
25913
18875
62062
100662
93432
57064
25220
12492
46095
101574
65140
77191
77524
75789
70492
50873
38066
39569
58534
102161
87767
79536
91264
107048
15518
94471
92902
93740
34545
54129
60407
15294
14694
102321
104463
54986
90499
22787
7964
12762
90490
67021
46931
109487
41087
58601
77355
96143
2820
47433
87097
101479
6049
100094
13329
19015
72262
43338
69758
25945
60565
30710
4022
68706
24446
45884
97498
24501
6452
79874
95971
20721
66131
39778
12829
92231
101439
76312
5456
86729
80429
33249
11495
31099
50755
31773
39936
101072
73185
3901
76544
40860
39180
66289
18799
74309
58760
64498
80715
23024
105668
67342
55541
51346
81131
62447
6438
14104
44728
105671
87345
76237
33105
73828
66864
55739
14152
31907
73135
35208
67309
84473
56638
17063
53069
7464
26164
42606
54946
72860
22735
34667
93029
8261
9014
78716
87565
31892
102995
106917
84245
66439
25547
52350
62723
43042
51555
55338
91217
59596
34955
50947
103717
1770
42168
38088
30588
6196
67428
83007
68946
58893
95303
11167
55347
46381
40233
19822
80515
13890
86852
40478
12819
93932
79307
30742
87929
33130
81233
57207
11229
80862
70482
106151
19767
4333
40795
96493
34330
41593
99145
43888
102531
96512
27898
18059
70486
70580
54406
103454
56799
50330
41016
45336
28677
81059
5155
57812
91372
9595
66783
1821
54992
91620
45183
46850
66602
99155
31176
59726
81046
76137
20408
86327
101630
104612
97843
87960
5577
27516
38300
5829
65123
84137
85138
37174
49401
103117
37
35125
92381
101591
11521
82709
33219
51464
55288
61108
91687
103091
82468
49531
34710
33328
57363
22373
10825
16457
66562
45578
109213
73091
40846
12505
81436
97182
37538
104724
26071
84771
28420
38974
23324
68880
49171
83284
34319
68293
72428
50158
71428
36216
76516
6359
74960
12746
24288
105351
94161
76650
67868
33667
32704
41204
72906
85699
46696
4732
19965
109464
39556
84787
85792
97932
41327
92539
8230
61128
2799
30314
60932
84685
49591
80449
64222
66076
10417
99046
3715
4451
36818
11731
105945
28387
2036
63040
79515
91877
87325
34025
78782
41337
74170
20902
1203
70502
67597
64922
99117
7328
31699
802
24749
10029
61067
67653
57912
86531
92988
78754
97398
21954
17542
94394
28638
58679
44335
106691
79653
42044
61453
26081
2198
94787
18238
5236
61264
18035
37725
107323
18644
1476
96159
59520
5206
46770
75170
28222
47766
52299
2333
38695
50714
52992
48700
59598
59320
33156
64627
84447
104025
72839
97422
106402
21264
107530
21367
22456
45287
70097
38467
99578
34267
10689
47027
107976
35368
82404
47640
21770
84240
22904
19858
76451
34567
106958
81988
103257
38444
5600
52830
62162
43010
71344
91210
11675
39134
25942
11970
88116
99400
11714
62005
41894
37092
99233
58482
24120
33100
102111
91113
67146
3035
96338
17695
21710
91408
17881
49533
64564
100679
8981
13406
3010
45929
16241
42256
107366
71148
20626
88508
76290
47643
47510
97724
14601
72018
53429
90620
45089
99927
72536
24133
86084
74146
21229
15999
102716
74468
65506
2254
68661
33671
84211
12906
12373
61097
15098
74491
27826
109515
37599
76609
91016
2059
37161
64107
96687
20652
94386
100852
99819
22009
32349
20939
11399
60768
8355
77103
45313
22635
41617
90200
6556
72667
1648
37283
58365
51255
101767
62366
3434
89226
38947
150
109852
109457
51513
39015
78162
14129
91311
10869
79408
93689
103737
70568
9827
48447
15771
104028
54991
33318
29160
74152
34812
6748
50431
91619
29080
43243
15492
33186
39564
109548
49734
65110
5810
74944
92404
7016
49593
90745
6724
72361
35634
63965
62990
11741
79643
35426
57658
96466
61393
86353
22399
54136
79001
11227
53699
79448
43594
35865
72115
66684
26737
74357
96123
60013
35234
52625
72148
12777
27552
97873
73313
46125
95362
29914
36968
96543
17102
62332
53552
96714
35626
68421
3682
25187
97635
98143
45868
47826
68705
83252
9141
100401
1737
8622
35446
85941
53426
105656
60865
10898
3594
11358
51925
42885
54978
69
86141
87434
15826
11468
60271
19718
44749
28153
40629
25303
10486
30293
20942
74524
88632
73181
56687
88618
64405
3607
56136
8965
12123
2346
7487
78175
63388
100051
93637
67766
89329
79106
105789
10203
44597
24966
38276
78633
66195
5882
29005
67939
7959
84013
37546
75259
77948
23176
10294
3770
72086
93337
53618
51754
76592
24782
6639
41931
109602
39755
9954
89270
77595
88870
21790
88734
74394
57625
36780
53253
104097
104775
102527
91191
69798
56373
52700
74817
85889
67960
49199
19548
74317
15695
51318
13816
79407
19364
11719
83359
90237
38755
93051
108516
38318
74151
23214
17107
80932
13752
78462
71611
13854
1310
101972
29086
23560
15638
56813
462
8113
50839
91328
102104
86392
32700
30476
42974
59930
43277
39289
6388
29653
4402
41191
14603
92999
78021
66598
73042
65413
69430
7343
27077
3950
97472
61654
93534
35411
58913
33483
63292
108115
48721
106671
51084
15987
81691
86011
64776
30714
90172
101756
100983
38922
15832
30497
66961
22717
17060
17787
9515
8711
80222
9538
101738
2565
70548
12326
62319
88514
87624
93190
96288
26942
68450
87244
16790
98405
84965
52445
9205
