80853
28152
99180
73134
98528
17337
77812
67669
91634
72044
59135
13895
116855
93348
50890
101292
57455
97300
17262
12983
62691
62605
40372
102836
51083
113847
100521
44527
24290
78110
114315
68214
115536
10661
101187
9546
17787
93303
5943
105442
78511
6624
29732
20042
45955
104788
107771
47598
110127
23667
57876
57970
59559
11384
66592
102094
71893
93644
82318
48923
2060
33846
92779
49731
105548
66548
7121
47839
28839
93335
75492
51584
95058
102687
114843
67665
31146
42677
50838
102966
74846
105763
21927
105107
94439
52773
74584
94641
4323
98538
113680
47865
94375
9680
59237
107438
109336
17091
74434
92259
61934
86523
71650
94001
5924
94921
6970
45679
38819
36882
61369
23337
13153
19124
58576
28088
90378
29431
104848
75810
18946
52058
122
634
114654
97091
106700
30374
97140
48255
26904
18855
25984
69631
37686
81967
93021
71785
90388
102077
53815
80798
40335
32421
35377
65883
41426
54465
80966
20526
97179
54380
88747
31833
2019
28304
67870
66895
71628
63724
36653
6110
97122
5383
76155
54796
104643
37559
109725
51192
3660
37500
30510
44828
101307
89861
84814
71532
76896
75896
62170
20332
72619
92767
62959
40035
68738
26056
102605
115093
7346
1056
8930
92240
96176
55384
108853
76683
71611
15060
100497
23395
63078
93705
80147
72219
55027
14644
32133
42279
116637
7062
5303
72894
12914
25063
94058
12429
42991
16221
83128
92702
47002
78810
81395
81814
11238
53394
71431
17806
59749
96186
67494
59851
96641
90424
54323
86633
72013
87657
83408
96412
27298
72101
46972
92755
115163
60240
30848
14529
93112
17902
42397
107322
80143
38568
54996
93053
15791
52720
28216
4056
46400
71902
77137
87257
72462
323
77956
20765
104100
89165
41952
5398
90934
44063
56329
9800
37374
81134
99190
96473
43196
98321
46104
115941
44626
101763
28958
116451
10311
47033
99315
107231
34548
72887
38893
69407
99396
73110
14450
108877
96253
116308
62282
248
30211
28789
62973
96411
91935
53182
71702
53043
16595
64163
58425
98578
79233
26396
106522
81348
97190
16831
45290
17246
410
76634
105084
60067
91252
8415
3872
20060
1337
109422
96168
64899
96536
63031
34308
36017
82167
54044
16007
84631
22573
38649
57706
45687
77773
88211
39885
88930
47625
36678
58948
106913
65204
17847
88454
65502
78793
34078
50008
12319
65348
103010
14012
108598
71456
49120
40426
13331
80373
61818
58327
6751
70369
63531
107241
38717
98134
3946
17232
13448
77906
9229
51384
84664
61529
89764
91719
105492
71020
24288
112168
92432
87734
10738
108132
24576
42818
45846
50252
26280
87229
35251
108564
46302
89833
21471
16377
46600
103676
29018
17119
36521
9324
64311
99855
33016
82705
114165
17534
78164
57399
58329
81444
92901
99630
112918
85366
87086
113277
12792
65309
96857
48221
78113
28970
116500
94856
77683
32456
42561
91992
51668
112215
8598
76890
7272
16554
34978
94915
72218
30498
16168
10201
100787
87816
341
50954
37302
111288
40645
5456
60440
107307
70858
17709
71265
22878
28732
21208
69874
107743
72914
405
60447
85097
37412
43194
12062
33937
10199
35644
59021
37178
41782
86193
69039
31882
59233
114356
43487
38871
27284
76345
80188
55161
37267
45302
91091
43494
5583
36763
97295
12791
70534
75593
49124
110913
73561
39066
3464
110264
96341
96992
7869
77197
56725
71443
57025
99888
69733
78672
36989
86810
75098
23599
34158
16250
108128
34781
91842
105925
52600
7695
65280
43832
65071
85652
109094
97072
93545
100670
56193
18562
114231
58461
110995
2345
67133
104600
14253
79006
92366
84325
31182
21023
106835
4237
83822
101680
112335
76589
17343
112647
103767
7958
5361
62698
20534
50466
73348
31708
76315
64627
37879
67588
65187
81938
103712
104759
37987
70318
3176
100126
62726
31756
92122
56846
73319
115803
65021
93802
107403
62954
51372
47674
113988
37963
49103
88768
5455
37263
50315
2325
114520
52506
2941
14922
92844
100069
52114
78960
116017
44958
13054
76569
91754
40936
111693
8084
55074
96850
62127
29553
79532
54602
27138
74911
34965
21018
114616
64798
51693
45952
60311
78843
99624
55884
60265
55408
55979
41968
59485
81497
44268
34219
46919
99185
9883
35838
80030
90117
12908
91222
8855
61994
9090
82426
75767
59119
63536
49771
55782
16517
23079
19149
85724
31015
32179
112657
73371
52799
28389
9054
55924
50955
47166
38766
86121
104899
40697
31608
61375
53945
94445
110029
83960
69486
112432
31821
47845
96994
3599
18283
48066
26593
15002
82446
78396
36752
104740
32740
95970
102125
32834
10668
48700
45029
39053
67552
81759
105529
71637
7167
59934
57727
15148
80811
43286
3549
52448
112512
57461
6444
92848
45901
75510
35462
20569
101423
109628
32896
61042
83990
14685
14452
64083
82159
97976
28267
71338
7676
98363
6250
110718
116393
62469
71758
111297
81146
26239
102866
80507
112217
114293
46543
53223
100205
18965
88830
37492
79812
39048
104411
84115
79996
84324
85056
33495
72584
83805
97893
104839
91663
54228
88814
74759
76430
63615
38794
85463
44279
109879
115861
69518
41822
71525
106114
1464
58408
35265
90655
74427
34652
58912
26424
17877
25209
16656
57308
115242
82371
28627
75334
63338
76372
110154
35854
12715
78531
34519
8684
97800
61077
24445
96565
51313
41013
73713
26877
17081
13300
23905
85169
11228
27779
13366
43777
100339
9582
82837
95752
81132
55040
97596
54967
53225
61348
97430
24543
31071
13286
31309
90813
83277
32556
104186
45213
62800
21004
70885
8401
72857
68453
95726
12375
4096
84054
67774
50410
95240
17797
54919
75670
104698
92329
72649
116309
2806
37285
74782
35311
79590
34538
43381
56769
9001
25648
88375
96571
7026
19913
18116
3053
30466
88448
69655
51637
33936
6685
26112
51806
63147
78190
101232
67102
65176
61574
27869
57460
30494
8274
104485
59997
81510
75302
554
6945
33967
7949
60081
45585
79556
115966
48980
62737
12132
52452
27696
41592
96277
109830
27873
104921
36303
113575
57977
8818
49626
78896
77779
113592
102095
54257
87735
102075
58227
8437
95871
64670
63618
19825
69253
22979
94241
53557
55555
28992
108409
51875
17487
1993
76742
84685
89610
11431
29149
71800
105305
96838
39682
86814
45664
104692
35540
90885
106299
87122
107512
19024
36604
32714
24163
81185
59992
27983
79914
30028
4590
74420
64725
37912
65361
56391
32034
29874
17876
50748
45089
90414
30161
3732
80315
8932
75432
11245
9282
47409
58434
112988
103419
39300
31485
105910
21109
108200
26970
50403
88815
107953
113505
55130
49227
78290
55937
64307
16407
105578
5379
45179
81658
83008
77324
86811
95561
85299
36631
78678
82332
116847
90562
32302
31443
33529
182
93402
64150
86906
92708
20498
99334
90162
105509
52435
88062
5709
11080
74484
40706
44095
15779
74498
98691
12685
62589
31815
81889
6122
68508
76919
42068
107616
63125
82943
61104
17917
52965
37202
62592
39703
36718
36040
15155
67747
85250
1027
44005
34661
21124
13611
48886
24286
27268
27615
16951
22259
29181
52490
99449
61768
111456
101378
37802
21846
18585
87759
20543
13389
103680
16972
17586
94677
81199
76961
67679
112350
24715
67473
23607
61353
102517
21521
111166
91291
81535
90258
74239
76748
11168
22061
60417
27903
99627
46647
19407
54285
22054
16508
63291
60424
93388
113686
45615
7665
38777
84309
3739
18001
40709
44483
93292
62861
101414
5043
52992
15484
25580
37392
32243
42223
50394
72324
70687
22882
61636
40246
7559
115959
11819
18198
30711
41828
33979
59853
9093
25747
66881
18661
62770
103705
88384
15758
30484
47445
35970
96009
95927
24095
56713
67367
72144
41689
59029
107038
99950
48251
92200
42380
24251
111661
100914
101493
55111
22253
74172
94898
82764
59779
42636
73289
7283
736
14831
53619
46527
77744
96998
56376
1618
4169
100875
86081
88925
97928
107586
96602
30652
68638
96971
21303
114808
88819
53644
53260
84082
111271
38437
86948
65428
47323
13273
103577
82138
114699
47214
91379
62663
35414
39353
18253
29092
56279
21350
6297
73413
113359
68957
36116
9413
13259
16427
30583
54399
66100
65463
20120
114444
39753
72117
92519
108050
74109
12448
98343
84114
8887
2740
47223
58185
69130
80710
101952
72001
114223
116434
44029
37774
68411
77037
74646
93446
94343
55586
63200
16338
99781
2237
35188
3306
53572
108559
28793
37024
55877
89993
103918
48600
39103
61314
28785
41692
74812
44902
80742
10473
64448
52378
75310
84375
113063
17842
38247
61470
56543
12457
84996
94188
53325
9920
67046
63476
77462
67330
20271
62738
110135
73273
31565
71028
114229
44133
44443
25972
39679
38345
106283
45300
114511
95509
68012
42044
18872
89620
15898
55726
103567
33993
62863
5514
115414
72089
26689
20752
112576
7449
114725
23584
95299
1313
92928
20061
96725
41990
3730
59014
55671
64985
84799
100400
72456
16589
96160
113120
72380
31580
64561
34580
11546
48848
55015
4115
55784
57412
22704
4382
39440
49413
92573
46530
114093
103509
91237
97785
46663
1062
85419
26451
58653
57810
52520
71387
109983
84975
79526
99808
52540
108836
41627
63931
25325
80830
56317
67091
64897
28068
89073
36799
44288
66476
64474
59218
56518
16753
53780
77767
8628
62235
82491
37649
76318
80536
67458
917
102787
82678
68210
44111
75413
1799
75943
113328
72287
34955
98140
28180
89616
28070
31242
85684
39270
47853
5094
43353
114667
106226
14844
98676
42996
102252
52316
93205
65532
32495
86970
57036
58190
104560
1724
55012
42064
54247
43886
101985
46593
85949
23866
47563
36570
93724
20247
73609
19115
35887
80389
114028
20145
91419
60409
17424
113970
59518
102403
63152
36931
86706
79424
59120
39899
43869
60469
39258
8693
19985
51941
114186
67973
51285
98422
45900
65481
74681
114295
54917
92764
8696
110451
78739
17670
59731
78348
81797
36310
13512
65495
28218
70267
91921
38957
31475
11429
20853
105116
21660
88306
102178
44795
74044
47473
75853
13831
30047
106869
54485
36613
21619
1463
105011
55508
52903
95699
25331
46908
101344
23893
102556
85396
83543
16582
105645
21341
31828
29101
19485
76138
62819
27664
15171
32739
87745
54826
105154
9425
61269
71111
27548
48507
60862
104148
98415
93645
87872
82019
77180
114114
26852
31255
77308
58928
82357
55561
24406
2045
48067
109881
78473
66555
73462
110849
46744
92368
9722
69905
65755
13375
73667
112888
75422
77741
85464
99590
67060
80709
14386
4204
30288
78098
6710
41415
47103
13226
17030
26385
40348
104984
38326
14140
85870
39086
86867
29946
21385
2107
29789
6067
59157
37293
103500
10634
50652
72927
41614
112025
98657
37820
107262
22448
100801
62797
83821
34455
101494
5760
56339
76767
93938
37607
55817
13638
26590
64830
11314
22643
26057
4491
48155
46681
78264
56780
71184
20316
16264
41745
91710
7192
64431
48070
41975
113872
61506
105981
51209
50026
65747
21007
69423
7933
38701
46872
21439
106807
41931
19703
57343
89743
14605
80697
13199
22816
28085
7236
7320
95346
108727
115990
90463
54593
60958
98480
47772
77826
91913
79816
114693
42470
13597
1207
65281
49541
91542
71256
34046
36428
94249
62588
21918
82285
19785
59040
66427
87492
38085
9922
1516
18519
84249
74702
70239
13864
48999
19071
104733
74500
19100
68352
7802
93598
44314
112769
90937
60818
47554
6260
85491
66917
102155
93653
113276
1848
31357
59802
57033
74531
36774
55275
12761
116669
91346
56150
39041
65811
91511
74800
18229
103440
4190
16711
69581
28931
72364
11017
63788
74069
21538
51541
107147
85948
53055
89364
95566
16070
92948
96399
10652
98796
12471
49180
34950
50790
29664
87674
70482
29994
23351
53481
88710
96312
17781
68266
105810
64571
45455
6488
82577
92337
69807
57379
83474
91081
113110
99711
81424
33084
51370
9379
69997
82960
113955
47918
96244
83799
50564
55244
44384
30786
60675
2910
15887
35971
12878
32424
56034
37346
42885
100067
33882
79631
28155
29479
3012
25516
30753
85855
80441
47822
21486
97708
15958
79771
31652
45686
3940
86800
70144
42975
16555
76230
51361
27434
9643
27555
45520
71751
33691
91058
95812
12142
69994
91366
52994
81799
57104
10207
37361
34866
69483
92108
104060
90568
17213
73454
59874
61330
109141
56960
3061
68867
53664
82716
37543
93593
31430
17949
82574
5527
14562
5862
113936
48675
31540
81233
107024
45722
93326
55707
107409
115837
33291
78123
87199
5687
22411
103940
83535
75024
113931
55989
116533
34491
82202
27363
47666
13977
78592
72171
22460
58629
92188
58250
116122
43468
94265
2928
83248
71410
68337
102254
24884
111390
17890
78480
17779
36518
40926
107321
47583
71676
101736
24382
95753
45083
71024
35966
52084
89759
52748
105767
105972
8517
109800
40519
25751
17973
115261
108374
82286
60320
72539
57023
75634
18473
69095
58979
103696
60628
42708
48807
92278
86004
25109
93716
49493
82635
88459
87930
33876
36276
82536
92394
66641
64155
55840
99519
32976
107213
74036
69195
1742
24642
9109
61059
103864
65409
28084
25234
18379
40011
31478
114780
109672
116568
61378
109431
494
51048
6763
104254
37784
20315
34060
5313
66033
98537
54440
73858
87314
948
8581
61082
114701
54762
105825
12382
61130
91549
106602
69667
30181
8834
6307
66389
42556
98582
56058
95993
96446
80842
60863
95249
19510
61531
49339
47896
26254
16220
14870
60502
33632
18926
40695
65960
69653
93282
65172
70584
78227
70081
114586
34917
5419
67547
45736
52738
85589
50670
57549
89142
80134
95454
97954
78997
106970
47969
95548
24374
37903
62653
112324
106273
11593
37801
104834
66229
95482
114292
11139
34867
101127
78954
8181
34562
7989
79132
58643
26186
29035
61782
21944
88902
81408
39708
49291
92646
56536
26742
391
25546
83816
65109
37984
32764
28465
26790
100897
29207
17079
116338
67575
35617
100784
116558
115743
35907
60396
69595
54328
72206
68688
38095
83441
113347
66491
107717
48295
33486
58951
49152
43786
81536
89365
73203
20289
107980
37462
55755
24205
38368
19734
7039
99661
27878
67424
10572
23272
71474
107870
89979
103130
91592
48084
53304
58561
69815
25911
95881
46066
29236
60095
2504
115972
22164
45961
38425
48076
26418
32446
24652
77293
17272
100969
23734
93033
110951
49377
58242
76871
21195
27010
82876
76580
79568
41281
104256
91503
11472
27330
1573
91608
38057
49569
94251
10762
108094
108458
15989
33272
86120
40538
60436
36993
53637
49411
39111
82174
31677
39357
97158
67269
59746
30755
98824
15272
11325
30103
61624
46193
93250
86202
63269
12752
58541
17154
75402
1494
84138
79962
93115
116601
77221
55289
9992
101771
102719
1964
107529
36114
47767
71918
33581
68866
75544
25949
62825
30273
10932
105643
97767
101486
76851
110019
31607
2568
86741
105658
95578
52060
99722
21791
21971
56895
92746
50725
37845
25814
94288
88023
84744
55448
53933
95815
68772
76117
103103
30647
92659
75616
30778
86146
40835
92105
79523
114997
112692
12292
109819
98441
111830
59433
38594
79535
111591
50024
27724
84829
45410
13475
61614
71294
25385
39214
87858
27830
48197
116211
111448
107555
46941
109457
8576
65608
67628
60737
81949
55614
43053
52930
54430
69430
92235
22828
20028
24900
6574
71847
18131
101282
64077
6814
30440
6427
16456
24505
44499
84327
57913
109536
95484
14587
27904
76777
84204
34746
72881
68664
114853
51268
107940
82821
98984
24656
54666
43489
104958
67160
49873
104275
106617
66231
10481
48384
39215
11877
90016
100080
56069
89266
79130
21905
60215
114871
25497
58091
45986
64063
13252
74118
33806
6227
13400
60533
60987
20558
44808
1243
74430
64381
84264
32047
89125
59308
97754
20916
97051
84718
111415
77147
10959
62569
72453
25679
25248
92148
111209
85341
94452
63272
98302
82831
41451
57407
7764
41105
57664
69932
69748
11056
99056
31917
91159
48174
108683
98821
2000
36589
44366
2242
98845
31214
34475
45038
103547
23178
113933
74116
111534
48463
30764
21549
53709
58673
44195
64297
2769
106947
56306
3355
17216
93447
93627
22931
9572
35603
6473
67577
5653
50256
19863
50776
92297
110779
51261
107359
5613
60484
46608
35913
49025
68896
94719
21577
76816
104535
19490
80145
26123
63325
107124
1884
69764
60092
66770
16688
8613
106390
108393
29621
86547
48931
57793
15371
365
83404
89831
8872
90186
31859
21811
80024
87580
44827
46791
89188
35799
99135
33052
76283
31880
85344
63401
114451
104970
67044
271
30032
112617
50268
56439
34715
6618
5942
42387
61398
23260
41685
84622
8295
21700
45178
8232
48007
75536
87612
112848
29100
16701
91406
96885
39469
94425
31066
76717
64219
18821
92750
70201
28190
57053
49631
6497
42473
32082
54634
35610
53628
67165
4083
6990
3115
41806
6573
37919
22955
92560
86376
60990
72582
30136
58625
94674
104076
36793
829
67340
13619
13532
78342
23154
31234
55491
88319
12541
105368
59767
109733
48971
72960
51635
110095
113112
72987
70293
49703
113266
84280
28207
91151
68193
60852
74348
47265
9605
71397
61507
110445
45218
85361
90113
56695
42235
67857
61216
36580
72700
48479
106703
26441
56678
64774
94019
15913
75486
20924
86089
115289
40357
53704
112898
48757
114032
61393
8911
100091
66453
57481
116671
36417
70088
101323
6462
75265
27658
60943
1397
58
96131
100725
74443
39335
37021
67431
79819
89982
31025
47707
111581
112176
1300
42541
50110
32388
50177
38861
30883
25256
23947
73611
11938
87584
16681
10806
17659
61204
75609
86194
8414
14820
27558
10155
75930
34961
9729
12887
50416
75123
5014
71954
70884
44435
103254
80111
111129
12839
90110
64222
24398
109726
82496
78591
74929
113138
69205
48200
42942
3777
57712
106111
69354
17266
44791
105336
29366
21305
116289
114747
80619
92185
35383
50327
34009
111715
15135
68332
54482
11256
59863
66762
4983
25443
71734
37619
58881
20770
42082
62910
10693
97226
44174
7518
71585
89274
49863
100732
89193
22522
113943
82538
110490
90064
7426
60682
20438
39623
80274
31154
53823
60825
90913
29710
61613
99173
97843
40000
17466
64391
19919
104105
92872
68386
96261
53406
67742
46576
45018
8098
114527
13441
90867
111118
45250
63403
55024
53460
115478
54308
56699
17007
39485
29575
69737
68858
105945
18737
100639
9888
37810
64731
88675
68303
27033
77067
92599
85447
48631
91557
79975
19891
95073
105585
10924
95072
7723
40953
108310
68788
37585
72129
56308
13237
16189
22178
49499
90080
9768
85187
23503
94208
47036
66083
14962
100753
70060
7968
40104
46037
69085
65628
67033
57120
47538
63552
14087
10042
2938
113291
25877
102584
25939
106949
63824
110658
86451
69952
30318
19133
90896
72347
47989
54384
69869
95248
29068
18352
106005
60062
98646
14958
99606
70157
103684
71168
72314
106876
20614
47188
63589
33507
93072
43881
28876
107204
2629
102220
65473
30152
78800
14785
49612
61350
83015
25981
81475
29184
108252
34352
101226
25023
77040
8851
42980
115623
23377
55600
114040
2838
30935
52519
64989
66731
12779
57263
16864
72348
78514
100164
56871
11601
112242
9148
77925
7418
114868
19082
52064
68200
9558
108366
22598
111820
81384
18533
75082
100618
33954
74824
100148
3736
109899
94236
95117
48121
98269
63050
6507
82547
52949
15495
87663
23004
47917
50495
54332
90297
49782
106733
21251
49639
92287
1584
20024
335
79251
45122
5885
14588
106518
101141
88765
105904
112308
34943
98981
20135
34451
79412
23254
85054
65508
60606
35254
81159
48123
109099
83078
46737
101539
61883
87503
43100
85853
53927
23426
78505
65453
81896
41954
29445
34571
37411
16638
38959
16130
84098
105536
38106
108139
39257
2068
66242
26197
82707
42658
41190
77434
91055
72048
7905
16126
49994
22027
5219
77108
84141
91791
23398
80205
71730
60786
52004
30406
72315
89108
15566
38648
112905
15665
37081
77987
13191
88929
29967
55189
60106
12323
28353
33292
4157
71664
14692
81857
40315
67023
2481
59200
92103
62647
31633
56858
53989
97370
67909
71491
21558
39706
67071
11282
46311
106862
67153
39933
49281
105839
68377
36703
89403
64489
6737
83365
29722
32807
105082
44441
102127
108097
113190
47133
21153
40448
68465
24678
63609
79464
79533
22004
9732
15620
35480
40957
100686
68483
56973
31977
92098
6172
53878
104122
108454
113278
102831
4966
31570
107853
60949
52913
21019
100061
82864
109969
39725
69022
108123
66935
75759
39319
400
85892
69688
67464
7450
32416
78969
113601
58983
24970
87320
54046
30276
28632
49082
14079
37456
76326
83997
35542
108290
68805
10899
15976
71904
46013
57294
56812
85921
33763
55815
99845
63143
56375
65693
2474
21721
17057
36490
16824
111191
93607
40934
47304
11913
88084
69712
93376
44887
78853
116138
61081
34804
41487
83068
115094
76013
43755
58861
31079
53428
56746
33293
103115
72540
70429
94060
63893
50027
90503
12101
85872
21241
69677
41040
47956
1915
46317
80612
110682
6929
49434
66821
55258
111291
73868
59390
78479
52153
90684
84271
13354
107700
112886
17117
94484
5457
69333
83401
35371
67539
46589
115930
100707
17941
44088
87884
105992
19824
7048
18953
92657
6541
70428
28372
57887
37976
55185
1217
14614
87928
67437
102059
104527
106229
95480
91354
108690
41154
78906
32469
60213
73016
90390
4502
26521
48665
5552
89798
41398
62938
68048
18564
45733
8542
48829
73781
88337
5019
31921
112855
3893
116202
41644
74174
76857
65701
50373
16917
102222
106509
37447
114362
89368
63132
36503
7763
79167
87932
45635
33704
16110
40975
89669
4065
97038
50948
113856
112408
28053
5362
23237
108934
100998
75206
46773
43303
74184
5832
5737
11557
45721
26434
98368
75802
99538
28318
116742
110238
14485
94349
55139
19943
115291
37335
61016
2358
16712
42763
15847
43432
7556
107181
57595
48237
91368
116874
35685
22822
110669
55698
12692
110615
111084
85554
15336
20808
7534
75756
64642
5914
116066
94918
20358
105931
6319
18433
97296
90658
54020
65500
50735
83562
7044
23200
26907
68220
93918
69904
67574
35506
47919
71668
48920
24745
36087
31662
95519
5350
116859
105528
71870
89421
31658
86515
34324
48659
71258
106090
96659
21088
76497
104494
37891
107874
111787
85150
70083
70838
69363
42481
53661
2553
26869
5684
70594
51913
22258
76087
62583
32931
47357
20045
97187
104128
75820
39348
12076
51496
110777
104342
86250
54489
10701
27308
44710
94876
115548
114516
54460
87053
63428
112670
17858
92377
37704
66154
17475
49452
113793
14083
29513
80199
45677
95082
95990
102219
80156
7988
97850
2079
16453
79976
60552
8686
75921
5326
102803
18989
73005
104287
19229
65707
107729
40214
30059
3645
60127
63210
106699
78884
19450
56901
63422
60038
45369
12637
96564
2826
16029
50680
92125
40057
87359
78944
116
34541
45556
108779
24016
15654
22852
86258
18459
112598
12016
92334
116361
5919
99565
56497
41513
42252
54861
115603
1835
22202
113058
50467
94104
5611
50289
70197
48810
29118
80443
100197
86171
97956
11340
80326
37981
30905
95705
115436
44356
21875
19110
107136
80107
89958
47843
116800
32036
4658
16629
65830
93109
85699
96116
76016
37364
49696
22242
80271
27081
32630
60195
74519
34600
46811
48192
89033
10512
67711
23985
16545
43951
36712
91752
88684
70009
14007
56288
24519
16385
11547
107358
5596
21113
39935
73253
60799
62254
102806
32103
70497
26278
56946
56979
80148
61524
52737
32390
3521
3170
27463
12063
27417
33288
67838
7242
18307
14988
115680
54378
19722
723
77400
45235
31152
99068
91693
32560
70426
41425
13517
115631
716
94007
78512
90602
96928
53060
104959
62101
64845
95653
71210
2306
36121
4764
65194
42508
176
6115
108796
41947
95494
74550
43385
17535
71706
44472
64363
36011
102204
21335
59772
14421
106535
35200
10057
64567
78746
24960
56000
95799
72599
94654
51415
21663
35638
116841
102420
58247
38439
11853
89692
18392
81292
30503
3886
69902
63951
33671
19022
40882
6326
25474
83835
104469
20404
1896
71080
38299
111225
19105
40604
91780
9419
25322
53707
111290
102678
22074
58602
5076
105127
113735
102946
293
107208
107048
97756
107209
79003
260
109308
10901
30691
50138
42627
73916
40749
43870
24791
64044
88625
106183
99283
95382
45709
19808
44044
18429
60557
25072
1568
78120
43458
108601
11963
56727
97789
23529
65814
57347
54733
85160
102173
68900
107963
71590
84906
101126
22040
56343
75863
97837
35231
12585
4803
101788
91802
63946
44989
69961
43863
7226
87110
43191
26987
114789
36915
6599
45851
9742
46163
74141
9982
110355
107804
90604
17145
61315
15568
114346
76122
49924
43934
13909
64006
59878
87554
22781
37579
72659
77235
44503
78090
91098
58449
23068
71740
35059
53171
92131
12877
50598
55044
1042
62794
92798
95737
83095
76305
86935
93620
30432
44183
75924
113289
81977
3490
102817
10919
96441
22188
37630
28584
84624
37118
91876
34486
78394
59503
16058
47695
68915
21843
63619
104765
30166
8743
50
102624
91726
89048
85277
113028
28946
7193
11605
71027
4089
18859
29807
113658
55406
111529
33211
93974
53138
93039
98167
17587
24222
57635
90453
42458
67170
65136
42639
106900
102172
813
111722
55722
21973
58539
95678
38728
42995
20577
32339
68764
1414
16223
41935
8128
71032
74275
5806
37653
60258
112722
88945
81270
5238
80114
4153
27128
113356
65037
65820
50099
40050
58852
114468
105504
25478
76575
98571
26599
50761
11342
98937
102414
72820
42538
4145
26097
96893
31368
32010
12301
63786
45533
93748
98199
34698
30745
110003
112238
103801
22336
22856
114154
73062
15072
111301
104902
46686
67472
37122
76401
26092
82621
81930
48382
42221
25755
38970
24456
45537
22039
55149
110056
45608
86757
108953
36397
64924
18069
3936
31830
12449
49757
58055
106957
100493
107093
18128
86394
37758
65160
28761
13514
13878
71578
12238
31027
7862
16317
111110
79479
79505
10062
110605
12845
106275
59932
59380
78661
32253
74634
85231
7522
47880
31561
16413
26457
26976
64690
89902
43894
59470
112820
106836
42630
83675
105989
44206
25120
83892
31763
28866
60589
113937
101210
77967
11891
74495
62675
63481
71784
68861
81547
14285
10450
94644
54718
116067
75154
113573
16260
106179
1877
10052
87517
34398
98207
52041
8996
92644
103410
12580
89756
55983
105709
10288
100712
49853
35190
69706
31814
38475
4736
13438
107818
53257
92615
81251
48159
2564
61469
110482
39279
57205
70590
79720
40459
47134
22611
46206
108506
24641
29396
26906
17766
14662
19311
46521
71919
52318
96837
115946
84527
36663
35993
30154
48871
24253
92169
669
78839
56894
10177
71429
116906
9908
43429
91357
29644
17496
55257
55228
98455
51735
28703
65307
50603
17918
16370
69495
42256
76590
97737
74993
33803
30201
51432
66828
54545
113233
48216
109096
24971
84816
45159
25386
35704
103796
111574
102950
90365
53157
94373
90293
43255
53591
111568
67128
85794
79171
73461
21263
57416
79469
37386
9454
53552
82153
2154
49000
52541
84878
62903
77106
81010
30403
56170
15341
24134
25246
100267
59240
37209
35165
47054
30377
87912
6489
42849
64071
58678
65168
106539
36992
109787
82953
41516
67321
67567
31339
65015
21173
84640
73680
21261
88839
58906
10287
24428
74958
110829
35525
77274
106017
64027
35430
43566
91365
91046
95046
51973
44918
52929
63803
96773
84110
73399
100781
83481
34767
25690
32213
92010
99233
82207
63030
2523
29284
100139
43288
56969
34022
91137
52288
93363
94356
58410
114730
18046
85422
70223
46196
81422
107099
35961
56588
76866
47136
28294
52943
71583
71432
72675
62499
115057
40227
55041
76829
14366
12408
14948
54018
3031
99904
111236
115064
18782
2250
58346
50367
17457
92445
100396
85019
48787
116343
45453
22222
113405
12175
73944
40274
37745
47831
26941
40100
86182
38658
33134
3162
96702
107143
25691
98069
52379
38144
62241
55648
43521
34892
3526
10274
32031
87305
29048
62095
45511
99456
103018
78408
59718
5090
18558
51829
54900
70565
16228
68246
45503
54125
79435
12365
112164
24874
80216
42748
16968
99058
87148
18104
103150
34042
71656
30491
22441
26213
40612
77839
37431
108114
45825
77390
96293
43422
24581
39071
29132
49467
78409
20083
45739
37554
3960
56754
721
31230
100500
59551
55542
111653
59459
84111
2522
68397
21503
59927
49392
95911
109109
38389
62652
77008
5443
20963
92398
101099
72592
12207
41205
6951
80099
91
49015
102014
41884
109317
113033
13082
77609
57057
13332
26680
114316
51366
57198
39037
2034
52559
98472
36745
57352
10429
75750
84000
32381
2844
79259
51749
11109
47712
50907
14124
54385
68680
51742
74005
71061
96816
78033
22279
16049
90308
29727
31956
101823
107258
32851
32642
36635
45095
67234
73718
115035
88779
52105
69908
73775
67491
100018
25163
51070
3928
65230
1251
111880
114792
91858
68025
67626
50743
21839
94173
113229
21480
94602
2525
25290
78854
75907
21771
29248
78943
93488
71886
96355
1946
77244
22249
5178
70490
53129
34333
46815
20256
25624
106942
57599
21816
26260
76008
63878
99183
22747
64147
22975
95822
30316
94162
23513
111975
70575
76877
37552
53239
98050
97217
6015
4549
5555
27470
50917
37925
21940
114889
8506
57032
31290
82780
18187
46685
64390
40635
104171
109946
7021
9361
102974
51833
25636
89964
6831
89118
17710
38347
90571
97275
86447
83792
111563
79829
78529
11034
90021
69944
68946
2207
20420
78279
35266
28310
49195
60700
67701
371
82222
25781
97159
4823
88340
45074
107364
30983
99533
59222
12196
19692
70437
3166
81479
33202
30982
8193
33412
3203
32906
82571
59881
72104
23107
46570
100674
97761
42381
86572
84683
62611
64841
67432
31408
114649
107018
79275
90561
23809
79881
36060
44897
21615
42495
31180
110318
103819
92688
114877
74576
29718
4582
59793
90758
25320
26426
47262
48574
35022
40944
73309
47085
42753
30758
7924
100616
100754
73206
91454
3329
20004
75407
6230
61785
64749
11116
61997
77097
65069
4133
7017
50760
97820
81847
10249
107785
19260
49251
84999
76743
5055
12126
51802
8250
57827
48292
74717
24123
69215
10657
27596
82728
73562
54769
79665
4762
70410
115229
109247
23127
84588
4254
39527
35837
41581
74920
99363
96892
19713
24127
15228
63581
57805
115197
99615
32466
17390
22602
112384
16212
99120
49695
82829
26314
48073
79600
75676
261
113032
73278
21876
24186
88499
50139
3600
54802
23244
61660
23464
21276
45817
79042
70828
97938
99256
11162
35097
42680
31435
95080
62876
28754
106716
11997
81158
113821
83736
81131
80651
100662
49536
67108
30648
31934
44405
75216
45718
80229
102438
4125
98323
69982
93811
29470
27913
78075
113844
69959
40550
35170
59070
30349
79655
3519
12920
15229
102022
42510
61162
3442
15937
15375
26353
116419
42727
439
1512
59820
34597
116125
50462
109278
69854
19160
30230
83489
37795
85189
12433
9038
11610
15516
44804
28744
68451
34485
96550
78483
21418
115488
9774
63378
59311
105555
90208
47901
58684
56558
49999
40258
86517
52857
108747
23449
67482
19190
102869
78380
27490
30533
84477
25686
56316
34812
90724
52711
88973
64374
59286
80161
26633
7477
67282
81210
104201
113195
66797
19038
75702
74310
109365
27443
12058
49523
82832
76274
101570
24538
52085
70779
8961
50097
44815
40673
54481
60180
78673
83105
70366
106167
59118
109916
112312
65239
21766
34051
102197
24310
101337
13662
18404
36173
90169
110720
86128
75633
9188
51331
13494
104504
87898
102057
79515
40296
84222
3229
52249
67604
38360
64215
75353
21489
90319
41004
92771
104858
26721
106198
18458
62369
10968
40694
53593
83389
7480
106395
103393
45183
27887
74187
28317
74416
61779
70297
103612
112084
22993
8307
56070
41861
30751
54470
69438
14898
14197
52832
16265
20140
113797
74823
106565
101340
69515
45620
115704
73025
38198
50707
93816
8137
49996
25565
56586
20623
18455
115735
96546
65108
78730
81418
41878
95034
36941
67031
87726
6849
113248
98506
44994
91141
35971
88729
30641
33658
114087
74023
90361
116004
53709
13616
70558
102807
55456
114549
12718
12577
92681
46267
9638
1017
97984
27685
52788
84959
114416
68131
15612
59928
31298
91869
5518
53509
78247
66715
42458
74195
97447
63738
47629
87678
65825
12969
20830
105113
45033
87226
44164
44779
13267
69770
95339
62010
