7474
88495
20911
9138
117516
110192
54321
59275
86533
162
91612
60251
10902
102244
21621
68578
67361
25038
63603
41661
56906
65446
76248
45614
87843
63552
112031
1629
61465
48510
50882
102681
108349
46025
96816
26734
31675
5703
24944
102825
96722
44806
74514
62781
27501
89375
109442
56040
92067
73668
90383
76163
99575
107092
6932
51021
20224
114505
98152
56179
81179
32235
37857
79510
114263
4439
86599
89849
68805
39273
44119
67348
40105
104573
113264
44884
29600
6161
73047
101349
114514
113375
90073
746
107471
58268
88695
4490
59145
95890
23589
36783
7301
81493
74011
26261
72961
16633
69547
78517
31790
48603
35038
6386
75966
105575
60695
106766
114328
112484
96697
53923
45472
105829
30083
35564
109939
67934
64242
111622
45894
96029
65816
52529
107008
84237
117898
24662
48315
60650
97530
77868
76509
7125
48671
48826
40426
44111
5041
25798
112320
88982
82177
87208
8027
2143
11156
38739
7830
53225
80475
77292
99563
41022
13364
33063
83929
88524
2042
31720
52284
17938
100197
33608
71687
93901
58307
48038
97048
659
52289
33893
95003
65443
56201
9797
114570
615
35197
73877
106077
29980
54020
109315
24795
103009
98579
83650
53521
11380
58228
101739
76713
82168
73096
39176
2972
24973
32625
38702
34977
8798
62125
47290
63182
3875
110819
66780
85785
38816
23025
11426
64990
1856
30903
103750
43110
93232
56493
22324
112714
5848
61427
69551
70196
101962
99882
98578
72210
82362
5222
105734
25909
14354
36894
12872
98010
65759
82849
49079
79352
89533
117798
74927
37897
72659
13471
113014
34679
52153
25423
8213
64393
74134
55994
61583
64855
53163
704
61771
45526
48786
32444
29479
7276
1962
1424
116725
57576
104042
95010
77260
35404
112238
82979
9063
13179
53717
117049
19299
88187
103940
10576
40515
108914
89062
1159
65923
85189
33340
29825
86315
18512
10636
35936
99426
74831
75430
101080
101495
39923
43416
30525
68339
108481
32918
59103
84258
11967
43604
970
22323
74751
15100
78937
8023
26667
109081
89083
35606
88706
30748
34669
117659
35572
92571
81354
104514
101035
41172
88536
47311
8597
91955
47556
93922
38848
72424
117302
84724
5360
110784
95039
50974
110600
54350
89667
1016
100614
113894
49999
108867
63974
111483
68199
15997
68379
34721
89483
76592
88636
58911
59818
79445
27248
54840
84591
17795
80434
4344
32042
80636
91159
60786
29875
49518
104632
65887
79303
104045
79312
46087
72933
105999
81401
84229
50925
45676
82406
69915
56107
17924
910
44060
84457
1093
89868
50538
60674
62168
35762
113619
110820
96352
66442
163
7718
47855
109948
34857
89597
45164
57766
45533
50507
54114
59197
77644
111605
17949
55481
23124
104647
85842
14175
92146
58478
38166
85341
73548
12507
14980
78578
86974
61184
108239
13803
92401
27039
87057
32366
54695
53389
34002
42541
69384
51031
35930
42172
66657
51517
21163
15180
103379
51885
34491
51153
83808
1525
65376
48520
87936
4685
117842
21109
96619
86621
74231
65704
116269
2440
115565
15699
63554
54228
111260
95090
101291
22203
24878
82360
48464
33227
101093
117630
102874
34936
13340
22104
25209
26098
8499
106304
28550
33654
77675
86893
16823
71384
201
98599
39090
54299
51493
51556
32561
50783
3057
46832
18708
45538
19486
65811
79442
96576
76226
21560
48913
116960
89794
92006
55094
91266
5021
28384
105006
93011
74834
78106
58063
24306
68624
104638
69008
41962
38813
46305
98216
37264
100581
95361
66571
92354
83082
74697
45101
33580
97389
45757
18664
6541
28442
81499
76735
103456
80045
75749
88679
26477
74721
31658
91125
117943
43874
104637
74324
5854
110763
71894
2840
61146
69691
60387
19208
55504
61365
45970
45552
83376
66394
52343
92124
10395
24027
64608
86027
52922
51552
114458
24934
22878
48360
117494
60640
22218
82186
30115
30880
41009
39613
11964
27439
93168
19610
71449
91468
111891
62487
20807
88880
1720
96243
46444
93827
41613
104202
88990
54532
75715
45471
89211
24385
111663
992
34198
47843
81825
7704
5085
32069
74708
40495
95966
14837
36044
53611
94525
46585
36535
49928
97241
109585
72492
103855
15882
114727
82645
47562
46010
28265
24804
77228
97599
29044
70469
77710
65539
53401
41816
52984
110537
65432
82298
1753
19901
74012
49264
37698
23912
19484
71948
38869
23281
27242
64519
104593
22200
36518
34860
104931
107618
101097
28742
38283
97990
42759
48018
6135
16483
80333
90784
39550
46348
56420
7124
111308
52565
114264
74048
99339
5675
29054
12131
36262
114840
66173
110467
94871
41666
24341
96886
23611
383
100498
25114
34902
5228
41423
96112
81687
93147
46037
30670
20515
49665
102118
88544
105300
32832
69474
37998
46970
108540
6621
23960
61491
80536
101353
38090
21848
41811
62358
61593
81942
39404
99706
97865
49605
13565
73781
39601
108119
45994
49346
56418
52049
20334
115221
57604
116407
72557
51761
69248
72748
10047
115308
3128
68012
109055
83912
78988
84257
76736
93417
18184
82835
97808
19552
103564
77093
59828
13869
40075
78849
52212
13418
69316
87876
49586
41399
24505
3248
52661
18901
75131
31349
7823
19362
58256
12254
40348
43616
4165
1240
18034
42275
53235
77541
35532
23053
89745
21149
50394
108132
90787
11096
83295
35280
84102
2379
102162
61778
1452
92984
101427
31687
89614
58438
24488
78951
62135
104285
26486
92274
11622
48936
42929
53512
10374
43480
48697
70477
89240
68786
71305
107300
44365
82371
70292
65998
52717
104362
110333
107903
79854
1585
35657
48502
23676
56615
101679
78007
16154
29407
86220
116640
19270
80943
46371
69744
112803
85395
104708
106474
104792
105768
32149
7894
5048
93887
53028
36932
57262
114428
5847
64601
38014
77967
48307
56636
76542
38591
48346
10761
115453
64470
101023
91937
44724
19553
1613
60648
40523
73913
98480
91203
3572
107147
720
96364
6354
24646
81440
58363
38216
89013
59871
106713
37086
13162
5236
79761
95130
80944
88516
30491
67512
60362
4787
17047
40863
35451
26117
1414
26214
61320
93732
83075
78912
84358
49798
10672
40573
40396
20712
106158
45850
46492
65568
95134
48139
66087
82754
113777
1809
110156
39920
68361
47616
101077
17861
73828
100895
12004
14574
83601
62594
7540
22357
20156
38263
20399
24578
16577
116597
40264
51773
59622
105420
57926
116692
54601
71090
8243
112926
60138
3427
82462
78353
83166
96370
111405
2846
74651
3364
42190
103860
74602
30519
53581
97164
13442
12595
3589
88693
8882
43440
52828
71244
65990
28366
48902
90099
46335
74413
116742
88358
72152
111312
52862
10210
24372
65976
2884
107402
60391
43365
39878
37685
117239
69579
10493
40148
34517
59297
16149
15793
15717
96062
24209
78784
81160
23688
93741
95368
60595
54018
86084
13862
2235
35115
15528
11874
88432
4657
86855
83517
107908
94137
6498
61868
36736
16384
10580
34366
82513
49788
98076
12392
74397
87599
58257
105040
106347
90387
18607
24315
21697
1892
13540
72558
23535
80927
36893
104469
83520
115790
37976
102774
102927
100452
49830
77210
37766
90000
110575
31652
60014
1455
28259
88890
15338
100128
39852
22517
3733
1399
74597
72039
109910
86575
15140
73057
2771
51207
93291
27768
78019
36820
76929
20549
86355
9153
68662
13022
87933
37199
68462
94380
117184
36545
117585
2964
84487
98791
59602
107960
4183
45058
45742
80228
50389
64733
19921
79573
42640
41528
13751
21177
87564
58202
45301
34620
97300
75390
66367
91920
98766
112025
95542
75052
24454
44380
79711
83810
79424
102029
70895
71841
86363
90478
36996
62444
20284
9842
57885
63208
28662
22082
11368
14270
66555
47536
111236
52611
36422
32073
30237
110379
25698
53026
115047
23954
94854
50549
22711
20371
71360
88041
85777
36081
1660
51534
106702
35848
72251
47206
104950
115773
50473
84078
101309
82577
104576
66537
106738
26490
28051
72204
45167
16794
2277
72459
104704
57208
15481
88393
6150
34775
101111
96889
74334
52514
117325
36633
78243
8263
7777
8057
81922
53691
95865
105792
106057
74529
46467
71406
41982
87955
91423
31203
52524
3249
66999
100967
5864
28804
4755
109520
88671
12862
61828
60761
47964
33891
77129
69146
100045
114623
6612
73005
15473
107567
15534
22168
104162
24926
67226
33168
21493
97444
95860
29582
47154
81475
6909
22995
53896
19847
880
38541
58534
10340
57281
25579
11649
298
76072
24629
67249
80164
73201
82929
109500
42463
55125
6510
84211
109557
14658
30164
45481
14829
48391
66961
14868
49170
65363
51638
43770
37441
78822
107023
31089
109182
104335
93230
96583
26905
27994
29013
85488
64841
8733
22484
1817
82651
28760
82030
98313
44135
90355
75581
73581
23294
97920
100936
102811
94159
31662
64220
116079
68854
12868
86787
38842
59801
47209
46315
67540
46926
96782
333
96071
44368
12609
41533
93510
37072
35749
111988
65436
741
9618
32467
86493
109565
99268
58471
75238
13949
13099
45637
15755
63544
2233
17416
18216
72801
90622
80061
25791
95027
75872
58273
40483
14669
88485
50027
95935
19426
116946
87025
42753
102451
54723
81831
22085
5981
53941
29140
12668
85242
30079
87121
32465
55100
115056
69923
102878
80078
95903
53182
44686
33757
35021
116706
78026
55593
11007
76029
82761
30246
47692
34875
108080
1389
27057
40598
61152
66563
93841
51687
20106
110929
39244
99647
52598
91177
57301
33044
69659
66982
101812
57152
56921
5445
16253
98825
7405
102588
56504
103146
17009
1364
94642
27563
110988
76691
99027
95828
33265
99662
3612
353
52551
63709
77068
38268
50362
56327
114669
48201
117878
30077
35753
48498
1572
81931
109625
17777
73259
49433
69823
114758
60833
64930
30580
56370
46653
97321
34419
112952
115478
65255
107858
31190
69745
46589
109545
45844
11725
115542
110785
17137
79649
113354
67757
115460
88491
15182
51316
52616
51615
77150
60352
101916
8854
67066
45941
32960
4511
95773
39477
52272
62417
13561
51244
105015
32788
112546
100331
71533
73123
101866
68427
38335
47971
21614
25686
86689
72536
58109
41777
108087
79373
93035
56065
36268
42257
64637
49337
58610
17973
39041
13056
69959
28394
8016
42021
105747
51586
26745
13766
63585
7981
45244
56535
41260
115926
80409
37773
56490
21020
112650
69842
30311
78212
103033
79954
19986
108326
22398
64396
113853
92867
97355
111183
8008
27465
46168
85680
62628
26949
96216
32443
57791
79135
51264
56325
85757
109812
61015
73730
104830
24860
87316
113001
111661
11360
112417
1199
53469
35521
23529
80788
26943
98662
80996
96044
7874
8605
86015
17336
32840
80665
83450
57437
79410
43921
36142
59004
93122
44154
77664
34994
27681
117661
31633
34433
49880
110227
42505
88447
83894
83142
84287
91642
43750
18997
29787
62663
9329
62836
5931
94544
55161
97071
109686
64430
85016
105136
108397
116464
61588
10766
7990
52543
15585
29088
15129
207
37110
4139
5035
80177
25186
100933
93292
91550
23353
104307
115205
84169
12850
102080
109098
30813
5247
8386
20859
104265
27464
29115
33545
30916
36772
46853
54332
86414
61397
68873
58934
43798
17874
93884
74827
73587
84902
117373
6594
36384
46292
25242
102938
39153
108268
49265
31513
79853
35924
69440
32288
22554
56771
12703
50407
71569
77436
29443
107800
49689
49797
71625
29760
54564
71219
11049
55733
32799
95269
26458
78095
55000
35366
36849
88805
11121
40227
111867
84786
84045
68652
63163
76768
85671
86571
39807
90056
20010
113879
70555
68836
51624
87968
67267
39672
81420
66627
94499
36599
67006
64972
11030
2253
59259
85749
51394
15128
94917
69428
13322
110323
62087
20872
33344
30005
19918
29226
65359
79240
55761
90913
4415
70843
75381
117756
101897
70252
56731
72008
101099
15139
38466
10323
70409
84780
47626
81011
50090
56033
35558
27380
2220
14813
31027
14256
103135
117192
82781
40513
56582
17083
88065
14923
30106
79593
45295
98109
99778
7954
32653
74434
58133
44211
116071
7241
78405
37778
1318
48867
18944
5517
74274
68475
95650
4730
51338
81792
39387
29724
110217
102068
112288
106858
6062
61456
74772
41977
92284
4884
35234
48171
10678
40341
87052
18715
62793
31439
767
89419
49852
75084
114399
566
48983
32608
36332
12980
103382
44588
6887
80700
114866
99713
23030
73412
116835
61584
67380
86797
53206
71747
36904
63643
52955
105821
69100
113242
29747
100305
1403
80627
32189
19731
47432
31057
68832
26662
108388
47359
3837
76685
27094
87770
14999
998
84151
1329
87258
60357
6836
64928
108835
76541
73424
101509
22015
925
10172
94430
56172
106132
67227
20946
67752
113617
112440
25154
53575
47487
65040
58985
1859
18529
111739
114301
89955
33952
30147
20965
59634
60246
72301
108448
8782
87970
1737
61656
54219
42963
67787
20370
43746
16249
110349
3265
47499
60400
114963
64354
45746
29874
91902
50593
79182
77740
94950
11631
69442
37934
117705
26071
68638
17793
29107
33416
60931
9091
53857
99657
51149
5299
46559
5873
88665
53748
27294
40111
115101
73902
59852
110565
34920
17562
72285
41721
94765
60568
61151
12091
76244
96606
35714
94579
84993
4827
101934
116967
117781
106345
68930
4933
43653
57478
33373
114065
112058
78016
43397
51490
15375
100353
66979
62681
117204
100610
59372
23300
48048
59716
18873
23632
45786
38284
61898
37544
98829
57431
22580
71129
101781
4408
18867
83102
96578
86330
68812
54443
6924
17343
76331
61790
82383
29495
70136
50272
62875
55199
113007
38181
47527
99769
95557
7123
94418
60486
97167
53667
46680
30879
38538
7383
77956
41676
106591
4613
46734
29679
78306
77805
45947
29163
41029
85262
34448
68607
28289
31579
68929
63503
45001
22369
17752
14609
112524
112499
91186
83900
16274
95625
99416
84446
7942
4688
78271
17624
105086
9707
20043
58422
101572
54224
79419
116909
19559
38202
89861
12966
53522
48994
80086
52894
51840
26668
16048
50712
48095
111635
15720
14608
63017
28635
117187
10945
87581
65542
106196
8287
71314
79322
78972
45226
74448
30086
100310
35143
98581
37130
64224
70699
41286
10581
108330
118013
117080
104592
41830
38482
81767
73501
62388
62132
18806
83664
42413
105674
67819
39725
14361
23801
79328
74619
68145
69921
100025
56386
104791
51579
14891
34037
55330
59693
74311
93380
34432
30587
107235
110100
1280
29553
69542
77500
73948
50014
100838
1376
27884
1182
93794
57469
57862
20553
59942
93917
55786
34930
31200
74481
105957
3117
1265
35534
97051
28365
60550
65253
60794
20949
77472
117745
75906
5635
111348
10683
42207
32484
102573
109503
66444
17940
70215
54075
25322
22478
62847
66668
66837
14664
38698
18893
23128
75597
43020
91957
60830
99107
27694
77786
33221
11216
12324
30465
34012
43051
26722
34054
24471
109654
112330
109691
76600
71267
5520
74902
50784
111894
99306
75439
98722
1192
75297
77833
36368
29430
12581
71445
36693
3680
96434
9453
106699
28444
107945
104397
114470
44403
16248
3793
4436
61300
82280
80376
15019
3630
64770
22495
50125
103884
106715
96837
4113
98852
80459
63705
104130
330
92907
39922
29018
14720
101659
107707
75958
109488
89926
54123
73595
59964
26549
45748
34068
117129
57563
98431
107962
65493
73117
12151
102405
40104
14371
70495
90537
60144
6460
45983
3482
180
92960
45239
111176
68906
105367
71065
15653
86245
79423
4262
72989
54627
4161
15682
100785
88731
2936
52420
61513
57679
62795
29879
15540
55042
36103
86719
102655
5407
53299
89489
56015
36203
67045
90534
103605
3270
34102
44439
91730
53398
32932
114097
23672
108801
59681
69914
79515
13088
50194
97097
19688
5789
98341
104257
67725
72592
8598
38405
79144
62805
15559
108181
9905
70626
21512
20483
79590
31431
37290
68601
66928
5707
12858
95626
13282
77334
13597
21780
16512
114961
50873
99006
107513
83217
81938
44118
42466
70691
39815
95379
46012
117767
31481
102838
83186
59187
37756
50232
54000
9224
77755
97773
87850
107494
49634
83231
77272
110180
79107
100152
73855
103124
105669
28604
17609
11101
88630
37761
349
108698
87973
31531
18194
86843
50256
57117
13318
13469
4632
99705
82337
26081
11290
3629
81195
58082
70828
24463
18635
83728
105186
111404
58430
11045
42390
18406
103092
72317
24903
115918
78842
94804
30997
117393
96555
93290
49270
103995
57406
71242
81718
60392
110725
46256
23191
53639
84376
70677
45743
37642
46867
81359
111372
57782
19514
41499
26329
95716
29299
31010
12566
109834
13480
100620
101687
19510
60687
77341
93094
99594
28393
11820
114733
7299
35161
6064
88976
30206
10159
52344
79571
50502
43461
112970
39282
16046
17400
14478
89389
11858
34119
6560
48138
56807
104731
12304
14798
30025
58321
77666
44186
102698
1423
6140
65026
77651
85415
91432
15282
56180
36431
92549
16660
35945
35386
77035
75651
4449
48897
3511
99777
108733
117052
85802
91680
8390
32842
46872
89097
90017
63398
98482
42228
17479
81370
70357
5388
110177
65322
104815
48456
88237
94316
114650
11884
91584
37245
16329
89113
4847
67897
23566
119
114625
66128
66117
25776
34214
33497
92996
34951
34961
13873
108470
115665
77314
30120
46220
18759
64607
499
37835
48426
9572
68566
53191
18153
66985
38599
76977
48034
29964
116745
9013
58751
45386
41472
2458
35715
30790
64118
38642
112510
53339
111131
42768
107963
47271
8053
75227
78173
32933
88807
107508
6527
42019
104152
6863
84575
96124
80730
98269
109104
54259
14554
23750
36508
13849
15917
44384
102418
79933
38658
99183
91131
87427
23028
85514
13353
19528
88381
52146
52306
63190
39714
91094
104234
116237
67997
111009
76329
106795
84388
51159
111394
92685
10948
81299
21591
20739
27301
45012
111619
28369
43723
72746
70827
50366
73817
61907
96985
30336
114348
34557
48702
116375
7583
58719
102496
61351
72218
51289
86157
86553
45913
13887
28551
56940
89552
36050
6944
114478
7575
8171
93855
48098
21279
72308
110169
79991
87307
18163
60960
2034
35383
62826
66438
77920
109845
98043
17520
17718
95044
76934
63587
115268
85477
8786
54585
117511
98786
36358
15461
4931
26469
35887
5010
33167
62955
42738
69564
53982
113265
86201
61833
3639
113898
117826
45013
87444
35712
101114
82423
94812
91312
38065
77814
10150
14405
80504
34610
7505
72883
111406
101297
48445
81220
105916
57651
15554
8153
7229
67223
58810
4951
6067
31091
47197
6475
97669
13210
115632
47550
14919
56049
9535
46090
30622
80519
65056
82703
4752
113649
76664
117358
62651
86374
16826
88734
22298
40708
68939
14644
18342
107026
17410
86721
101234
94463
34778
72671
16684
28049
90954
104622
29424
79136
17104
85712
31569
70237
55626
7114
64244
1020
23916
65517
61652
33775
4049
97806
6646
86952
23165
39666
13756
1956
21587
78757
40730
46880
44578
7152
48000
26609
101994
90563
80195
88949
54490
78110
52517
19936
44388
15426
12893
38079
94047
46671
40054
15884
84160
90888
95730
96540
34818
70819
16957
97137
50631
60244
59864
68389
77040
88104
41891
108795
72150
81636
96739
44487
88696
52951
33934
40022
99872
3267
91604
46673
97674
92741
74169
102309
101878
109886
102135
14969
29516
52388
78150
22062
52094
84817
58178
44949
20678
851
25333
46833
9378
14134
22690
67572
84625
117307
79201
71084
107583
54387
42654
68319
74763
4816
97040
77932
203
49167
19549
34508
9498
33172
106444
106084
77030
102397
61960
71978
75165
107413
45777
1446
97554
78042
84002
110801
52826
8963
94164
57282
56082
82304
27986
9166
80978
51750
67834
35173
81995
58215
51012
73234
88264
67291
43513
80321
66368
85215
33784
49945
99812
104252
40470
90324
68903
91866
25374
25413
15153
17401
87256
111088
21000
48243
62208
15875
28040
43711
49471
92830
14904
67046
79899
102297
86772
47523
87784
24077
33593
68969
93329
105397
47778
41991
54150
115529
52112
110342
28838
25703
39650
62929
585
108190
72843
83483
33190
91824
54035
91049
62040
68432
51341
52157
86595
6656
68412
83502
35217
100617
116956
107964
16878
69851
77369
49537
36552
84381
65736
104357
11010
74488
20031
105373
1746
2266
98591
67907
64176
61699
106181
26437
85866
44357
25543
1789
44314
79760
11802
117264
30446
76862
64342
65988
108687
99691
78680
63386
24735
67104
97640
107370
56758
77732
28708
14347
40742
34450
55188
110823
88099
63125
12153
90277
41965
35962
96806
78673
61925
33381
38960
108118
27623
23428
22879
30355
107768
86576
95956
17306
21447
23044
104808
29817
90899
118000
43589
18115
78363
11945
25309
92072
104723
44353
64172
78681
87698
8965
19258
81936
110685
26779
93519
31346
107193
60148
49179
59194
78053
80262
66002
42655
56399
66532
91354
116484
80237
86669
113130
9791
36213
81662
18445
105142
107418
107708
78561
25376
33877
96900
90135
110412
115044
63327
67895
82720
18640
18585
90178
79887
101305
78880
89440
83107
117543
55182
82662
17952
98656
117957
37707
42811
102209
58180
102381
106544
91948
89206
86650
37459
4095
74466
78069
7877
25653
112293
37749
113171
36231
45798
74804
40749
112806
69517
96220
26004
107472
57288
96785
20896
14901
27950
26541
86392
33932
114260
49421
33000
59121
73255
88559
116262
79075
113263
24478
3158
93957
18098
10805
39534
108793
48361
42070
26655
83046
117860
91952
8928
39772
91799
18645
31585
42637
73171
88527
57111
31699
98256
47682
27156
26121
64146
19665
4925
43638
5177
17723
53383
100477
73251
13781
78250
85173
99986
87832
87643
62344
78241
7239
115584
55174
77399
59220
5111
55673
6118
110982
7516
66195
111382
85854
42071
116111
96031
115599
18003
5726
46952
65463
25775
113603
62790
74257
47208
27180
92876
22838
27048
9927
20825
106446
14771
4504
81689
100728
77230
37567
56138
107884
73014
40404
14026
5748
20253
72310
62846
56727
89844
48086
59379
83079
57358
24327
89432
17210
74482
106714
14289
105104
82174
84183
37965
80416
19311
94809
96214
55213
45195
75085
8323
14861
85412
42659
19773
3695
111080
75476
27582
35783
57775
85304
65372
12586
25085
42182
10229
31143
13875
110265
102166
80313
2213
4219
34394
77899
96665
65528
50886
34512
68838
114116
93043
89790
69206
45149
116147
54954
99588
38018
83683
75952
74757
38383
50258
88462
23760
91275
21816
51500
58073
1571
57635
67258
90229
113369
99933
42123
65411
17932
30108
33818
9818
49910
21444
59795
103711
96820
20304
16966
81215
92887
47841
90112
16642
27345
35996
103922
14716
14370
22058
53349
56802
22893
101115
50826
22825
99692
69031
108075
6557
34710
17136
9932
29355
1603
23739
9884
20195
41660
95741
59998
2505
66918
106222
57154
90188
10758
54182
16460
117649
821
36245
30458
11186
47145
4189
46765
7820
32083
15208
105007
33777
31719
1897
100982
5542
90799
27840
60005
93250
81786
104869
116914
64276
55869
90663
116943
10289
59973
87171
38289
62483
22280
18744
35654
104102
111832
111318
54633
110799
69297
60082
77916
6210
2899
50496
54008
14670
33427
70107
86439
54632
49942
102910
85
91439
116633
29998
9999
74964
23744
95745
10054
37565
30799
68355
84158
46586
43447
36357
116587
55472
40239
75710
86842
22157
72876
93703
48215
85112
104367
108098
44079
13314
90481
91236
14106
34337
78337
22344
28794
33813
27077
95072
92584
20639
77855
94942
64387
59278
20168
91064
89447
21886
75406
72537
93927
57673
38857
106051
33310
96957
91538
46754
17599
84231
36279
50623
6035
187
74389
7863
62662
71898
46739
49153
26491
20575
105622
7937
14530
32662
102989
72479
112761
41066
39638
87673
24262
52487
17557
94453
97268
94450
19096
116635
103027
50235
7642
67718
2765
18458
97627
117876
111016
107194
101062
24199
28945
29050
52379
12864
80308
55828
79709
60950
928
115481
100173
53476
33735
34634
45093
78450
48085
48420
104805
95387
81266
95809
41599
2271
68807
89578
61874
7931
24796
686
83959
24950
50164
116442
586
52361
8186
6803
29593
61783
36106
61829
40262
75508
44883
70458
26473
73004
58828
16871
93544
93681
75240
81116
60500
56123
100052
11822
19411
65167
34210
42857
85398
45258
21985
115831
94165
36646
15427
54348
77760
44661
99080
111570
81891
2532
8802
104782
44945
97755
98088
38690
109507
21904
61505
61963
20568
77061
85349
64715
113914
62762
34929
70429
103148
72433
92069
26669
114409
102682
72582
45515
60559
13451
41696
52987
74717
117853
38625
60769
387
114887
60495
116779
5906
66125
46340
40603
52038
17386
112399
91291
51260
65587
107500
79221
35114
68142
30817
94412
88433
24282
65689
85493
64050
57014
53646
30650
58232
4788
62525
90453
15702
60792
57312
25354
113398
49020
42216
96313
61073
79406
63596
46631
43372
33411
85379
70224
28148
83793
62723
30523
74399
111534
17698
49630
70365
79236
94134
92204
85426
41602
5190
27543
30980
30294
34086
51769
24418
75506
33682
72847
31650
22128
58796
16423
8568
81307
7675
96161
69977
57350
3058
27189
16155
58428
114496
86044
3392
96119
80578
22972
39766
65562
10058
30902
88120
112172
28304
9173
25150
85482
29644
80799
66146
14127
16442
73884
9044
38205
76741
51704
66710
7652
43903
14152
86958
78469
117402
12916
16749
16528
32517
44448
39210
55194
14192
32591
24090
27355
35645
54112
42793
44677
117336
78648
80339
4668
58965
30368
115539
79317
27392
117731
43353
66670
77550
19032
11272
50162
59186
64594
27882
61401
68750
56990
87489
66781
86651
110959
55374
113380
38914
59950
51873
57337
36568
15172
24501
14812
4068
58591
31219
9058
63659
43369
37534
63811
97147
99632
37170
43991
40502
106335
82396
55026
110590
92568
2567
89843
61577
42260
73380
91456
99542
28076
67026
107552
36845
41606
111090
114314
77050
3762
50240
82926
15598
99830
26397
93016
50031
107730
96573
117714
115546
5117
109426
58016
116408
16779
19523
3402
115165
94481
830
81558
2810
58297
98071
2796
17115
37449
85208
95802
73229
6231
73124
26786
103815
28814
105720
1502
31012
67178
27612
89291
25090
37267
36670
5058
42571
63160
105791
28134
55422
1139
84838
36200
109724
66611
37896
43003
57927
35025
102533
101072
22697
50174
72856
67762
116453
98181
76197
36804
28305
77231
113472
64684
74508
116973
76223
5684
93613
116549
99366
43349
40027
67583
66035
86578
90720
24367
94455
96901
19975
92760
19825
81279
10365
68149
25367
31313
69086
36428
110942
41016
51732
64903
29069
48343
37737
50858
101101
43314
112480
107830
73200
67815
30068
6511
12026
61587
40606
80882
71830
20062
87497
36785
99820
83585
10784
11231
22885
53450
102939
40453
15209
117720
29872
102666
26790
47601
48068
47421
1428
47049
25989
46648
85271
22412
80540
30461
37676
78645
63395
36220
73408
50830
3401
19381
31811
105779
59863
31722
2400
45978
44160
88660
9031
23367
87838
105297
89295
15480
17709
32568
107158
50565
72472
99450
41768
71604
12895
38052
9001
52041
76579
55676
1970
68452
66053
20816
3973
22005
21445
47641
115340
88767
78672
25618
53661
99516
89297
33915
67567
37423
83394
87050
105945
75447
98391
83143
115312
60633
40720
70068
95198
93308
72062
18263
56987
76001
22446
31900
17643
48656
64264
84622
82443
111557
98047
11086
49426
95734
7764
8038
2134
32438
82470
18130
57328
29989
48592
76277
74432
113022
41073
37356
110829
7506
42281
23199
4368
51875
102565
83275
72247
61447
23212
57137
50841
59509
71298
43553
108228
116697
88900
80619
7551
103264
57790
10403
15178
60514
5896
116592
43478
3280
60997
109023
9705
14114
8372
22926
68410
99338
24534
70186
51360
113434
76292
16065
101663
28944
2789
103014
46689
110500
35269
34195
115406
10628
108371
20389
2824
57928
84668
20920
97413
35402
79082
57502
78718
9326
90844
90777
44829
69099
31893
104226
84850
46403
64864
104887
18421
32047
114599
96300
30842
107919
72077
95067
91238
69603
22337
58876
1847
20627
73270
77022
13437
1335
85453
54846
21150
62300
4566
2707
108337
29504
24938
106908
86210
106728
81937
42277
28552
49722
20351
5029
112898
6497
25833
59937
76696
55179
54401
17701
63638
70678
43875
99481
58662
109152
41225
88736
79051
5838
65997
95144
114112
33104
25997
110683
93426
37243
59586
35677
568
107769
32927
2181
17910
91833
51681
64486
97402
107450
105054
13371
16152
70577
61274
19580
104609
102899
14495
4456
110031
49044
32425
21261
8002
97625
5676
26095
48144
47009
11254
52759
87189
9858
88640
110451
68404
92687
66764
46855
101298
77707
97465
14234
105688
104126
71468
111268
72809
23893
14230
643
16995
82888
15464
32435
6578
58619
9353
81171
99611
58103
46613
24849
4393
105828
109697
89376
58746
109204
70919
63030
117942
12699
14927
91574
108406
27258
21633
75036
4936
6407
35066
93773
37106
69928
102696
82735
105786
90741
46526
109860
110857
115735
20263
90340
17278
19543
41203
52965
26253
38733
59290
83798
32557
76076
35392
33559
44620
26932
7787
115114
85284
36481
11766
56296
65293
34514
98619
55604
52441
38368
25551
59554
38807
34136
101681
39068
103093
32553
31874
18756
70459
6180
34453
27641
108047
36165
74405
77448
73120
84658
102197
66525
67111
18464
13658
34127
62448
96794
99436
34175
27038
6022
12821
70916
86832
42563
48945
82820
34058
73470
115495
44983
54493
38411
48370
81462
23225
89385
58870
99113
39140
85711
24394
10446
21731
49632
71086
65716
77501
44332
68617
81729
107810
12640
44390
111628
24458
12559
23735
89535
22113
193
49447
23627
37309
66414
65763
51627
34998
69017
88919
32240
30042
105521
25817
77155
69540
106687
81298
78454
16313
109814
41701
33288
89413
93928
117320
10111
63433
20740
88588
102110
44007
117879
18819
101067
77011
57582
109967
97003
90176
52577
14104
32448
21107
29207
107558
109608
39935
40208
28748
84753
47687
117209
101779
28532
42206
90862
36187
25016
86019
67167
88299
14569
109116
504
35281
102688
42564
6959
104934
54207
98063
43692
108463
104613
71545
65585
108652
5909
17415
69119
74835
38670
112381
107918
27035
84523
21990
32008
56241
2649
84356
73743
85585
20890
57867
89112
45221
8922
4562
43521
41556
29991
45802
24968
95306
48662
115228
108808
22755
70176
90937
97244
89995
58121
78401
47110
69046
44514
70546
4686
32211
93960
49859
38437
18119
102495
104516
91265
74321
109410
58768
45432
59698
24771
70665
797
18016
1851
82606
20796
20620
53006
2735
106905
101840
2561
4387
77067
69123
116019
74452
106647
95902
73928
11225
26403
4423
108298
35343
72906
54599
39161
50032
84096
48401
101501
15238
77853
73716
67943
22012
82178
65872
83060
9918
31946
32668
28713
47123
53887
3299
4491
7807
56773
932
67183
103634
13967
15821
14408
101019
35835
109357
48337
9676
60879
68265
50946
108037
12047
47131
33670
47623
101321
56182
35493
52468
61081
73566
28455
57061
22595
60871
8389
91046
61780
23339
57184
62248
102623
47521
7207
43704
32177
57698
101459
79714
5637
22129
114643
34940
111884
41351
663
81125
20490
27958
38645
69771
11502
65146
13929
36275
112436
96160
14292
34687
22615
112603
45901
96623
95696
15075
32279
9993
40048
14519
96359
26319
54778
68229
58217
1302
55779
13683
38985
55204
54148
15449
108193
99805
71416
20281
110307
63549
5077
77494
19668
67449
32993
78777
16305
5790
56102
7935
65143
97394
28897
102306
17467
55231
19511
90584
92702
80269
76090
22328
34804
10316
37261
107053
65473
105137
105965
116845
70615
59802
6736
110463
46557
49377
38831
68321
2766
65360
39527
9839
43137
39864
17013
23087
29119
85478
110398
35883
24623
101044
62684
27174
90983
41759
88541
116519
81070
110270
75257
113702
67109
38274
69929
40751
74863
91858
86498
48102
13126
114357
61128
77079
31170
46381
17474
1792
12391
54456
78906
37073
33297
49273
52837
62698
11814
47498
42545
109344
53482
73240
106175
94232
117726
108827
111223
18633
74152
45587
9996
56553
68611
3231
30994
9982
86050
90727
22035
78182
35478
36319
23908
57751
124
113287
61937
112064
72071
51009
48003
89509
31214
62901
87500
3956
82815
57721
52406
115199
65996
16522
14295
46810
1744
90656
116232
17058
62442
58708
5921
37991
65601
65703
37754
74731
57080
41765
112625
110838
99879
69875
23679
49985
32610
53419
113475
80759
65490
38537
3215
39664
98212
75128
56042
93102
34955
70485
22376
87392
13989
20715
112714
74643
12622
59786
88001
