46192
57915
58767
100427
60116
121471
19781
22193
20601
68554
39252
92804
45421
11162
8702
21875
4232
24390
57918
10590
116866
18292
111736
118327
9828
92917
30907
88638
34933
116842
72346
117141
34064
53275
23056
85826
35536
119511
32548
45526
48800
62695
61093
18091
32485
31595
74361
95880
3941
99862
16116
104105
21343
45946
77043
98516
74585
77015
56461
106499
115005
16281
88807
38326
4440
51011
5343
67804
63600
20761
36403
49064
108543
42324
27148
79006
25539
69186
45749
115279
26295
46886
15620
92063
99472
76303
106823
48835
68142
33374
114480
2665
55590
120015
28442
63353
101344
43194
14249
112931
39324
88905
26308
105216
32278
120555
100571
97831
10734
40241
91397
43710
78452
22821
98421
82124
51748
41991
117455
90345
18545
80964
107974
88792
19406
2224
120576
22643
29073
78890
32760
68301
33589
28219
9464
10726
104049
77802
93782
3732
101458
20250
79381
4289
113908
52058
47416
45151
51586
35510
96998
75905
84409
76172
84060
57539
431
64071
101802
32101
45437
101454
78651
51370
24709
6616
75328
74951
4144
61051
65045
74597
61185
118281
60193
19138
42906
85034
116922
18460
37608
59361
15569
35864
7501
91154
34574
9421
94166
16949
57378
49801
45595
7811
11128
17455
28668
111826
115436
108818
116221
11305
56328
7723
27182
81634
18798
53918
93802
9730
46930
16844
55582
11218
99261
64823
120968
72337
15093
527
9556
50605
28088
119878
36839
115163
59539
20959
102169
69752
19776
83620
28358
82001
87435
40956
26664
61812
23630
61103
31061
30561
60277
4675
82607
65685
58854
97428
46998
113522
29417
61970
42970
13887
118694
86624
97989
79229
41926
111789
100200
2853
77415
47419
41081
82947
85126
65855
11511
109914
83426
36636
18820
67507
78364
75722
59833
111188
62568
19031
61640
52713
33319
11661
74497
33108
65427
7588
74336
12318
119268
85243
72765
50104
19995
36188
78770
22266
25852
45042
57193
49068
4584
11513
20943
54081
38607
24949
99237
40884
76361
122363
85355
109811
60817
62103
37373
22211
86291
7633
41747
116897
102614
83570
116081
74068
17479
55052
109377
74508
50411
101753
100816
42351
55310
53216
70178
66495
37686
65607
115469
112997
1360
22684
97113
11999
92440
20735
45509
7971
96096
57376
60005
61721
17745
54324
25947
56611
20481
65727
14764
16103
113590
71141
38161
37476
79611
75788
85734
44889
51059
86717
102226
91766
81461
90458
117407
78525
55494
101784
57205
60816
109006
105579
44125
47292
109503
50704
105324
21273
3925
9130
26379
15122
44290
37920
96882
9509
103181
90269
46596
29640
14581
18087
56688
95510
23030
18138
4639
59847
108012
121376
71563
112206
104244
38027
13715
108344
117985
117006
65412
107198
54518
54165
72794
69892
46636
93725
3989
47293
97667
48635
40257
66258
53115
79488
43491
94202
39817
42813
114857
122779
56145
4876
25786
27818
19697
24244
18351
20933
71381
85797
599
60491
14207
149
66381
80078
107048
62444
101516
47092
120301
93570
66266
10142
70148
82181
111436
121668
96324
32346
118370
57233
92822
51532
55476
1234
105232
108155
3444
107182
64190
77901
4098
42101
26104
60065
6064
6323
40233
106042
68008
85553
96097
74723
20168
61777
19302
70692
53536
36607
45156
9424
40809
105620
52446
74424
65883
65327
15042
97272
84924
12664
36165
92316
65987
45275
26410
84610
101969
85723
72950
112990
15822
52782
114413
43646
77584
19615
34202
91206
20686
41134
93393
10192
81965
94714
71917
57142
84145
27782
4490
22793
101174
88112
11054
3754
60970
94004
16633
122022
13732
46967
37943
15131
94664
55552
79040
84154
40382
87723
72496
39358
105206
87836
48504
60417
50328
83585
50239
50979
81524
11307
102601
119289
66355
9634
43265
119339
82362
115504
875
89318
111657
93275
42809
22819
23232
8070
7519
97389
96303
48041
86353
37918
63691
75508
12963
28229
64642
86309
111213
80057
88427
3205
21487
24584
5193
48180
39612
61018
15568
57664
72896
70218
56843
38445
43595
53864
71151
54153
106677
122251
56755
63400
60551
99919
68889
53927
48728
70459
34488
52945
14361
38057
13597
38478
102211
74236
19769
58083
37659
7151
30338
65982
59537
87304
29391
56055
39551
85733
82037
8158
91264
80958
18086
106807
33937
116314
5148
20384
119152
110452
117563
24937
37752
23075
60700
59542
115428
38818
59002
113958
27531
39521
33378
43660
93325
51878
64543
84525
95172
35085
100270
62051
87711
13311
120475
104331
27169
63544
75157
3054
79542
18063
118519
83145
70845
83981
77864
109380
46150
2774
27785
85386
101405
116835
25099
31251
66410
62177
64668
122632
67045
114410
64907
16914
105519
11484
71817
2759
49962
6884
32902
100397
72057
108723
69994
88876
45790
37652
61025
6758
73323
113862
32541
67799
61975
92860
41069
45427
106588
43225
59397
98700
101327
100728
105893
34688
94541
94851
59916
85666
85410
59527
60447
22747
54487
97760
44277
26421
77156
80616
113110
75120
116760
120307
122089
68832
36425
61809
109399
51136
62259
62211
86272
72583
51936
29984
19511
18184
47163
60963
10111
24846
95656
109829
59864
48839
25116
3523
119118
47039
60699
29581
52036
119766
30969
54987
50635
26190
109083
43773
12075
43469
8847
97941
3913
84096
108738
10870
38852
48606
5723
107296
7176
122138
79041
103069
33493
70445
49218
38911
69724
2117
19701
12331
118454
82123
56623
65390
97014
40727
121374
55226
108136
81455
82779
31557
70554
13068
18695
110377
66472
14885
78434
67221
92943
5504
11708
19579
55683
58585
97248
36802
21857
69712
87369
28262
73668
5252
26662
17818
32417
13783
117681
9867
29732
76097
98572
32105
2381
34320
96459
119900
78033
30176
8466
84640
9497
42053
55265
3299
104732
88740
70310
38484
90974
37267
76000
72187
70770
7441
15999
79476
89961
91774
42333
86429
75769
118842
64987
22138
82835
95958
22668
64892
68172
35973
61749
62509
17117
33544
17747
93260
62936
115689
118120
46393
54042
120779
118942
38521
20373
79090
6023
75697
37924
33375
110529
23558
25271
79616
98096
80683
87137
46297
118278
38198
25668
93374
28180
28814
26967
35673
37234
64984
67948
62454
2720
39764
36088
60431
18352
76339
100335
97455
13658
16685
81652
98409
22961
70564
78189
40985
30661
46708
62498
21537
105224
105906
15283
90801
20213
16185
49391
21999
122807
92042
98881
106449
96236
21604
90057
10826
97580
10979
11394
96041
78282
43645
66568
29748
38578
51211
28007
44780
3149
55876
91820
10427
51979
54782
59007
111209
19358
75816
35468
100436
28564
913
29345
84636
90328
60886
62545
119230
41537
118157
49988
89375
8311
15552
116847
22875
42135
95217
115983
93077
35569
123452
113769
74237
18227
29630
58251
81671
30689
55604
63973
86975
13071
32187
21542
16111
20269
104607
25954
85580
11673
40379
66815
49014
79651
121435
85641
76696
90454
19493
36938
104155
45390
24078
19922
105014
92742
11185
32544
3968
3242
26669
47913
52453
22381
26642
116957
113731
52214
87488
90035
105352
101740
62763
37830
92735
51831
16338
12658
14614
7861
84579
64020
98783
78386
11879
77855
69420
26659
80845
120418
109556
87460
75980
104097
13614
51168
46170
67560
69206
63384
118710
121773
88911
90090
69395
100307
118854
95360
55778
121777
98185
122366
62546
76950
16805
46078
100799
57394
94255
11006
61538
85968
38770
9897
13370
16295
27110
6996
24008
22807
74332
95550
94464
120275
26437
13364
24498
6067
113653
93223
17254
18579
116342
45991
88287
32846
9397
80767
4981
4139
119840
3900
81179
7598
59095
25383
36363
96715
18161
5017
106085
80186
56440
24172
81740
96134
77340
64066
59797
80672
79201
100892
53565
122500
96375
75177
97966
24103
41133
7458
50207
10119
4395
106523
76032
62524
91405
97033
29406
20811
64273
47445
75940
71074
40505
108875
47837
100992
5438
23018
42699
83049
67504
86814
78915
78925
109032
12253
99413
79997
5562
17197
69304
54791
112875
120833
13911
120663
72847
119143
97047
65074
64996
65957
101836
37202
105036
19459
66653
65252
80592
20212
103162
92752
10276
8895
64575
35519
41987
37618
115050
66519
23660
119815
83186
21517
27956
48926
80639
5278
91792
70947
88281
8437
73434
78969
1683
30590
63736
16740
83185
106110
2162
16838
60321
57393
86778
46394
74466
852
30159
14705
122365
83256
83274
75735
80288
49018
8227
84625
22791
52062
110171
14083
56648
68154
3774
70291
30445
47407
21462
43986
93988
15894
28413
75711
86968
20494
40214
55956
73851
56114
36903
33029
46273
21989
68978
44508
24373
38649
100269
9614
45453
27894
80566
102326
109973
80987
41631
91902
42618
34810
78420
41981
52499
87234
37043
43572
64599
94249
99321
77323
71828
100078
101627
120646
39569
101274
40864
75821
17397
18102
44701
49896
65090
30666
110024
73458
24958
109694
90716
90794
95680
42746
32666
61351
34679
87470
83838
27053
10568
122001
48053
13342
94128
309
69190
2897
107040
38520
38430
77386
57033
79484
114357
98148
74858
26076
5466
70689
55733
84790
121602
68201
22161
4830
111045
49898
99599
41768
51641
49795
22022
103262
86673
84398
29489
103957
75687
121336
73253
51271
54430
82943
41628
38969
18646
71358
102272
62497
4744
105725
90315
2529
59011
71284
15149
13860
101707
77163
95984
7974
73951
102994
16244
92012
26057
33507
78865
49800
72816
3506
14195
50698
46575
38002
108742
59283
30733
89581
77496
81122
42983
30060
19447
7220
103337
63497
42355
116482
38571
58209
66673
17946
60293
32758
80434
97452
87512
48637
88007
110372
87165
63116
12189
84180
64094
44519
6413
89129
104585
97837
50386
120444
116556
28747
26567
94280
85486
105422
43577
109407
41027
54729
37157
62992
4657
5933
122267
43032
70827
40162
57588
114660
112559
102269
55470
21334
103929
73894
63500
7338
47518
36518
90925
84560
78885
11413
14292
108698
40123
43828
5876
91587
77354
37626
62357
91655
50614
12591
35664
9218
74702
74826
97576
84423
67700
73400
90128
63573
74078
116400
80591
106439
29457
85060
32915
115083
109507
11121
40222
91899
49303
8890
21395
6788
84511
105992
88694
15559
2199
88171
4727
119125
78943
90471
16752
93524
108653
1667
94863
69960
58528
120699
110322
97499
19738
48035
9052
72645
63181
10917
98354
30264
21166
15438
57777
14459
103491
120812
111495
6126
111984
46396
13667
106196
20324
85100
116488
7320
3996
1747
32649
20054
73359
27886
46334
108800
93355
25458
77204
76086
54849
73600
50003
86829
88646
104518
107726
993
26102
32131
42671
35338
67494
53663
58978
104824
59769
23849
88252
110870
82465
74745
59405
99569
47376
89461
110242
100332
638
46514
42577
42166
78278
96326
50973
122628
42876
85250
109133
52612
83119
96651
37782
35742
95557
5653
24215
84836
19636
103536
29883
7193
79719
118515
119569
13777
74499
74948
61465
76618
28612
33783
84260
28060
97709
67459
51708
67594
26897
6637
2441
5808
51953
93598
102960
92120
50361
76846
81242
70180
39724
47743
63014
121441
59666
61457
26399
46781
75880
65646
57016
91492
16662
4917
24462
68712
90318
105509
7879
105912
53075
95104
60430
23567
90227
63184
77229
7951
34908
101
62439
25028
35695
85675
33099
37273
15059
10663
121400
19553
115113
71364
34798
64080
52860
40605
98671
8163
20916
7786
96688
115075
44922
106016
22494
121586
29456
63603
52733
10452
114470
100577
113246
4943
67999
15153
43927
30346
40662
114623
70146
97484
81617
71597
83081
26317
17731
61406
95162
49677
119476
85211
76226
76350
84819
123331
31575
82665
20359
102103
67908
96916
10790
73200
69705
10403
76537
109241
24981
56303
48413
65963
54723
9604
110402
5588
56078
115237
26786
66360
88831
95854
43207
12687
82402
48056
83101
11065
110318
118344
65123
16053
98665
101472
36260
45496
123426
15773
29551
23078
108225
96647
62767
139
4146
27408
34927
25134
7683
11837
44714
33239
52040
43903
85609
90509
101024
50391
105495
52353
13970
77840
42510
67679
2734
34204
59223
79685
107591
112712
109499
46512
6869
27069
61793
5696
82690
120128
314
16469
77769
30462
17200
25066
1401
108924
4797
97821
82677
45736
73876
110636
103161
71925
118550
119071
49793
24135
53362
30688
91130
53778
13232
87144
20390
57660
44960
89147
54703
45710
94129
6865
55459
8168
39706
90101
57190
47522
17260
66233
10753
75471
99022
3832
31133
64519
69407
51627
75756
95530
59062
102806
63133
47045
90169
84081
96288
41143
22753
58480
72707
2615
67
29425
57213
85993
100640
110569
46294
20532
86438
38933
94180
12387
36100
39043
58855
45006
90143
86729
69251
29089
53522
23887
17182
99080
73616
46940
109279
13632
9551
79915
38187
2765
23143
27061
10497
17531
54036
81644
61343
70457
65436
53847
113697
61450
112162
70980
103080
82232
62411
70471
82791
72113
26454
47050
88232
59358
50066
36242
17550
97586
110090
8699
86374
115051
90884
102707
81499
58138
81532
19127
24520
79540
20320
116456
1222
77185
15218
80533
28074
4242
72927
111252
23373
10182
97562
14768
65059
27846
68036
57571
14373
68360
32641
32104
53985
57973
122002
35658
1024
112261
88464
36675
117162
46171
99227
11439
16859
21100
95486
70721
74211
1443
36758
64622
70124
5330
83902
37742
73991
53758
108449
34016
120405
36310
13585
6836
79263
99922
30772
13164
68535
56578
20548
98982
1510
65840
64082
56931
58697
71715
105457
5408
80331
28525
8529
110152
39442
61409
23231
114478
25706
79106
33376
110983
96254
75104
3911
118646
5607
57998
87986
71342
8195
71766
83322
52890
54918
25980
31157
44763
113881
52548
75394
34950
29892
64156
112472
117180
61255
14438
5209
95879
14028
120806
47587
49871
44817
85867
29537
1992
45341
84050
84689
24364
10199
121810
337
66047
63530
82977
75076
91474
57296
100972
95508
117778
29734
104897
54446
74888
101821
98219
58327
111895
72403
88401
94270
65142
99988
35002
52892
73475
17429
4117
37691
54170
28186
45073
122680
28226
33127
69205
117987
117075
113366
104873
104069
53699
13077
111631
99496
99447
11395
12256
76981
13921
12096
55141
70013
46601
11598
117816
22386
116339
119789
74661
43830
41970
72463
67211
46966
7802
20697
107013
13764
34147
107977
4129
103451
73838
60995
75369
77632
39920
32533
82477
89395
67111
97434
114536
68362
49217
55185
76212
2652
27589
71478
87436
54118
94058
113987
80045
91308
117237
42316
77010
64894
39974
73605
45854
96979
9561
2939
66305
1653
30006
37621
44388
70706
24662
35015
28610
77713
58236
105667
18546
14049
113328
118679
15797
39636
80096
23108
84491
5415
30212
96608
59533
89015
9627
69446
80789
58227
49419
3019
72022
67780
40093
46648
73997
96846
88663
59713
49257
35209
42784
91418
85489
51743
25491
80849
66516
58426
71380
48110
111943
83750
112895
99927
115601
35893
82865
99340
62897
97684
16669
116512
56313
113346
75065
104658
28281
77614
96181
21861
2742
28382
74355
30863
121406
65714
3757
74060
58287
88707
10302
48211
26616
100348
68979
52528
63604
113811
12234
46842
49306
46878
39583
118218
84698
66110
5492
112101
48565
42967
82700
79407
33297
40088
51746
106044
27380
67875
113045
58863
82300
17192
117404
98057
59987
30086
88888
41542
5066
31812
70095
48498
47458
112514
118212
10117
8903
63899
73857
71676
93079
80848
69586
107648
18211
53345
58903
118356
5854
68736
12068
6968
21316
48183
86218
14370
91568
58613
120229
71110
40186
39120
105880
56485
120827
91909
82198
1676
57535
32921
101724
77086
112311
930
120003
113338
37596
69817
52115
3852
27756
58774
68066
76781
63124
49082
71832
57635
73185
115619
112598
75429
92751
20200
38083
122499
61882
50473
98590
2594
46570
63178
52091
71506
33506
96187
121525
12484
52466
73047
937
55894
19073
22841
83891
92146
109266
117118
13906
34571
16800
74873
45761
119770
101456
90150
99501
25014
50513
100309
6249
66947
76296
122316
118467
62557
49219
74642
25595
52181
57999
119623
80851
73408
42291
83458
83946
16557
6247
87122
38192
68529
29859
57964
35053
49423
76916
66542
99478
21524
82959
25770
71681
54865
24707
48172
78804
89188
35523
114620
16016
12657
39464
89162
34014
22796
25614
1691
74217
116871
65616
18725
5317
88927
81842
53757
31216
8577
53846
53304
8410
20938
43966
10341
13294
5793
44868
99032
111312
101725
40547
81758
106966
109449
49388
79459
113660
10989
40490
77517
89232
4532
32405
34606
62450
22210
62520
98722
60647
92535
14064
101111
92940
82542
63526
115730
70928
19994
38655
106025
91732
24818
98889
55028
32725
107638
119740
69847
106079
37136
40361
7940
45232
2105
43378
83695
55609
29487
41599
55280
12203
37403
66580
61903
21240
60268
37565
101264
4360
27754
6256
62733
48466
17034
81799
118993
14791
119991
59106
104061
1250
63192
94366
55097
56068
73440
11034
84245
21419
68930
2108
42839
27979
24810
116237
74298
88759
51173
39684
98479
17161
85282
16442
91878
97355
21033
101371
24850
57596
17062
56216
69330
45523
93126
45985
78400
50811
42959
108477
7609
28164
118059
70882
50029
44970
81706
51252
81598
37523
120166
123473
53694
40108
18429
91678
49296
15709
43018
31663
106947
57358
49325
53700
1724
101001
15172
108874
29119
42778
85635
72152
4687
59431
94511
117321
62049
112684
26417
95344
42929
49207
14265
68942
31857
45229
79331
101860
63162
91569
52168
25768
101659
98127
3482
23552
40902
8421
93455
68395
83065
79261
101820
3891
35944
97927
114512
21144
69223
60870
38753
89762
47583
66870
94433
113963
103126
51639
110530
113615
18399
83259
2202
34577
120119
120733
75972
106649
40315
92776
18573
98623
94630
54799
12285
107144
21315
81661
90593
106072
56793
16265
48533
103226
47869
35122
72813
91730
92816
105630
38962
82399
64148
8248
94429
103811
101632
55036
39784
4382
97416
106082
84413
44336
53452
28096
110810
28928
31240
76649
58539
58787
22065
51467
26139
118094
2579
60182
59352
57091
55284
70995
17799
112357
38704
93064
100242
121895
114580
76033
38819
88785
114931
56568
30043
68099
52831
59385
99941
112109
10131
39111
75491
74272
47431
21311
121926
117751
117490
58980
27266
72956
80476
113266
68838
119791
73050
5620
107057
91981
99553
14166
16129
52925
6666
61254
23812
69733
63940
96978
68632
112293
75400
23679
50813
54501
39660
64759
6775
1550
103938
8575
101897
92155
22203
59858
80087
87215
57613
80300
43076
93240
44111
90205
53585
39344
10988
111111
44397
77287
16123
23480
99882
38249
103836
6377
17545
4954
107439
86526
66978
8187
90456
92478
43238
115536
120690
48540
72589
34172
67764
11590
66435
5143
47609
65260
60739
75346
4473
42535
80314
21189
19716
48976
89410
66422
42763
15311
49216
2447
43044
95893
21352
10486
17622
29858
5755
43641
111141
108696
122796
96636
40801
45060
6830
26382
68205
88261
34904
107491
24842
30529
34542
14615
121268
122674
89414
19792
29452
96317
65035
48697
104154
50539
33536
47926
119507
66564
115638
43372
25368
56442
81348
77104
113919
50787
87515
28155
115809
121046
47885
76219
55439
29657
60167
25641
117538
54687
1344
37491
39704
79793
74916
13413
75702
62008
99015
108788
24232
47591
102197
89638
63303
42894
99222
73882
55827
10361
75776
110175
26467
24883
75739
54978
12079
23757
86669
105951
61043
9378
53593
12931
40199
10758
73225
27791
68069
53553
11314
8117
105768
82744
6717
53804
103396
90145
91819
41873
50954
109769
32746
81990
58132
22262
62330
87902
7136
64755
88450
84827
75266
74027
37329
70547
29836
50335
43339
118959
73326
5253
93471
83071
105656
75077
27652
28145
78543
122535
17196
84534
102808
1217
98957
84470
66048
49495
11815
64857
42219
19824
66101
69328
101689
62874
29039
65040
107575
85151
63065
6723
66991
97741
120855
21275
62847
6184
25628
7089
18303
99910
47300
88151
60160
16480
41159
50061
37583
98118
37629
41253
69890
31409
88114
84949
34192
50053
17353
47586
79557
40560
10362
5784
54132
8994
43209
1577
56272
27958
80250
6463
119109
61326
29936
56691
64010
51502
17595
98912
116035
49106
115200
95652
47597
57931
90350
11968
90241
55408
89226
90081
4081
86014
40868
58470
29250
55038
104176
72126
106482
105364
49597
8446
119985
103623
117009
36865
92235
66337
26958
89583
23054
35841
31003
63680
25136
44048
96036
29773
90180
96733
15336
65763
112523
117676
6878
70797
22924
115179
22801
37278
66889
75337
102961
37147
71609
54878
107891
42694
56294
11050
100126
29182
21459
20521
105283
25370
6934
71569
103355
84182
118404
123075
121067
8115
31253
90763
63810
94699
47623
119227
46957
1861
114255
94492
67480
60470
27040
72636
1101
45586
108220
68679
68593
36255
82830
51778
28878
65998
72032
41758
64619
35086
51190
63643
64512
104226
89120
84112
49078
119682
50325
64429
18733
13960
62083
34434
53706
103774
35646
86595
8414
88477
53037
94845
9383
51335
51186
69518
38236
111033
55801
96195
58771
17749
14307
123043
81432
86152
74551
106661
73713
74653
49456
24693
41495
16342
55181
1665
118571
120193
35736
68767
54921
86645
29211
96277
17633
28573
120056
85115
90257
49873
11589
86826
89585
55391
7584
93188
105567
51926
106741
35922
27395
114143
121876
120916
51113
117610
110730
20156
107657
11109
787
83331
112615
57500
106585
96736
85309
35522
2322
19312
116780
74392
53226
35223
609
28992
15839
86888
42386
63425
54374
122610
43257
114723
44514
8617
36714
90847
72808
106326
106182
26
53303
115548
375
62265
16610
51834
45163
24876
5175
92010
102445
58212
69213
90584
52334
30724
25319
2684
73880
72667
121045
67644
64638
391
99377
46447
23578
10867
31515
118273
73843
82605
36148
112999
49267
23216
77599
56536
72429
117460
37977
21488
80627
75024
54502
70683
59456
4493
99357
6695
85420
34710
45075
60455
52936
86125
120644
4304
31390
53431
40354
6343
38900
106648
89869
113928
38047
46462
117463
70214
71646
104515
80088
46697
58704
87559
41805
39638
75375
119008
98574
6313
108090
59873
30747
85155
55275
36276
5843
41600
105357
1837
68533
83059
77756
34244
86893
102218
81542
118192
88738
110296
14034
11026
41393
95551
27840
37947
66362
67419
25309
60000
91532
9054
49760
20899
16550
55015
111911
50585
69100
117939
104746
85269
54746
34967
117713
107365
25602
113623
35748
68626
9180
31547
114667
61927
47577
89307
23485
39241
46046
22855
40413
102817
26948
4485
120572
121619
94832
121153
69796
57062
1005
115156
121098
110578
3159
2884
108771
54001
26884
83749
31834
110685
67369
12086
28543
36005
13382
88632
85397
53017
40039
7590
49471
61361
4629
41752
86001
120341
117236
38379
17500
90644
44449
116300
7812
70470
122005
102887
99564
91031
109469
36678
28774
12951
98068
90398
37295
46671
92014
108256
26819
23707
121816
37768
101599
89036
92765
83877
35987
98524
89227
18202
10613
117367
4243
113379
65019
56936
59439
49680
57657
100761
48563
77973
106100
19795
123024
24035
11997
104902
5506
104986
65960
6639
19709
117576
26706
102794
71203
58995
112342
3591
43248
15892
109905
90113
110110
21382
99525
118495
39315
826
94545
17438
102075
39345
92791
13785
90024
114347
37046
46523
4121
94917
41012
94789
6838
85651
75012
24513
112864
28212
107944
96564
5754
78323
110246
101359
959
79806
86947
23931
23250
78264
113114
67441
8264
56771
83704
12733
54598
106684
92183
86563
95150
22633
16937
84105
54939
61434
108936
58546
62761
64503
40837
104094
89284
48288
60290
109378
29606
20868
98327
107914
86880
17376
20743
27463
35397
64105
119228
47917
21148
17701
76356
59632
97871
64069
59718
101375
9379
28320
1311
38088
89350
100883
18234
110985
49854
3210
28344
76193
89443
55049
104366
37800
118528
117110
83649
54435
31245
64559
10573
78637
45553
18933
89635
67224
71545
61709
54015
73287
69228
51432
72197
53361
67713
30673
13665
90824
42728
26920
115133
28463
16592
93859
38526
56169
69931
121654
44142
83036
69998
110939
36983
580
78973
29007
57022
38926
60994
7316
2809
102409
53965
81805
80934
96347
40531
18927
41279
34871
100138
94987
71587
53784
119506
79585
29733
96396
109299
65570
102278
27439
5879
58642
110896
98371
104004
47791
23982
25702
96454
19935
14646
120866
22838
72042
20773
108179
42974
6928
83178
29695
76501
8813
58269
34739
48321
39086
113785
90887
62759
54421
69021
3116
51073
9892
112534
59044
110278
71576
102599
55048
77949
99713
13679
55393
117752
107232
27950
44255
81442
54947
54910
25818
26416
37891
87318
117219
105949
107374
11086
115680
4454
112058
116709
100029
4183
8691
75046
92262
71891
9301
118125
114125
7131
120400
60255
29107
33106
105418
29251
62391
14320
10714
59457
31463
96546
35741
80353
39062
59287
29729
121759
111143
95361
15663
117590
35799
25936
57309
30453
66895
116665
87322
4587
75052
12047
29639
92248
112278
10641
1404
24282
46652
109809
53245
75682
62449
105477
107049
58945
34181
60518
72472
51815
46928
74132
52024
868
55298
81645
114556
115491
43452
41555
116745
67194
92356
66597
25220
107453
64930
20638
52755
88428
102805
89957
20542
22030
31454
10232
96963
6682
62012
26221
92682
108470
120535
118738
5373
79559
91407
44455
99487
85924
19471
42244
114642
116296
68747
79869
37704
18539
123360
108386
78802
88282
111291
1345
32686
109685
20895
3222
42052
114671
76664
94431
27741
37409
42685
22881
57073
3869
119140
98851
9929
59731
43288
49724
8218
60096
52836
18980
96419
55217
50863
50690
50385
117456
19168
7680
9263
46010
52458
120081
80842
8056
120212
62266
4698
8363
76384
115425
123200
13139
38622
85584
62089
97393
62754
13253
17997
106130
91698
81737
42697
16535
27017
73243
23257
82807
70964
66901
74925
33813
57281
68241
95304
31617
7243
57845
68519
32605
93351
8025
15980
8745
56871
51055
35778
81846
36666
37690
111904
12248
91589
25540
29694
21891
65587
122285
98694
111183
89993
30791
81206
50217
114830
110472
115103
30393
47931
71355
6981
15522
11046
85122
51631
7284
52759
47795
114258
51123
18610
14703
87604
90461
22314
106002
86837
58180
31241
44006
99560
6125
101965
116964
52202
114507
96352
94491
11774
33559
66207
74350
88469
81454
76989
48561
119050
22990
116010
100064
23517
41260
97973
120041
64386
9351
98729
117932
86351
51194
41314
93414
105872
97266
121621
18609
22168
77248
19205
38644
115616
40051
81263
17355
74895
28362
57
24557
17096
51866
122071
20985
18286
79022
33475
50702
74063
121901
120991
80836
27587
95731
2362
23991
111250
62195
47800
98337
53881
11058
26048
16463
94391
95131
59121
76183
95243
33411
121462
22412
12348
618
82351
52918
83938
90476
31067
43517
42562
69132
1643
59420
19642
70759
79110
29192
99130
102902
13054
56573
27403
120087
119653
96356
121131
57250
6086
6971
75686
91163
9674
8103
73654
13200
92713
22495
11792
82761
3063
50178
13747
107108
36232
100563
118123
56923
81412
77649
100744
64323
77705
86342
7754
43474
3036
25777
123041
41261
59258
83969
105239
116572
65378
42526
47493
29713
51276
5320
21595
79478
30877
32386
86387
43306
104108
77453
56148
17906
32119
3623
121989
41052
92715
96095
28638
84538
31929
80038
90560
32200
51796
51949
30575
106535
96554
18225
35134
115417
120732
118436
51852
18163
566
62015
37361
70589
71890
71227
65705
53259
103781
3838
87536
68813
40814
117509
77553
109444
76062
45053
6818
70552
34775
82712
95211
86270
46126
92824
38517
115835
69241
19984
10816
97224
44025
30440
26244
110125
47977
99590
119165
48508
69302
19766
58310
33858
27300
43826
97074
61431
102648
48911
32380
49585
17266
39239
68667
80140
21415
116162
7580
119699
17154
110030
21306
53451
78338
4706
72376
60972
98338
93210
104062
105059
47393
62404
42182
102776
5846
922
2193
87587
111220
52329
26516
48591
21473
47168
58418
30225
99036
4214
32003
47026
100929
102285
76770
44710
77931
117930
37733
52963
43811
32373
4444
817
446
61650
62192
61991
72642
35354
12071
45094
111480
70241
117865
64058
108898
55832
2296
71145
114007
33989
16049
25550
64318
114355
40364
90693
21372
60818
66833
116160
19736
19040
94149
46580
26370
80163
52697
53101
13980
19080
56982
103419
119137
31316
79011
50159
61411
99869
119835
3889
117135
19134
113146
56733
68946
14517
9616
117388
103364
77560
72428
97986
92187
83913
14593
34699
21219
54587
80968
10880
44091
81186
16761
108883
50760
41390
58610
93773
75417
44778
13176
68448
74897
44334
20861
95503
105845
27562
101302
80281
71749
89073
120734
81680
20126
49409
71637
96411
30524
25933
45625
15845
105501
76326
37423
122201
61098
4282
30809
45385
102375
98705
71522
13532
110280
68651
99639
51351
45796
19909
2208
53001
25317
48346
23900
63432
82401
97292
98015
25321
116253
19718
8767
1618
90216
29138
66762
103450
26241
37137
12777
13123
69436
85312
82490
24691
66441
79615
76318
71105
48872
80826
98280
115989
29840
9094
4375
40566
120048
60088
80775
73000
26229
16192
108350
50976
43769
66356
38116
49503
108250
61089
123133
51132
120062
121972
117787
95054
62186
80834
31433
117179
93027
14312
120803
88338
6274
55580
59741
24892
9680
91842
66412
106484
122469
18507
16468
4445
78370
112466
80746
35916
12566
27425
111618
117771
6422
35087
13867
65309
86734
42422
101387
109210
31912
63131
28560
23875
24736
43777
3493
106125
50799
4995
42681
23735
90322
54691
116711
96076
54204
107999
1402
107348
122890
15057
5716
117074
77858
83615
39279
15658
798
46399
13239
101870
87437
57017
39091
11242
75852
64243
37591
86897
84082
18462
57706
28552
42980
112955
82847
49311
110580
74356
30502
76161
42717
70112
105233
21229
72869
104571
69654
31892
32392
120184
84739
27598
50131
20674
67864
87861
18833
93047
115719
35091
23770
78027
112152
118518
119515
98108
18875
4791
79152
10707
98734
47649
54340
42207
35306
118138
61151
87971
24572
59374
99037
1632
56693
49094
53079
28280
64017
25847
70456
46166
19461
89852
78501
61054
50737
55759
78992
30946
72798
64715
88700
23155
36688
35959
12140
3422
58160
50745
84478
104878
72480
5701
12693
48988
33953
112249
52958
54126
122136
65155
112290
11756
33866
15379
87116
27400
91526
89197
29030
47689
48864
3061
105625
105228
3841
9261
42302
33482
105067
79592
49300
6257
60134
1272
55428
91287
54715
23163
27276
74903
608
40152
101822
60337
93485
73383
94399
80497
44536
7175
41357
78196
21035
64146
13739
14069
97407
57528
87500
99890
46218
84619
105860
115071
5163
117439
12531
85315
84070
44430
42040
105269
101582
85550
80860
114501
79418
23866
97298
88317
91721
56009
43574
79730
6071
57541
17304
71448
39059
5985
51561
23445
115618
59250
80928
93189
1184
103529
77116
56267
27140
122386
105654
39099
3664
15102
71801
20377
36096
6056
31176
114657
29517
10996
31190
9202
116700
17293
58431
35739
22982
24287
84388
15221
15724
61586
116594
89192
98450
12501
20136
102576
1771
82029
107456
62805
113956
26086
2041
61218
70476
90447
11605
16013
66702
69666
21061
9512
70869
33967
98952
64421
96606
29061
25422
113541
1400
9761
33130
52350
46918
117351
21475
17546
97524
111655
114315
107735
82990
95881
35137
79907
58104
108317
61889
1559
119063
65781
52212
116117
97067
5797
24241
110436
102241
77719
46020
113612
91503
98544
53855
72280
66915
29776
30191
80871
120579
16811
88424
8072
22393
113547
34171
21212
23321
58572
122233
94570
76202
32316
84502
101212
8924
2242
46458
83907
45607
89918
27315
119444
4353
10670
80261
122064
110352
24243
117262
113716
91549
10800
15456
68925
17207
15677
1361
34617
113285
13293
101863
119012
113006
103970
86004
38350
73911
53159
71968
119138
27824
110978
15300
53045
45687
34304
46131
38846
18205
109686
99708
12864
87196
90484
27617
7041
31340
83395
67043
67876
118786
34458
73649
122725
1755
4703
13013
1577
53913
107092
58653
89035
120778
11845
1899
110236
29809
118960
96991
51509
3059
92514
57944
57471
57432
111324
20957
55623
78351
90917
75430
55765
67224
106555
52301
108306
119491
22105
33658
5522
16176
87231
30651
80351
55756
58241
12880
105103
61344
59896
92607
25838
103304
111661
104149
114815
104916
70374
7753
2205
70872
107725
59361
116566
73525
49206
29522
61792
81863
13126
38311
72076
91414
111175
68976
44856
98710
8261
34522
115015
109021
122405
