45502
49589
32087
30489
26387
98502
84456
35522
16766
7280
44833
95893
91619
86690
26051
69131
24275
61643
68858
3324
65227
92226
65513
8413
23362
6498
45487
26734
403
13619
22309
614
12194
76006
101863
9620
11624
7021
24728
61356
24538
61182
84451
69396
43620
86422
10490
48397
76086
220
69085
57080
45723
28960
33789
83070
30691
26430
63021
17221
95401
86358
100339
40760
72345
47711
28263
60264
40826
69750
34699
11932
66535
3823
19028
58403
37926
81891
46365
84535
91015
39696
71476
30225
7576
45608
10834
98437
31607
23886
101860
26651
15724
1421
20854
35572
98740
37220
81007
89381
87036
60944
57378
98461
61098
71633
25705
19869
14983
16294
27029
65687
26180
49736
28762
25955
23222
93386
5692
39906
922
21556
25787
35725
56422
92630
90856
84191
67764
61536
63404
72310
25115
6224
100654
96595
56256
77834
89693
57717
32490
54752
60567
32100
81486
1353
31267
78830
88046
41592
36720
41684
66865
79751
3203
12555
1723
10635
77337
36405
76183
86629
32073
1216
70739
86796
18139
30612
67484
58858
50448
51686
39393
75821
67165
77161
24332
61970
100801
99983
57476
32321
68151
58705
68963
2085
72858
67275
4943
40990
55237
26294
41701
57507
70320
77254
19118
10520
74002
28700
45647
43825
88841
40181
23758
18335
47178
62552
96018
94352
85230
46357
51653
12412
93495
35251
53768
52963
65496
36118
7860
64775
67342
63094
11210
52853
2428
37686
50026
52383
76582
31152
24248
53827
58506
45693
41920
69171
31127
14072
12179
72401
58989
42433
65060
13205
31959
63817
71511
37319
92122
83667
3336
7867
22699
92386
101958
94155
92567
38286
60156
55080
87081
97433
63600
87424
59425
31421
44194
60402
9338
91211
26026
56052
46631
37399
67809
66232
215
11541
100688
49661
88186
2763
59848
4535
42288
90083
30826
35264
79628
50469
17754
30068
91236
13930
15711
66692
64222
23621
42127
17362
14880
19202
36658
53215
75551
73136
40172
87604
14536
92265
69705
39327
12875
98207
13404
99123
34727
6831
69676
88865
26597
24410
25100
50494
45863
17951
83697
21956
36208
10216
82966
69816
65039
2075
70520
75528
90318
9539
64330
96846
92201
59469
39487
56800
38210
31638
26184
81965
47849
6022
91255
54269
84604
25179
69289
48000
53121
69838
53080
89314
38152
73696
43741
70952
48541
75204
61735
45720
6025
78986
8876
17212
22884
655
32317
71929
83192
77323
40758
38151
2766
31199
63205
49572
75777
8457
68263
3888
54163
47389
69761
12454
23397
80912
84116
79808
6986
85349
57235
75537
85602
10344
25944
25519
60793
93760
40844
3935
2423
64238
12579
77755
21385
93927
60926
17419
53092
6033
12823
94902
15300
12894
17511
64074
33844
49079
64964
70090
26272
79644
81528
89374
32388
17880
46705
44584
21876
46971
75831
35319
38031
21430
12147
54052
71365
97293
37807
81841
22936
57067
51310
89677
72765
26985
18345
68615
89908
79094
87977
86576
33143
91986
5175
55857
21337
98260
72381
1856
73857
85554
87213
3152
33596
56635
8094
56628
12553
48811
26472
26367
41718
53314
7337
16228
25177
33163
93272
25606
39745
82322
74455
93455
89501
60191
50556
36631
100295
83308
82899
76504
75655
98882
9735
44878
31104
55458
49664
12076
63086
88790
52511
88832
88447
31672
1089
68901
33820
85702
17729
97008
85790
39732
17856
60059
95850
101556
34377
76024
42877
11020
78377
28562
91915
48769
27204
33579
64617
8384
43356
85460
83081
101883
76966
64743
48737
50157
48644
36861
91895
10329
32860
100986
44036
35704
65097
44813
92202
64486
24251
7208
7152
40320
100108
46756
67452
54585
42752
32465
2012
42521
46374
67045
38145
38042
71149
29174
24530
22894
20007
36512
66221
50808
55441
72178
63998
65585
38583
88248
83795
20159
72281
89070
34808
52967
98469
84171
72538
75615
63234
56552
88452
16395
13842
18839
28068
22048
93954
60258
37127
43530
17966
29998
22414
61872
96770
3859
75322
24871
64951
41257
15746
47212
751
99220
27916
80991
15321
40825
7016
3205
11422
4958
39435
48317
90267
9873
67064
50088
23631
37801
83492
48575
93917
71178
13865
21449
2688
16581
17074
45258
57562
41599
92728
7614
66176
43760
75816
92631
66260
20603
84521
94289
78148
65610
90087
50693
12569
54564
80744
21878
100579
29412
26999
5388
65328
16189
55843
26253
33609
49126
12955
102293
58893
40912
58476
58599
34836
90396
78785
22319
27038
69212
37556
27353
81400
34020
80491
7750
65981
3477
10682
8633
14486
76076
22734
32634
60925
38100
24372
47907
46308
95680
8083
70496
33326
18792
18017
2025
80594
80751
1020
24064
61715
68175
102609
81858
76175
99398
55625
67480
11643
14509
36433
51592
91966
3600
46121
18207
38591
56287
2736
74514
99766
35773
53490
35239
41240
30858
83657
74832
50459
9372
30865
2089
77603
78379
77026
38524
25923
90085
34308
79079
89010
75909
7730
64531
21656
1623
54445
51814
73250
787
64170
91511
81265
64517
52706
21268
84705
48043
46965
47831
82297
12587
49492
10856
31817
89500
69476
92726
1224
62687
20787
65489
80100
77106
59374
48207
24111
98489
76836
86582
59537
30528
74216
89212
5384
1120
2602
88180
7272
38810
79649
66085
34626
41245
90344
33098
74505
86203
34850
35266
88527
87828
100849
38872
88496
14523
89459
101065
42992
22567
84513
50962
10651
17758
67652
57569
36186
89270
30345
91934
101020
1902
85180
42794
65810
15926
73509
13430
62061
20075
23791
76159
44037
67686
47421
53649
57068
3238
61402
99018
22072
75805
99384
96792
33947
67646
55491
65259
25655
40476
84833
61054
96433
96650
41072
10063
85047
32986
65356
48837
41169
87031
95685
63315
72689
47314
14027
25783
80540
90215
58014
34785
22978
9182
49483
20825
59852
47450
89623
68193
10247
45445
6466
56953
99170
31241
49243
95268
54245
49113
101512
42883
17001
12772
16188
30934
77940
75619
41600
85393
85880
90337
76809
69805
68414
101811
49024
33470
63754
5480
58251
58198
28218
39470
27951
25841
86272
91857
44160
28654
64542
3537
14617
37996
31941
84419
69628
96271
19238
86117
21943
69610
79905
70825
96004
33045
11764
51065
54926
41167
92754
47273
23690
58134
32284
83078
17230
94986
70734
21721
16073
7146
47547
6454
40121
71354
19217
11068
90607
96072
96670
101435
95331
32265
84988
60554
65294
82817
89116
58958
26468
79404
89962
63105
15295
1074
58780
71300
39050
24292
89537
16964
51551
82962
1305
19636
102603
14179
37088
32091
66018
561
79781
68810
39853
23058
21116
62701
76425
15395
14120
512
69973
47917
93628
78811
63143
101180
22440
31621
86353
2335
82665
91785
8899
34562
55907
31791
84016
58509
7259
78298
52594
68002
91056
4904
19804
71944
56199
22530
38648
60614
59375
25492
58962
78343
28383
21850
23577
38337
69283
49848
79042
18598
94932
209
81038
41310
61250
32067
70174
81439
49188
80264
78250
25922
89100
73362
96561
66492
19980
6479
49488
89731
93421
31661
15196
20686
28950
9310
56442
62993
25625
49564
67321
85453
54954
75466
41531
35175
1340
65246
29270
100266
42052
48677
35544
59236
5508
96898
86841
97688
70047
40286
82959
56859
48951
64199
75190
8299
101842
70156
81536
29284
51630
95768
4501
92740
13652
10819
10669
67251
53463
14129
89559
50550
2308
61743
7704
80434
65304
58578
25876
29786
34990
26699
30941
68319
96067
8336
62571
102325
66065
78103
32619
12263
20020
21487
28871
20859
76565
31773
92323
36141
71362
89164
97850
77763
50925
72064
97572
57204
13427
75850
76688
38118
57206
25001
4984
68801
2252
58873
91194
7821
53769
31889
42183
468
59059
58882
82715
72277
50728
37482
19553
61610
28319
6387
96677
25828
51857
25495
61826
97871
7446
50333
102174
29229
88244
25081
78455
5765
73809
23403
47375
14002
50233
60542
90427
6404
96061
90464
58776
87300
57827
81331
18265
42352
26055
87289
97405
1214
27141
25184
37865
9359
97734
93754
7056
2934
74511
54676
87900
56001
63016
91274
90037
65235
85994
60794
19041
87694
51833
61045
37377
66884
67499
8300
80441
49487
57102
51102
39081
30214
63981
31561
35496
83860
10363
67668
59350
44454
10165
10223
79050
50812
45064
1575
88511
10621
4645
48245
19810
1673
6994
58635
90341
75856
61142
5610
2
17461
2999
71205
31390
1408
23050
56179
61882
62202
15079
7837
79053
14369
40274
39620
58891
76763
27336
13590
42782
26356
86539
56575
8311
5658
14979
81522
64385
30362
97843
24887
8283
9187
55781
89443
29166
78382
87165
50912
59370
68107
30717
2886
97427
47163
33269
18519
56382
44303
33855
6355
18091
13946
21960
3243
57405
77487
82038
5475
37393
79788
6554
69948
87550
53334
34086
56262
46132
69444
60884
32107
90060
61481
36925
78052
89189
48303
2490
6112
31525
75376
4653
30706
89634
42633
22087
61411
14790
68007
62753
76637
42404
54232
47976
76850
32440
77629
53877
69643
4727
57454
7897
20691
47675
54593
47677
92963
77147
333
89093
52321
58621
22551
93914
37543
24837
16475
85220
32210
62673
33356
8900
54211
92775
80134
74297
74682
32328
55931
92013
82215
55783
11391
21830
35161
16819
13441
61793
17266
91766
95051
75912
47561
6777
95518
14
55233
81656
22706
72172
75555
5620
96258
64235
49460
76625
69829
64757
81865
72362
58189
77186
80708
25601
56406
28537
67949
83193
41857
30088
38214
91180
32290
68304
27054
26075
59293
11103
49009
47941
75428
42040
73731
73039
97714
18802
44521
13847
72440
96808
16620
4466
17420
64437
19341
14238
28303
20127
64485
82735
35558
92377
61094
13795
93751
71413
41908
82643
60750
84581
30456
87269
78147
58455
55271
82683
75316
102009
5041
36028
60356
63979
1758
21311
56271
15981
23392
50439
41080
94036
79089
6307
16525
65632
73481
91226
22790
60145
38717
59681
99857
67897
2986
74873
12118
77892
86374
23542
79603
6150
36414
20595
73686
8091
82533
56066
28060
94955
47366
66011
39511
3773
78291
74619
1137
25861
63245
39456
2738
74584
98324
65767
40394
49449
59830
51602
22156
46724
38607
47572
77687
12889
13602
100619
83090
11049
73670
82278
69937
70562
70797
87133
43408
58605
72397
31909
5062
60198
10438
19679
15444
59585
13974
37602
58205
76164
38128
38605
10470
43839
35535
60804
6848
8187
32741
23635
48609
29022
95174
43503
72304
58606
126
36592
38533
94344
43750
73143
6318
14559
2405
38465
84727
48337
25474
63658
70146
76627
95783
13829
37974
19197
31016
16086
49357
5183
22948
15949
8897
75338
66622
54873
62228
73627
9733
17383
91824
22397
82305
47145
10397
34745
66701
82320
75899
58611
26968
82123
24321
47657
97182
75041
40423
46629
34629
49737
29570
58054
32060
39584
51466
83734
46627
51211
37058
31517
93902
11816
15315
43014
61128
46681
13444
12641
6619
71642
52324
89842
84015
63690
16154
85010
95153
53604
65463
62733
27671
23005
34831
39348
24675
48558
72676
70517
19531
59882
75083
14034
70875
99209
12319
87557
80257
24326
5283
39146
58984
20094
82724
38684
3974
34173
79538
88604
86618
95865
58777
36339
22047
30422
14702
67491
33860
44154
11448
64305
68447
43035
101672
54903
72355
57675
15927
86784
18495
1375
23882
28601
47872
97365
18928
57430
80428
35959
39051
101269
72286
38226
12719
10006
28374
90266
84760
29931
54021
101261
41139
71353
93797
2511
66499
11178
62856
14318
13872
1512
43457
1805
61724
69582
12607
70014
76579
96430
51825
56094
3597
85493
80637
81458
70995
57032
79011
49354
55254
5611
10198
75890
29515
45369
90978
51234
64275
38678
37267
46834
94172
22098
85612
21253
375
12218
50532
96923
11078
38350
70062
95297
9744
73330
42167
66687
84709
10441
6912
3186
24061
22232
24879
17928
47753
94625
93330
54055
97477
20029
18330
6879
31711
5836
51179
53921
60428
15578
34058
5976
761
60171
18301
89867
17902
95641
67702
69273
43471
30468
95227
27561
70950
27135
74639
19468
79311
81215
25748
20853
38076
54822
31222
6784
50799
9474
89157
24823
78556
89404
29766
44610
74831
53835
69433
64311
72006
72961
46992
11868
55189
73608
98346
32231
62010
13907
40199
9825
33340
43024
12868
12006
93823
41047
2277
894
67117
48977
74222
13662
36766
82139
42760
37044
92969
21189
96084
57414
43782
11211
83601
52860
41597
27214
77381
63647
83747
8998
29582
3443
71542
1194
13304
49567
37738
21583
61763
75355
91257
42897
49145
52897
87610
86966
11015
84797
16640
54854
46935
83627
69186
53799
83255
79859
7424
72572
8162
40135
100476
34696
94251
29441
65269
96400
38828
50135
6671
83876
40714
75595
14368
24803
87057
76548
47571
9782
3594
102313
75037
16067
14908
2745
7840
83054
61432
78603
81969
67970
40729
21345
22858
2619
2560
100419
79
82971
58861
102461
11578
57469
54394
91262
51795
18398
20063
58499
88378
26391
52319
11686
59967
91592
64469
21914
35250
97204
86366
18687
15411
6122
65387
70613
48067
9769
37888
27279
11326
40728
48194
69918
42478
26776
54709
95747
60192
99315
94497
99606
72246
4427
1473
65803
17698
12314
26462
10957
2294
84102
39540
70687
18031
60929
43524
42330
86045
17760
61430
71905
65290
45245
61360
55347
96439
63496
91405
96829
85619
87568
32964
33412
70213
51709
56480
69583
87227
8558
17388
27560
80028
92041
58870
70672
88073
2506
46191
49787
34122
18748
77221
57076
811
70233
26246
68809
91173
2382
99801
12435
101792
91037
79618
53723
85606
29373
4901
53743
29713
3539
20845
12881
8406
15146
33802
54280
32815
79581
28810
62604
73283
1821
24710
59737
5366
44462
85932
34945
185
984
30705
78714
65883
36606
3401
15985
75104
12073
40809
89176
97991
90542
7970
25362
97456
47346
46928
90095
80507
100600
39881
3140
34673
49614
82763
36543
50343
6854
90558
4476
12964
34970
49652
15158
12221
37150
80574
36715
91008
28398
81246
72002
90208
81709
90001
14468
56582
31147
91142
91811
84493
39407
49069
63017
4399
611
32078
64639
12075
43273
246
93750
70994
54949
72525
7042
83934
21228
87445
61710
86284
45656
10778
10909
23335
91111
7987
99035
15128
7982
50657
33703
40282
16712
9363
68277
66581
53076
7206
33689
51803
65538
36565
35519
71402
13337
62294
25156
48733
63843
87068
84369
71991
42028
41654
9186
19609
59185
15704
97089
25698
45450
65148
93876
37516
21336
52555
68621
83179
37693
1050
79359
52483
44145
44563
4365
44480
34200
41610
91185
92109
74031
51140
35934
65544
84368
96875
100426
84692
2068
21677
38328
5545
15638
86970
34668
26883
51138
86512
18393
77585
65475
43303
85506
77925
24720
74916
75039
30005
122
61112
94848
70713
37492
10009
6809
55307
20674
84152
54328
70377
23375
9250
35923
20487
88664
21367
30533
22907
49932
71825
73247
91695
8390
9427
17930
47929
27406
38266
1262
64288
22450
38618
54714
27478
81666
10932
43575
24375
81518
14132
81146
59239
76541
57456
97212
8398
68099
27994
66575
45179
46011
64005
57020
52787
46930
37806
48369
71164
22856
30409
12248
26327
51247
57564
67573
30270
45516
22730
64253
88698
39577
27363
60208
39608
98085
19159
70036
33223
21631
95119
55658
33566
74039
15285
4663
95717
36828
68732
90933
100814
84729
81599
13733
64270
93948
13879
46671
34488
34643
68940
42603
59968
88338
101286
88156
24315
26044
41950
20096
75834
21176
19957
14524
39021
37140
74235
17870
13654
18302
67778
8851
78479
31564
58356
73808
66901
71269
40832
83617
61504
47172
480
4214
26922
35061
43627
12581
86896
91039
8164
5721
68426
79276
1341
61266
31884
81827
40603
19934
54806
82362
20974
29867
15883
57928
39572
38125
73316
31750
49249
10796
20274
4832
47041
66379
69806
59008
81247
83754
19035
81963
13326
88208
24339
83762
38408
66052
4496
24422
42447
50861
8489
5157
98593
53929
40460
9795
19485
78546
15310
98285
7638
100514
25153
11144
49685
30624
65292
35701
99421
76378
61803
19448
51208
83520
91077
52684
40048
86072
16169
64545
50652
75234
81471
66625
36964
48116
23107
74871
13542
759
26191
13903
51221
61792
46707
34880
23407
94182
81550
40916
2280
30862
27504
4941
92401
78322
55870
10514
38168
9696
96743
83561
74348
76909
68843
55114
4528
13341
36297
79752
56381
28739
25839
72309
21066
74207
84067
13322
34914
31271
23073
31085
10742
42859
101439
35281
84250
53203
32270
50444
10249
78418
76216
17228
68409
66402
90838
88611
101441
48552
55354
36887
67299
53897
34253
6946
45644
55125
16586
102078
9674
5066
91578
90764
31598
31111
22648
29225
64685
900
58990
39755
55966
24155
28444
43558
12596
3572
89248
85390
20003
55689
69893
88078
67575
31100
58270
90222
62482
78364
53622
88256
28183
35962
73132
72500
63338
77865
54099
45408
65465
3460
59638
91005
10671
63168
66307
99195
75318
13925
25631
6647
54846
22872
2284
89562
91416
12885
97870
55068
60920
23881
36526
815
75113
25915
76010
54316
10626
29821
37618
97824
2470
49704
46067
11250
34731
56524
15969
11852
7796
17645
35497
90539
44502
76035
85995
73821
71070
2829
81023
14723
13734
45209
69532
99595
7998
16796
43318
32674
70184
26263
24005
40763
22404
55726
20696
57612
66437
80341
3166
26119
83253
100195
100794
29039
1963
20886
79678
15263
77090
17896
84622
11377
89185
33284
10743
48874
26365
45816
4144
31848
43746
9526
91740
88018
16307
33034
68484
68651
20570
73497
82444
6991
73564
26083
24295
2225
45893
32291
5510
86076
55538
70915
71425
46433
29498
21982
14962
88944
44837
4287
72504
1076
90002
77985
98081
90515
21390
89087
8603
100973
25542
72110
57345
94430
35533
44335
32538
17066
59684
38698
19873
72354
82130
32219
20752
45973
43624
51280
42820
47373
24169
10251
4392
80199
75344
92261
52702
16135
65261
55009
5120
68788
20306
82884
93553
74636
18152
2605
54345
44459
45374
90158
18999
10625
11334
98021
41309
74443
100349
62759
23906
26376
79707
55619
21757
30498
29613
95964
92373
8023
88406
87018
69372
55856
46091
13756
61915
74677
67376
100790
47582
27662
47430
48050
62143
96048
38014
54048
55065
93086
76116
96220
45090
46941
67296
621
9360
20193
18642
33851
45261
38035
43090
57427
7501
88852
6903
59891
52294
4537
49441
27111
28302
22270
60117
84381
67583
34858
36497
52557
61578
16554
96350
21405
98309
6142
71742
92493
36194
53204
51691
87159
24426
37372
29209
22282
70866
24154
19954
16516
46052
70521
11401
91176
100375
14417
100148
79688
11756
79777
97774
45524
57192
16864
83587
66286
73722
88353
36033
478
22040
48141
39617
75419
79736
5094
11846
22437
64630
81207
7925
18460
39809
76654
13202
33940
69354
62218
41830
92783
80432
37397
63646
61165
40706
39236
36601
80924
12526
98545
56968
97242
69365
40396
95919
58626
74743
22360
59482
70546
18289
98620
68830
21709
15929
31659
82883
10568
92046
13717
80055
75237
19860
93498
78661
20213
93228
45313
27624
44766
77958
6517
77390
37175
63301
94393
43925
18870
42467
43257
28435
90471
85281
26334
63409
276
80385
14061
19447
20136
18361
93867
45306
97948
89062
24080
86081
90430
35234
82970
50816
82718
16368
69074
61431
27056
30679
11382
21976
66476
35096
45651
85597
14494
73969
49047
83374
45292
83444
62826
39116
19740
26345
41722
14734
26418
34791
70440
17294
86256
38281
98701
69319
67997
51843
100345
66693
64563
74466
64237
6085
32685
38441
85108
42851
31740
7203
7684
98723
70612
67576
12638
76168
59705
70881
6433
17002
72090
42586
42991
37857
88359
37998
17742
15108
40167
56840
98425
96612
54563
95433
7601
66688
74001
94975
14521
41132
36387
99874
86242
93089
7347
56686
76384
6680
127
83301
29514
90684
28919
53397
47065
33021
3641
81659
14903
37668
77553
82002
83864
41782
73532
72557
16369
3163
65355
55676
71242
42783
95974
93304
64295
77160
77127
12030
19710
21824
37813
98086
83053
45550
39069
86388
8508
39171
57054
53081
45037
4232
88358
74331
96941
20272
29666
71690
6168
100852
58529
25966
96441
74288
50558
91127
55275
6020
39954
33711
23099
90569
1183
44169
9185
78943
729
25739
6109
89380
45104
49747
15099
26061
70635
14017
86536
71668
45229
81690
63908
67915
67770
14854
11997
38873
76911
55409
78692
75508
74195
61980
93259
13534
13669
43611
39353
63812
43956
87309
8307
54652
3803
70538
36553
45184
64872
21579
6655
32479
1811
51777
19184
84288
102507
59177
22742
63942
26115
58276
99817
31738
91130
88560
2298
30672
91771
26408
22975
13939
42930
4571
68688
89696
37666
23946
84895
76289
99540
94874
17
48160
33718
66192
93195
63945
78166
68740
26161
20645
28608
11491
54106
78539
72861
56905
69506
94671
51870
31246
47357
73390
91227
80948
76545
19291
5112
80909
27059
84424
90022
24444
19102
40496
65445
51345
85486
48122
23310
45198
64478
50365
10421
95247
90104
61542
48189
81073
62374
83182
40868
87465
80265
79099
65517
72648
60470
100136
75050
54481
39080
16127
64150
55477
81481
70455
98401
23052
47562
78776
46194
55309
20451
8486
99928
44822
74813
44750
63005
94750
82255
60617
77599
77290
55049
78047
33602
26219
91649
92921
78638
89273
96965
14059
40163
3652
50534
18375
78746
27771
1852
41185
42645
6732
94657
58859
34637
15471
57156
24348
73451
29147
40331
10670
9536
82153
66741
8934
60352
16473
36300
88104
14465
82060
24433
34340
61242
56921
92916
19323
48613
96259
19301
92932
57318
24591
69227
77301
1806
71294
5004
99966
57799
35056
80335
12071
58484
25332
47206
47712
72568
42195
19856
54129
54110
52367
13442
39708
39941
19174
91276
18463
61252
27638
79056
90658
29828
67718
96055
87511
39728
8967
23551
52969
9771
18331
10184
48082
21987
5449
58792
73667
65040
4190
48937
23028
96590
95851
83202
86291
2244
58823
59386
8368
26974
101550
22903
64758
15240
51643
11701
53415
87207
34279
75298
1100
6676
3701
83510
3648
23048
78186
76319
24777
94631
832
20814
3560
73588
90007
57008
15133
96114
45254
43622
73675
85859
7847
96888
78213
47000
59405
60839
69959
31087
60325
45891
72647
15895
69445
77634
820
45637
23386
24692
3606
764
29048
77113
10533
26946
80392
84802
51426
44520
77650
58166
99822
43941
14991
61020
9165
51417
60464
77104
97513
24146
36358
45014
101490
27388
19672
6816
87111
87518
10612
449
63632
83345
74009
74101
71748
17849
21391
62122
91469
46679
20827
43204
78764
32386
13164
83358
51121
49083
75972
96762
81408
41117
58410
5426
33916
74432
52194
83488
54446
46696
87024
84021
61119
52593
63594
99161
90557
35783
69505
45561
334
15621
8855
55735
88780
65773
47204
79242
5488
38650
65624
76758
87765
15298
39105
64587
211
36393
93001
39531
60760
23396
98879
74979
1146
26095
101408
54693
46023
4639
101798
3327
4244
76953
2379
56267
33001
42895
92527
14054
75591
45238
74701
55552
81184
12878
18627
53802
359
26357
5104
64606
22392
5455
79852
60457
16013
69480
74289
70190
15090
92537
92140
52235
73072
25650
85959
97704
15443
20376
42614
54440
15545
39556
26565
87681
20036
29884
10020
76574
23666
1798
60201
10194
35268
93394
14106
75593
24337
66746
62151
81433
47228
59512
46751
93159
78693
39065
31806
94059
97937
81519
45631
48922
50722
29185
55045
8167
28841
63494
81013
13443
19739
33925
51281
68089
59248
29007
20476
84133
26381
42949
95120
13123
15313
66997
60921
81
21636
70248
8088
62021
930
24787
23519
19785
86969
26363
47729
30963
80153
42250
12764
101238
6105
72827
80308
90626
40337
29583
13628
76542
17734
58622
27599
80898
100023
64357
87840
29120
77797
1974
28033
71218
64724
94038
73291
13394
48522
3667
74103
52505
50644
58430
22791
16577
88194
57991
52051
6652
73752
94748
42887
68529
52314
88519
25411
35567
41407
10435
62937
23823
45607
89254
91655
22336
35844
82271
84994
61787
22346
53110
34266
68711
16040
46063
51472
64649
36772
11920
76750
59528
80005
91696
28323
36373
72437
72634
74449
38834
12818
62065
92913
79784
57400
79208
21901
35252
62855
33092
55549
62713
66978
57678
27761
925
62794
28324
14653
79748
89663
85912
14658
64588
60180
82093
94502
76624
51204
35499
56760
67390
60509
54324
86692
8994
78689
84469
17016
94403
18339
64487
6851
25889
23105
19233
70361
47137
4759
70534
71385
17469
31787
98263
30401
96438
54830
42970
4673
81708
39536
25522
80983
67428
3496
60284
101264
64241
17975
7052
44984
100944
44533
83542
84382
85314
50991
98759
3388
65913
18270
31177
97347
37500
71630
48699
25318
53939
14878
88416
73204
40192
82772
58694
1632
51460
62911
70261
1187
69603
73035
9258
94530
70380
84983
95723
77496
3058
42852
66617
59859
90872
37007
83363
81875
24345
70477
77741
6130
87319
81972
47564
43255
86349
87764
55603
66925
77835
6807
4317
86996
63396
39659
36832
87934
76681
12957
99428
80725
35229
77678
75652
31958
36676
66162
7658
31973
16627
82942
89284
49576
54332
41112
62455
84594
45079
23680
55665
6129
4323
73585
184
2906
66049
556
54109
7355
80072
64111
84740
60400
7683
50401
96075
86843
77912
63173
18075
43375
36999
89213
75700
80198
74398
65214
9808
8042
15727
48237
73897
41849
15467
37539
21392
31899
68060
54415
40326
50207
970
94139
81375
8041
95781
75577
19106
94842
95616
14380
46958
72066
6328
89199
16006
80299
51654
16376
66736
19484
86835
3848
51818
30751
17269
65215
42581
78249
11498
33707
90787
98902
49902
96646
64167
91858
81459
102202
927
60698
55539
78590
94158
14382
27601
888
19152
79234
11632
27085
11812
51414
6012
53466
13656
78073
2852
58520
47452
4404
1583
91900
81938
33319
80699
31231
38645
88004
43687
55122
6261
72252
96757
40105
67056
42121
77401
49880
62824
40325
83547
58765
67611
33717
101584
77145
41630
57131
44423
96145
102129
57861
1561
49261
31149
70587
34117
2270
43765
52504
46666
96299
82184
27845
77750
16589
84142
44562
28542
8465
101817
6405
87510
70228
21305
12597
47183
65525
75486
43449
73603
15820
7616
29241
75609
93824
49506
4678
31951
39612
47275
91086
52059
1933
21696
61005
24236
16155
73762
16880
99479
83436
9877
3664
13692
69139
28544
32272
15901
89751
28996
77234
28502
56018
19346
19135
58475
3467
54944
93177
52709
36507
37457
49114
90302
80430
46367
65243
98244
19245
8469
56991
5069
42107
33518
51496
37167
36706
93170
68792
19783
98993
86342
15269
15208
45281
29535
14225
97535
19809
41652
60888
101071
41757
1808
25041
33160
6331
38695
80303
65991
84872
59731
74092
13284
15589
27946
77304
53283
2354
82945
25223
16349
96706
12918
55063
71813
19029
85666
6707
40285
96098
58037
67706
59095
72079
10998
20448
72977
50600
35574
73192
53888
38174
99208
90693
32517
22989
60188
59857
37816
3027
23241
59562
61889
10567
74301
51612
71135
93947
34986
72867
85797
31762
91656
5880
9060
56656
37621
57317
79367
96321
37522
80157
19807
27223
31093
81319
54665
67700
24189
44414
45387
36609
55550
98838
66659
4533
45978
85231
40884
44421
84365
56868
45034
85570
15429
32108
49479
85300
39641
36570
12327
43899
69535
56160
23579
27378
37005
64141
63132
33774
54038
4333
36162
18723
466
59178
96674
77184
38034
45532
85315
79503
96863
30232
42192
73556
73789
43129
52718
80259
41868
93714
74990
3904
23499
53065
63721
14337
75241
21172
67014
48279
77216
2291
74657
18929
6502
11085
86468
71196
72739
72111
21578
1737
20119
6238
43209
74242
78962
17033
58147
10357
26619
51589
40987
38349
18898
64715
77427
80949
10885
66157
70519
95397
43145
70850
87016
33463
48376
61603
13775
84349
98410
54467
76145
37122
17110
56591
63957
16234
2467
23901
63842
47540
45794
1121
65208
43572
81831
88696
29749
354
91940
90119
58099
2215
10334
36351
38200
61523
56227
41157
101449
57324
51302
53402
86890
40189
91314
18188
76283
38757
65672
47799
101530
61479
41213
79493
97841
1567
19814
15566
32760
44958
50106
70896
53740
65270
43093
20661
39010
4534
31434
997
898
11573
74989
80721
77872
85883
39686
100111
30553
59262
2651
45220
45510
34943
69590
29734
81020
12164
9555
54235
55578
8081
19702
85822
16365
9065
69790
10800
48914
43458
65725
91965
62924
63051
97164
85987
79657
86602
69894
35033
34329
66080
86637
65038
69242
5681
69965
78308
46760
47216
87520
55850
95573
10498
25070
30730
3895
57741
77684
87417
78564
37820
47965
65617
50794
31175
84539
73959
89615
52415
43857
78009
71298
68730
49205
66963
38500
83095
49361
11032
77122
64399
97756
71110
392
39564
62770
63239
22343
64494
47865
19498
26865
32399
83954
70159
26726
5984
94737
55745
53370
73104
81776
74616
47681
14219
47584
53202
62385
13003
68908
11569
94190
82877
24193
59261
41725
25088
36240
59555
79797
76920
50347
96681
96195
82727
54889
37006
94809
80415
83451
73575
26675
76214
59754
98475
26737
38063
41261
31088
11281
62771
70347
45957
7252
96676
27598
98819
73855
64121
49112
32834
18828
30212
72482
19149
42549
87058
55974
97784
90439
50061
40951
90958
97927
90242
71038
36815
69653
8421
17130
53784
79450
42687
99482
9993
22822
16275
55527
18646
45375
64382
13538
84483
74787
8932
8428
50239
28496
50959
34998
54208
87040
73281
11711
30844
2003
73374
45444
9158
24939
5773
31873
98940
2036
56376
46140
64793
56170
11420
88307
92275
63826
38498
32542
82947
1934
71290
63044
43076
7836
85731
7815
81374
33695
97064
29656
87630
15574
52617
60150
81908
51560
35299
97655
34901
26237
59722
29002
84723
11063
10616
11261
3170
24301
28590
53098
51832
20424
12007
32109
47612
17338
54860
47097
53962
49517
61940
19889
50068
29872
94001
81428
43158
52199
70666
2621
8937
17935
33241
33672
55712
25805
2673
86887
75778
33884
97355
135
72199
5346
66305
12966
12770
82472
64553
62022
74282
54154
86574
35523
4938
55333
708
94549
34371
67416
53086
97631
48097
61283
7865
43890
87262
95380
81741
45391
23141
31684
20857
36562
31436
78369
84568
819
99509
40562
70516
47644
71146
14532
19169
88930
27644
7435
95675
78814
20180
65785
18427
98064
19600
100127
98130
61698
72322
68267
100144
27171
77336
94483
84157
26045
100521
84905
92342
25605
20248
15771
46605
54361
10052
47731
5541
21410
97511
77511
39088
76094
66300
12150
27386
7400
75490
48556
65403
55099
46951
31843
28052
31176
29580
13926
6438
21651
52944
73662
14913
84666
12752
71247
26655
98108
71881
17739
15064
5149
84165
91612
19377
77856
77700
40931
73779
35391
11609
56320
92983
64818
70452
82236
99103
4570
63892
58947
50258
71606
83533
82206
41282
35215
89702
83440
76635
65022
6064
57111
7561
42409
34196
46499
57327
16618
60058
63030
27896
95904
14204
56005
41068
61711
96278
26364
16446
23654
58557
27731
77612
42316
61244
33138
74530
35758
56168
95279
34251
75046
84418
79477
50193
41624
73336
81136
43053
65980
9763
50514
4483
40513
31766
33967
66473
86671
61009
5039
48692
51960
93433
62743
79342
96118
73609
48792
31447
15289
28952
91550
20469
91659
78312
3700
46345
76124
57154
58676
21448
71790
25068
10149
93413
85592
55487
40594
65292
30619
18750
25632
50747
80085
37294
70492
56
46205
89762
88530
45831
78360
32821
60272
43790
1954
50338
51144
13804
18541
24943
82187
98499
50141
95840
11281
48707
57765
10056
67891
76715
41707
90607
27659
5632
9460
87250
91139
25528
12105
90821
33382
14803
9686
56505
20070
94910
53473
73115
27099
80240
37090
9046
88896
88401
4908
62850
77461
34491
7102
65175
42484
36459
28237
60390
88020
38751
43043
18837
8148
28594
49372
11270
41504
59660
68182
62218
30680
100465
100766
30700
40361
96487
72105
23471
76592
38322
9977
7950
88663
76560
84196
48588
16826
72909
86426
43279
99021
10619
26947
84065
95749
61858
54647
34036
98764
35598
56624
48597
97670
89357
58861
16990
