68277
96046
25851
98346
42275
47657
92388
85439
53389
92398
86325
113999
46487
25684
112277
17360
8370
66637
31242
65153
42038
101412
74641
118312
13832
44039
24913
72531
19415
93534
64250
12409
94136
48381
117348
27708
74797
92365
65572
71874
23662
72654
65405
95194
110858
74092
58624
52204
4236
61951
92566
85543
22439
19152
37798
107575
68298
86308
54009
89038
27440
73789
82257
104927
64209
7817
86231
106740
19414
88359
1675
32852
111792
81728
107115
1744
41934
57467
92196
88357
111059
19269
105564
73289
99045
115845
109332
58576
102536
65802
112382
18211
113579
57394
64909
50895
67572
107884
116496
76276
30633
55509
88043
107364
21426
55745
109633
62240
22054
105967
112336
13502
71158
92140
112936
68981
60255
17580
68914
115365
66600
5533
77759
117542
6642
21351
92870
13901
40956
27966
109758
41824
17536
25681
3210
26056
80841
115866
3040
23997
97573
97481
85754
30763
115784
93199
99577
98109
33342
78450
118322
43021
38884
49593
44964
39941
112603
68724
103318
59381
92017
110758
63330
71334
8773
58955
11961
115491
103013
34300
84826
91927
29070
52290
98525
59738
27784
395
94895
23692
30637
66822
65015
112961
89314
111957
104849
11823
25934
6630
59180
9714
109009
69595
27268
62046
21087
85393
13359
91915
7152
25824
44133
33415
85345
84007
26024
15071
114401
57711
37478
111254
33260
86214
42905
56943
105206
111317
3224
12526
53834
101933
110687
116009
47789
11013
15562
37957
7101
54493
91351
83731
56281
63580
51352
84016
78432
11574
113351
81303
73992
17731
117888
65107
37471
7822
9000
18874
18899
36457
91567
57097
116660
73524
34672
104057
75897
40379
95516
50400
54255
29776
54920
104538
630
46572
29130
44544
118026
70023
93098
42429
108226
50565
42962
85091
55563
39177
117685
109310
6077
108532
38326
88682
31662
37462
57404
80072
90070
36120
43907
58754
17262
116190
107438
68848
16318
62901
18552
44110
6623
22909
71976
3764
113594
65409
20617
4962
84327
93686
42428
9306
96882
86747
110113
48467
117159
22539
84638
108096
20912
44542
2507
54259
22523
54613
114668
53515
113166
97235
81185
27283
42058
48167
42602
86121
90485
53629
88945
14445
78416
88438
39253
14467
93474
33997
84886
89348
4469
28253
79476
102842
71837
42480
28401
47342
48042
44551
74153
31080
60264
55507
59448
93725
61245
25849
13572
24101
85865
37027
21330
30207
77829
96949
23374
23660
49361
59429
74952
109531
104130
12613
103411
23122
13526
1790
52419
79320
16924
43684
81459
46916
32954
103373
15608
15097
96350
73665
77918
72034
96260
26356
61575
63985
24348
10017
89855
8606
81555
31551
112710
17950
423
90548
4943
49293
68672
19504
1845
19250
12700
51603
93107
66812
63521
31063
40633
80132
103504
6407
48669
115378
53832
71432
24244
64614
56300
116611
95968
108116
52996
54878
24164
105065
117558
78083
28183
50088
39898
8902
100776
39205
103745
113027
63302
1010
32329
96086
64668
37464
51886
30489
25544
84271
99872
64139
44963
44448
97355
92818
25739
98358
89610
30253
109558
113634
23411
48977
31027
43945
92978
25966
82385
32010
70459
42644
92764
112877
107458
71244
105356
67932
88739
4759
14693
21726
102157
18730
11411
90496
58662
30989
39077
15140
103496
39389
109136
104271
17344
40433
114136
78778
94737
80154
71554
17679
115220
113401
104295
88148
3676
97245
58921
46312
8908
68987
115043
67562
84620
86807
28322
13051
85107
642
93539
19841
26717
92321
2547
116788
93924
97962
25879
39858
74029
92618
96211
95432
25392
101035
55896
44104
6756
39432
45084
9946
34882
24728
74404
26292
35753
52521
39168
107795
54233
38004
54632
83274
107693
106723
47437
58011
47285
83818
11122
10505
16378
64287
47770
113702
74113
2004
91564
79042
84341
1195
84884
76733
33747
100719
63800
84844
19930
81476
72576
107095
93591
112680
8556
97681
40628
111434
95244
47971
100456
3675
68951
3995
61744
53411
2250
96978
57329
57118
59689
75846
26924
77025
11154
5591
83780
23701
117073
39232
3423
2260
85033
104370
76929
77721
113834
10264
49697
9422
33399
6485
57211
15067
2070
79905
76318
3812
27556
102289
52397
76683
66765
41125
101051
106947
90635
21775
93588
23766
66023
108156
64369
19648
15205
33478
5116
38717
4925
105150
44365
87473
26687
105018
49224
105609
35800
87281
1802
116979
89768
11114
83326
89875
47183
82521
41906
24158
42620
65467
33408
87124
89685
58775
87895
109324
80312
39677
57070
82595
94622
92013
29001
68311
40260
49811
37149
18859
68940
90787
39311
13349
41540
27373
113256
57814
17904
60786
32949
9172
39096
41318
88952
75146
32086
15118
111558
28571
34923
58477
89101
67805
87905
116260
18075
32618
55279
69823
113963
23856
27651
50712
56613
81564
23167
55393
60980
8358
38230
8737
42524
1155
42327
80381
35708
4093
84077
35450
25107
84431
61124
150
20264
114466
52227
117222
14118
97585
71155
4111
115440
78748
20504
48212
79354
99148
106836
68157
643
26663
65495
53346
49747
36381
34170
44889
3258
44244
30995
106617
100287
7892
72908
76437
26602
18233
67728
49173
37865
94877
55368
18471
80195
69703
854
60273
30065
85166
20409
26257
69938
114338
33670
55446
108370
23522
31711
91744
45912
21783
76454
62895
38483
90792
40908
93992
101061
1
98584
714
52484
63020
116292
112574
41577
70969
37782
44900
71273
103575
81767
64070
89367
113024
71134
56765
110367
1661
88397
2655
1858
66284
49558
11267
36677
40599
39451
2526
86537
103451
1077
37716
116636
58036
12845
13634
353
73702
105405
93429
4856
20963
7385
50029
22767
82100
60869
56254
25515
44734
53571
88899
13964
53361
51778
86286
71933
66835
65780
49257
70244
82628
70443
53502
14178
90406
81643
72755
98104
71193
33321
22152
44384
41960
19046
50328
30183
58148
84608
24775
96544
77655
42901
60042
15589
87562
92427
82222
104530
7098
116802
63173
109546
20169
62449
46546
73021
21729
56244
41579
29572
18133
85419
18219
15245
18354
86331
112231
49797
100852
72965
9979
62248
5252
57008
101285
9578
102973
97202
75717
50111
110766
75033
117472
47861
47810
368
6683
73980
19350
105148
65648
58298
16410
58909
64918
87964
42040
29754
71664
70886
50516
71326
5507
27490
45559
115230
6005
49631
53236
92713
36332
25592
55394
1185
43693
39022
55207
12287
44804
100048
109195
100830
15672
107136
67425
66394
67295
72573
115079
40714
21273
98027
111154
80598
55660
32944
14888
80201
117476
59245
40836
109408
44305
44958
114639
95808
90789
14926
5403
57336
59574
58991
22535
28435
2120
90372
94222
85886
108292
67962
110035
55431
112404
112537
91118
8529
743
5912
98142
50514
110668
44999
18629
79710
4301
55128
8490
107436
89997
42859
55683
99401
74819
2744
101219
53077
66465
39731
43012
61554
76472
23505
77066
84001
80785
80669
22027
29136
81592
49367
54483
62837
81644
51313
108342
67255
6156
25595
78179
77045
35451
60132
37754
77967
110605
3665
77186
12676
100546
5324
94619
116152
71701
35687
78213
64118
102990
85350
46801
10748
49785
34345
109712
63437
10236
24131
28356
51085
80307
17286
50349
91642
88506
112008
36172
54719
80542
56180
26230
48608
40156
84281
86738
78963
17091
51990
42289
85884
104996
10386
36796
59808
4551
116090
7419
77273
34048
116444
50064
103432
26134
96212
17337
47777
32894
14653
52091
82982
92011
115932
88679
35310
31347
72543
53151
2523
11243
50537
68793
57660
93842
95389
63946
74970
36967
97288
88312
80914
11391
50022
7444
41773
70692
30420
98298
62794
110661
68370
27413
50720
67405
43971
26808
67407
49910
98351
94748
48818
56890
94507
9222
49437
3595
33316
84417
45913
97582
10809
13788
1664
51400
29845
38640
65931
33842
82299
49275
67467
96369
67070
44504
21189
9527
3326
46043
71392
107167
8505
25275
103286
15431
108368
76933
104925
48802
32250
34144
64063
30385
40498
71969
75514
109483
35190
96572
105417
14967
65387
13042
99161
88390
80917
86607
113815
6026
54761
3510
116206
105264
8316
16973
98693
80283
100676
75641
44583
116185
33274
2538
65980
101013
22264
67943
102206
78818
64651
105189
26238
49264
38521
68080
71314
103934
49944
73144
44549
27880
114183
80372
28889
6789
47503
36223
90820
72056
81131
71216
76995
3693
6655
81795
104096
99235
57223
63642
50628
37258
116889
60451
34043
87686
62364
91092
35430
105700
27389
72635
9821
60667
4628
19300
73455
103386
83875
20496
37245
77222
57073
27045
49153
52572
50156
43164
5872
113714
104282
102460
106175
60075
45482
82269
108353
72621
3660
22382
101713
6774
75316
56280
89756
80555
43156
110019
108984
62920
106994
107051
41957
48782
18185
28518
115379
43260
68922
85853
83385
17011
85469
103225
78308
46135
50698
36645
9251
21207
97398
71669
60492
110593
110939
76826
12673
26147
114038
13994
40608
5895
59621
81400
82644
51194
49429
92820
37874
18011
40563
90253
72510
60271
75235
95575
12632
63801
107739
28385
78049
8914
34385
77992
116117
3903
51306
28202
69660
77105
36251
95446
63190
18965
26433
71011
63855
53033
87140
29684
12698
75992
49179
75737
10838
61778
81422
77642
99598
67126
92126
14023
53294
116156
105761
103853
16897
27153
50646
114666
42365
117739
95172
40545
35782
82741
19294
10945
76170
54134
105839
91701
37253
1221
912
79979
102673
117512
37646
50553
110149
4629
64534
28756
90897
92867
98862
56271
79312
57351
53903
106061
81823
2146
89803
5961
28481
106733
71642
47762
49990
93658
59450
98410
80030
99493
94518
45851
90544
32350
5998
104327
11714
62790
52485
75405
69808
41519
110102
44913
23527
107062
9517
57990
114271
100543
33207
96812
36061
17155
98872
33905
77230
57340
10829
7685
76120
76186
93179
34827
5266
13713
73672
472
52991
68206
1995
105057
114431
26780
57414
70713
43423
56154
101515
72177
111859
49236
63791
16800
52712
13132
112777
83204
54171
36893
115978
35398
111861
61621
50202
42765
88474
26522
33859
99891
51112
86909
48100
17738
106170
103317
28558
110626
97889
76574
87793
37479
50681
55345
43992
16628
15685
117691
39777
8923
38108
30387
106568
107135
86949
43934
67535
6508
87952
102590
12392
5138
108871
61958
59920
96551
33953
38590
40830
51830
56808
76359
22590
18683
81367
87956
64964
103555
76702
94411
16990
63890
50410
90534
38638
55546
41998
60766
106669
27213
113519
66361
97263
74440
73982
64924
103985
89066
85724
111651
71292
116411
77299
33789
102870
11725
45660
81909
78387
84171
64667
99353
40478
39097
73826
3443
99377
29193
114947
101025
49215
57156
102846
101584
1417
76713
104559
15401
83608
48522
2639
107452
77693
11582
56689
27835
93411
7598
68605
74264
88009
75348
30716
51782
12265
84829
36041
116470
79089
82311
91466
27902
58029
108206
13983
51832
34355
31904
35069
34158
54609
34793
97450
104118
69975
5101
79446
29425
101095
81479
42781
20466
53535
29526
15020
66848
49956
79152
41121
117260
93440
106422
10631
17895
46178
3963
85276
73348
57162
61642
54132
111729
72453
96984
28085
116973
26983
59988
63684
15677
45263
115530
109212
76589
102650
70035
79594
11264
7167
104883
50417
116695
28132
37803
79293
27441
87543
3512
611
53585
11897
77828
41431
23964
36097
11578
91219
8808
35473
106726
49447
117907
98997
84983
84825
16280
55151
24341
98496
88697
21816
50004
96071
333
2241
19203
52371
104631
6037
21552
95272
57078
43940
85213
11227
115678
46687
55189
1105
92215
49784
112365
89031
62417
13390
25794
98647
106141
43644
59425
61507
50283
113194
60134
18017
85967
15997
89074
93006
29734
110139
20575
34051
36475
23352
25950
98269
105522
101952
53616
96635
76501
75053
7384
98724
31835
116921
27161
38522
29251
9798
104686
88482
7296
100404
47432
17897
108439
44627
94679
95975
54927
63817
8084
64011
21754
56738
72934
49254
12537
9619
25242
9987
46965
100063
85356
18649
34251
4146
83882
9032
117840
31497
63393
90753
22526
44008
89481
9733
91948
31524
81115
107426
81819
107891
63184
70603
79802
29790
98387
21270
84434
96980
9683
72744
89576
112099
45785
94911
15568
57554
115952
40702
27411
94885
58862
37038
67722
14933
89422
49392
85133
115443
60320
111238
63219
9907
34313
68661
25297
42450
81325
277
80737
23998
28945
74403
16927
14428
5609
96442
65208
15148
95674
1835
39990
37583
7139
110911
8340
85451
54421
78052
49685
60597
20357
85704
42884
43730
115565
66648
95942
38778
65545
76633
22222
92451
34505
12379
43810
51892
116623
3629
36394
92573
74535
12916
56984
2983
85510
83248
53403
117292
91212
30645
65236
4007
89299
95632
66003
91807
25314
57488
63204
25016
25680
15580
81546
39190
112115
104321
112337
2885
51036
89209
56703
87243
108668
38909
31631
29965
99153
1562
49674
2710
11628
19358
78875
99228
92828
47150
101188
106850
33976
67115
76532
107305
12602
64042
108774
26291
109417
42188
68222
112017
22829
82441
63937
58518
53229
90974
54163
1912
91317
98825
98153
79021
16355
22285
5627
50884
86109
76584
63553
115898
55701
61441
26597
98315
23102
50133
78349
41887
108655
24910
38268
6700
69443
37022
15693
29902
100350
112894
97972
65180
108150
9513
65256
86302
91485
81685
51949
97049
89364
35033
51125
7052
102319
76670
113246
99650
74477
98944
99918
93892
90817
75191
103816
86653
57861
115499
67360
38711
8147
18851
562
27564
72432
96809
40795
86664
64859
554
30704
89383
55091
7645
77766
59712
103611
68131
96906
39929
64630
34061
21886
34325
2863
39568
43210
48530
105821
55976
54886
106425
73650
59801
25572
49062
4753
64562
95774
96821
32262
50740
116093
25052
15394
39145
59026
115290
108512
115701
69412
54417
21266
90416
112198
94384
65404
74881
83594
69095
20932
117623
51378
71631
109755
98587
108112
49010
25136
59050
67291
114926
38035
59780
19626
82283
82401
66020
117960
208
50336
95482
86447
14581
103771
69883
100354
57128
71811
17318
35124
107267
36162
114961
58003
116730
75327
77176
87245
33811
1431
49083
7191
55341
38781
99789
3050
12847
22628
81634
108529
81858
18071
75789
88339
35723
55827
78352
35742
20165
13010
50026
50489
74606
37822
113762
103172
68098
116298
30089
46411
88764
89420
110328
32861
52300
25425
108379
4838
70379
84299
28753
8380
39883
74039
74791
79793
42638
5010
5736
33123
86454
16848
99049
84895
61783
1159
75434
102759
72710
62749
60038
75324
76623
49208
24317
89278
22942
3215
87443
69382
91853
2662
34384
38092
7899
55522
11286
67276
101356
13283
106986
35770
6001
48616
12661
77666
43877
114594
72505
94584
64106
102555
9859
24594
97354
65095
46478
71145
117695
102242
113648
56404
118275
113998
9075
105218
574
105484
50250
85137
11634
13077
48691
46227
103618
72822
39366
114630
68181
50889
90130
23170
82947
33679
106793
113212
109439
14613
39140
27492
58125
82681
81657
56533
24975
70773
58248
45304
13726
86899
100095
10337
66517
8746
112032
865
8266
23228
31771
28260
97888
10579
65151
73391
70561
11529
64185
109222
85848
83693
10277
104623
40885
21367
74889
18742
47398
62038
59079
38480
22459
52854
63895
30936
325
53613
41202
108301
90172
11988
31359
84853
58275
57887
79051
86031
26558
42353
74628
93820
106130
83656
70680
38046
116178
91129
52644
34443
42972
113664
67796
103113
69081
57293
106229
20044
72217
19657
106619
45675
112819
5780
12759
21561
4314
23671
75497
31271
41034
80651
76305
114834
32122
56595
100101
69051
82708
49193
112593
38677
5076
53868
10530
85134
37295
17576
59325
52842
50229
27148
30826
86283
39003
5164
31209
66396
41340
48601
91855
50699
17336
21544
34466
7780
73511
2640
116282
60418
73911
98023
91526
33613
7847
83266
86444
73386
114190
114079
778
23261
20490
39578
108975
59132
37897
5344
12064
96763
50248
68307
42435
56720
16556
3466
92465
47169
96248
19537
53300
6695
1002
19989
100237
100774
4502
9137
90556
93365
60441
1760
44955
73936
30651
109771
84012
66235
17742
111135
17530
112509
3287
87746
44811
19710
91978
87870
7609
13720
3135
68006
14634
14350
77878
106314
64055
108023
18746
115633
50261
61669
91857
77559
36343
87521
31213
6748
42793
31628
85193
105599
78226
46518
11747
114219
18330
72023
37789
38077
65811
52571
93776
47635
105916
29935
41209
36270
62877
30693
91446
97827
8829
5630
5814
52018
25431
95521
114016
7
5200
39611
79734
33948
6582
58287
1805
59102
72300
76847
1081
13837
34448
103526
64191
79333
66118
80444
74056
19976
25526
11713
68220
55918
99499
108329
107861
1742
60887
110786
51953
20691
2183
85827
87981
109525
58995
38701
23268
28717
66377
105942
108444
97694
23604
116503
79112
59995
109908
80416
28369
88101
97164
87776
49419
25286
49319
44714
102706
37548
39062
79153
109614
4746
65960
66098
110859
481
55588
73590
20228
4060
30161
106837
67629
2699
61851
42337
36833
50579
113013
94700
107227
67682
115281
62246
10557
45167
22809
61660
118258
39339
5694
71411
21711
94798
38246
32657
26322
69189
41847
69725
18958
114454
19977
69431
2121
38981
3557
56429
95772
53445
82433
12319
102971
8927
14593
9910
27406
19316
84528
104367
1681
21096
18882
75504
47839
105440
52674
3209
35132
26641
28925
23427
19728
30478
116359
109481
106333
28062
52884
5241
95543
9750
112638
99196
51327
111668
99673
38154
107429
49161
7013
104043
19730
100572
81108
32155
25829
115703
102901
83701
114068
45358
109961
86095
68057
16015
72406
40514
10719
84683
107045
111590
21803
117491
100709
113096
116720
15550
58163
73560
115652
29805
57003
40726
68999
51003
99429
32093
98493
28269
63226
77328
46014
87155
60929
38612
108070
114341
21558
41441
44429
29152
85069
105516
63413
47806
101118
57439
46456
68517
90360
103625
111838
58711
46677
40611
3572
93922
39770
43731
37123
2140
87791
112851
49864
63713
30142
76793
90593
103198
117788
17766
85529
109130
92095
83282
64251
23330
1003
89930
63820
48052
64812
72730
104426
15826
37952
50434
55620
55864
89863
26247
38751
22442
47187
70129
10763
6456
97707
115996
26689
28619
105051
26268
64617
47325
83021
116046
77915
94928
103131
16651
55866
74114
21644
3279
72631
74259
63941
99224
48499
28863
92563
84378
37313
39682
59294
3151
78133
10101
88228
28152
54853
33160
46305
23595
73796
62500
27839
65531
697
15960
118166
79285
84857
49553
35215
28127
101652
52002
18362
31263
36465
51200
55730
102964
46928
47862
17915
114828
242
2320
87992
14736
21268
15991
36006
7163
437
113235
93342
68933
17898
51956
79338
101688
62032
10839
26530
5018
96797
12592
66674
55719
43627
92892
12804
4933
50788
69350
14848
90336
39228
4513
42821
38816
20321
69747
69840
24786
11046
16034
49232
61685
70224
59418
8843
101030
74809
52249
79665
23739
37927
39136
70951
53222
49860
77850
67119
115013
67703
34472
65808
72304
34060
41845
42797
107443
96009
66435
49768
15566
29170
7075
4678
66368
6263
42404
67342
15925
45290
59442
56640
9921
11347
23735
32849
78718
93358
55602
41518
41538
12452
20630
1857
59788
10503
11047
69860
39580
18651
32864
70643
48949
32884
47216
89008
67897
105651
51694
5578
103085
73716
65612
46207
73213
88207
54722
16826
22483
54104
71756
87801
20347
54767
14652
43202
79743
81323
32061
28465
87844
50677
47980
13616
94595
15789
11297
6349
20034
7882
6599
5154
31972
76259
44887
77100
68930
114595
21291
68286
74833
51340
29562
99700
447
115251
84101
97531
18432
82569
78908
9322
12603
102828
25124
14662
9905
105184
27840
37837
25064
6821
87427
69152
25806
81583
75866
87434
14533
17437
38083
50568
11550
101469
21277
81301
9610
83037
112885
24245
22288
91299
46721
45148
11527
86078
72508
50449
48817
78722
37362
48069
116975
8778
89797
82550
64281
86251
115021
62204
54219
105103
7357
114972
84330
24140
26620
104324
106105
45626
65562
100331
113266
65333
28957
34215
71303
29848
7569
7928
83635
3073
34371
7229
112211
89910
96996
112642
37786
45574
106983
2934
22832
53035
117797
63074
58942
77268
83749
12453
88530
83970
76836
25054
19429
104453
47436
15243
70950
65228
70456
58550
106571
44617
620
66513
69420
88343
112843
69777
61020
2661
5112
69404
62819
43486
62485
47739
30369
106347
45705
5125
88860
69183
24995
105713
90324
23678
83092
101050
77190
46843
30359
7540
94876
61131
99030
16919
117639
112857
76209
65656
90608
71422
30412
41355
80880
26813
62648
82951
47074
25000
13766
98317
27339
18455
15025
35900
14979
95829
117323
85834
117289
61830
100147
37233
58183
39267
97844
44236
56263
27581
61149
115837
88965
40341
80802
3329
72415
53521
97802
88394
28274
84056
44201
52516
30666
32485
11941
102463
9226
40012
110440
106322
44347
9134
26799
61077
15246
36413
17889
16119
81745
42082
80844
76916
89036
73701
93003
64579
102482
804
86782
80810
44962
81296
49255
93916
111705
88821
48420
102789
55255
85778
36944
52499
25578
56111
90424
37481
75142
55940
103231
20457
73175
55622
73614
39331
33666
25381
68945
8091
29051
42888
31918
71094
45657
90874
63987
85692
49295
88678
83250
19488
92394
49565
53261
98297
6838
31808
36441
46538
41553
59508
87892
100984
32660
42631
12322
7898
101344
96792
41572
84987
26660
71131
45127
83031
42537
92994
4248
83784
1219
37886
98892
118403
5904
96024
6659
107202
82927
24533
21104
101572
62282
113654
118020
43915
17607
32704
86511
82095
107683
44601
5544
97565
9602
100295
105699
96943
45637
106349
34463
80439
92615
43603
79516
37035
16769
42783
2915
85620
77406
47723
38916
11199
51818
116568
96038
6270
6811
31954
91007
92005
51594
24442
82539
1458
48881
66117
48724
86253
29952
78984
46836
74260
53620
98013
53225
58289
10869
25307
16289
16742
42420
77691
90684
92033
85331
97665
18488
27155
20396
109797
112166
23237
76603
99528
10946
74828
4033
100713
45463
57981
101685
61428
60124
99416
36580
67621
96160
107231
11730
54183
113860
78541
19468
11275
96121
83846
74919
70719
24159
506
20334
83142
4960
57435
1481
80273
72803
34899
23027
92444
89631
59479
59934
11479
76784
63077
57680
4402
116875
68952
74659
117002
46708
25436
46160
64523
23876
54332
21812
61214
24403
31769
58179
96565
78339
88468
31886
12891
46918
50655
64626
81687
9889
101591
90390
115266
82762
21486
87962
58705
61910
46104
65337
19720
43816
109100
110627
54888
12002
24857
21599
28959
25264
740
71619
3601
82015
26497
51845
37092
43427
89461
16295
85155
72398
26783
76806
82382
53791
57921
33638
20252
77639
66120
10518
93296
98925
71699
10970
85666
96302
14481
47795
58635
81461
51197
77852
65575
85199
70534
43334
103637
87499
87739
81557
116439
90828
41818
24875
76734
73333
99072
64484
103024
59591
39473
39971
2164
95470
89488
45893
32942
81102
41550
99070
69091
75171
64186
83717
116651
23928
39895
44232
43354
14095
37083
56723
104495
24673
10382
8854
103949
32211
80731
63364
108388
15267
94844
1888
63115
57219
109478
63627
53360
112139
9881
48547
74449
111048
62934
108030
36979
55706
45020
67751
90660
101162
114535
21643
90648
13546
88448
69058
21149
96553
39825
85012
108380
16205
40096
44882
58181
34193
72075
38020
77519
21469
111757
24240
103020
5262
93817
20522
32290
21497
95286
18344
35730
98394
18972
2455
30625
45052
49362
46959
1023
71173
52281
43796
43171
21860
32873
66566
52630
63507
37894
45990
104137
97357
10966
113103
7852
18367
61905
78702
92357
87017
22743
70522
5806
98685
50103
56721
76891
114169
91425
83504
4100
42359
61006
115280
108191
98174
74130
84043
103155
12270
103862
57161
83616
87647
18257
6009
16550
57423
114461
50217
114476
10280
66982
79385
43959
40437
27347
111788
34056
29821
105820
28913
67526
77295
78124
63133
98175
20183
62858
15053
100596
62677
20856
106421
80930
81002
107980
54572
109454
66999
83476
70861
44708
60892
66126
9171
47785
46214
4693
81222
27925
23494
13565
98398
27675
30290
32337
31716
44312
56054
81633
105565
61170
6617
78900
21942
84367
44156
25295
88429
85632
15209
96382
49974
2126
112289
19397
7544
49639
32112
54426
38310
10072
52709
31330
109041
80031
22470
29877
81920
2774
105754
54394
28002
118211
70363
98062
81628
22086
4315
33499
7652
23425
78346
72562
65285
21914
4811
82310
53001
35885
10758
97714
64944
36579
74048
116762
118059
19979
20727
73082
53534
51690
100921
54239
94084
31621
49178
72839
18949
27678
51531
12868
74639
8897
89263
110504
111056
23098
91322
18902
8419
109555
18567
43090
36654
44573
104987
109108
32790
51547
6363
19893
72920
76727
39854
21647
99888
68539
111706
46346
64847
72855
93986
112342
115563
33538
16056
4690
82519
11242
84411
41491
91845
92621
50197
30565
69756
11015
64179
51348
3805
91046
33692
14709
11802
58783
89079
96268
50665
52727
64138
28099
98048
7327
34067
116088
67874
95298
500
17555
24772
31648
39086
70792
20008
76246
101449
27817
33881
38527
61613
106274
29737
50041
64039
49055
20371
70974
89151
28901
72073
29030
9549
65087
73187
6018
9847
111886
88398
30458
6797
104386
85912
18151
74
83724
100320
83965
27588
30595
53869
114504
35649
46262
96819
23185
2921
23511
55125
44302
48625
6265
98022
96473
13021
8049
28621
26788
40146
70758
69276
77021
93545
67436
41559
76324
32034
48259
47911
17367
89237
20936
51680
26909
91595
50674
111476
42836
19709
47517
71553
104362
47349
35198
42296
67038
10060
31262
34178
378
45710
40744
19013
72399
69135
71923
23608
87784
91073
45840
104825
53137
8533
56612
15853
5528
48090
89267
93679
35120
114115
112737
65537
52963
79196
10802
20899
77456
94214
85907
8491
28641
86373
4090
52875
56617
22763
52044
47486
23920
37326
40005
56816
4167
9419
99515
11345
117949
750
101799
85354
78577
112066
8262
98841
38197
43611
54651
33562
5624
21787
48057
109972
8668
9248
40374
112328
77624
16867
34413
44556
103872
42235
39801
43699
32655
68803
88998
55083
70262
74435
4509
83319
69507
104425
97808
24887
66973
102126
116563
113633
42562
114958
496
34126
51303
14157
98068
42491
64003
118395
107373
97698
21891
62052
94987
113421
6171
23710
109603
75112
24135
34088
65999
99861
117897
64239
46829
41203
104233
43616
85353
54463
86063
41534
7638
308
32717
64662
33349
11571
56459
3956
7506
78000
75787
10535
85203
112444
79352
80247
76536
53029
31783
32248
21494
89890
800
34820
46123
3939
40791
98651
97116
92895
38634
15403
85911
93553
32978
52283
32324
20076
41846
27233
96221
110297
45588
102167
74851
66541
64726
5160
96530
96778
96097
19061
16296
93000
72780
116146
106096
102840
102396
78986
88006
116648
113236
27332
8338
104198
5757
10247
55416
11060
18159
89313
19235
69028
10432
77970
70740
105977
78993
110979
23482
81547
17516
97606
88754
93400
81498
113312
34419
70616
79041
97413
95251
70321
114114
72526
21889
85758
6694
96563
93476
38322
2289
5385
30008
85653
85489
105087
99580
31149
107101
32862
101577
70118
11750
31811
30824
42262
59838
106356
54150
67055
111954
112722
81191
117090
98127
66096
41860
111398
79181
107906
115744
10917
79887
50359
75245
66825
38372
40694
44479
5233
73545
5148
9417
6670
79220
116556
41942
64840
16200
64285
14578
2800
74973
90814
81254
38336
1479
95247
26288
20585
27574
56783
65166
91554
39332
65098
65739
49506
113011
42599
52297
61723
34530
115424
26542
96902
42583
60136
48221
84028
72559
43623
8547
4437
68340
68977
109980
70941
68280
95680
53387
79161
84603
69045
102321
73708
118309
105429
18232
32522
41602
13939
34893
23088
6372
91068
108681
91006
54704
66624
45859
59695
62652
117510
82841
114369
63310
110155
60370
101341
64358
29161
57257
50853
35724
48061
31983
112765
97321
92266
75302
2073
98795
98738
3784
85588
80582
26521
39347
102924
66292
93454
67747
27019
28139
24664
49246
2767
38078
99631
19377
41174
69230
32280
50847
6052
30916
48455
39674
106404
65943
91788
6592
110764
10823
55648
61216
89785
89456
102059
6401
10751
73365
6772
85742
38581
111224
22135
33435
30597
72675
66306
84647
38084
15970
11465
97832
27226
95764
30418
91542
63716
117220
114413
39877
35837
43925
25305
43560
4311
114749
22434
82528
114696
90963
62435
33017
96007
529
38341
22678
48983
66353
116813
42772
113547
31250
105634
109734
7386
53731
101002
89158
82641
16582
115935
51203
89353
1565
14331
115394
93959
7526
94576
34809
24058
69742
52970
61911
82723
48173
55817
92486
24339
13204
116509
113434
42371
55414
90666
47498
17856
2382
80114
84995
90239
3671
52901
84600
6943
57409
71270
10949
14200
83255
48028
49482
66303
5783
95812
94132
16284
107417
8085
6920
117215
62373
13461
88258
81782
1990
32366
53038
44155
54020
66762
116153
86506
62670
43150
111302
871
18521
52235
98455
39510
103274
91935
12540
82003
92551
63835
18916
55466
100645
71720
117160
100989
35593
22139
22247
5299
65865
11410
13943
31746
50920
12807
109598
72457
85856
2182
60369
75454
93202
36079
70970
110574
94304
115168
32705
10352
78860
106397
90552
80922
85283
73012
54128
23593
81313
54986
72256
57504
51223
17175
47149
36422
42128
11291
23795
34844
11821
80300
73484
51800
56775
60708
31853
47867
7212
26236
74091
77410
66590
66549
75374
85817
21070
29339
78465
8511
11415
93831
59506
79872
6573
98478
18311
35671
56350
228
63548
82637
4952
28971
52288
105255
58706
40333
50548
70625
103375
32056
52327
16286
11396
108457
49486
41703
6311
47402
63451
82417
100112
3666
92295
104165
29611
106297
40391
65915
59340
78480
24220
26471
35846
112044
117487
93047
7912
13790
79788
7605
114736
55805
104342
110896
41732
108626
89503
7135
46834
21929
54787
8472
37182
28578
95705
76070
95323
62321
71000
1493
42024
29693
37064
79439
68663
60028
45156
26190
80122
14626
5174
22805
112083
80872
42206
109942
21383
38728
420
58278
48099
103589
54789
11929
62434
25991
46744
4787
88290
76820
11738
84213
112701
87594
53075
117566
32412
74328
16941
30325
66636
77714
28790
56575
18817
99661
17371
69524
91359
82992
106538
93164
4109
47408
106781
75297
26302
26840
47380
24944
39648
74683
1707
50572
110127
16822
17830
9042
33297
36206
27898
108061
841
84141
96892
51736
14194
30669
47407
18255
87874
66863
81482
4091
66879
22856
67444
97499
71264
59959
89545
17719
38338
12669
88124
7964
33724
55684
103191
13800
17441
88976
81625
57349
98374
66779
50448
71625
91928
575
12701
97975
88832
72292
16416
51064
20865
63601
114657
66948
53734
42176
80369
10335
103850
6712
61987
24566
88276
25646
116357
78008
63563
86741
14278
21441
43778
24184
116283
58977
65334
52031
66769
11098
115514
111395
98215
113831
37012
52368
63714
14619
19385
89835
24613
76620
56419
96993
91513
34624
45433
81333
5655
48440
86556
19444
107828
76926
41747
50393
68775
94882
78398
103920
46751
100864
3614
92070
30680
105612
105493
111650
18941
25942
88280
110625
35242
8841
81001
29429
95518
39172
8956
58922
116005
106116
19445
46717
85744
79616
301
67536
35233
104152
14765
23106
6388
9860
35455
14725
106955
81008
110197
76664
14387
91895
101497
84046
43965
69572
39822
45342
57252
38618
53421
73704
92636
111045
86783
90286
19023
444
7954
93931
74706
2447
80207
111712
32674
19402
98529
81854
49570
71375
65936
117246
100724
77375
103951
51917
98908
105262
44209
25152
31276
9959
24624
10787
41023
74288
74541
100836
41896
99304
114593
71056
78715
42348
89276
81437
20680
38218
6711
19903
117720
57432
17446
85701
102092
25361
27793
36689
92454
8827
76133
89140
26081
15501
32483
102156
44927
79000
2850
31075
30465
79682
32531
69088
57065
3649
69348
86993
93810
84755
95478
25088
73832
15108
36567
13645
62955
60466
81600
50970
114986
19209
52343
53744
9179
105124
67496
74724
62736
90514
69834
54540
99144
59750
50952
69839
94329
91790
92223
117257
114072
80384
28724
532
34895
44069
5797
77181
102709
109180
20729
2451
96311
33321
32971
26604
59917
103686
90679
113566
26152
25856
39755
58398
75815
15896
114232
65047
91990
117611
106881
82042
60383
3521
26223
115032
50041
116684
61130
67607
55903
102031
