83771
87088
20219
2609
47615
106775
115128
7498
5735
60074
97853
63818
107838
18862
90297
19540
88323
76494
100872
110668
60021
53127
50371
53957
39557
69348
415
81900
36047
87618
20804
67170
44467
77409
44681
62611
8652
112214
89074
7426
50926
18207
83700
57690
78260
58755
22908
10575
26985
39445
84762
91546
13997
92514
52830
30898
87407
102330
60221
2856
58512
84539
89825
91826
22781
26456
13384
23343
100474
4460
23388
33475
22615
42724
68335
114534
10441
47897
62930
88383
36719
12459
7649
105562
54670
57923
27440
11061
91019
66068
20727
31842
86581
99407
78400
102888
10923
107217
109213
102407
16689
31135
38868
74746
57138
51367
65720
52542
93727
71736
103603
86004
60469
26010
22550
100617
86893
58480
44848
108264
7496
89637
6598
38051
64687
25329
72129
108316
12946
10365
84978
75414
31543
103181
21799
84970
74535
67669
47972
44950
87262
95856
110047
95729
37329
31681
39887
79495
96418
94716
63924
44789
75045
78926
75352
54321
4941
46848
43969
61965
86823
13896
6257
90170
21297
47210
111538
87911
110816
33833
15324
96175
82148
67658
68063
38179
63793
13037
100730
89265
45062
31057
59249
23982
1727
40931
78787
79821
64919
72504
27538
23172
80737
88007
71090
60734
32052
11198
85877
100464
53895
50962
109467
54226
90600
72393
9313
59150
43077
85576
85232
38735
34443
43741
85786
41912
64920
92032
94121
63073
88491
93046
62350
73411
31623
29440
2123
96787
30442
35894
23703
23455
58586
96234
81460
1407
103047
90339
43204
98566
21941
63955
84450
30904
72037
48056
485
78532
4289
49074
83090
53243
86601
78324
11910
12616
39384
38377
9210
59545
20541
1477
18302
87486
113047
17082
100252
95004
97632
3662
24663
307
83737
82302
65985
93404
91992
87846
14603
44896
16592
80277
60397
68122
68437
102020
9791
26192
68270
108976
45542
67531
107191
19111
83316
106091
15153
55161
14497
27670
39368
85267
54554
70574
54520
38929
34542
105784
23280
13971
42155
87243
56779
11640
58926
22580
83182
51422
58274
50723
74702
5261
111689
100918
33993
101673
80318
73091
12058
42411
81962
34576
5993
106605
108103
52720
5159
86531
33059
83821
98660
61332
13680
69889
91373
35128
670
20603
75760
101782
61311
98346
8410
40324
50658
55628
43669
26382
110373
7
85912
90785
66194
46965
56154
33850
75763
47723
61815
100028
74254
88851
99773
43884
64619
10958
31707
101478
76228
90611
110614
53285
24620
85095
57632
82860
18130
15132
85304
109903
56860
90594
113600
8881
26128
96287
88661
44281
113480
24508
72230
97597
67862
79967
73692
43761
36255
99519
97404
76165
81655
59488
92856
36817
87994
26262
43328
59165
40731
31418
82742
5245
14737
112747
34609
16626
70992
41655
33253
3492
38324
71765
77421
5338
19921
15581
75198
78372
50640
18229
109375
31576
17180
9033
18231
21680
111205
81728
58680
53638
114990
163
59358
47727
37904
87413
46633
58401
16124
73578
55323
20696
29764
21535
111753
76437
88939
11341
10502
9529
23666
101664
35275
63403
16717
12103
103456
48173
98501
63341
76819
87002
74053
40580
1872
61685
27631
18972
92414
50128
7973
91277
83269
87738
58827
65601
39047
82108
59742
10933
60757
43800
74977
60627
31591
112403
98517
111459
11784
22662
102387
51698
39377
32714
85107
37044
16863
7212
101590
94080
29929
31628
24112
43929
83260
100450
27803
81538
24437
44817
44475
43402
52960
54268
94978
115117
71503
4611
40897
7806
78846
83058
101898
81073
69808
90448
33421
85510
34409
74815
14660
45814
98789
78489
64282
42592
42903
78412
57427
108617
32329
18098
94254
15833
61672
56780
73409
40374
27983
68170
16705
41528
4580
111854
9425
94114
13683
24897
82428
35518
86141
90284
60833
110044
25591
57190
13470
47305
5683
8326
48628
21989
24980
79571
55827
22438
72041
61044
18625
6716
61840
60444
12970
99045
32323
61237
17100
98140
6863
39458
42109
35599
94964
79497
110973
35606
68328
54966
95640
35648
4333
31006
13329
2853
113755
43257
113921
46914
6282
81716
49883
84512
57551
79316
89291
60774
80963
77262
63087
101570
8959
104097
31905
101833
111213
75656
46307
33568
15314
1027
80595
102562
61997
81014
38010
70767
10350
43416
32241
53085
50084
93834
162
59965
68782
79092
85619
44693
99392
109366
60297
5998
20085
51736
59072
9422
62668
44265
6272
41805
69959
97232
23858
36349
44615
67258
85707
45524
105959
52895
74792
2062
105506
35995
114861
525
41872
21021
52210
60107
17734
109983
17049
62421
41534
60200
66177
33363
92
71442
21726
69322
48417
8813
64080
110011
59453
24226
4015
48960
90356
23472
68396
29350
29070
86533
26921
10453
80000
109461
63017
60564
13247
49213
33196
106986
65948
19010
71843
103505
23469
102235
23317
20463
35495
51527
72156
44134
107822
69709
11915
90287
31906
89524
5939
75439
35220
30479
37700
36715
103288
44996
14979
112522
11501
73774
38917
74328
93687
97919
21437
71989
48590
41174
88934
71867
85840
111668
105917
4175
80834
44596
55132
65216
89782
56920
80364
101942
97934
60896
65597
43319
8270
63777
9105
81492
65642
48192
78235
20405
20272
107730
72797
3226
109077
77281
19027
32482
50124
29284
12041
44677
30074
108607
33189
42652
55388
13263
67779
41729
49339
75167
115852
109761
58836
62824
24309
53855
87595
96933
67603
82321
11590
78007
407
97230
77221
49782
32658
38216
33369
26181
22589
76106
43660
45137
40847
101863
35616
108363
110415
60900
101631
84277
17546
104217
34346
91152
5610
80051
88094
73368
35191
56820
92417
1192
40706
52267
41942
53304
37911
35363
57629
48650
99289
14005
19798
7298
67886
78989
96355
71931
64140
84412
19805
57161
94763
78718
76041
9245
103879
38140
29931
44171
44128
100544
47680
42025
3560
51036
20491
95476
114454
25126
16612
86546
7511
376
94769
21205
55586
38736
8290
111941
19294
67798
91760
90663
22657
94700
89794
78619
98578
61198
17428
110516
28123
8686
228
26767
87679
32338
10821
97622
17928
98449
72691
49119
83240
106044
106825
76369
115276
22057
52003
70637
97538
106681
63932
27385
15590
106176
91510
21730
27336
70119
95551
67274
17952
61956
26424
5449
41181
81889
19160
114223
32968
89191
37771
53257
33357
42814
107145
13128
5367
109987
20959
109928
18519
67546
90177
60380
91797
84607
35576
78087
23069
41378
78550
53213
91745
8976
35403
54965
60312
2058
83180
90531
7993
72278
85127
36098
914
99603
43963
45190
70477
17193
74015
74668
60290
57585
34500
104339
34158
102970
27904
28165
87033
9231
67599
32819
109328
108449
11301
22336
88792
38815
71809
85682
55710
51281
34452
89764
9026
115469
15891
13356
70127
91603
20027
9610
78337
17528
13531
71317
88833
9188
14031
54799
102269
58613
78711
54992
6747
91862
59903
39525
106092
2950
64252
79122
71142
45263
22256
106520
105466
108437
102511
28350
49273
87635
12603
103735
14928
26014
81353
52612
108740
14302
99922
84002
11809
50092
44734
115312
56863
77494
57145
18665
12735
106597
36549
91897
80293
82999
27509
79177
107895
14167
52685
9719
114205
27708
95921
16312
39457
10319
26827
16750
105372
33407
29138
89779
80010
91647
42461
18030
49370
114686
39705
46485
56727
22390
89738
24384
55403
27625
65609
87689
64204
105791
16739
29160
63206
73231
53396
31339
96576
97200
97211
104398
108527
12830
49369
14070
98319
19447
101419
28889
96733
59173
86928
80032
45007
89113
85556
93194
5943
30912
64024
9749
49133
109388
24731
109374
22900
97431
40358
14355
53260
13258
86151
109997
96360
42750
21408
77445
77969
63874
70169
27430
92948
33776
92777
39022
106739
6622
29171
56623
104447
79479
13458
20587
60124
2566
106670
53816
41244
78038
77658
90671
108277
53345
22115
35560
92440
69040
110866
53145
45030
4010
79034
21889
12941
61234
19495
113026
61418
28887
93559
85568
22070
77504
56774
21372
76720
59861
4737
80868
25567
20264
39170
61314
64272
18454
41758
9215
89857
62946
102085
77723
93866
104827
2919
79808
91578
60726
35945
58849
31065
4838
104760
4612
105968
77418
116034
9070
29546
57439
76188
79408
99216
100880
25707
42557
47798
113712
103373
27791
35108
13327
61942
37545
103691
29022
84537
41604
32666
111632
104878
107675
44100
101707
73476
60452
73049
51725
107515
113441
115401
26498
50702
30428
16322
107238
12293
35970
32781
42710
73778
29323
99270
95593
78139
74595
115573
61992
4518
25304
44295
86875
64442
38380
57501
62980
112567
97743
10023
73397
11339
65097
74574
106275
93158
46138
66892
52821
98026
110144
65278
16412
69454
102372
42268
49487
43809
100999
94517
73772
104320
100251
30208
89965
41412
17285
29324
93024
85994
60918
44387
50791
112369
12777
31476
608
72363
109385
53130
16921
47441
86444
70956
44040
46125
67520
53566
43870
61206
20105
12384
62220
98416
37295
71919
113828
58443
7245
110118
17650
74549
78709
31062
106123
92606
68348
3622
76722
94977
20365
13366
82703
56093
100602
14195
99238
102620
110643
8389
115726
74649
79215
82566
106958
76282
31881
109043
5097
385
24934
20545
54067
24085
109678
14802
107542
81255
14915
84662
91622
56705
4539
113436
13028
107225
66482
19323
72354
61691
13171
75265
53874
61583
108390
73168
99470
90484
57413
114024
70314
29315
60153
81410
66912
93897
59056
92841
71657
67270
68873
72933
96878
34410
23928
101843
23853
2509
42901
85059
49744
66720
42833
63727
14775
875
40511
86056
53346
32488
75663
61035
61404
107146
37171
57299
101207
53839
40792
100677
50314
101235
101437
29707
38801
5041
27326
56327
15200
2188
100755
114395
61071
31637
13430
79325
37652
58299
89485
112301
46388
63736
45087
62494
92001
39967
14203
34800
37580
17827
2258
35727
39442
69406
78445
92009
45125
53941
108514
2367
102031
45331
15123
25536
16678
21308
99502
113241
83171
88296
19033
81376
57953
45363
55606
76816
45076
111403
83447
88507
111359
93938
85469
65161
2737
111669
16568
116039
101845
69236
54211
66952
15313
103531
80484
71031
14906
88752
85411
105268
57214
17308
17352
35743
5633
38205
32132
3951
103924
111089
94712
101812
62174
57737
108195
63415
18377
62691
231
63335
44135
64778
60882
35960
96285
21580
23710
26582
3147
29128
83794
34937
18744
86057
661
8206
17263
23526
88267
113610
75862
102325
77883
45599
102241
52304
23019
100644
71772
97601
17068
49500
58920
30050
82893
111833
101476
71584
106887
48321
29830
47698
77767
57121
113243
299
60836
65225
86625
21660
31509
82269
105788
44721
45959
5220
67489
71943
52582
92045
59114
46152
72077
60790
32322
24592
108545
23174
93913
101204
105326
106276
75826
89414
8028
7581
87320
44468
55747
82796
13809
21321
79580
92774
24035
3990
25477
43147
79842
17112
33916
27169
11489
33426
110876
1261
73410
71005
34521
32998
26762
87246
82876
34484
76945
81280
81167
107266
38509
32875
54703
78808
37064
14216
48391
108773
39036
28375
60742
41683
28454
98212
87200
17857
16859
65537
9266
12808
18988
108496
6291
16625
38699
97674
102633
20280
43709
76125
95734
67743
34960
99752
35476
44477
4947
93154
49536
81867
56166
61526
91217
43278
101162
49984
81841
43080
110040
110542
9176
23367
114067
106130
8
21898
30731
83049
22445
59982
59687
34359
3007
59135
5184
57210
77074
104605
5106
31290
94679
102728
85911
11777
111269
95335
71706
453
49010
100977
56895
100555
98226
15952
40999
4767
49146
63634
13633
18643
66668
112716
41593
83901
106660
45120
5198
28368
64930
107100
88176
114061
72968
74469
101945
73748
38063
63721
51141
8010
67229
108194
24647
8737
99413
39104
770
69009
112958
73906
80862
61388
350
17371
82436
85273
59039
73971
111147
110259
42957
105341
93794
32588
34788
61876
40750
46665
75347
80778
109797
107356
51225
4059
71211
55493
9067
79466
42571
23952
33930
112442
17374
27244
24886
106118
1817
38125
46894
89408
62070
105746
87934
3971
112355
80555
58128
68176
1911
49805
63507
15730
8879
9330
56586
59400
41133
4057
45158
47295
87562
12346
27948
22097
102489
50457
28838
112915
19179
91972
80997
7178
87673
16812
5581
114281
9720
105687
59598
115420
65635
63187
101098
79514
61870
32194
40167
115010
113143
27837
44356
80504
20992
17994
107848
82022
19734
4798
97068
48050
59018
29060
103378
105316
5379
30657
4666
57495
34659
34933
114423
15545
83553
30999
12096
91241
41060
12260
33629
78902
68897
57419
66694
91267
18170
89633
102771
8590
64943
44154
58064
58735
79613
109808
56504
78234
71935
28729
92125
73558
48513
31621
64929
55358
12627
61358
39753
53300
71990
95127
51746
45669
68075
65072
846
14592
115880
17092
111512
54564
10237
100572
37987
7043
1604
19722
76995
96532
20149
78490
100083
23092
72180
89741
17409
73869
80176
20349
60745
59675
90872
19641
23502
32873
39578
71687
80298
21991
49219
79435
95181
54126
112983
52757
111604
688
11684
92906
74699
36540
15264
92231
21806
31046
9157
4221
87979
72678
50970
63397
81714
34444
99679
73151
35454
56754
19945
79963
109096
28089
75282
789
29425
36750
28296
44935
69584
98769
96176
27328
50552
50771
16929
53090
80416
21999
5514
24560
91870
17560
112772
79729
97100
74437
29099
103162
50264
34725
4047
95931
103513
57614
25108
7979
111026
55768
92811
63402
45696
88707
93004
4821
43993
112280
109155
108122
56576
15348
103971
22958
111079
28791
45612
35801
23334
16955
72923
20993
84533
7662
8953
114597
79337
2126
39777
76647
99322
96107
86789
53744
94633
114048
29736
82833
50659
108080
75044
2499
2606
81891
16623
114055
97802
32524
92958
11666
82048
88254
16666
68334
72
36751
63737
101635
103539
94240
46975
38000
77031
68941
114173
97471
60960
53697
43930
871
5086
84324
5185
7085
63877
38718
28179
76545
29663
34796
6934
93798
31227
69680
91466
94942
77721
90024
62819
106059
71768
54296
65679
92135
17906
65724
96752
47805
58072
71994
29783
79628
84291
19000
104273
99199
61214
98733
63447
62842
67288
53049
4804
84263
102462
97256
20510
31879
108908
90082
76950
97347
66508
22868
110214
76128
86301
101938
20372
7011
57244
90465
71198
109278
83761
108687
27547
103383
114237
58818
33662
96396
89801
36338
68353
20232
14083
28184
96651
24302
96838
65365
70516
33500
10532
24127
10159
34249
5793
105331
108495
9804
23476
1390
109839
31034
17469
68727
19437
96141
18196
73191
77678
107828
101848
22553
13561
82745
110888
4412
66909
14693
77429
62655
57815
17614
29183
88903
30921
89956
89355
98139
49030
20554
50131
21939
28397
57753
28057
111802
95987
64162
72572
84886
35176
106697
105194
93937
50024
72487
111493
37330
75036
46322
26367
59665
79263
28855
56418
28928
94310
20790
6862
103676
77243
111540
79766
78670
80683
45947
51787
52126
112898
104951
101038
101191
115611
57354
110663
35714
15847
67700
70828
43780
14348
93706
70822
75775
71321
41350
66499
14481
7467
17714
6242
73229
110327
26062
31583
69968
27514
11703
91923
7794
23078
11507
92549
77340
20988
64281
96646
48644
37516
115532
59125
98798
63741
58853
58154
16376
109367
18141
30058
30035
38103
75369
103756
61537
71114
34977
55949
6167
12788
97384
88076
14949
3888
11475
95600
1459
16296
41740
13669
4682
10403
19338
18293
110352
72778
4424
29468
17254
44579
7610
4942
109256
112991
110017
115576
43535
42355
84505
100496
28233
89125
61415
22366
62997
40958
57782
48438
30842
40848
90943
44271
88644
60337
7135
31028
75401
63937
58181
92517
115232
7736
78048
85211
91828
112057
3948
38378
14884
65179
13405
79679
67542
1470
54455
101214
16046
44710
7436
1505
4327
56135
113074
66273
93351
7419
51986
91736
96309
18010
39090
102174
109534
27060
70755
37380
66899
82912
79036
23156
48296
2587
33234
54879
74811
90845
89532
95186
90995
47881
46131
109241
74092
9065
7816
43042
103504
62014
4350
103283
83010
23422
1327
39031
58065
115705
73210
85013
61906
6933
99064
29065
112302
13313
61523
105231
53022
23106
92911
20837
113678
77887
73755
17702
4038
54904
38390
100488
96841
16435
61464
63492
1180
56157
7904
39790
77460
64284
8393
47878
106635
36128
423
3441
109668
102297
94859
92278
59654
69658
81009
9538
1364
40109
40889
72167
75731
61182
39095
61783
29101
31772
35845
36140
73889
47867
18450
100827
73833
41159
39151
105118
46101
107186
56503
93481
92656
30245
72252
80247
88147
112110
15408
32225
38601
87504
12091
97485
10582
531
72535
81452
48066
57567
16306
102243
62102
33837
10832
12869
100169
75134
38999
110807
102638
110317
10737
103670
68319
91576
53075
104010
92347
56376
57048
78945
44921
81113
76817
102102
55688
52137
9734
104780
87182
83389
58706
12950
59760
20903
114125
31172
1906
42974
111664
107374
10853
15962
110368
34860
93574
23969
100098
116147
83512
45940
53544
60194
90603
29310
89853
110160
79804
56392
112912
77217
75245
39334
115389
46528
102114
12730
81154
22752
21267
1455
111945
78417
33802
19520
28418
3904
78740
99122
87658
62258
26115
111367
92999
45730
42363
113986
18962
87387
33070
14086
93685
95098
48841
97977
34560
10672
66645
18335
31519
46178
99225
12325
46084
28031
68251
71358
114908
82360
54730
95586
31417
88537
29303
30672
63749
63115
9714
101219
24047
15548
22540
76327
4969
59715
36758
44313
35778
35803
91305
26129
27648
101115
87120
54968
49501
23514
89772
44306
15079
51749
26895
103054
114576
85394
24084
95732
89321
65577
57310
79222
53271
60501
6047
7481
74989
61615
53062
28820
30337
82990
22351
50542
107485
79783
47403
41442
22849
51292
101229
6398
12694
54889
59535
80115
22961
114488
56742
101283
76865
73304
25726
18682
75673
33266
76644
38912
79647
69243
16686
13553
36764
699
34489
111504
38551
65102
72477
29559
70264
64246
51135
85878
82417
109013
37697
63806
91909
50650
61517
57514
35612
83318
87345
47043
23289
27273
107269
68964
110759
90826
101051
34698
55952
72112
39502
11423
94898
18566
14502
54883
54338
73702
51452
23761
68128
70748
62373
30276
9250
114199
78499
99204
93491
110059
50826
64414
9541
109283
18590
19938
48968
112103
39904
94500
93541
16028
42079
49703
26817
109631
6834
91380
106558
4270
13121
15497
106648
81404
69350
49390
41834
71997
40493
35855
22233
97719
66567
9290
78690
9936
19254
114286
90811
114863
41612
12914
86574
41342
77002
61776
80071
6839
114884
51507
73695
62223
99985
60899
54702
76968
10312
51224
60563
20618
93185
101794
107079
21903
2316
55307
2941
25489
7510
47923
55187
86097
96778
69200
59089
104070
71080
10803
65227
30000
95681
29814
94296
7680
53077
90154
52006
59244
92558
91428
46202
27802
85460
3917
82287
8899
97117
91215
113
39925
108529
49355
37109
84895
48899
68979
29458
40839
80992
34060
48003
19415
58444
93829
418
13241
61852
77660
11284
38515
115651
48518
61068
69555
28837
33150
84761
23182
52571
53574
7429
88490
50188
35571
97661
1388
37389
63773
1790
7918
75955
92560
76118
9078
113446
99800
82281
80272
92006
56034
22573
76322
45387
83974
38701
33006
62093
91781
52470
42334
112059
91487
113234
92833
101903
36867
28611
72140
38091
105141
23250
22148
1070
109469
6088
9268
42084
23324
23083
39957
44347
30991
36971
108128
60872
45262
35227
112071
51536
62862
85954
19562
29877
22364
56953
7985
112860
15739
44083
105709
85812
97693
26766
37417
108538
12481
52072
95717
63236
29884
115652
9361
67873
114725
113076
75027
44670
105630
101785
38662
37747
505
53993
83586
83812
69701
78209
31273
109455
74761
28026
101980
40817
50065
13872
88259
55554
113570
48930
31966
93073
44294
78986
86686
35672
60783
21066
7274
28385
74521
39345
4692
44764
74974
56164
37669
111891
27143
92285
64931
63908
112767
79359
47146
63150
69277
113410
89726
31716
84311
45873
81308
100295
47306
52751
96568
45249
52356
36997
24184
61374
56730
67153
28890
61739
72139
26787
40400
115092
108663
74844
84520
101408
107017
58386
14669
13576
90948
49550
111524
26099
40899
96315
114124
62682
108473
56986
83111
35417
102913
115181
62571
58457
76385
66941
17897
43665
69803
86153
27231
17742
19759
52372
92980
75389
38338
83844
7938
24793
26558
12330
13497
92626
5641
42121
55559
97392
76197
37880
37097
24605
80248
40165
86197
78566
63619
108168
63359
40563
79840
111380
105862
39968
45857
96472
49089
18459
87038
61721
101614
77537
15880
40427
35067
110751
61376
7862
79017
103008
29526
61065
60462
5983
96377
73111
101361
64782
16282
38096
43460
70271
75921
61489
26952
101978
32231
68239
90054
46939
53916
55406
82156
16899
14270
29091
93823
83082
38191
52274
28474
57256
38597
69242
17756
63830
23567
28091
32471
38773
3339
108403
38104
97047
98599
90971
61938
53178
49158
80952
6404
50643
112686
100330
44991
16365
91263
96413
53120
100683
64691
42632
5098
56699
78570
85978
62833
71322
20641
36546
27491
31861
9374
26508
101717
65779
59553
88213
21678
106349
3606
108219
103789
110747
38043
68199
54178
22611
98298
104541
68464
62098
12698
64124
85730
71227
26740
96297
114119
91093
33199
2900
47381
47540
103364
47757
22289
108206
59199
87399
52015
98898
32238
71591
101653
93246
14178
20378
101042
29092
68467
69564
77970
114842
10892
93303
66799
28500
108024
32568
75794
47362
6051
73636
9808
23649
34403
87743
84540
32800
81006
72725
48820
77001
7488
44332
36691
8413
94027
14629
38282
61104
96732
22905
9722
60213
106794
72024
10169
34729
4032
26160
71472
105207
83487
75879
75636
99079
37635
61779
32326
82904
4356
52695
95800
4135
82658
17494
33578
107913
7194
101336
47024
84544
25798
10416
74421
11480
85321
68870
17032
70505
111148
17472
99423
30382
29867
41248
13138
38491
102779
17152
112443
90315
78279
37735
20059
89202
86829
52782
53328
81978
61120
36194
5721
116149
101741
5848
58736
82418
72422
68051
65004
109662
24512
65305
48649
105912
99421
1533
55853
63766
92551
94914
26392
108190
31153
3049
74723
44722
26710
72789
113507
106213
102041
73189
59521
55680
34172
18779
107
2323
57114
38339
72860
83693
12002
22
59882
77772
9237
49812
31858
27678
50241
26411
25991
59232
4779
6754
78795
30130
51241
49796
106312
44069
48361
2360
43885
98275
52939
7614
1852
112203
44798
111288
76725
86180
87436
56391
101344
39484
65009
30330
57206
107046
8029
42127
40517
84121
36975
43487
10286
52860
54835
734
115512
34513
38498
84555
8178
83706
49468
102482
78869
68136
54775
18210
35614
99217
33735
91389
102949
102853
88452
86155
39378
565
84559
56656
82522
15956
47762
54560
13393
14411
32111
106302
13097
4607
10581
4923
106447
470
67647
11067
2203
28749
95496
15430
35680
22229
27082
29287
1893
65103
111522
13157
106224
43860
103238
89252
110647
36962
50331
101852
23968
34691
69948
15086
109715
10521
9449
21705
75511
75803
110487
5435
94740
12000
44206
109869
16671
91816
27323
40106
51160
32368
76325
7348
57086
32484
42855
110979
74470
7876
71391
36300
4981
113444
19582
89815
12026
44339
85323
91495
10467
45102
75781
45004
29674
113663
56116
53925
69344
20005
89478
77955
98030
44397
71977
115592
10193
110060
74687
25651
113461
108020
55901
45314
6814
3545
21163
15870
11231
40309
31128
53453
84896
87398
28369
103250
60320
99926
15336
102105
109228
18724
50419
75057
72182
43698
48215
21992
111562
110803
10513
54170
37036
74231
2958
16798
33450
67843
15986
22723
96884
26532
67376
26531
27228
33827
102167
92502
46210
55197
87769
19979
81406
28867
87461
38714
36842
65129
75079
107455
72321
34184
7018
15334
37623
37030
113700
110180
53900
25403
3109
115695
10161
98768
100473
66657
51945
54024
7183
55068
37964
57893
95969
3496
29006
103891
19448
108099
75575
75783
1549
98976
66583
29657
79914
82651
71779
41963
37254
27743
21251
7822
111500
110682
26000
61323
53069
64758
35729
101804
36858
50062
21116
73851
60295
41822
108856
103955
60227
31902
113894
58609
19029
99018
55218
80144
80254
37873
103534
34906
35348
13714
7240
61227
54725
31391
41110
74508
64879
410
2626
108682
109195
97344
109264
1953
77891
61582
49513
46268
113998
6811
59010
30781
7454
43579
50789
34375
99310
98762
79029
26455
22635
7759
56442
68045
64318
94363
85272
34695
83246
102089
47883
3375
66334
30658
63128
94416
25570
112384
4992
36784
52106
2403
110855
19924
98194
28726
3856
113620
62965
59423
66630
57727
57124
7132
39806
37045
22292
53910
4559
60436
105219
88615
70914
96075
39472
59546
14996
111286
96322
39834
12500
7386
69695
101578
104471
66951
3360
71150
31247
21018
56536
11530
18423
103113
48384
22104
21042
101435
52710
68139
62007
28693
44112
25705
42029
77481
12287
5487
32922
101491
84581
35502
329
1614
48523
17853
104659
95928
37377
53443
73248
71171
4785
38840
2839
110121
8926
84236
60881
42865
80732
79320
57757
6064
41129
61061
73176
34954
6085
74110
67401
108284
115046
9754
36059
38029
13225
112461
91335
50160
43822
100243
29990
5739
59136
14361
30331
50498
23022
110518
45172
62346
35678
109881
74964
103609
33486
44257
73408
7541
71885
49709
2200
65184
63096
76291
64632
25708
928
7424
35335
76676
17014
64235
73648
21107
36851
94884
56435
85908
95621
4396
110225
2149
90633
75361
114646
6968
84227
8438
28402
87758
88394
86513
20717
98685
80563
1114
92797
108681
53807
46997
61422
30662
48489
25794
46636
2336
23011
30541
29168
96868
41396
34315
33035
42799
27370
47051
39613
93265
50931
9671
89369
114649
25790
99557
34454
55542
98515
29301
108172
77753
6727
82381
78102
18567
56480
31182
42436
9760
41998
18707
87350
102997
78963
47470
71200
93188
30576
11554
41046
109953
93282
4194
35401
7134
46722
60786
113884
99042
2245
90778
37670
89681
38776
106251
50312
21976
3675
24712
28859
22499
27615
79854
7477
18290
83921
92819
40845
81976
22598
45682
59370
71208
41623
68540
31450
14760
115354
109800
59366
9452
60299
18113
86016
980
1785
10583
99618
63095
29668
79654
103457
721
103952
15912
11668
31167
93166
12331
25393
101370
65185
17259
94901
81948
100639
101749
45199
67104
12352
39586
57580
31067
55427
55578
69645
51970
90583
56232
24409
91275
73961
102920
56992
75348
32065
98068
52852
86466
94060
59504
83986
61625
108329
48264
28163
10367
26079
27298
95740
68653
22073
71304
52266
61118
81977
94308
54041
84346
72927
62068
43634
40025
43360
80342
75514
114803
60938
105387
35422
61578
114710
34586
32555
29684
15849
26448
86159
30254
114027
6841
104099
56578
52748
17301
44232
64583
51575
6176
30187
103010
55089
64636
108429
21682
29302
85145
74544
111694
46240
91973
1373
83878
94429
108698
33900
112739
491
39199
81556
14419
51995
101623
100741
66489
10598
98383
84924
98629
90165
97296
63214
88092
40010
56248
90557
109197
105512
37354
38793
44242
78868
21022
112601
67244
64543
100077
60948
6823
102571
74511
66557
30224
19764
34033
108659
76388
61711
102137
42275
89569
43489
69178
102088
85704
13584
6226
87641
22038
14916
2890
53476
655
72506
100866
45689
57647
47374
74639
91907
44628
112050
9891
62558
26968
88169
54035
93412
11273
6518
51850
22859
78542
46748
64064
71076
22245
3277
61800
111342
59604
53577
30868
66195
94243
94608
55635
66140
105935
3693
12634
94986
50790
28029
73678
21009
29198
110963
27317
105139
73467
17166
115738
42441
70202
68047
71827
79863
33481
101879
17176
108352
81913
115634
19021
32253
84212
12358
20065
85461
27958
83234
66144
37284
41776
85170
10527
51289
11265
35253
96262
10144
19187
93432
26048
109741
86279
18345
89922
84971
82743
68669
107999
8295
51647
4967
6103
54873
68556
30727
7463
83898
26060
77661
98749
79658
16193
33547
98930
61559
14126
51537
65856
69988
91807
87127
111371
40629
93443
115966
92002
83109
56225
72484
30674
3520
86416
24523
45348
63151
47624
89459
98253
5990
49157
67424
95611
86490
92769
109975
25023
105696
52986
56559
9100
40168
73868
18710
89257
52321
59718
108222
69610
3712
95544
63207
64998
111019
54843
68854
84037
97236
18861
45723
44731
98479
103205
62777
10170
5428
112885
114343
29788
73703
112595
23925
37535
114741
40822
105596
48551
81408
14946
19422
76101
40962
107849
66347
9930
80746
35300
32704
70448
93925
6252
73443
52790
64254
70082
69014
82695
95061
85415
5129
96578
67462
56287
99341
102624
6840
13798
86586
81782
105926
96623
62407
26756
13020
104383
40189
70053
3262
54646
28414
106233
60634
91345
100676
56481
47669
56475
83442
88357
107637
69904
95627
115737
92588
54361
63384
111004
61145
29026
114962
25782
81364
84647
74314
1304
64728
114252
85309
11161
74519
31916
56182
43093
21143
48940
550
102091
103510
99490
86897
2743
51632
38174
108198
52595
36761
54006
86235
14087
79196
91748
4674
14671
22864
39009
89856
93336
100579
53880
96016
114510
4129
68801
8654
40537
79710
19125
78150
80481
68103
80814
77768
103471
116029
30547
110752
58216
12053
84952
19028
30125
84831
3949
2841
74316
7712
27606
87383
34300
109001
11999
90497
30621
9223
71717
112662
7123
11147
85637
97568
31723
84017
51593
93882
72237
93719
101825
13395
20434
62737
91222
70466
16149
65198
80107
66297
108039
98587
29045
19964
63731
2906
99868
79188
51400
9321
36913
28231
75013
36535
64219
45929
65382
24139
7174
17421
111869
17509
14560
30263
5669
16459
59076
92368
97749
27510
63645
7166
11724
112406
27765
42284
113336
6652
36636
66852
6616
104856
100571
47068
33856
48993
53248
10338
94465
88703
83682
103645
109897
64574
47568
57759
42050
65589
85204
396
55053
92220
64852
65646
75761
49650
23474
84844
109892
102430
112580
113571
45800
109413
37671
67090
83917
96645
39861
82516
94891
76835
23730
101768
68549
115549
800
11104
77387
47851
30352
33947
74369
32434
107270
66997
99431
49927
76447
68074
21796
40607
75081
101312
30145
67463
34312
115252
63247
39304
104011
25143
51371
58139
65936
30192
75861
81729
43413
37095
99295
70896
47699
90026
67627
20426
16295
68223
20418
115427
22915
50605
60077
74490
37848
50855
41170
58287
51336
41265
52807
24916
29912
56422
49756
18250
67817
785
80878
9025
10526
91688
40290
95563
90419
106769
102840
961
110649
79052
85060
34470
114189
106508
27292
71014
94718
24049
20911
95953
108652
109836
46815
73363
33858
40133
14428
10852
102880
96005
91299
86305
96552
111402
95371
50152
69215
57028
62618
18009
96308
47681
106935
87051
98419
88692
104295
93505
75628
47706
15577
19910
76429
39078
82466
90363
48481
87529
22757
76763
113346
72476
73620
52436
68833
16159
59085
92621
11906
27134
51955
100775
32616
18847
77315
42630
33939
59899
52075
12668
62517
17345
36564
104611
84138
42235
94860
40742
39336
104651
34781
187
36350
107677
42531
108013
30371
39978
55346
13532
32284
93081
62337
101694
71325
85392
9715
78215
90306
73174
94850
100020
102808
23270
101886
113445
50673
38040
45400
46885
94261
43423
13453
88965
13912
10157
57886
75705
18873
71347
17451
57455
8044
60591
27536
66089
72211
89353
82855
86894
91898
72295
83941
30652
38752
1049
7064
40634
49132
29949
79145
24111
79216
3029
75254
19836
78623
74685
92668
42068
6676
876
10326
53621
22227
52314
41992
61592
21087
32689
28847
64958
82850
105526
78529
31511
106361
97295
12959
102303
24195
56070
19781
29132
11928
30591
6865
21330
11160
30548
41000
12099
66166
42878
114591
112667
111083
32797
82408
51039
110854
2247
59122
112552
84776
20816
38008
81361
66025
42093
8460
71220
16328
66864
95727
36903
52968
41815
23161
84679
74055
4505
82986
30838
82049
94912
71140
61279
59548
84888
74653
68102
90009
28633
43616
21475
54587
5925
67930
64939
37062
81724
101130
70697
85807
45848
47411
38491
36502
100863
23585
60472
79888
11400
42196
53137
104448
24907
71366
36455
54301
54117
85857
63409
70278
82900
93403
20071
1104
93888
33423
112126
112023
70187
41166
79039
46658
36001
1797
30217
7543
99853
115380
72853
42634
25011
84828
47995
44179
13234
29890
94141
47816
38892
95032
28052
19933
98489
47942
72951
110983
58002
98219
23618
71943
64623
