106064
47670
53254
9794
22078
101684
40583
30559
47548
52124
107914
46243
73564
80950
10577
23908
11227
29285
77007
14686
110119
10025
4290
92834
116670
71823
87693
26452
26749
30124
113867
18465
83023
26141
23386
85824
428
58401
96425
5923
84698
76228
6642
102416
55190
53040
103763
70140
37206
8339
5303
117005
18598
95496
28147
71505
11792
54029
12089
5015
55034
37873
97179
94968
25082
87817
117073
16805
46912
26868
53218
71799
74470
51105
53340
63275
54250
4448
16991
76572
78017
66977
26436
7160
91482
83273
39413
19206
20438
52453
55922
16869
21323
95409
25165
69335
4607
45191
55774
101945
16075
112910
60948
84314
13236
82752
78410
88983
77103
42337
66653
20186
110187
28913
74301
94312
23489
15062
44557
62206
79068
87623
84053
21035
68355
64819
61560
91662
52957
17110
90682
98570
62818
1433
31680
106529
68028
23020
58845
70531
13412
100622
90899
54655
106360
64838
24759
33249
57016
5414
23960
94634
46331
16670
69155
9323
69529
52659
26860
21497
26991
55909
100149
32463
50259
72316
57518
17807
13106
83049
7995
117181
72700
59058
95620
39237
64319
78718
64652
108198
86538
2573
79742
11360
80078
83849
84514
50940
49675
107393
67426
38912
10447
57331
78790
90383
84085
55949
109035
88259
52244
97215
11332
56609
69148
39467
92216
35744
93358
61805
94694
13380
61142
64180
45090
88756
14806
94644
75053
19344
116584
74293
64088
87665
89819
42162
19021
69825
22147
30425
10790
96283
55800
32680
11388
39656
60022
8015
13635
78050
86878
73305
9745
60831
86655
32220
47426
114084
91243
43613
13652
5424
17818
117742
77713
4683
42966
22879
15404
11448
46600
91466
15324
76133
52133
116389
65962
7364
53759
54389
40137
17918
54225
111693
60639
46242
4404
30126
81081
41675
110408
74669
79600
7527
109399
93203
69392
51562
71087
87527
32119
11463
115258
45164
49122
102532
116696
83557
100787
5226
81682
24615
77994
72424
54386
55207
86803
20209
56859
24817
50252
24917
14921
17470
26122
10482
66285
46741
2710
107438
39483
58887
111490
106502
40411
38753
95320
69091
54252
8308
51950
89736
12674
70030
108073
108090
93706
48078
17206
35563
81022
17788
76052
10876
91349
47327
6240
26150
55756
56600
115511
29989
112634
66516
2756
52887
72411
35448
37872
37282
104375
21120
75658
80267
27090
33995
111502
26466
53462
63165
24651
17345
78372
35929
83897
54989
21305
13220
36833
3675
25198
57053
112092
7886
103420
85035
92234
94928
109123
103923
83459
74858
35168
4930
19961
95383
44623
3098
56844
28311
74731
27112
106774
4198
97986
41787
61827
6569
52895
33689
92589
110714
50019
95045
45513
86077
8245
25110
88563
29851
68536
87782
13416
853
7953
112282
26259
91818
11616
114397
101041
2729
19751
14588
12567
92453
79151
115697
29491
103951
22915
82242
57042
70173
95999
45991
54658
114486
101394
101734
92076
76594
51033
38987
111824
70989
42309
115761
118008
78275
61327
77074
34259
4566
77592
93026
54567
83829
42571
109625
96362
91586
61163
94328
48378
69649
91835
92020
38813
57874
36365
101589
85868
44087
7726
33214
67057
53859
91287
4949
362
12507
32509
59998
36361
77286
1247
62318
43393
25401
41886
35097
101829
50589
11634
22275
33970
36371
835
87262
95952
3725
116256
35099
101902
53950
84121
31457
37157
15436
56066
85584
19318
306
63691
13735
82433
39532
49179
80431
766
18420
27009
11925
33164
12021
108089
60914
57025
67449
115098
79662
21671
20026
78213
62907
117632
62775
78604
103118
11649
172
88234
66100
34079
80030
114554
17154
80170
68039
89779
44806
7078
63704
60044
45341
61326
106758
13911
53958
114213
48255
83193
4418
97647
69052
108797
54745
69448
41824
74159
92355
83958
52293
77861
58342
16488
64477
56122
47849
102703
101522
33592
108230
77679
6593
1866
25170
25486
36680
3715
41801
76485
9623
56879
69608
18695
88321
17229
24368
74576
64638
112884
45358
8352
78711
111231
52777
76217
14490
90992
44829
91736
56270
94750
82181
93800
17344
11885
21835
53041
98918
112068
42744
88709
115803
5510
112488
3978
41068
9781
110294
21672
85270
113156
61581
61232
26780
118047
22620
66259
5392
63088
47640
101686
80694
43529
25610
86425
11084
115061
35497
66512
12142
48326
106584
76325
32170
29974
91005
37117
33971
22798
104408
81779
65531
6500
33800
9828
14581
60998
18232
27127
34592
26910
20247
81588
5685
37007
97362
28507
68716
24347
20094
42708
78424
47265
90241
13121
4097
104971
99658
49064
92930
66127
46365
54123
67927
35318
108283
41681
110481
61908
109139
69911
56254
90025
81572
113251
70201
51752
112915
53668
53709
31652
23333
62884
10502
16654
113240
99026
8393
32092
106560
62623
41792
21500
42465
107931
106338
60492
69883
42995
37499
43040
94393
21564
56810
78636
75064
82797
4493
23288
2407
79504
65630
111338
82680
21498
16249
78596
74107
71554
96038
74637
43356
97386
99813
68537
114698
63133
70619
86083
45676
6210
88073
103789
75296
8969
115506
32397
8601
105646
36094
22759
76399
104965
49787
107793
30225
37909
35801
53605
90819
79969
37151
82276
16261
28010
95391
43883
82545
63369
92498
39081
69621
60621
44231
20577
60506
74277
86586
40986
68995
106535
70820
55827
273
5888
51854
23099
93261
749
78574
105367
71021
100852
55516
100540
98725
65025
59581
49620
56314
31600
104284
53662
42039
53749
60333
97573
61201
29467
103530
71052
83399
65778
22111
4984
117649
45860
113510
86023
104055
113629
39248
7990
39721
79889
12466
53386
113958
86802
61602
33451
25787
105594
17895
23897
49068
16953
101332
86935
77827
74553
74619
30938
27464
31940
85803
9566
17721
17732
51189
43225
76251
17877
51360
64296
13338
110778
4172
78392
80263
62262
84232
17517
18748
90184
116825
33135
77522
46731
3284
31236
107022
106926
62945
109886
86119
38277
20267
87307
96562
15529
24264
67916
60669
28488
39085
60219
28613
30918
5604
20521
1408
29512
8344
14194
14034
27431
74855
27569
108940
100142
91335
90309
103141
2520
53731
30169
72429
86778
98028
41664
104818
31481
99769
73090
41592
99143
18794
64239
72623
96846
2364
86397
28614
60793
84120
99546
107182
14899
86912
85596
6197
62923
85104
8776
52855
58132
20571
92173
30842
62043
6136
12391
47826
65597
50588
31002
11979
76838
35484
86073
5686
31000
9177
55115
13265
65866
94709
84291
45786
3129
61902
59126
32180
60855
56926
25644
41722
99263
67045
45282
82288
11168
66501
65437
33671
52626
26611
56633
88855
96098
87311
85235
89320
49793
70070
75594
107743
97926
21262
49415
28014
64294
51499
27413
20054
110124
40237
114771
62546
2373
93448
115407
79494
49246
74728
90453
66750
108670
97220
33719
84422
8700
59562
17546
77224
102073
52893
37449
83229
18179
20542
48784
66348
115840
13945
98356
110825
40101
109132
25666
48046
83864
60879
101445
94699
8544
5327
57014
7380
32466
93855
65867
90911
57015
33633
83338
58436
33289
90298
6905
160
15410
85092
36612
89907
8163
5753
82398
107829
102566
44792
40974
30874
115159
2891
68521
32957
33427
16580
35142
1135
3736
55828
20511
15386
77419
46044
22285
8579
28514
73980
25916
3078
112967
116017
78358
42923
97702
104272
35240
82874
117524
38747
85400
85675
10389
73072
32628
106343
34270
81803
51808
37928
61396
48598
94475
5451
114818
2767
26866
99366
1050
20970
92924
60547
56643
44853
116493
81891
100970
90531
47024
75815
30968
76936
22601
80130
42342
114297
88523
19919
51472
108478
111257
55862
27690
46797
89023
53470
69445
96794
98615
38496
52334
51438
86966
71912
41179
65160
104591
28559
110949
101323
48129
108084
76791
76756
77484
12289
20706
90986
54925
104548
47419
57536
58824
15671
72252
31670
41174
86230
41114
63256
47566
17969
97640
58899
83942
86911
50671
91236
96389
91645
39187
27980
107245
115363
33826
90236
105708
20798
95583
98400
73396
7430
90314
33996
3923
84891
79037
11097
26733
51269
19572
14513
55934
27156
40784
33339
95457
66210
9050
21087
92126
68768
112788
21591
100617
48275
30934
40115
113434
86116
55447
73858
98629
72808
22282
118025
83784
8290
87558
47219
418
33732
36424
39468
109844
259
94839
40720
93417
93548
25919
79751
90080
93377
92061
29356
31845
98861
99312
79352
23040
6703
92340
56483
10705
216
32087
27049
52789
76527
60549
74894
104914
60480
83214
90353
28411
74131
65952
35526
66475
5322
44331
58490
100834
87299
25152
74060
20549
114406
32050
64271
88773
68975
115575
38545
57293
24364
9797
113987
64340
98411
114529
44329
36804
9915
81092
92431
81272
116343
8898
66251
65992
39050
93160
68139
57743
87137
35683
92305
106752
64965
30681
82617
84083
32555
49517
57469
17624
13020
31074
109877
11246
51373
63552
17610
35738
113591
74035
16493
9587
95536
2539
41383
43717
93318
65787
3357
16873
91914
109791
21866
52519
107166
73091
14669
56506
37979
74270
6510
21920
51969
111899
44540
54441
108895
57191
106973
66894
96674
25615
5386
58419
66092
88441
96942
31740
64721
100639
21935
48107
24583
8651
7534
54514
116839
12514
92815
73194
79944
66470
108076
82564
36237
110078
11269
11559
35386
56064
13082
65139
16349
21897
33726
83948
60458
108169
84610
108196
37792
68001
37893
105880
108300
5643
42062
61794
34786
16842
117871
64513
45932
44914
39985
9545
101390
96031
105544
105679
60077
82265
114332
24418
93524
17100
94378
15461
108242
5391
28802
65727
6689
36520
36600
48127
58696
42852
84860
41014
114443
87729
82756
62149
69298
70296
58168
70663
10515
2684
33513
60957
37976
84620
16384
44784
53804
10974
100674
95115
83098
100698
75837
99802
70648
5996
3155
13942
58396
22869
98818
60322
40850
89078
75947
52949
44273
71821
54532
31645
26497
98005
6469
47860
94047
56639
116473
12230
73191
73561
361
67330
88170
44164
50627
94108
23757
1448
99958
20273
12059
71427
4883
49493
7096
99736
31631
59399
83993
71372
83183
65670
92653
105031
52472
46956
39778
38077
54643
39345
113097
107361
20008
4421
102146
41553
83138
103197
54222
113224
115072
109589
82111
104974
83361
2553
15890
62574
78842
46655
38928
85267
81625
87061
79440
90970
102917
5869
43267
63580
31520
57882
108799
44071
90996
105221
9058
21300
63940
2446
70777
103066
36901
86618
98418
83963
34554
71978
102979
18843
68988
43083
25663
92733
14140
107208
14619
33561
4154
58209
99163
81426
58638
31391
46178
88130
23588
10714
43503
23089
74869
13639
98970
66972
51358
104920
99411
48773
21311
17688
58639
14354
9550
35186
109496
35934
16339
86905
26539
81830
51759
110562
74686
31195
69013
112700
72740
53616
99487
67269
8401
37894
73659
44058
21471
69047
30639
5585
83841
30358
108392
45835
5775
58958
100573
42721
28965
97454
12356
26162
65587
49709
68031
52350
11876
92511
41948
40782
18660
25264
86622
99587
2698
52135
21027
81766
23356
188
76273
73114
115560
52633
30132
19942
34518
90753
99357
58862
60910
73344
86276
2842
73262
24607
48740
59136
90239
109656
37381
20039
66590
109597
42179
16827
36959
103199
103558
78592
65015
56459
16040
52393
89938
85072
4087
68514
14750
48185
52235
11002
52534
241
66108
53650
17039
44674
71277
72307
52897
2401
83959
20941
33541
15219
92297
66057
105881
40707
15585
95669
92703
72174
52577
41964
20280
106768
101600
23735
101256
56847
8304
83937
87281
60739
73525
17667
115129
117599
81056
75322
63004
83736
56461
93990
22980
27679
30449
36029
34
65313
80833
109193
26482
41892
101691
88760
54171
57307
28207
109933
16591
43806
85504
10256
9469
466
105009
29938
18348
94769
103562
75609
101981
101534
38338
105661
109184
41126
63604
116583
96981
72747
37977
8887
38910
99754
81160
58054
50378
38534
14997
61909
117877
99539
68718
6823
50738
42949
76285
108645
10774
95330
83565
65200
42782
20461
51500
10683
37056
114316
75461
6163
97954
57040
86540
111180
16390
29549
96050
18447
109711
73658
91013
12935
45190
28279
97840
40213
116637
46821
28047
11851
67308
37402
24901
41362
4196
101760
103844
62509
86356
97985
48461
64352
50546
70225
43188
104342
69916
96927
109179
80750
89149
91670
41088
80524
76875
76509
71873
24308
86491
88863
44586
73964
43286
79228
8323
53977
94221
51543
61262
50332
51446
106966
64327
117191
7554
5658
37491
28127
75936
31370
51972
90271
34348
3161
116228
109498
65080
91927
50078
44127
49704
69945
41954
21991
104960
34154
87314
1162
74369
41743
70498
49160
59773
23377
83571
73461
76460
29194
30432
68383
88306
26976
10673
72874
32089
87375
81290
108448
59472
79241
35814
3411
117898
8784
76376
13532
4244
1493
53127
65378
65830
79027
86707
98117
77198
58363
16598
116121
19413
108465
58897
79408
116331
78778
96349
90603
93668
57581
90466
83919
1137
103761
89123
19476
8420
65276
72317
37270
21309
77969
115508
20223
88229
84751
36995
16769
19804
95384
53931
27557
97941
117168
24006
15230
10005
54255
42602
64773
70889
104882
101604
103809
55464
14187
4778
5516
45399
100712
29228
31474
50092
13855
69530
62766
64669
14862
116332
18932
92729
60912
53210
9993
110288
90253
51770
68152
91337
114440
29958
52233
37807
69098
51933
49151
78585
40504
79434
4927
81598
14751
14334
341
84837
114367
111979
73437
54903
50094
88698
88378
44159
2496
23549
49483
2817
51401
62652
97991
73846
24044
49504
95914
80009
41111
13727
84654
26167
107538
44502
52660
1423
114501
41232
23608
78924
40140
75384
116936
68646
53119
13413
31843
41733
11414
66082
20331
28151
17005
83404
58400
52554
71982
28196
25995
3813
86734
66645
102880
71071
77515
96771
68667
74593
90696
89464
106849
117407
20117
16387
53670
77783
94815
82098
37301
67088
42890
69706
112612
75129
73353
91653
34159
21408
300
52394
86494
110972
21975
14963
3609
19314
100984
36073
85862
38791
101567
13981
53045
27486
55954
49421
22835
35101
45352
17380
5859
61900
44830
19888
20065
31953
13614
6539
42382
10672
88764
104545
95417
78547
100351
86992
88696
36009
58500
70753
53288
88635
93087
13824
42003
113215
79019
101134
18177
2428
13393
84840
42063
101990
14084
24563
1157
115990
46943
96120
57269
58048
14737
23829
40795
112744
7804
75422
111591
67394
23259
37199
48203
16090
16366
75051
85318
15104
22085
47647
72195
85651
14728
4141
87201
114561
43299
100794
75875
9149
107359
77132
95378
63087
68170
86521
105694
13607
16081
101831
40879
65463
30554
112190
53702
16639
99045
39855
11214
90884
6172
44496
115008
50712
43718
46153
116015
14502
7672
4639
116401
74118
98651
70811
15929
91477
80866
40552
42476
42360
11394
43886
13091
67420
62204
14000
60958
54667
38072
24821
45958
48942
24998
44637
40317
23236
17900
40996
92151
15074
101166
72025
59167
64895
67778
1458
110522
89550
44054
11969
8453
18640
3289
89691
57714
26655
194
96072
13866
34589
104518
89470
20309
115899
39476
109708
6958
67595
5674
19055
17728
62084
59405
91443
104383
12571
84688
13649
100849
1883
63449
37959
79256
76644
102106
58282
102861
75996
79371
90605
82561
106252
17549
74241
87247
104635
48070
31610
15982
94747
34267
87301
18439
109016
104883
89416
71864
13233
14927
80728
60564
32897
17913
21210
80250
104494
52210
68870
54756
105423
8968
61924
56573
83905
97565
111935
49617
3578
85307
214
115729
59434
101740
5592
3128
73687
71117
58911
57182
106614
1126
5966
20751
86864
27979
3115
57239
75133
86942
3460
50920
49546
104624
18567
53083
12443
103953
107265
23651
29554
89528
114985
44245
18813
108063
87249
23249
110313
91076
90836
16962
91596
13100
117051
18492
90174
7512
47303
58691
103875
42770
110888
96037
99613
97030
40418
38777
67487
44064
68022
101673
66010
3933
50034
69404
93250
72786
31791
23614
53876
37188
42573
89082
65415
65235
9970
35223
36284
75393
33571
113190
45298
49484
4681
19232
60822
53540
87453
63625
52712
40673
88489
100591
93375
92941
33047
74158
4021
58183
21631
29386
66094
89189
22296
92170
80394
50771
39027
81067
41961
90811
80355
58871
6966
5629
40295
68871
33133
51734
49902
26997
55077
34002
42327
40494
19871
15199
83176
20292
41674
113778
57672
69481
93847
86375
39587
15164
37079
103819
59907
81162
72596
86566
41135
48710
457
117335
49037
27823
115283
107729
111533
109295
12055
99910
84319
29589
51571
89648
101502
20344
55808
38382
35254
105878
51923
13837
58770
46996
53209
30779
107025
44944
93596
15366
27520
81325
17231
32378
107212
115768
106286
57189
66477
26786
50540
26215
40341
23649
81917
50014
74906
15347
78753
78472
92184
78306
90352
64176
46079
28735
37288
113813
54985
41653
24709
35579
41480
81553
87719
28685
89527
116829
108256
51170
81210
6059
72922
45310
57602
67481
49410
104267
20036
67119
86244
24117
44207
27700
98186
96509
113074
82369
8814
26904
41030
33626
94391
71635
65905
85952
91889
25245
22334
71413
36799
81806
15884
91264
81308
107312
105863
40013
67460
107974
74261
53513
112958
72083
99467
117594
48428
112630
60862
79950
25019
27766
85948
15443
109388
48120
14793
30929
64860
110634
79497
32994
22308
104031
64548
57646
45011
93933
51119
1310
59416
62974
39929
32356
26028
29657
40695
59651
19821
24012
27599
44570
918
9725
64717
100109
7689
103696
102844
86443
66158
32952
36598
28852
25484
69646
7856
93197
45706
26279
18234
68111
54318
49613
6368
46055
73609
17227
22699
78562
25129
77337
53163
83708
22026
54857
46518
116029
95399
49641
23013
44003
62446
63746
73801
92321
20481
33266
109781
73984
116803
47701
115863
95406
9838
10467
98260
29232
77434
81890
25196
34509
78765
52254
44840
97127
57245
44181
60479
35401
114686
16484
61304
80896
14980
22903
114503
412
79929
14390
96730
98904
20285
41596
77307
115409
98295
92332
73940
55149
600
62061
31541
76735
6846
87869
67996
114177
69777
54394
22228
11243
63827
29060
39382
12505
1788
41922
27931
8451
6161
62358
11366
44104
38147
46718
23937
110213
21911
94090
77197
115788
35531
114032
8996
60949
82846
61774
74606
63516
26958
81413
86305
81289
103829
50369
114609
12994
113277
89894
35879
28967
82978
87928
3390
959
73574
113829
104201
57769
57369
16529
83056
12256
86127
25141
53543
63281
104774
89317
12239
107788
18893
72914
5956
62998
103320
7927
97593
60093
22628
5117
31779
110316
54754
45262
39724
30429
75592
109799
108069
90807
96380
67051
66409
50049
114636
110642
77682
36778
53527
16156
11074
85334
108708
111186
103366
111027
81856
54175
37680
105314
85828
61363
55153
7954
50848
47028
7309
87589
81101
18367
59607
72905
30022
11712
25970
57996
60043
23079
50133
25991
101101
82916
46995
60605
97827
98681
91584
72882
14743
20462
82480
45488
81874
9639
109100
62396
6544
79661
19662
30680
58160
75961
87226
85009
18175
30928
79637
29664
27558
52181
41063
29321
62966
54422
65825
56963
82826
11283
35771
8960
6686
73052
92791
91695
74699
26840
106626
102775
95554
85174
25669
113771
62414
88250
71839
34869
46256
31123
61211
95044
48124
54466
81881
54210
106046
929
46911
2215
82450
79852
84234
71390
27400
86514
72517
91041
84825
108302
110118
30546
108877
64982
85811
117641
97543
104170
37108
9270
28678
4046
11569
31592
81925
102906
106505
17970
3780
79885
75213
46933
29183
29381
57739
73759
171
50663
47735
12896
31767
110069
65032
41431
27046
65737
6786
3364
5177
22391
20169
61725
6257
12337
106232
97287
61187
1827
93050
95613
42014
17846
4797
67626
44591
92610
116998
5347
112443
85910
23157
112960
29564
107290
85872
4345
582
67348
35299
109368
60187
50353
25400
37623
92477
52455
56497
18778
114085
54499
89456
74039
43747
71195
60973
75992
99829
22926
60782
44677
31036
2503
4411
77262
39936
31663
12603
110228
43931
56549
43309
4455
49938
113357
29280
86234
12101
80229
108244
38198
43587
40410
1483
104842
59378
100870
29911
34333
117132
51730
71207
101601
87669
6383
31377
71349
2054
53125
17955
19255
35111
26489
90576
105214
50709
77465
22846
78363
85860
101830
102187
24756
59230
6013
94809
17276
20816
37828
62124
60565
27458
48482
16996
48965
109367
105916
52576
37011
86217
68128
24800
22995
77767
117473
101407
89651
30461
92414
69475
6355
26917
82609
72141
91791
56665
27332
17333
105610
50739
47493
81997
7725
89771
37283
41466
105975
79738
103548
86999
36870
115252
58281
13880
24618
117379
6976
29215
62310
54663
11689
101640
50302
106143
2831
70595
76550
51974
97077
91654
12607
59447
87189
22358
11608
17282
16808
78932
113909
51087
93944
51540
49589
61154
23570
50363
70968
30557
99150
10762
101363
98529
90366
116131
89283
16235
6888
64684
64551
81511
7146
71671
50008
103661
83322
87544
38448
34911
24228
97060
18431
115110
75189
18585
18206
34472
11759
7496
37097
9905
24661
102091
63837
52672
92011
78628
22075
5175
111507
8226
112064
25531
17829
10377
115623
5061
46405
51968
43820
19901
23388
8276
52658
50521
15408
79723
16135
53253
61168
19452
59768
10686
22777
77772
61462
99625
73632
113051
113486
54501
38531
55407
73682
69424
106380
54527
29138
106067
10386
75351
37845
94007
100687
114488
29324
17225
42978
68017
80273
2845
3735
73601
5548
95446
51180
64104
74498
27698
23850
67565
63254
33208
61292
27909
57918
89939
6900
6562
96113
60691
36323
10137
57771
9790
24437
40423
110769
97544
107317
30426
67461
87233
67505
460
17609
74874
56900
29736
13831
43374
26387
85386
110797
13940
32518
11338
41039
60852
88424
91661
16586
60939
52300
54267
80246
17418
1144
114999
99254
68529
86686
98707
15323
117588
73322
64085
79775
61089
525
62387
51694
81681
96747
114933
25104
117842
65857
51161
114481
40374
7694
69688
37329
73417
22638
82008
44295
57020
22371
55102
69579
56864
71985
1683
36524
64389
88245
98680
46125
93051
66932
59987
97502
59619
72901
12479
33832
50225
94814
22461
3926
10570
71362
10664
72838
74411
38628
99033
89911
62853
101844
56106
36151
56552
37313
86923
55723
78714
93017
73317
76720
77622
78927
23076
81079
36171
5891
13133
60252
65215
11764
102849
45689
8009
68358
6363
94088
9995
70048
1436
31302
976
54687
104242
15138
114127
12168
32475
25003
109998
94444
1693
107132
14504
11789
51294
28512
15232
55472
75838
42043
9532
77725
103682
26161
47483
19625
97931
18517
19073
28035
29674
108752
55112
50854
54771
52388
107611
21629
9766
18737
35627
81223
54877
30853
41310
29515
100596
15454
79030
6246
40367
71903
40096
1888
100387
116197
14309
1860
72936
61093
14688
35809
19601
117974
36328
8306
36618
79906
79116
48979
98261
79752
81194
23466
100631
58272
22796
69035
36141
16045
28274
80143
105124
47745
43522
41772
10149
34216
19983
18897
112021
72037
47532
73996
47291
113889
107217
4689
41860
61237
77623
47703
57092
24710
35025
99174
59822
75664
1253
17351
66314
81032
44034
26627
72969
47105
87760
72480
16514
81907
27220
39647
80433
55754
101824
25313
31577
80743
47456
42385
93988
72823
91047
55683
70253
69939
26683
116518
9139
70664
22882
4102
88966
25506
87118
101671
91850
26034
34879
115700
23274
57119
88231
73931
107928
16002
31932
95302
9268
83862
57304
102894
109978
16147
79438
46656
28807
58797
46852
59335
30843
6297
80293
77138
16187
46362
73763
9091
36980
15158
31763
108150
104755
48438
19658
93989
80354
70451
5418
77475
49156
30379
64138
3266
61861
109215
102340
6792
97719
11131
61108
22564
80860
100588
115739
53880
18375
113090
17574
44898
65187
18647
70988
44084
7192
1349
115977
44839
114149
2824
17573
95207
24197
81812
8179
77031
112343
109163
1481
75467
49711
44055
110965
81086
60222
22130
58162
84685
484
12369
30303
39411
71410
74976
4783
3746
33438
9101
68406
84031
16127
72924
39323
83969
39853
67543
9901
35471
91407
57841
44524
77253
102494
32406
85348
35608
61621
103742
10751
84086
99991
82235
55945
11217
51853
4094
5850
89628
3468
19492
75488
56385
113200
26084
88088
55567
78640
18301
47722
66528
114917
110193
41233
50167
80202
66862
67934
117917
61083
92077
54629
39856
35078
48364
24701
88940
3956
21058
96151
48084
48263
5846
28650
61707
116792
25836
1134
73745
5666
84043
26666
19085
20151
118046
33632
80069
106802
42423
22141
88294
44079
28173
115107
69855
108976
89158
52929
105220
50279
86534
110527
110123
15225
61291
56078
48110
5487
87218
114260
53198
109618
67597
79795
56539
54801
20118
115772
76931
81436
13920
39264
34347
65808
52032
76459
25501
93594
112338
109304
54142
117337
70786
105711
85478
28610
78814
66944
68110
39687
10537
94593
84950
15260
57791
106452
41107
49847
65128
20823
83240
54958
67063
113114
111992
88467
116987
72135
75442
92489
25502
6322
46506
79948
103981
78624
26484
65322
38289
45204
2837
11921
94804
103746
53557
89358
61183
85655
40954
38926
17731
7801
8713
79583
26959
91710
66383
85643
47325
6381
91512
60508
114291
93065
5681
22662
97191
6241
91841
85605
71224
345
70932
69941
62182
65043
81740
8831
17763
112953
108241
112286
86626
101929
30067
94757
85144
34978
17088
3023
44380
4291
27641
82193
9697
115206
34444
94195
527
86812
14601
78250
17976
24873
13487
50525
21345
56379
112537
73557
56347
56406
28800
33358
14796
78584
38329
22011
78172
56207
10538
117678
113892
44902
78304
87680
52309
73535
110059
115490
117172
97061
51241
23858
86299
96849
110326
43861
86401
7278
33722
102575
30075
66290
3221
60652
5382
79719
68437
47788
31666
13186
16208
34456
33616
55068
64066
68404
16482
57924
51261
42683
18866
37989
89594
38159
45426
58257
103347
25324
5079
73054
66744
36908
28103
87659
28738
99771
49010
39823
18486
68663
29510
61889
75030
86457
37120
82748
90907
72127
89322
79401
63181
113532
26905
63879
106747
1933
91169
37478
30787
90900
72438
44175
35015
40542
10280
65560
6314
87720
41084
55490
11854
31886
44552
4213
42057
102780
74232
92424
97345
8756
84010
47017
93123
110619
73377
99079
36665
88011
67776
36502
24664
25211
59677
114797
94406
370
60132
60974
38399
30129
104279
7455
102195
21810
5275
86354
55684
45414
57336
53589
80036
111056
73894
43333
114750
88152
10462
58338
40779
114059
68817
77892
110595
81240
106073
97130
28779
80371
115499
3427
3360
101144
51914
55227
92491
94142
16697
33552
53499
98735
16483
65814
44890
84637
74487
112065
53851
73345
7497
60114
110628
95596
65419
66208
22374
78931
86154
17189
78194
109897
81721
3796
102701
2257
5998
67845
109907
36563
70735
26056
111530
27399
10472
95921
99928
15453
72807
27312
5051
13823
6983
78019
50262
45390
31554
86904
112141
77917
112984
46652
14003
84786
44330
81343
96588
20327
68535
20667
98051
41231
92568
77449
43830
42764
82950
99058
67861
77355
71114
5328
96664
46310
103627
105633
74175
42137
804
18926
32152
65820
109281
59488
95590
56227
22237
5925
45455
106552
13503
89134
101617
39268
83033
59899
89219
112193
76395
83951
70953
68095
117715
63386
33915
69339
76592
51000
34610
85573
63043
80176
88875
30769
5901
4371
37554
10147
51830
71376
108764
74870
83381
57334
71658
29424
60415
97398
63957
36677
101082
56983
53097
59285
42101
23646
117902
11471
53025
32722
91022
76158
62325
72017
94118
52058
64704
115398
92531
98140
28289
44893
9557
114470
110039
2828
29416
48210
47624
49121
48406
33362
83087
1192
70354
63846
16439
81486
41887
4874
56336
33284
20596
67462
34484
101730
43954
50459
96184
41384
109924
27263
78949
74820
76563
100462
117948
55705
42084
12198
79603
9655
25692
69180
35975
85650
103007
11
67053
63755
52630
82309
87552
81333
5088
112252
61242
14321
81883
41857
82423
1927
68859
79347
86478
25214
60580
103904
74171
22875
67383
78881
50417
12257
38470
100664
89349
92273
22783
24925
88673
104130
98516
80141
46379
3412
16960
56728
94060
60320
54829
94904
29139
22041
13560
47741
72657
94286
225
54984
85901
39229
91848
52219
95108
63863
98834
7975
68513
45770
117284
32380
77211
100526
1417
31498
80651
80020
84584
94960
55993
9354
14859
84246
54279
34909
4986
102018
85551
18215
6939
81018
53406
1498
6676
54120
109497
50106
59734
73283
26403
12646
75202
85606
9539
61092
100979
68151
49714
11396
86403
54369
80258
82371
64412
19991
45848
47903
58963
6290
47372
72900
73203
25116
109374
28184
65177
58997
34564
34487
65258
64220
42907
12140
34875
55507
60463
89328
81161
96278
50126
31711
31408
67037
93052
63477
117575
118044
67048
88476
113524
46833
80027
14211
62236
31574
32237
20621
80684
70211
109417
114146
116811
91219
81514
21804
44490
29910
103213
65552
11445
86594
116808
44454
39336
92806
15460
32678
79471
76244
116267
2798
79545
87950
27445
56420
56807
23715
108717
29274
21508
56025
68925
99258
33583
55044
83747
22632
91995
12193
72920
90745
48960
102208
41316
93769
73131
104200
49132
88508
66735
23581
63122
95342
85189
44042
93001
415
86115
62474
104539
37142
58605
61767
52155
71615
85537
98223
3072
34335
44386
40287
84535
74491
109240
64377
23865
15770
72685
95647
93876
114775
68929
110111
77753
106055
71162
72958
82016
32019
69001
69992
92704
34850
25143
41229
20041
96284
59720
12617
4665
41569
76750
75096
91658
89477
105627
111344
3189
18347
15772
112970
102031
8914
3773
93323
63842
9803
25914
116770
9763
33933
1184
88311
108354
47998
69564
83861
10039
19892
4447
30624
66380
11575
100556
51593
61718
117430
6399
112163
22728
58816
64388
42715
65540
66255
105600
63380
89799
84855
19305
42509
59678
72820
13271
25083
12024
234
103551
2902
27593
3459
11045
48379
113684
7443
69964
107930
35712
55458
26188
44148
100269
12729
90885
704
106341
5971
29400
6934
4083
110021
28007
47193
93838
95277
54844
35226
88758
78861
55079
118052
686
7959
26113
18618
32160
32903
8214
85523
109835
62590
117874
113757
86049
14781
88638
27968
80540
113663
37433
28667
10518
65334
41642
92302
55349
10523
53050
71895
2519
93853
17429
116299
1720
24721
61130
60603
106856
24487
16133
37183
9044
82982
81411
22489
18700
20802
40907
47240
61251
6167
44936
96055
56276
6632
56205
44391
91222
89658
67237
115908
67596
92534
113941
6068
17495
2480
106788
20705
56801
45037
103678
54966
71529
15426
76107
66573
35733
65957
36814
12041
48336
28170
64107
75583
116972
42901
88962
16897
12014
73642
32691
87412
67832
31732
69920
75732
74725
64242
74531
74476
44734
24796
53478
117373
62629
114743
112722
66990
58577
91732
5075
95846
99257
90628
69120
30684
62328
64662
48749
6386
61545
28803
35511
70014
102855
52395
36030
46303
50611
80662
3415
50156
80815
74781
15834
84256
101242
18944
107654
52612
70418
22045
69015
91699
34349
93921
82579
37004
76784
16019
44056
94551
100899
55154
81358
49224
114225
15994
73247
89913
35903
4428
69815
60869
11543
90335
37888
4175
6123
87726
11683
14606
38843
48599
86504
59772
67340
107328
106302
569
92987
43234
19294
56433
100262
35958
108579
14812
84275
111600
102069
37211
58145
15389
102087
78529
111441
5468
88967
4858
31429
38387
18729
106982
59997
83438
104337
93809
117483
84797
37022
106910
115562
82586
15743
3205
105338
44298
2533
58178
85653
115755
115326
59529
42242
90802
84966
67966
80840
86159
23403
100080
41079
80584
33000
84526
109345
89891
107815
12911
23011
86045
90581
48788
115541
70915
34759
97752
103665
22383
117270
22385
45578
21051
725
69056
7472
71132
112345
116447
58197
21066
79242
106728
54909
40401
62705
84466
11587
54989
94729
32438
54000
104846
32742
10796
59238
1999
14561
37161
51884
1596
25166
50529
37298
65805
16357
82090
33467
72517
5841
6243
90523
65124
52332
97226
10018
92163
43493
15786
100226
18086
109700
53021
111122
39768
91041
48082
114350
76064
51340
40893
4641
50724
22568
43036
77824
41329
47433
76552
92105
80436
11037
97689
93875
67400
25945
42810
10810
56435
49907
18037
64122
47574
56258
15173
26575
68340
53274
40566
42352
103477
8065
7348
3014
111703
107636
29592
109017
40147
14148
33603
60204
26946
117676
86086
62107
73031
49318
52677
