66452
46
74255
59476
61003
21175
38975
109138
4405
83381
88571
75850
13911
21283
63165
79108
103708
16315
52282
22461
75826
91106
65681
80766
32828
19002
20472
15086
80049
53733
98928
75976
106497
621
90471
77583
5908
23580
96258
78080
78716
86238
67188
50166
7562
89509
29642
106111
29712
88107
3038
34622
72740
102086
40
85745
20218
20231
15643
73538
21419
26124
16543
94925
45684
62575
80955
47003
29240
37254
66820
9242
58080
108397
23819
3178
101239
7188
94901
56694
47725
54761
6476
49087
60490
30476
75755
66307
43119
76847
18347
6705
59579
110275
47400
24888
14546
19779
30057
85410
24816
82335
39923
107988
16142
69592
21213
103305
71133
12552
94277
41907
54579
26199
35768
11258
59442
23116
7955
59396
102804
42145
106909
48056
82836
5138
108086
37603
27523
5855
84482
54128
105899
42058
60600
61581
47158
98271
56056
90909
7621
45505
5623
63540
27989
16629
82211
82269
83960
68682
93552
35150
93651
68523
23161
25371
64459
34096
82753
66877
58970
91352
11572
44613
46953
38631
87500
21247
19114
65380
52440
10850
32418
32254
31668
2849
12977
84329
27042
22037
72207
101295
34318
82651
14907
81486
44025
108603
11782
85590
19430
39027
70589
2879
98778
153
109875
10568
71193
81868
56087
19083
106850
82520
48875
10227
68256
102125
108430
55411
71785
45646
78643
3655
108628
81669
64435
88550
80412
56084
68345
39226
11419
8041
59701
95727
97490
77728
9615
110321
84051
57359
35863
79276
63984
42600
102391
87839
59492
61975
59853
38011
81556
18437
21574
14416
72899
55985
43054
47357
91158
11381
38958
92941
90238
95792
79301
75665
19305
88458
32205
10435
53913
79134
50559
49221
71402
33057
50617
77409
77713
13407
21044
79497
26971
33467
3012
80260
50536
23559
32753
94509
105141
32650
94782
56618
68914
78965
40858
79552
70031
21307
16682
92777
83556
40892
85017
69803
31746
12728
23260
90037
57165
64830
71824
42416
44251
25580
17421
93240
40922
1690
60406
10600
72094
1843
38209
19462
52767
33883
21830
42316
22375
63363
62239
46554
57801
30512
109970
34539
75663
35843
108745
605
56571
51629
73712
36067
33450
25171
22310
69203
3666
68238
38957
87267
90268
7540
22363
69682
3130
95836
44033
48100
63966
100622
71893
72396
61781
69478
92748
86738
44267
46927
53324
22247
70245
99382
62928
96031
3790
66621
33544
46864
86045
60250
4559
32724
101092
57641
44998
107658
8239
95808
20347
46654
59180
340
59230
62833
35618
11643
90530
72533
28546
2150
109479
25296
94679
81972
69133
34498
57576
60423
14581
92118
86178
88944
32814
14565
71512
5388
93652
53390
71167
75643
99500
87773
99291
77293
14064
6658
16421
34893
63294
38613
64740
47444
12299
37214
26437
37659
28775
72298
85828
94454
80757
68520
18544
6354
78426
45458
62317
79559
105103
100154
75416
80713
80269
33637
94294
56121
33378
125
5049
65958
97997
69048
7306
70321
5391
67644
16414
34880
8018
11850
96059
34128
28870
25918
87911
8255
76325
109681
59960
41167
69415
71369
37913
94120
28854
29630
54295
56958
63926
18282
37949
36538
47990
89874
6934
48184
2061
8209
9576
48050
45138
70674
29253
23864
23157
20022
73283
318
49290
14528
44233
70664
16621
2048
18026
55483
75170
95028
95932
17482
34034
77868
76201
73015
40491
63486
92942
15195
78618
57972
19674
19624
43250
30774
23720
39840
59527
4552
11824
43950
50650
18134
38121
109494
101920
16953
70036
35437
5952
63786
61250
71217
82488
30528
55477
107677
35476
107488
28512
89359
11424
27056
70082
10974
74519
74068
95205
51342
90235
80290
15146
75276
30701
3633
46903
48652
26317
82261
586
57883
85104
93486
39864
54887
99338
51701
106212
59977
77943
90479
23385
3646
46384
107115
105762
58884
25883
71810
10544
49297
30954
57057
59933
40219
28225
33832
23574
87034
58768
72691
69854
35033
109828
40181
83360
81439
111025
78283
84956
6498
27582
78498
3354
1905
43528
33606
29826
17643
8927
105112
94330
9155
47929
31607
26331
99244
53242
36031
20592
36890
46998
9819
40192
37138
35757
30463
39747
12695
15528
3082
105131
51463
50202
109958
12623
105909
13641
39741
105319
25728
6827
44967
1856
76280
67752
101373
39507
74718
53392
9483
58766
19017
48165
78068
96872
95084
52789
50747
82190
79798
25023
9882
5491
59481
86590
95816
100138
7214
43587
38419
110010
17611
46118
91118
107753
23167
10356
24315
4425
77958
62002
96520
25146
60082
48728
17859
23853
56449
94073
30638
33989
74346
36983
15629
92606
7208
14863
2645
69039
106004
46089
24177
99786
6250
69819
81797
22661
69956
37822
72997
5096
83260
41982
7450
75102
20727
3365
28915
35957
43360
79817
77983
88858
99467
18883
22752
10904
17568
55463
109522
93717
62791
37141
16566
109534
5699
13533
44938
81814
79446
15067
21409
98352
45973
84751
16869
7653
24188
106484
31399
88048
2349
50074
102292
105085
32915
15122
6933
49456
90671
28616
41957
38229
4763
97561
33577
104130
51452
51533
22308
70376
1464
93675
105597
84397
50869
39549
38220
63409
12828
34732
83724
107959
74920
59812
67305
32763
15142
89421
19574
46985
90164
69416
29012
94137
70692
83362
30681
82711
104909
36418
93656
89648
77856
49593
37961
97705
74653
75237
17657
98341
35556
18897
30071
68320
90099
48806
72967
109842
84715
33469
17814
28474
22103
5218
99557
51373
24796
61249
40530
107737
104686
109346
97187
36350
59525
74704
72591
62733
40753
18710
70590
96942
25738
99023
86569
85488
88273
37112
37472
28462
51333
75390
13724
15227
91229
67129
29084
77837
19383
10133
48994
48371
100199
55549
102686
32805
17476
110979
1716
42394
22858
52342
43995
80911
13146
67281
1658
2464
23891
105892
79062
39774
102885
67284
84613
16418
40995
66273
73726
20142
37285
29324
65827
55292
25677
29103
84008
5382
35274
88266
45263
81043
57523
94031
76843
34662
28524
27238
64229
78922
992
76463
50661
46238
55577
30837
83731
61421
60238
52042
42669
83863
64014
41584
29292
43147
44113
438
87934
67038
89385
56416
90552
89729
48048
104420
25934
109874
91709
20711
12188
74803
84708
16654
41695
102761
22392
77822
64415
42301
83847
46263
34643
49596
89471
73882
4437
99515
16639
87495
72994
7976
70093
103420
97439
98570
109413
1728
33372
98047
73816
38842
31157
20652
12761
27041
37329
41470
56477
44062
28319
4560
97157
67322
78196
10084
44807
77234
60593
2151
92474
104783
91304
52550
96452
104381
83472
105218
20807
80229
50603
60133
20381
102144
85437
67749
88956
44343
36973
31861
80826
74124
89505
24132
110704
76705
106152
40625
72927
67932
48370
54358
83403
98557
69826
82582
58684
56555
76234
4098
44681
3645
38919
17107
5827
23608
22648
74089
91689
80551
18449
28486
85042
13321
16843
110474
2382
8487
94655
13463
68769
33937
33530
103069
63929
52698
110775
73573
24318
75951
69503
68919
286
30369
34925
61585
43473
54261
34866
11078
12577
15541
8990
98108
74277
72592
26498
98308
77572
93256
19201
94576
36458
44399
87908
15543
99405
26075
79940
42514
5400
100374
102960
30573
99307
23744
69003
74783
3360
20148
94193
60813
49302
1436
55246
24215
16308
111082
62919
9944
983
14165
54537
102493
6851
17083
67639
60167
6265
11892
98230
34350
48774
37776
85127
34017
56923
52622
89785
10412
72144
21928
73080
15312
36199
83166
13719
62265
57309
72339
27830
72716
83298
82050
63281
3531
102302
106119
31331
107212
110731
73694
15097
90644
48515
2833
33391
4661
7807
88948
16416
14441
44856
53544
71640
22169
38301
44340
52744
93168
56812
7687
76220
60190
36397
90714
20073
89803
39514
74660
73595
100143
14180
56271
7703
40167
47496
31801
87266
63618
63680
61590
105235
57468
48123
8084
21163
83415
73735
69431
101809
40571
76110
50725
49617
38310
103124
109086
62894
107387
105951
44775
17046
64205
36186
57550
25747
71945
68036
19910
99545
18767
63902
67496
2790
28965
41314
27292
41355
106168
58563
2858
35882
5260
98835
101845
30609
43947
71932
26739
72658
625
97477
67577
71525
105918
32983
95909
20303
21672
64761
32280
78069
105901
12906
69419
21796
68394
63831
12390
68028
41456
24585
103495
86939
34300
97287
61577
71606
104627
82503
19792
40127
29653
75930
91275
102417
96412
50817
26664
5247
85750
17118
21248
83912
7677
72011
78344
19769
30415
76304
99644
103414
1004
62855
104563
110272
35456
25448
91740
75231
82474
18311
26619
8574
61767
54029
43637
86967
9006
36391
82600
958
59718
67065
59092
104249
98184
63658
42733
70837
101713
70183
98065
99562
36602
66231
81343
70880
108554
103751
20805
100447
93807
90929
26875
110195
72860
65055
21525
102285
64720
92564
42542
52365
1662
365
37408
89119
26992
262
92583
51196
56588
74510
37705
51504
25245
29856
27039
104000
54300
110338
17354
92041
12928
68364
78921
109581
16671
51100
18760
95714
99826
32226
103592
95965
75800
81636
62600
15140
73678
93097
55669
92670
102941
71567
17309
52070
1851
42885
60218
50086
21114
36561
20887
49680
24141
87585
64428
3705
99101
11518
99720
104680
71378
2680
96958
69927
3287
49684
43838
48297
3425
14532
82894
71076
66047
47685
48105
63295
42978
43020
46296
79484
93295
6187
97375
91095
55015
88600
49168
11055
81900
39166
39169
109609
517
10613
69154
6648
1164
73974
39449
26795
96066
89494
20969
7969
93466
611
38585
33158
77063
33978
64118
77723
29491
20260
53363
57600
1634
22882
87502
40100
32530
43060
77761
106510
88687
26956
56775
69059
59665
18181
57447
73468
81515
45621
70260
58718
82435
81342
97111
52956
34809
4941
4263
8863
59978
109881
82500
4864
98854
26502
78275
8336
55307
51271
28359
94143
18616
48790
102011
62650
37897
87590
15282
110549
40173
26232
90333
54557
85072
100552
43590
37503
62555
21075
102209
28243
14878
77854
37824
41504
44831
14010
12627
80954
104101
107134
58719
54124
49282
34940
70975
10374
35724
14768
12382
63631
71626
50889
79340
14034
4849
40837
26307
33932
84450
52144
6938
50474
15164
38830
89489
60296
27825
76560
3089
80117
14191
9411
97418
90039
62328
57127
942
44678
2312
78744
20273
23490
18994
29584
100810
64560
95312
40832
8330
69817
75984
105958
65463
108191
11268
64778
10044
65883
43776
49381
2310
80780
10280
36515
15477
40915
18509
35418
51924
57252
99989
90670
104528
107864
93808
5253
103308
48506
54765
49877
90513
56090
35256
99415
39586
42788
97878
78214
91904
53916
47961
96705
9387
11176
72885
95768
19750
52219
4282
107543
82079
2939
71245
97501
92251
57191
30074
6200
36428
423
38305
36542
41720
26560
28776
78962
91599
65683
106347
42527
49117
4285
8141
57611
100963
61093
74892
30584
69902
10865
75457
103389
101973
102268
25757
109734
20368
98806
74765
62949
102319
66605
72166
83578
78576
84096
28747
53015
110028
110226
63437
18911
33704
25543
15768
42247
26523
109915
30002
103316
31106
16444
27553
53990
50442
26761
5302
106854
13150
84412
87648
20047
3770
50902
42923
31257
100931
17769
41719
51250
59882
34412
109178
40945
56717
88840
54221
59747
84081
86825
13619
3383
68956
62272
11990
5744
12558
20725
87942
67731
38799
66795
64338
95978
67527
44550
270
82993
41604
36857
56601
94622
101633
72182
30944
98702
40106
13209
69506
74207
12452
50653
84073
71017
63223
85604
18722
66066
93458
8934
36296
88690
52053
71623
3244
10366
50375
37273
45785
7985
48935
24781
22655
88492
7678
78955
47602
10439
84058
16575
51763
5698
47013
104829
77771
2094
91035
101204
80575
31549
19938
84846
85139
6644
62513
66134
97798
78520
274
18264
35629
70127
20282
15985
28386
6374
84271
13676
76891
23563
63605
20227
36003
28691
12714
86678
105411
95222
12962
89376
74751
110468
49705
49126
81240
61779
75153
25345
57206
16749
8153
62280
65534
41182
11205
32839
58753
74104
6495
19488
102579
40543
18795
92704
65711
73687
47912
41257
6502
25611
6820
84323
96343
30374
16982
77767
583
86146
50558
44067
83112
35188
80197
81624
109316
102990
6959
53980
49627
110617
84622
17857
31301
23333
75357
66514
71384
96698
65791
89113
87113
59810
70688
85169
60069
36378
2331
77993
29866
56067
51116
78806
21673
95653
42588
110754
105220
85957
28089
58331
47744
57740
57134
102256
24920
4041
87614
78011
26846
10998
100710
90894
95230
7238
92534
80611
50777
36445
98440
82172
23447
34061
98334
13132
56474
3647
58674
5639
30744
68114
12208
7142
92960
40133
42973
104026
33492
90955
80132
74306
12731
19688
50910
83153
16695
64010
29904
103323
100579
85419
67544
70252
71122
18368
109447
92161
4176
37414
69974
60376
22925
23734
103549
47435
14182
46773
5955
39509
40536
70504
4836
27389
38282
63003
91585
15465
74182
36676
34911
78903
70737
23117
48842
106751
10535
30814
33619
42903
79140
37204
100053
85807
81804
87047
67568
745
63383
74633
53423
107095
39609
24455
53036
8354
84890
54271
61028
32223
92884
30633
71368
70087
17880
39963
11354
23880
75955
81339
98948
31237
11185
2821
96395
50938
60548
51887
22475
55871
15700
41750
52421
8976
53802
53328
64612
75377
53385
106513
108750
53564
1963
18074
31463
97679
7825
42462
62391
37523
108898
7688
19628
39057
52447
35261
13526
45042
27064
55643
20000
66415
106657
61827
70381
95773
49974
76797
59807
63700
68083
2568
50117
75313
74201
1517
63098
57542
58838
26825
19248
98292
37328
37801
91436
54008
51932
110555
85258
91127
63954
98713
77542
72163
85831
97598
28293
55789
66343
37531
98002
77060
58549
23131
102008
33672
62579
44936
89889
53253
29450
78779
4506
91161
15410
15977
53965
89269
7376
69072
22039
7579
31932
104307
23258
25565
19984
11140
47206
16792
35666
65668
75696
74301
65851
82818
61845
52769
41748
27956
48518
59016
59519
42098
4360
32485
102897
69010
75227
93732
40276
73046
23690
51794
51609
69957
38481
13993
90486
16808
36798
27115
50241
106146
83019
79155
45449
87813
5258
71316
100435
109754
63888
32951
32759
42321
23055
40546
20161
5517
48015
62880
105697
89433
1627
80979
23803
53821
49270
17424
58136
21580
80321
103780
42601
78224
30689
47098
100645
239
43759
104302
52324
90221
76224
25549
89629
95206
56437
86409
16768
70953
30472
87160
23025
109864
16500
59222
39206
103905
80902
62294
67207
99024
44647
51262
84564
24409
93200
13960
39931
25101
43392
54210
17170
73521
33827
12609
85999
55294
92080
107867
90877
623
67629
64068
65609
83756
22597
68986
49884
63317
10060
25326
55930
27952
59666
35555
99345
8690
25463
92851
5490
104258
108575
63339
108828
109235
65838
15732
35720
43335
75519
18037
41688
26857
72218
29198
97313
48318
36053
15529
4383
106725
15356
49656
98268
59029
91566
25822
34777
77373
86366
49813
19890
19791
102805
31317
23887
36085
34837
12427
54345
82697
7810
15871
97619
64801
84955
22255
26109
46905
105599
47174
67766
75968
45215
51708
104422
14465
86972
26492
55140
1359
44222
5842
48811
71301
29380
109239
105551
60787
11387
64845
18338
57659
91195
62699
83094
67979
106170
1970
82369
48889
107845
51670
82895
55217
27739
33371
69778
13314
63804
31915
78362
46968
86798
44662
5329
98927
103814
68680
33383
10951
37425
18554
55771
80392
102449
65893
50912
377
99539
64151
90107
91727
63854
55599
60299
50387
12274
64465
67498
1697
24966
59342
83674
59914
16626
36519
54821
62998
97456
43994
104821
34895
38362
85316
18671
40649
86202
82124
29255
62019
39625
31990
82785
98522
2256
31879
97868
77604
94341
97520
68730
12285
62162
42706
6141
22893
78002
4818
93896
100540
56718
5148
5849
60732
46325
50127
57099
2433
83431
46892
20248
110299
84497
77103
17073
83653
48260
46605
19221
1296
2933
55131
2428
98826
76853
32177
62469
66817
23436
3600
110947
85427
106137
60488
64588
32328
44498
2451
109144
42143
54496
70562
35531
45187
101726
4161
13155
6744
99009
24008
81076
18262
88477
51578
73918
67541
37277
65230
97012
8949
109736
32498
42951
7397
99759
82762
65416
80319
49794
70924
68008
59207
85528
82021
65104
8697
47835
50615
19159
75451
103706
20333
94283
51487
84824
3856
19060
31453
77533
44223
95636
46776
64872
91629
83326
75949
91930
22239
83202
24035
35571
15685
109300
53795
102177
30893
41976
53
64980
19845
83057
39131
72398
16407
638
98060
69649
36703
20817
45397
91268
91464
68654
31644
64910
68667
77361
52408
70570
39793
23003
33062
30294
83302
91694
39857
57270
103755
75586
50901
9451
43396
11429
41385
108200
5048
72648
52836
24547
91888
100364
31208
11235
14215
89422
43192
96219
86600
104055
61461
43464
78932
25576
106044
94823
61403
25552
28165
3836
52913
92002
96828
10552
97766
6516
51664
102850
449
63026
32276
3204
87863
74955
159
77702
52273
46878
98688
8963
51390
5717
56110
102223
76115
93279
110637
812
18447
99393
53434
102236
68035
12391
108853
1447
6383
44790
20320
102687
68898
79780
16615
37364
37280
27801
28410
51653
83823
40064
55186
10844
92567
10473
52126
22789
110634
82042
67202
48325
11082
28069
94481
1324
47935
21011
21467
89222
69539
87394
77004
99883
63319
106208
89331
16518
91653
16278
106468
25179
52198
76547
10493
52177
4044
38756
58032
68344
74055
98912
47873
47692
68473
46806
32438
9816
20510
93003
55594
29691
90878
55401
61707
102877
40706
9736
52073
3168
26814
68653
110350
98537
26100
64248
92357
22038
88151
97240
46243
93891
102664
98512
21308
36992
64057
80918
43791
65459
32379
93184
20903
92414
35654
86488
8699
94797
102043
69453
69499
88431
72641
76300
4903
103497
68424
76341
9956
71400
88384
53451
92633
59640
19846
100117
108566
86315
44501
4467
13898
66183
96046
105512
14530
60378
26333
84742
72142
84819
96497
57610
61499
95475
45966
79362
33101
1584
61547
32071
35647
94023
61744
35534
61112
103835
55025
52929
65098
78606
71106
16983
101759
44602
91649
27589
90678
36872
8939
95244
26392
16526
104376
7158
58075
31800
89192
67378
107727
866
81490
100422
104742
78954
44361
74609
100170
18891
45628
89097
62237
82748
33150
69590
53078
74384
18119
105183
22044
100127
90212
60536
37813
80756
18197
106184
82856
3226
1057
59309
79640
104196
87115
12180
24499
20575
83634
110565
2959
67621
48307
47128
2506
30942
88727
78155
9040
41780
57725
30903
19647
93292
39077
50681
38048
82961
71292
91121
28371
70144
5852
2116
23337
72805
47453
61591
58214
42671
44592
106093
97760
95896
43941
39646
68390
15464
73387
52326
81834
26530
60166
16335
71038
16119
1594
87441
93778
23769
7392
40230
106842
79588
39892
90384
93947
59984
90697
47816
90691
74664
50501
67015
63508
72882
53176
79219
19308
21286
11692
70706
56585
56404
107607
1800
8807
39249
46890
57061
16531
89985
83618
86449
78737
1536
108023
107010
72846
72640
65833
110092
41158
29202
24546
101960
35545
108188
56864
31119
8541
44079
31820
33947
96721
8142
43481
105401
81294
32306
86137
17554
75487
86008
79343
10588
69378
53131
32752
8020
60725
99673
18203
31358
16885
35204
38805
83130
2816
8009
94241
5752
38641
56473
85071
66235
65632
40438
24053
60026
21413
71910
85369
107623
99727
16716
53515
33520
111031
65423
65158
92054
22627
44927
26653
72744
60428
81842
17773
83762
60018
110220
31047
8922
78537
20428
82095
56916
103787
81271
102040
103748
45544
52611
16795
75056
63656
32531
82662
65909
26633
7671
50273
4970
38367
76415
27367
18396
5816
46363
49557
19532
43380
64732
65734
89773
10818
39973
38112
24521
86583
51384
100695
34454
7670
15299
6599
27524
16153
75395
70657
54515
93786
73064
93559
69368
70434
23169
9154
89193
18781
6615
35982
42393
57345
89254
39151
3961
104246
28535
6772
63529
35725
50376
32687
88358
50030
60323
101944
46258
77923
79565
72009
30590
8443
61702
77046
43895
95215
36910
31256
34284
95697
14361
56783
19552
12026
105691
4866
70864
6083
5246
74446
76066
18727
71395
35049
40079
96976
12568
110572
71464
17808
58156
94359
43496
24157
29065
71766
37234
79071
11805
106749
5613
92051
63875
43806
30849
98559
106894
107099
108838
13188
61988
55164
5828
57376
10920
20263
61921
54362
56070
11045
74341
110386
79795
35660
81592
77528
79113
95830
39709
77282
99938
6466
103237
40263
108900
4019
31920
31046
17055
62278
69620
84735
53457
93180
74487
62475
65243
6940
90063
65839
57182
110613
63469
99033
97770
43155
16923
12022
109712
29055
70616
62290
36589
98171
8282
13017
86864
64539
95716
17402
32494
91595
95707
60156
52816
68487
78754
7584
36487
13261
9581
29818
59539
88026
94670
100750
39668
2984
29668
44301
24752
18252
88880
93202
5738
53934
41328
99007
64773
101265
3027
52456
60287
48053
15266
28521
25681
94472
105030
85346
97149
43059
34624
35523
11959
54619
48395
51900
59245
87755
3814
107742
91346
88947
93119
96397
58385
6295
106778
81143
38413
26345
37778
4669
17075
2700
39731
8825
59288
28337
82505
94710
31456
24923
58249
17497
82743
58090
18051
30169
89742
2166
21978
104064
25833
106898
18733
47927
59057
66104
43052
40836
91028
61279
57601
106286
60175
6047
100386
86234
27849
97112
62260
61287
75883
71987
83676
93086
39210
3975
8873
31673
44690
44920
29842
41427
76185
58926
42564
37794
21781
23421
35116
42062
78633
15810
78215
106590
1588
82962
73964
70524
77784
38232
66568
79873
47232
105382
81554
43330
45466
75460
82657
90204
31253
21569
79569
24566
58892
70094
35790
63602
77575
109790
80331
92353
14412
62450
84672
36588
100403
18829
51383
80212
16268
35026
74598
86640
85045
4691
68020
76048
23220
14479
77376
51893
7234
39614
11509
49628
69432
79080
67128
33456
30896
67024
51176
48916
40055
21266
10889
51177
50133
2639
97670
92454
40150
29029
14915
12897
27195
13747
52448
79148
20478
30652
29414
19929
17150
11812
26899
33633
16237
14545
68936
61138
97998
20424
25161
93273
77390
19640
93209
107044
99744
55438
69584
83319
32507
24561
53685
99724
76232
5370
36360
78657
52458
98494
9698
90454
103484
105408
26745
7089
106417
69623
6544
97587
64386
11528
3892
99443
38025
60691
69755
90469
68942
77991
80060
5485
34959
79920
44966
23386
63896
73966
23757
108432
10916
44780
78850
98933
25488
73225
46342
8560
37311
48093
13650
110104
50710
16338
48443
59619
105565
68356
98795
91312
106858
13779
96032
72883
64842
2488
100514
52350
59970
78786
94349
98571
30928
85227
42335
52247
11250
54589
95797
50326
55389
73902
95964
6886
5601
101540
37147
74456
28182
8755
83879
105267
84822
99474
87102
15003
102307
38826
17885
14960
14923
82029
77084
89513
58381
663
46979
38268
7859
78203
75210
110170
66277
80397
22281
105927
35841
30763
46500
111045
85932
72811
61450
16641
53364
24650
26181
23238
39706
20561
62057
13239
39930
33764
68201
26423
50732
55911
91609
16103
47269
43157
3436
108486
80579
9784
95950
25861
87685
87140
14497
35681
33227
106816
48851
63660
22154
105939
56268
92048
7095
71782
84568
104413
58871
47027
38868
23289
108985
93018
39872
28720
9590
51203
31125
97394
52619
91670
83005
86716
21220
68546
88826
81238
2445
13645
38391
16503
96856
19384
13618
13358
81513
61622
28964
57767
7966
15165
57833
32210
61296
35722
12894
9733
25742
38076
69526
104184
109372
109261
51466
20823
18025
34112
14969
50128
16812
76835
61710
97966
14949
37071
47948
66285
19063
46975
101382
40746
27881
62011
10733
21310
54179
17778
41689
61588
71856
85572
30808
66163
37717
90715
102659
11693
53485
80852
7075
54709
36946
20434
42284
89972
14284
24357
54161
101986
67198
7906
102882
26532
19653
89553
24579
86857
46494
64848
68841
36088
96337
61204
34154
49199
50671
27943
66176
11657
3447
101190
56564
55449
14250
33069
89087
44605
52037
25817
42368
9232
72672
87258
21176
75961
29280
17356
77601
56852
44201
94642
77381
83550
9279
33481
32971
100976
50066
5632
2089
33747
64346
16320
3192
46624
32032
72403
45597
39150
90651
13806
100087
34167
47201
35009
43535
12844
21306
79494
66245
83510
71147
84425
82438
33087
37251
6982
34835
797
33562
5792
105783
27790
18590
97451
30255
11006
80685
21907
109898
94160
110138
86597
60525
37549
51921
88738
74294
60321
108490
21304
32811
93108
18732
49636
21559
15727
94934
105984
859
96380
81228
39397
6077
78031
100516
72771
24914
51627
82511
31722
65035
110414
65462
106210
91725
5301
51944
20737
76607
76279
32740
52645
109099
3769
24764
15162
47831
22913
90370
73272
83305
55114
22530
38040
17474
68279
20495
54985
32996
14410
72116
34426
89132
37480
54253
70785
48378
1218
51431
42989
20498
27144
46900
22787
26185
63952
67191
60501
106348
6999
50871
100457
20051
5104
44675
82654
67364
41449
99660
46885
2437
55560
77909
6057
53884
78724
6699
9574
103824
11745
9642
43254
95630
79278
16865
96377
22830
30715
26176
53838
36593
67807
23973
72455
47415
9384
37643
49375
27903
54502
75516
59271
55730
54418
43500
32407
60
94327
43901
76414
67967
65732
58740
61624
45486
18101
19073
20402
8826
2262
54211
12438
86482
12852
14955
102277
75424
64781
43971
76840
81688
60712
66710
96261
76866
7523
45447
71815
20904
24885
76387
105906
39603
26844
99043
101475
23788
47926
75438
98074
109699
38442
93654
94666
16322
57879
33173
37127
48711
10158
52088
93616
34731
19648
84994
74454
1926
32056
1812
92477
7462
68927
65585
1413
22859
84840
31731
94780
77963
73137
98743
64661
54806
4997
28252
26381
4659
35211
89026
38586
108539
107978
1845
56885
50029
9674
18266
39746
38016
66419
62851
82027
82583
78859
27915
88141
59181
18307
88879
64053
32568
80754
31891
66917
46524
12423
108043
79403
97092
20909
6133
22132
12861
81475
29786
16870
53237
49008
97382
11922
48382
108097
1490
28910
70816
90875
36507
49122
23134
10826
110639
95022
18343
92405
83426
14044
30381
60054
71450
53589
25855
19788
75302
86472
15752
101499
52501
66355
64051
67324
8227
60483
8520
29464
66771
46316
67862
58754
30667
1357
46353
24638
18646
29495
79466
38031
104131
22598
109024
35869
2903
62915
13462
2819
97984
28670
42009
28830
82665
66410
13324
105008
33880
13860
21902
2666
24422
67244
99569
94067
66380
48018
87670
20145
50495
39679
25230
3962
79587
52445
43689
62440
76631
18214
104654
76827
71189
29716
71452
58168
25359
71495
7664
29875
58491
53401
13982
66317
80871
10463
30860
78083
86755
61160
21538
89404
51516
48168
28983
8400
42334
60077
9837
101955
90985
8495
88796
66429
8865
8771
97078
67950
17244
12529
8366
4827
13671
67349
84427
38859
108864
30605
22814
80224
91032
5271
86436
20353
107736
35644
103771
37799
99773
69581
103651
108724
53179
51810
93386
37339
68432
1671
8555
6491
75445
96602
31493
89184
42339
55810
93275
68671
14649
7719
51026
77879
75213
110544
19507
89872
35893
25961
52625
25602
43070
89934
106470
60540
19856
84228
9179
64950
58024
44596
61137
23792
56913
76142
14899
56966
53430
30345
85340
52842
6561
72635
29819
42442
60408
72149
82695
96429
67720
28622
70726
40226
20580
87228
50663
77215
5638
85078
103909
57858
49388
4873
54040
81529
79890
99512
57743
103938
102051
110701
47410
34148
10564
29366
97041
40439
33077
48304
62918
80406
71835
56832
74625
90369
81985
35144
69350
79351
73670
11470
45378
10371
14718
46653
40640
39914
106473
65490
16668
22212
7914
96567
32324
90367
91606
105817
82925
22134
91840
43572
45434
47154
55141
73637
100711
73648
84662
66872
69118
60122
73733
32911
15447
32847
61910
20780
23614
69749
62052
53943
49726
28134
71880
1215
29550
15387
41892
45930
104085
72266
11860
77667
103752
64491
51510
48602
105656
80894
26535
54463
4793
28927
20236
24943
1435
110935
79648
97658
59202
61051
61966
57891
77573
33210
22417
58453
98469
83806
50416
74688
53778
93120
57704
76803
52719
12322
22776
13352
107757
9916
5477
60862
88140
105891
36753
31712
83739
35209
25012
71699
88499
65551
25044
93764
28058
74781
102691
28189
53164
92902
77480
70582
62932
105763
54489
77966
64865
99506
92666
76957
16570
51244
23827
76323
20116
41262
78452
103017
107496
49218
85784
51132
95481
100653
88644
85287
61398
15026
21875
20374
108313
75888
76340
97444
51234
21973
8551
22878
47124
96043
82047
8099
68825
46385
57664
28906
60239
78166
54490
61993
1737
71188
44735
17161
15159
68553
26162
55135
77770
38130
54226
7728
66577
102440
9823
39842
79785
66122
97633
89684
8086
79279
61142
55955
78393
60354
21009
83275
17841
97466
15903
52179
95939
24820
69339
13977
51247
77982
52449
100330
30648
21734
56234
49448
13707
12317
62284
36284
73063
25145
51041
36499
17320
83409
37891
29750
42628
65476
105994
3662
13840
76557
26009
78619
84547
27412
96274
88529
105415
18647
72992
2450
10923
20170
92818
96474
32180
21008
26379
58534
19583
57650
1664
62577
6154
47365
38001
44774
21285
38210
33725
69076
109917
52838
106509
20120
913
87370
7233
3305
54914
107528
1449
34381
109509
44462
63499
39617
3049
55409
70661
54112
65610
36665
22888
93185
15350
42641
25081
99922
83805
35730
24220
68833
14063
61593
17666
84431
89228
59268
72906
51111
37955
26740
109670
39204
32393
24724
111100
10648
68622
40352
60564
94194
68878
20928
23058
15622
32122
65457
16758
94091
79606
86337
7983
5957
32466
103984
42195
48494
89265
105756
101707
48915
68242
12269
32309
86712
67037
85923
80943
40851
50381
45017
55894
99710
71347
32380
99189
8265
57040
55551
52580
98299
72660
83606
35079
10248
91729
106603
23152
70453
37164
26277
30398
96544
64261
45344
84944
55611
56939
99936
21476
101632
60021
69194
88472
96362
27664
58809
48292
944
43314
71773
59278
109548
28721
45165
60879
79900
49631
79057
67171
56695
93182
98263
47264
240
7769
1147
77431
59505
11852
110683
85747
74251
20681
2590
95307
54119
44598
99655
78342
99208
28098
34340
15765
75592
4486
58660
38495
92674
47488
38556
36788
48996
95284
6108
77312
106121
88388
52332
29
45866
21281
88366
17362
24627
21747
7251
85123
54583
82084
48510
14279
56
2520
23813
4703
34922
87931
49959
19879
59265
40446
56746
51706
30445
4171
110312
56422
73876
8028
58322
25316
25846
8883
47401
64523
24078
22826
94026
44483
52987
15055
65111
86265
42269
101520
18496
18655
28256
43153
14502
9106
72933
46176
98370
84821
71377
35065
15181
62636
67033
103314
56320
44895
82652
66892
98937
93028
16032
31123
83069
56264
100128
73112
21100
109101
77962
62304
70600
6319
63978
61161
69715
15971
86454
26511
26715
22282
66164
103816
78374
84654
109483
2871
54701
97651
65634
61048
54645
56409
1273
98938
87474
35867
44170
37436
25895
39268
81648
28390
41191
40914
31684
75924
67591
99281
11132
77329
31311
18850
104762
28719
32046
15986
44357
45409
85737
90660
53467
59584
70943
12545
20237
11314
29966
2327
5739
24147
110454
6729
91479
25844
9136
40639
69008
105011
46514
99535
50781
77488
30519
71664
110210
85392
85382
14558
14717
60914
71608
20529
8390
91240
77006
50957
64453
48063
84253
91544
102680
28935
41259
6173
41458
13164
5077
56727
26936
66943
97944
48717
15742
81114
54216
58344
18142
59686
64697
75967
12797
16700
10132
18816
67203
59095
39107
106525
28166
67809
110101
30053
60381
28623
84825
1149
2703
76154
1670
72323
83057
75693
45571
93721
83832
30227
76209
13324
106176
37226
108476
16473
41805
43199
78007
87120
70042
66087
40307
66105
30527
67039
18980
62750
10510
102319
31406
93546
58379
20068
60344
36744
87636
39567
58426
74379
84944
99181
107401
28434
5481
85261
4548
21747
39676
59168
22342
31807
63474
74200
84586
4532
102620
56324
90681
3195
28300
46016
67639
52937
41952
47900
31643
37256
25204
91696
3537
90058
91474
20794
4944
77895
87476
104246
18273
83257
53723
4436
47007
43671
16923
68287
79888
33458
43984
16683
108324
11564
3074
97329
43362
