67931
19025
44789
47030
77622
93123
115277
98598
6020
110651
54533
101185
49276
100150
103777
24996
19290
84314
92486
17063
20192
100076
90213
63178
47704
27172
100031
81076
90025
55682
94046
75936
60199
39381
56767
107207
120563
22315
119234
7057
82899
116359
110696
57571
91723
115903
24774
35138
105905
49056
52947
36917
67806
104907
79225
39452
60922
64315
18553
57663
39665
96687
62803
83616
5747
96962
25265
47851
88951
82581
48397
16902
98255
56150
26660
85729
43225
24395
34242
14730
49444
31300
109611
101504
55043
32037
38504
72308
98977
93076
33542
101865
88026
70575
2429
84265
37691
68957
7749
96389
26150
3906
109872
106918
113192
88381
63410
102033
45579
39009
79976
78999
47313
106274
104452
5084
57413
119244
28524
73910
65274
36170
57418
104644
73696
50381
14276
73069
21531
117837
24050
70183
26378
21905
60756
54748
99404
89198
45449
17896
92804
62828
112502
40390
113674
31720
74735
42274
29701
47371
86440
120574
32303
12655
35696
79012
106672
105451
97573
97164
17093
7858
23939
39523
104786
15708
104726
41065
7295
41976
116739
98629
13105
15343
72628
111261
24949
105923
111320
107876
75116
12036
26815
60293
104911
68801
78146
50242
66898
53908
118755
19956
73847
92412
50170
120481
116605
65305
9284
32494
116671
234
108447
77391
67571
78921
8387
99820
79694
60031
96862
87847
1676
13288
59241
59959
93317
83906
73077
81707
83473
95475
51701
54589
104084
2687
29328
28559
37456
71767
101383
96918
30016
118803
59202
111548
19722
109716
20731
35969
22136
114850
88836
106994
74799
98553
46912
115512
85252
60082
61520
50745
73684
72977
55574
24534
43894
56642
109631
11982
46357
40355
26190
11578
112199
38719
20460
99421
119075
41135
605
6699
48400
66967
90143
27498
82775
40803
16281
64144
14414
107290
18383
51920
22323
99205
43298
72063
14684
70705
54892
89106
65027
33948
82818
31525
12557
105736
25551
57887
56474
67426
120193
111994
100370
30238
114910
88966
117353
38647
38526
52814
54813
36775
37215
63534
91272
68637
36126
111452
6056
82548
31445
100212
14078
80938
11239
118899
45915
7914
18556
84648
97271
48070
62877
12605
20421
75402
106666
50019
54841
54435
70314
16745
102344
31602
31520
80131
56003
26695
103646
68669
96859
21632
39279
72547
57872
34648
26453
15470
109266
41546
62256
72053
41685
46201
53861
71155
93307
114382
48069
59657
68767
18473
90206
114235
116295
1570
68474
22028
72390
15377
96407
109769
120173
87256
52765
27499
24066
10964
21347
110049
108309
98257
20620
12140
58082
93724
75520
40000
19984
3479
24747
5229
36000
56694
119012
17345
74331
77968
72546
110170
78440
62121
92388
46007
116046
17321
108110
30424
76295
85073
103354
19232
108017
45062
89348
70594
8562
106928
23368
44301
74454
65057
19197
55392
93361
91177
114228
62508
20695
66702
75628
111088
119836
60798
28010
82240
2765
57152
53614
87108
68156
91875
94081
72160
115739
2859
37621
93852
56665
7233
55529
71690
35176
110984
1142
77446
83291
43954
71039
24444
27261
74673
97534
55876
26407
41786
16610
34154
8141
87087
26267
17648
38858
45481
94579
37052
116818
10069
70535
81984
80696
68357
100631
94526
50992
31637
41775
98393
93930
12011
110182
113925
75659
48762
78277
90999
114022
48362
51491
16591
40367
21631
67264
104679
36690
50688
3390
45651
26301
104016
10633
63546
20055
59841
12217
94535
92214
95647
10932
60400
26861
111803
115622
51744
109574
66043
81465
5107
42001
27063
118405
105120
91306
32115
98254
47373
50634
18197
54065
51783
77842
102955
117120
9741
103768
26849
47301
45399
110030
84572
25434
81302
23830
62015
69609
115149
47740
120110
38277
62755
82566
69481
76496
61186
1029
6962
13800
13523
32883
50649
52082
16076
33489
16244
66929
31210
60508
1840
67491
52454
11802
81308
8928
46073
73091
3603
115127
1547
21545
103957
92713
113905
72080
12718
118870
44653
90915
109481
18090
35565
22531
117516
3347
84870
90463
26028
61796
51217
21170
100504
102737
63577
86168
24529
18214
8204
83944
71516
22352
4107
109562
91796
75933
36605
107070
104882
8740
102060
70137
111234
121251
78150
20720
68891
31447
81185
109947
58306
39889
80420
78556
33828
14065
60454
63311
88786
63303
98555
27971
48032
83247
102105
100066
121149
5985
111653
104822
21319
15421
112015
10694
62000
13487
101394
41896
60489
46277
13697
70554
30325
36197
5116
92140
99288
61460
50675
104589
76601
13422
101419
17977
71984
15619
111860
88576
111774
2901
104092
104069
64406
44859
105764
9340
72617
31710
102535
68829
29367
71802
29331
111992
113538
65684
69697
48667
21028
97197
72090
40823
87162
113480
94010
60808
450
21771
108012
48327
120029
4515
112460
58876
101521
8568
106680
23321
113334
19572
112776
52632
23278
94117
47587
78628
29598
15139
15921
74931
10737
90594
101799
1095
68036
55786
28760
6976
119793
57935
18051
82730
107236
69208
117914
116914
44225
101837
29049
71501
115704
41659
71485
97046
38835
116523
59193
28930
5024
41141
109630
38615
65459
43814
111453
45535
98622
113318
86888
105748
113176
90598
75386
80057
57837
39166
33979
114692
24123
34354
3598
117386
57025
70036
8929
86742
96742
67762
28037
115136
46850
32781
40074
62952
43530
4345
7440
114028
57315
66928
11071
94741
99175
5879
73312
27471
77911
102748
19189
78607
120660
17290
59625
56879
46491
108638
81005
68415
80803
19631
32459
26482
32719
88837
675
53858
2665
51269
70808
58618
47056
109401
6746
114137
118640
89903
98364
10343
68002
91839
84596
69857
82599
19164
78228
21770
35871
63106
63967
93393
115757
39402
20932
101080
54790
47447
118818
101102
120945
11902
41345
40795
3975
106570
65922
32263
107886
34607
95282
41011
105402
29272
30408
90626
67763
31314
10228
19109
74506
103828
104026
63030
63776
54180
76966
94580
32387
43649
93468
1143
2778
73197
16237
87655
118683
63457
120208
100995
77415
113556
63813
25215
104139
42226
27066
6454
95386
91880
23322
97124
33692
70635
32439
26394
20439
104665
116082
84430
8253
94710
112765
71638
66837
110186
110857
70355
13909
22002
79465
40274
73900
82189
28822
36143
14305
37493
5677
5545
31881
12664
8549
18936
103813
29709
25965
10518
41912
120458
78040
56300
4701
38113
115080
19470
89618
6108
74869
10896
20839
85103
21865
12466
84479
116801
74082
103193
54048
61021
39226
17098
274
30960
36881
95004
49944
26563
89890
45373
51805
75259
81127
117879
29795
112120
84782
67419
2435
12700
24347
19817
2165
77857
47568
39172
1030
84611
19223
46005
97184
118191
14737
27486
69595
63718
21373
74643
36464
102774
83546
24069
62752
1203
69416
103685
93777
42647
25599
106668
89087
75508
46954
114638
37333
10160
97653
8687
108894
109615
40702
38044
56151
117299
19339
94651
27209
89024
69448
39726
8410
33545
46032
41526
106725
120806
68744
3365
1623
38710
78222
97926
28478
98517
1427
19851
63170
36866
30039
101511
105318
22486
52409
33109
74051
60618
84643
96030
15378
12410
4056
40257
9424
47922
47463
39952
38473
58932
10952
14163
96976
26544
104435
117132
89792
56560
7469
69837
351
73005
55184
10015
18080
3650
83899
3878
28463
41588
58398
8405
51123
59532
96381
96573
33323
26615
34798
78048
6228
78638
7848
55548
81866
48737
56080
12580
38584
95419
120876
58517
26438
98446
66338
72873
116112
98277
13567
9153
12430
119183
13107
26828
61195
22075
107404
21664
56571
34665
91122
2626
48917
86208
48080
29918
33670
38177
66859
37686
45514
43961
45637
94051
5009
50550
60528
99369
116943
91423
30395
79276
60509
53224
13268
68621
84909
86072
81372
40597
90654
61282
54562
57207
22591
103510
109892
73240
29758
58914
63083
10176
59707
65952
27936
69842
62503
2923
76160
8106
75717
58703
90219
108343
98482
74050
58045
86513
80761
1346
67917
18417
13439
36894
71622
107079
34137
33596
49332
80271
18065
89268
39802
30650
65582
16520
11703
120863
58341
43101
99036
36102
21206
100465
38816
41524
78531
114883
81408
21448
95226
111705
6635
21200
66666
88219
17064
29074
3864
98453
6606
52841
83659
71764
26864
15115
8306
29449
101968
29939
63803
37083
97175
107129
109793
92097
87918
102279
89237
4085
27966
11479
18209
17799
33975
17918
3891
75894
71116
55893
9225
65807
116156
25266
95304
30587
98224
102617
19518
75021
103359
18943
50546
95188
26636
26167
69604
42805
110556
39055
16127
22246
86653
50132
91229
62891
87222
21817
113100
106423
27686
69713
81699
78575
66234
92393
64719
12206
11798
1325
116819
27370
61579
99451
104053
108478
84810
7873
104685
34942
51988
82842
10362
45875
87278
31901
50269
110460
25132
119533
64059
116269
44620
117109
13545
115498
48503
65228
18357
110281
43337
93972
30911
86868
9552
26187
18373
91603
113623
100293
67874
15637
46195
110210
36391
85872
56094
75579
21890
1460
35175
116799
98560
19592
29614
84366
13192
41619
39653
19229
58160
86704
27544
120589
93470
9658
119740
111982
110582
95049
91679
72293
19783
15404
89011
64558
2190
81494
9238
27703
18074
112036
74562
82136
90836
31839
94155
110717
37777
37110
29386
5010
48046
22770
59182
113004
4558
113973
74443
85978
94978
57628
38302
84874
31002
36837
17970
61958
26926
58290
66074
105018
11639
19941
11771
99730
108304
45116
47166
45320
27787
62838
94096
116354
16320
82880
52669
80306
3465
71626
108243
62654
101125
49524
68424
35724
28729
33247
44883
75318
9838
104140
77714
45534
109205
16735
98798
81386
98427
70524
36267
120286
119771
110365
80018
53808
41353
39741
64664
14778
86424
91023
97761
46782
72115
36891
20857
45289
115897
3797
33764
59074
97445
57886
33045
12583
118087
85835
96570
75264
57353
44282
45392
55040
83256
21280
86429
26654
50702
91088
53922
2036
118843
101339
31088
60389
116636
109172
4985
70816
116215
56287
56715
79065
81854
37390
34065
88746
19204
342
54674
75249
83603
6496
118794
37448
32348
60848
34828
4179
84297
94894
46180
43478
119256
82521
112914
5907
36899
53332
53801
30824
103063
10121
66618
42473
115341
61626
281
20398
72604
65299
120485
30467
112790
82817
14192
65432
57572
81177
27212
105911
37485
1573
36388
36776
87024
96177
50618
46835
40566
108718
50551
83691
30941
51239
115683
57120
101768
109025
96279
83933
3630
80524
47230
6787
83165
7821
4397
23045
38088
118156
46777
56811
2044
120827
79610
1448
50007
47924
40670
13393
108551
9161
4963
93423
7338
108073
28708
51648
21926
58615
48597
20660
48659
26857
19847
39704
67891
17070
43642
13471
111674
923
120489
26892
25023
67938
97031
95716
17544
74161
64987
73667
46658
35032
22564
92831
29516
2745
67078
3029
49626
13442
74456
67148
96274
30276
120383
22906
71673
91994
49278
18286
69932
50027
53810
59669
92847
78097
41649
29268
62253
56230
17920
61617
119030
23315
29525
99168
37618
32027
19890
98148
41001
114995
28228
117796
37403
89422
20429
1516
2226
113690
79959
87740
88495
90199
101582
95960
1947
3873
90747
103592
25558
36366
110146
27468
25395
12666
87546
66279
65212
31309
52998
89790
85911
85102
55665
20702
28996
88362
10177
81523
111993
50220
76283
24969
42994
110282
60446
60614
1956
15152
59538
14467
81862
81275
46082
114526
72453
77808
5845
87438
108502
51626
51324
77491
120070
66862
81548
34756
23087
8885
88421
84860
110637
22399
15858
8137
44975
63073
60053
41367
59229
24457
114710
74769
61060
58035
51105
34092
102123
45338
22757
100708
66932
38485
93986
108272
103952
56122
50856
12258
103035
90689
10502
99429
105670
13604
41425
10044
101871
103925
23292
90109
41602
100082
22974
109855
93257
90767
89010
77670
66035
26050
3009
27802
39672
29193
28639
116325
67782
99152
21154
112773
7374
75350
106159
38506
66313
38572
62547
88483
116601
12328
12080
48112
15927
72854
108175
26711
37988
85999
76349
74194
26555
94703
70983
86663
115669
62151
61830
10005
96449
91802
105392
27731
38236
51755
84773
10308
3026
67654
82281
14799
110444
96529
114135
6899
28696
3268
71921
81509
117213
106505
35583
60698
12497
53092
51356
95299
112772
62502
5234
38211
47192
2796
40827
53799
9235
29130
85867
19900
15196
25077
98167
103217
84206
120073
104729
473
14404
61453
97183
48758
111235
73049
9344
36485
16908
84514
48784
52727
74311
11067
78487
38825
14514
26898
6638
82512
99701
116815
94455
48716
58397
40868
25832
24058
54126
95336
18499
58972
11766
1110
33140
5119
81260
20385
17904
38257
71809
50986
11606
48409
26274
10265
91897
94170
20775
1379
82570
117819
34203
4361
97513
28070
52973
118652
11904
38958
100462
40860
115100
3660
121221
51620
10404
115431
67354
3774
98264
104088
51405
92432
112044
1053
111299
89783
17448
91131
1854
37659
104874
83311
72561
28761
17984
49771
118042
84269
6006
55941
16915
2862
63204
13965
34151
19136
90871
81406
44636
117688
43559
107902
60937
73756
116680
18263
24042
17991
75387
21972
17420
105675
66996
24772
37229
45220
84373
89539
28042
92694
92780
95627
95715
3997
83087
67204
63605
69490
66943
95342
67366
57384
55072
101440
55125
53280
26992
57705
98163
8666
9895
32300
11314
78594
17833
97017
31485
96108
96978
116926
21978
44892
29689
118282
46637
38983
83162
68560
1135
27918
42549
100683
70260
106019
17727
45161
32864
10407
1645
68792
43037
25814
52113
20802
17912
73786
24103
99267
71837
120161
13917
69239
8055
101662
31370
90341
76630
61960
42964
106205
22744
102988
77912
31640
58167
18810
37061
81867
18948
30670
57446
15294
26114
42715
95092
103838
101
39002
87507
84026
26550
13014
6863
103254
58348
13389
99189
44966
14650
17639
53267
96289
39430
51417
75759
74548
22340
95418
105792
102733
97528
72565
6995
51165
117511
50971
37543
42566
22384
78682
58315
70903
115744
16220
64898
73055
40745
78644
29876
103527
90622
6560
54701
67220
36896
61730
20080
116085
18470
70529
116033
110466
43995
73139
88566
118270
38158
11779
5883
3736
50077
3166
83961
58851
33073
52813
79953
26647
46077
97158
61141
60434
29071
54185
106462
95644
56436
51113
38401
103643
78971
34086
574
112485
77623
105794
98218
105337
85419
84352
55520
49007
42774
58974
94908
104925
77243
29765
45304
39785
55390
47677
22362
71661
6857
60740
102431
108144
103624
62762
52224
74886
23216
28161
120380
38639
53828
102302
63185
86057
88600
51702
46092
16798
69441
12447
57094
46364
40602
8130
39996
5332
90072
113250
71253
33274
75468
10762
6086
17105
57735
36476
8270
31840
6293
67124
79741
36103
83012
36261
96069
39441
20909
99855
10025
42132
76266
91886
16184
82693
3648
8195
61304
16017
38461
66877
63505
62430
75079
44826
36774
37363
5296
79330
114529
118746
34238
23965
3173
63179
103165
79323
19447
54473
17470
40111
15302
23149
23293
57620
7781
120927
9374
94061
52838
54221
82757
70388
38146
10484
25811
17913
64233
59550
105438
25572
111239
4077
79637
46038
98760
47358
82922
82294
69550
98159
71964
40928
15105
17386
88030
86995
61856
61174
14321
41346
66533
87190
34688
13339
106441
101681
45844
116549
95241
84645
80178
55857
10844
85304
22021
86600
69578
95987
4388
5269
33110
97596
52951
70374
25459
21402
99781
117571
67841
98464
37245
7249
24943
59512
63484
48841
69079
49941
115717
99147
104627
25644
81742
15685
63814
63180
112238
118770
83368
44675
7591
51595
34650
74915
77744
4033
96309
111790
54382
100414
40968
5524
30951
64678
50225
68006
54474
66397
107003
90671
79860
30732
1641
24830
51353
14157
83804
36943
96874
92655
114940
39607
20704
54763
37495
5504
65681
23892
83849
118830
43340
106467
23793
38283
48450
19720
92556
49566
5769
92716
11654
64757
58025
73466
96430
102572
120048
61032
110540
102783
42973
2193
53634
62068
45056
22354
46071
26423
93783
92682
88523
49188
81658
11763
67664
8756
31209
115352
50707
33780
2730
71574
77757
26223
51959
77140
47565
30189
31155
80751
9426
34841
33314
3687
69980
102978
98736
29919
58216
61604
43784
106421
7072
102861
105461
37488
29327
22092
12185
42051
66055
33253
6122
56598
41992
87599
51533
78489
30716
112757
12344
28737
80342
81171
49613
26006
54808
35546
118949
1176
1655
99075
81527
88439
11852
52592
20487
25616
76437
23459
120929
115367
101846
74619
98579
14979
82509
120682
56849
82318
43277
115662
42388
100948
31877
67844
47538
69830
90214
75889
96832
89674
117262
73564
25534
43818
51389
16979
32074
114914
29487
45384
74319
70226
3298
12553
50575
104498
25905
32932
103208
26427
115598
27037
33462
109540
103325
82232
21749
93305
18421
106099
3820
38284
15299
50999
110625
83067
30752
74333
73791
29436
83881
45603
85039
55353
118915
16862
52767
19910
44063
110967
82050
50295
43031
62107
35520
110793
27525
64456
84309
42903
100164
27403
105932
79333
58262
37868
38301
2127
58420
40824
44428
97441
13974
17029
113858
73759
105223
116975
58778
112675
66261
63882
26255
28169
119207
24004
43583
117106
40402
66799
17335
77459
30529
5204
48192
114702
119905
11936
65429
94057
114571
101519
23831
52510
38590
83679
66703
56158
18638
75665
88769
34235
46447
39927
116230
54601
26395
48788
5956
95867
103314
12528
65641
40812
49636
84028
63380
74231
48212
88023
30633
59936
60894
37357
18670
75257
93160
51606
99823
117909
71725
112050
105896
69638
46848
88173
8290
16550
85956
21460
62152
65243
57317
111529
48604
8601
24979
23509
34647
66439
86734
76530
22809
84255
104955
87852
51198
72802
46683
48826
5083
89720
37795
31915
69918
55262
9480
117085
55543
103830
6791
94344
64551
61457
58404
103785
78307
77819
39457
101897
92072
90105
63064
38052
45409
41951
72055
11879
84104
66097
292
81100
91714
30757
1980
47356
31811
98944
20223
27490
46686
70104
35333
87488
54865
23302
40309
58796
112859
7730
100977
11872
112383
45938
82600
109508
87063
23980
56269
69107
106704
21945
42897
4922
53291
6674
102801
98005
55831
71547
41169
88058
85881
8360
35503
119006
91992
73822
60270
116119
50071
726
115699
66782
46419
7444
3302
43896
99249
78633
13219
57961
119118
39209
55334
6309
102677
60923
55898
80152
35818
17942
68611
71738
53654
78229
24688
106651
7091
41265
53489
40335
23269
60429
57707
118216
85519
22512
79283
23291
107511
112929
68659
87271
23695
58049
32355
76453
112308
97125
66665
62110
115551
75780
40490
99361
40247
65842
83369
66886
100470
14379
83184
3471
14175
87280
44831
74025
93391
58524
77362
118994
18579
100617
44327
46242
28144
25771
8291
6660
36139
97396
44110
119823
51219
81528
41739
29885
1558
46535
69848
72620
99380
106149
26207
94277
35927
83230
118285
26103
64431
45001
12496
119216
26119
51861
108693
109226
37236
96935
21960
9994
21047
19054
44121
120297
85887
3538
96376
83349
84529
40606
29573
59455
45569
71632
12349
39082
28453
9991
23172
16767
111865
120074
76919
98141
55391
37432
105075
105666
18282
22866
113373
108003
16120
108930
112537
81352
109933
63448
99573
86202
59763
34427
90577
52578
87080
11793
112443
1872
30265
71109
119388
86098
83676
80503
54187
97836
12317
77874
21739
39152
61534
39661
39981
6219
22568
10260
65519
87372
39213
94385
118861
26596
35784
75589
82640
28961
85235
99783
73249
86612
71061
44852
2287
1154
110590
42259
46546
15772
43469
109286
41590
117302
28346
119729
115377
91703
66616
37458
17986
86994
66007
107492
97499
101972
73582
88250
112904
61113
92687
111604
106777
3979
97784
114885
23919
101818
114553
43216
57182
14250
40470
110689
46785
89361
27367
115776
3136
52985
56625
113062
32771
47224
120141
6728
23857
111017
103722
35177
79131
89928
41252
69424
100424
72913
23177
39299
24492
30767
95067
69649
90435
28500
119410
55671
35568
93837
120971
16651
117470
79922
83525
26501
12091
57984
47041
55207
92035
46022
116713
41066
88391
69828
30822
51634
61156
30566
77210
86660
360
76645
18760
71794
37528
47112
78847
54365
76942
91386
76126
1846
32950
47561
117607
69047
71927
11976
44786
19544
20178
34836
14191
23665
104228
111856
89307
36614
17582
76451
3917
54492
8176
16664
61406
42523
108802
37606
45824
92674
92721
69499
78447
92284
15412
115709
113117
113791
53722
44676
49681
62850
78017
33002
24714
26808
66348
58925
107810
80106
67913
71013
92305
11259
90896
17389
41093
114153
75039
97162
60823
15226
77903
83001
20206
41106
23252
24641
119270
22707
119967
61693
110434
11737
42888
115485
24799
108874
92991
94550
91225
92524
80025
24870
23904
119585
13115
90722
68738
57198
99145
117270
85933
105829
118457
119770
84614
68364
7218
60021
90415
21463
4942
106724
78285
18131
80153
13863
110159
98719
63401
89380
105571
86604
18604
62636
7088
72847
93040
97729
48494
14840
85919
32097
52829
10203
21427
70245
101587
2490
15033
35427
66874
82591
56353
88318
28585
81634
50762
26936
119930
36938
24057
52385
57216
64585
60243
11888
75824
31313
114786
50229
88350
16069
21869
34253
77520
71197
80402
19782
34577
101227
8893
67385
29745
50371
86775
120859
116773
76571
49971
7915
29306
42144
4523
84433
116769
10052
120926
65617
20172
17829
81878
17310
87314
48394
101970
72435
36602
104149
30567
60029
17997
62288
53742
32234
100435
22578
110630
58829
89787
86092
25935
85323
1147
25074
56084
64755
100041
96671
34567
120126
101282
1470
26767
3587
36944
61508
30769
91504
82526
22225
98844
37306
33884
52645
97390
14006
30342
71504
92818
65201
18283
114544
18120
20284
11375
28787
369
50043
67647
91263
44207
67793
47832
26014
8131
12094
3835
3936
1917
85449
82948
94018
105179
89293
94737
52321
31356
77967
118046
4776
93357
62088
13566
83911
108443
36234
117915
60106
77384
29370
3617
89772
33575
836
16514
15764
18546
65437
2473
22552
60887
93070
109217
41737
43980
77160
90939
106926
72373
8408
46525
34908
82532
78553
66315
29899
215
38086
107234
45319
106061
118956
24432
31634
89177
100024
9121
102927
115728
97655
101211
27852
59329
16480
20412
19920
46296
72481
46272
33909
99612
41570
54312
119702
8412
101915
109081
31011
106087
61251
117341
65420
109699
83942
76509
60625
6853
106674
112841
99704
69877
24104
60098
85407
9025
67662
67876
35183
56802
116376
1374
24398
71776
18681
76625
65151
8099
28257
32225
89034
20895
35746
14111
108055
87854
102866
78641
38205
113356
87629
20254
70365
106241
92182
111746
5348
56630
7448
99083
70320
29477
41503
109169
101373
31652
50180
111608
71674
8344
5283
72087
26175
68151
86311
101243
90280
30477
36177
39094
72235
30116
87992
68529
13013
119106
25513
64891
3065
48367
112756
77225
62185
7114
89937
51714
7137
106076
20511
81353
83773
67847
100597
31361
77555
2585
111002
61916
14768
5718
100326
78425
63048
64894
82188
23778
16260
73795
65695
99631
12935
83897
108967
61197
55153
59564
26937
60566
35929
40622
23433
68240
3116
96357
118354
32451
57293
2711
5810
24613
5604
77583
17189
43367
31419
45904
65852
2331
14086
23876
15909
38132
82673
65899
76156
102494
81936
81983
30317
110142
100182
33665
25812
10051
26372
118445
27735
13988
79032
60557
65563
106136
108818
92656
11343
113183
110620
105196
43734
88944
48058
85668
30190
116707
89205
37532
45454
65359
37125
57715
18811
5814
5903
66545
69843
99470
2783
69721
21806
118665
83272
117525
84815
104290
68876
76967
61651
18535
7375
43658
74398
46422
25164
119895
66954
78565
117670
31735
46537
19097
6405
108446
35233
15373
89888
109480
62938
9050
102086
37348
103135
39358
26959
56587
113191
21593
58720
21325
117321
101053
81989
98181
31646
56242
83273
88631
21461
31108
82131
118439
114996
110196
62400
11898
10226
73577
117054
96104
39761
56450
88160
10878
80685
95427
106093
93104
52001
58498
94999
79920
119195
104769
89449
3759
33966
109725
18832
119719
8321
1591
47733
54407
32965
80486
33872
30723
75743
87484
29241
13020
92931
56044
92646
119928
17882
94022
46888
60667
79671
94752
82620
10064
33238
57023
118588
20539
19064
45488
81900
13304
97320
2982
52432
101508
109473
88431
30663
106762
15916
116202
115340
73783
112182
70166
30426
11797
62598
75948
113339
39978
63001
88312
27660
45698
9607
71203
4101
3288
118115
117596
109876
94961
43666
32456
67688
111909
98135
61473
87424
31437
102512
7559
91989
70641
78987
97291
30761
116476
30735
72345
84343
31964
113097
93240
100153
19434
105713
63329
56915
51424
50513
58759
26134
85689
44981
48914
9830
28979
29485
35298
93885
45142
45308
12358
2329
117063
33087
114609
91351
6366
21262
20473
30952
105024
47036
3001
6417
38812
96124
48707
31351
61107
52734
88947
75139
103654
41307
32837
90789
24823
98543
85604
29090
84910
52625
93793
98085
76338
37207
78866
57562
68310
57533
108700
97009
81761
11377
100162
61610
117994
102487
102734
9985
12345
119751
88641
19423
120477
68437
90567
31461
58406
87461
912
59914
79074
82271
71850
110795
55133
15850
33170
19603
24741
10463
55643
32844
70571
96718
60379
48197
61552
56498
35506
42569
19303
28021
97247
12110
14670
88688
99959
93208
11681
42788
79869
78294
39781
109297
114987
80415
49694
101852
90783
9287
38614
53611
69166
24116
14740
31951
108913
13135
94534
3590
114783
108770
77543
73334
28604
20829
31273
10954
24677
15370
114099
38548
118816
24255
102907
81104
48378
115207
46040
37230
88656
38597
53038
97354
75428
91356
74606
68607
46190
97568
31858
22301
44213
53648
59085
100602
46271
62826
85748
92011
16083
33256
10714
44499
7609
9826
28049
51974
21321
10283
80423
42762
9120
97054
5037
15795
27815
70109
101170
118774
35514
114694
105728
72141
24276
2457
54203
57336
109958
11538
113023
67485
111192
1927
78135
48457
103393
119704
75855
58005
80600
112343
107445
24667
82554
112243
23077
16441
112377
96884
47949
1740
115680
65864
68673
3019
39438
27107
28871
59288
85123
117757
524
94988
114565
10769
37712
54087
29972
78283
22828
1117
101145
66815
49501
51987
16471
52702
1202
56569
956
39914
81479
14560
62997
54641
21455
87164
28442
61850
105954
60144
75276
71108
16213
80694
46828
38376
19741
66299
17680
28907
25364
92336
83656
38304
65858
23085
84123
98142
43370
59261
98696
66326
97895
61429
40283
53455
86634
52856
109449
35035
32910
27266
83789
41383
35717
88683
16652
102253
61220
10597
44527
14234
73078
36820
6655
119386
30945
107192
78193
13589
15179
49978
105046
38244
30719
84370
24935
32468
89989
119966
58436
47177
84023
82385
86613
30329
40159
14176
59312
90059
17778
23223
18839
33836
29585
70426
83728
72564
15245
93593
57193
101100
50509
23673
102041
68641
51600
57788
9048
94512
74979
4794
74818
67942
26879
78243
39440
117190
8158
16617
1971
82667
37900
51710
91922
116979
77497
103278
103807
78953
119756
88066
36325
61162
31577
117476
6875
30850
83082
35383
1444
87013
19047
84107
84872
77594
106180
24505
5656
119398
118150
65479
41662
94009
58281
41091
76638
114257
1965
48984
62321
54064
59930
29446
31468
99932
115433
49135
70689
5387
14341
14603
87728
111419
98185
116897
70302
10207
3143
69003
5435
63591
30092
46129
36169
13555
70719
24964
12040
111202
55425
116474
54717
115621
85281
19418
23122
15460
107895
103540
64114
72918
112030
77059
45865
35582
94259
18198
94663
74844
69979
43470
5466
23606
27559
115254
88584
115751
26163
502
61515
111224
35775
88709
65753
113687
18435
44940
57354
74631
4967
84848
98075
53239
46290
83420
89514
50142
98413
38642
113811
81129
56481
5400
65556
56712
7397
55597
61130
63301
64415
63378
22535
83842
32210
15748
84777
51047
56362
91389
108590
97754
70668
82130
106639
68781
18260
120895
111745
90205
41513
48160
25721
84545
119202
76666
70958
74802
53394
112910
116412
47006
81047
1276
15243
33933
34372
68555
119500
88253
30884
24798
22488
4184
76034
15622
5858
75761
74341
18443
68817
106660
36706
62219
98132
24448
4962
14417
7367
11341
52062
52193
52357
114100
15447
2351
40647
95111
3437
824
15660
37617
30375
43999
75891
103345
49936
20233
17072
53425
23351
86415
106571
40772
117420
95742
61235
38842
65609
7117
8594
4916
45722
95115
15190
45267
44505
59429
16665
53342
38840
84603
114232
77847
78395
58028
52422
99937
82840
74898
101546
14342
48357
118807
26161
85321
54994
72881
35267
18798
59885
59380
95694
30601
83416
64884
93768
80041
120399
13351
30160
1906
29483
48456
18797
97013
5219
23071
32351
48660
105785
89807
56947
80730
35595
41136
76544
98020
55593
44219
41493
64568
84024
95905
33949
8479
54211
6752
33845
60852
107667
41467
110777
115895
111085
35207
70231
96277
110445
115753
110884
8894
2660
19022
49313
42411
88156
93158
36501
104285
118469
99818
59997
101192
75864
53733
28609
106684
42175
32853
103988
90853
120906
113592
93698
58982
81142
118604
62098
29490
98390
9947
120287
82129
32762
50807
35246
17270
8341
62969
62754
37624
99266
46202
115953
10053
82426
27257
28250
70906
89961
48770
7055
90781
1614
109193
27641
86306
36653
35828
82726
20046
46940
21226
111974
74636
114676
101563
80040
87471
47441
119080
75327
101205
31021
16964
89070
43084
11255
10870
13480
85136
26983
5958
29073
16824
88919
84380
52026
76254
110734
107738
70538
90806
45448
40918
75361
107166
86642
48561
54239
68985
105660
63719
84002
93587
62798
40025
85505
119996
111586
4757
96932
9992
70685
48341
39173
5873
95926
16496
98346
67645
1951
88325
104317
61180
59100
61878
67909
110223
81806
98389
35766
117609
54537
82668
37101
27020
52774
105857
75955
10321
40043
72122
56159
72195
43082
90531
273
120569
95547
110121
33924
107722
78521
115782
70592
73574
66614
112410
106950
95158
2869
13602
68780
36939
86056
61327
13333
55213
72148
118027
113070
90290
66775
94217
18771
15781
80947
111584
17361
44190
82398
22647
80457
118121
83832
55439
22042
77879
77182
12904
39239
12657
79513
89036
72882
15925
6641
111830
40931
6731
21991
105890
6550
20840
88935
56673
74944
84193
23556
94176
85077
69742
41462
47605
2681
113470
43409
58248
63154
12503
58213
37639
40837
37007
107957
89911
30826
45869
38616
24932
65844
75368
49634
19639
70938
12809
30339
120282
91681
35505
109306
103021
90038
13124
43838
68615
68820
99264
1505
79708
31716
7042
35819
58585
61062
111684
68288
39330
56730
444
93751
68113
73416
16313
23300
1178
106284
85325
83757
79644
111513
878
32607
1700
68183
81477
39221
57314
23894
54606
14668
93762
92290
78599
117001
23012
55686
66506
3914
88334
9286
66091
76788
91098
90697
94974
83990
119676
75212
49181
53718
89976
67479
68106
20323
25424
11748
28916
119664
61883
120831
28730
96715
101468
23658
105708
89284
24400
64786
21769
101723
96173
33150
70753
3668
54996
72814
12129
48446
95523
25904
94380
84368
65496
84073
13459
97146
84929
80587
118499
112413
96770
111062
95555
14239
8098
47011
637
10927
111794
6499
90015
65415
92023
39893
13594
20436
105540
101891
105072
40704
116500
80164
117888
58453
112421
22946
59951
92681
33827
77016
8724
111067
73034
81727
13967
30519
49500
117862
183
55961
57960
53789
9562
17144
100368
11466
29467
43863
20634
14874
11502
74061
53949
107210
117751
30642
110253
100486
62306
109645
37954
50034
90321
115421
80145
83930
15214
115831
109618
75782
52239
95408
2215
102584
46592
88133
115292
64397
34317
16873
69646
15389
31912
57729
86420
93012
24745
106962
82292
103701
111734
119483
33725
55348
50951
45249
69283
52127
33737
111193
26020
2140
73152
102543
5317
28013
31521
68022
24936
12169
42007
56139
118721
75631
116951
11276
99198
109510
79642
70766
60227
43461
33047
71812
18720
106280
61315
12963
64602
113636
50442
115845
27484
58143
88141
10832
38029
35726
3599
95709
65698
45213
40346
72610
10045
28571
71315
100653
39149
46287
102495
62918
32524
52409
99664
110135
43726
45295
50478
106184
40549
112186
37610
86500
100770
58994
103345
45264
36896
23207
94911
71188
42895
93007
64615
19048
36296
38794
80611
84614
8795
7955
120993
35312
21160
11779
53131
83693
108846
13654
4031
109943
5177
64317
119904
120717
21886
4582
7925
61031
54483
25171
31159
98954
14280
87638
52708
84691
54060
48101
34575
79955
