86637
108964
63295
30733
23938
70976
47325
4774
69172
54151
42987
104227
43289
105418
105921
66225
83050
65392
72507
22223
36429
105469
86244
67921
41677
81898
89200
87999
9031
20961
39708
57153
72629
62235
105003
33377
85430
9095
21599
48097
24692
73912
8801
10008
29668
32789
56898
5105
16063
78579
105237
13890
7629
56696
94586
92043
38804
47302
24348
13896
16219
72913
59339
89378
87691
98551
107938
30044
55811
44023
61871
89335
104868
48138
45274
104913
59261
57333
9690
62997
9338
90855
61862
69098
96354
77396
4758
36372
16496
53193
37599
36803
50796
110509
89454
17098
39160
57465
68751
89695
59952
85193
22318
2373
52684
10114
1793
60478
42061
5224
22738
95555
24553
84691
24228
48727
75198
95798
67098
69430
10323
6396
71965
98633
43000
54183
41122
85484
100613
22069
5327
38200
77575
22882
100335
88141
45508
15350
78900
10477
72228
3007
72293
41525
110096
46525
83247
108909
2754
108340
7474
107561
103904
6595
93440
102132
26097
34104
5552
67764
42318
20750
81074
11838
68462
71822
80236
20487
22842
85346
21644
61299
27591
109168
52047
40053
106847
28379
103215
62980
103677
88850
18704
23475
30414
71310
70964
38284
30393
78030
11419
75404
39095
23299
61277
31242
1890
71872
72129
53531
99687
106745
17277
93459
103331
73396
43208
107833
46538
81119
29067
104445
83807
105571
93050
5967
7962
106440
56668
107055
100455
4444
101854
61914
24349
7829
52307
6564
28605
104569
86696
48485
24526
82431
54267
64567
18624
84235
81567
28576
104475
3080
31217
51860
69330
46461
35775
47599
33747
63502
38011
7237
107912
50270
8401
93257
67395
71545
20199
85867
58397
41862
65432
47539
45482
82505
81625
43808
67289
28752
38212
35302
67429
61312
27266
41400
25009
83710
69616
59391
71595
59456
86997
37135
28911
14465
402
94285
16673
92355
68880
92104
63263
70181
1596
39350
71662
61695
62623
84557
64419
61943
7400
70188
46440
41770
96735
25476
46420
46342
22686
28471
14808
60000
90949
72030
24014
103820
105624
57478
4543
88541
51025
65727
98400
50953
73406
65894
26798
8978
73328
27848
83884
28565
34882
77399
52761
88401
89253
35188
63597
63144
80413
58137
39632
45254
27018
16238
2947
89338
88656
37255
65115
86090
56636
84082
35579
108852
31514
3213
30336
5390
90198
67568
20505
7894
40541
35089
80971
72751
92771
17172
79410
73493
66843
104580
86902
20583
65200
92916
94067
14385
27475
12323
29039
88425
85914
75995
80395
15765
44440
94384
70447
52954
17240
91445
43144
5977
86779
105102
2081
44719
65644
4570
89720
5293
7363
20657
40203
55933
46581
78929
45031
85469
53087
81371
69219
39189
788
24872
80650
92537
69297
34378
19206
66964
62530
5047
38418
51264
1864
84142
72881
101999
81585
109083
31199
62675
92515
65495
25657
101052
50633
11743
32061
80498
84450
85446
65858
65484
20148
19671
71195
44270
24584
103043
102004
50288
96822
38520
3723
26814
80118
106298
79932
13331
69161
46263
5797
73875
103408
23808
102448
7685
66654
48114
13418
52868
84220
71387
7178
104633
61370
60446
31602
7716
24062
88628
106583
6910
99415
68642
13574
70627
72543
51178
69417
88517
52690
32522
108445
69373
1764
15322
92269
109066
92526
37741
58749
15268
79126
77069
6020
3414
85684
67030
77220
2820
7746
108810
30212
10102
44684
37552
94054
104983
61951
53491
41867
67723
86573
88583
56520
79838
4966
27428
39701
81963
85379
83518
59448
14305
58033
49871
7907
46014
17548
52749
41620
71039
32650
62035
7730
109074
10949
241
68166
48127
59362
78028
84984
6285
28951
82710
82433
102378
95376
45762
12788
41014
68379
12429
65048
50767
104143
68372
22673
4615
35971
23611
45026
70554
58569
71634
11188
11759
66618
58196
2445
84270
14210
7175
101881
6890
38700
72703
27252
26245
91161
19102
49063
79749
6788
105853
49503
32263
22743
19024
95109
54931
74155
100787
75900
69240
103108
80623
10390
54464
6635
78098
93972
58393
63381
41681
24120
73378
62526
61677
72201
2855
26171
106401
94764
62792
19065
46227
100238
73438
39805
99305
48609
40702
3722
16974
106269
2917
46116
55132
46140
83907
72891
63376
64133
99683
24134
34561
14932
101375
2390
77795
19153
96969
35383
52256
20670
87710
38545
2083
40357
13093
17070
57276
60086
97541
96703
53786
7200
100921
35008
107909
101430
39806
92311
61759
96015
51090
37726
96583
16696
10673
55245
97179
74153
31279
39603
82803
73844
77103
50903
22872
1618
21846
21036
64643
109247
7840
29771
84700
25965
19141
9235
17721
2201
93605
43689
55057
58318
96325
85524
27634
38935
49665
87310
18225
75201
62246
48076
39618
82542
91240
57437
103750
97361
109554
36006
6653
25952
106998
5473
70686
30976
92952
63180
18654
33796
49930
68830
69015
57200
96788
107327
89026
28479
70123
47370
79404
31468
28539
87538
28746
6731
18096
68475
32645
32284
2823
19663
30614
97643
91371
29629
73174
56450
96227
84231
92947
66138
48712
11648
88037
57298
90395
29678
57259
13415
61690
23892
38962
16991
63995
31103
87649
4080
87354
98594
82043
68027
71448
2683
82771
21146
824
7127
93328
103814
10408
30102
26764
38547
23670
22445
46827
71295
108854
13932
34208
23540
100148
99701
13965
30106
8115
61050
99191
3668
87986
15021
95408
10880
20824
44568
56813
72813
20319
73854
56681
35953
97215
59813
14621
91460
1327
72699
12834
52511
47524
102523
14057
91934
31622
93562
15903
5572
2602
94658
50972
33681
79065
99431
1530
49011
40971
101127
105327
94425
99111
77660
92468
20129
45020
38381
60236
36566
20318
67556
35289
71191
47364
70974
36527
7511
19842
15488
108959
48756
43897
96535
84481
72960
12285
98280
22695
7713
73054
33110
10683
44532
39549
6107
110474
76971
22464
39573
33240
16100
75472
38891
12122
15240
88101
83882
86091
28874
93436
86006
101194
26504
40520
24786
25974
64034
77843
798
95275
97571
59613
67884
57369
24676
47979
39828
24276
86226
98679
83899
60631
50521
30162
47431
21860
76015
77600
80450
58126
56667
404
59910
88195
33539
62220
38483
16588
77807
52386
100167
19363
65152
87503
97672
68991
24687
30647
36170
76892
79244
57304
36153
81582
96661
22089
34319
74229
21593
74713
23666
77071
97745
39751
52695
6274
17495
62745
32470
103058
99054
108891
7357
37206
56083
42980
25880
13955
6317
101286
11072
32412
30905
16382
11398
2772
102985
55656
15823
76330
18592
1855
74671
12800
68210
81396
49192
48657
44724
101123
3790
32623
58371
70925
52209
43133
98306
53399
71246
16921
51761
62690
94632
8512
110289
98932
56243
42106
9874
97109
41912
59846
100914
17813
29384
28291
63033
27626
102099
37366
23979
107983
33283
10369
33189
74226
31800
80316
11504
107208
30061
28004
72335
79091
74236
28771
21417
40687
25688
89274
61626
32949
97114
68896
33151
48555
32731
34330
84972
39671
19129
9892
91699
94265
66601
60833
40732
40170
100621
16352
69681
23227
55536
11023
46995
108646
18327
97536
47808
9665
44619
52733
8100
51352
14574
1713
5090
91659
69250
101485
55385
81411
67762
86967
26225
3166
108678
81899
68416
105733
47882
74523
64549
86878
23140
25487
15515
73417
3590
4676
16123
87118
67333
105161
6246
76465
6018
83691
109027
49625
30120
36540
102831
36801
45805
24638
25006
51666
94997
11420
690
76943
6010
6874
49128
21125
98977
31133
84346
9350
65264
12278
58029
51523
18743
90541
92066
83547
78700
67737
6338
62978
41775
18479
1174
76267
8032
9077
102414
24510
105018
5465
92739
6975
25994
29875
92024
53103
35425
26666
22358
51431
81434
10054
52445
78832
6688
25462
1689
58205
17533
30038
26329
47356
11626
8547
61076
87592
51829
78502
62370
20811
46386
63127
21581
89980
40710
37045
79658
102426
72902
83501
61623
30006
15721
58510
51191
96259
47459
68637
85351
92131
65835
53506
12842
31954
52866
83473
7700
36215
99181
13879
4163
57337
6255
58683
64507
90946
71172
98774
22305
69767
57795
14002
42328
39870
39817
61388
23664
27695
69663
21731
64164
602
49940
87319
101501
80099
10707
76552
87403
61838
97189
5005
110207
55467
7811
64224
92695
103009
68618
103503
7444
70512
32892
55404
65528
81315
33986
59873
77606
101381
75394
94815
19887
99300
133
76022
90498
98039
19240
6196
37215
81933
26587
63290
48620
25256
102557
24235
38295
104336
66224
105698
17124
9635
66342
23653
73080
23933
24635
52269
18869
86043
91269
24485
95446
55320
24098
49293
10945
2986
62908
39854
46250
6185
108896
40013
62262
72191
66063
70437
39308
48270
30569
74676
91373
31559
47494
83123
84145
100806
87967
2681
31568
90484
3873
49369
43735
35858
95426
50639
40010
31341
57927
11140
11798
45646
74359
64235
64656
91491
63352
77114
45912
71436
107880
87559
77270
66967
18676
75512
50896
6360
94740
3133
23095
43504
33642
103882
3787
49126
3762
20753
16252
27194
31502
41554
34485
14025
49167
109106
71605
85673
80131
50814
70142
57904
28947
43786
49249
45998
73196
82600
48837
4229
70661
17361
20826
86987
29449
59911
68175
20603
74103
76140
67144
8366
105543
86272
94480
67363
6702
35996
91488
84298
73589
56108
63974
29794
79655
32953
34728
1402
103723
89088
83192
28663
2353
102070
35544
37365
100822
9640
99718
102562
65841
22369
22548
90653
57590
70573
85101
89220
74162
91761
79705
62242
65956
52033
107242
6944
103668
36616
49876
73407
52760
42298
21177
39007
60065
47728
29909
81106
95714
18769
56434
12052
826
26946
63650
57108
63361
39968
76930
51700
75747
54677
89844
60622
14166
77085
48848
99253
80791
46891
57819
102395
47754
10685
102588
12137
93894
101619
105442
34741
102618
86806
105821
47259
15294
98600
78396
33717
85268
99897
32225
20634
942
67969
108463
51811
83375
12310
10497
62012
15062
7016
48009
12153
56900
59489
60282
87700
90868
100473
63176
12187
56953
28545
69019
55532
47176
67964
13979
88006
48824
45447
54191
73496
55865
44975
84397
109623
11553
31059
41004
94147
68749
6456
66408
86738
36761
92694
109039
19367
89879
54280
34101
101897
80955
65376
12155
83795
60332
18692
73331
93470
7967
104161
83276
24090
82420
62312
35928
24006
3586
54532
80875
99931
1358
65545
96667
13094
29842
78881
36677
53195
32881
5282
106422
478
96732
41300
53515
73576
92913
57449
24281
22084
16956
44692
102084
9816
38338
27235
18001
100146
107330
75423
44191
43672
26624
33936
28102
9973
5482
50176
20285
1825
75098
49345
54836
61878
83908
92369
28009
78820
4249
92956
67431
36130
46655
67199
86264
103329
43122
74589
89488
66256
26113
90891
59150
103827
6757
110259
103888
95465
72896
57524
109843
97865
22538
29204
72536
59739
29614
2674
12979
32572
103260
27461
96179
16222
37423
1878
90548
106262
100636
4646
11165
5893
57802
108470
44776
29335
56712
80480
38091
78847
65203
93784
82011
186
5305
19707
110028
10442
70195
41882
91057
86223
72588
81439
29316
11943
31910
107399
21360
46769
79083
23332
36559
80574
27814
41977
35186
363
69877
34116
42386
4157
48709
2163
16739
14012
68808
25057
81078
109139
104372
49711
4330
99824
60728
35094
14633
45503
34930
2455
64686
32858
59035
455
69408
13768
89793
30170
74897
25504
68340
90728
107008
28063
109641
80356
1790
82487
30689
103189
44737
24394
18442
27912
35199
89612
41316
88252
84773
69353
94787
34258
46814
59633
77023
38016
48381
87758
49211
43150
27324
105357
90645
74592
22354
99418
25051
89568
36583
94625
98676
77905
3622
32742
64934
94610
22820
4440
85528
99719
22025
51959
25472
36509
87343
96525
96085
67264
47428
21065
55301
109065
28867
60971
108775
78501
94864
5302
48029
72666
19838
67470
77026
30542
106248
5014
98121
68644
25619
96037
6723
26384
67751
73658
43443
99386
100071
52027
70073
43879
84431
85983
79539
56497
48896
11356
33978
29575
85582
82613
53478
104539
98114
24525
95326
86237
89439
65310
68295
7634
6134
38464
87068
22321
44820
53280
56786
11543
52279
11872
56310
411
52124
39220
25203
46669
1615
35523
59351
10621
57243
100314
409
2076
4355
74945
86959
50300
53016
106827
73408
51185
11451
93466
33889
4568
101121
98750
108125
61549
89575
93790
6030
21685
94296
41860
37544
18244
2537
100780
31971
52755
7929
110014
75570
86225
90741
59684
32386
32374
102153
78763
96163
71386
68725
102719
52072
101391
12370
1101
48356
5306
78401
102278
39819
106069
5143
1322
60963
44570
74546
81598
91209
38626
88503
3569
21246
11747
73800
103951
106017
62533
28313
100440
19408
100211
10519
13123
75095
41442
36689
71331
69571
74762
39197
7649
44132
83634
41223
89570
36305
38727
79726
38073
11295
77332
52691
12014
88868
104396
72582
105174
20723
66367
28669
39758
74265
9361
63246
7403
3516
106185
36250
91072
49022
109486
57364
69995
5595
81479
23260
88419
45292
27091
73053
89409
13431
96717
50156
92612
71003
69732
58746
40448
86011
69075
77873
39442
44376
85608
11968
52495
17999
84508
22281
38160
48707
82843
42566
68400
71982
78643
64963
22855
59973
56658
104276
51934
38982
64601
53731
83521
58966
98629
38824
20840
68465
89230
95135
91384
66220
107360
94981
27090
67782
1928
43782
41655
72657
64414
50853
13617
108659
3340
31771
84939
56006
61544
49760
23776
49156
63599
77494
78706
8034
37151
108375
15157
68100
107836
96792
57581
29840
78517
92156
54483
98782
42834
54765
38089
107193
30922
91433
85776
53504
90222
61042
5828
45218
93901
91224
1111
58230
45780
43885
9314
50318
84245
99509
88472
13388
86017
564
35075
29937
96184
65483
7161
85540
44853
58663
51214
77544
47338
98970
99247
181
79129
202
88491
35959
14898
54234
42280
10333
46775
7065
91817
17709
66524
25853
30158
83623
33941
82911
70112
79307
38786
25084
28494
43820
108093
80286
11897
33223
102013
51675
108571
15947
43522
87590
17255
14044
63168
25031
64603
91408
34691
14033
100014
92089
17633
42970
86626
101094
104829
21278
109675
28543
51703
106562
75158
63806
2764
75846
48633
12340
101205
94126
67552
53713
19530
49112
21497
69179
68346
28738
5289
14341
48991
96144
16006
27444
88974
15625
43580
56414
6493
78895
1335
7731
184
46734
25405
85864
20842
81199
102429
86998
73365
40048
75587
32657
94705
13557
17571
75751
10762
41717
37869
78976
107636
34588
60043
92130
35575
17200
19067
63697
39894
67689
87001
22171
52516
89506
44131
38892
39254
44963
106937
86540
5706
2377
19167
19895
9807
98899
30136
76572
25719
8643
27037
30996
7892
23544
50787
25982
54365
7445
25956
42337
57642
25216
40113
76902
77568
108818
9145
5719
90794
48619
30711
8102
8666
109335
84548
44745
69845
5442
4186
55009
97046
83295
36387
69369
84375
43902
57741
48185
51510
91840
55679
96378
19719
34535
65227
52129
94986
97741
77595
693
75408
99192
43388
65535
74467
53340
49097
71655
89825
11051
36202
44007
30255
57947
12229
29906
76318
91321
39484
51915
105494
803
3707
45593
7221
37334
37522
88908
51235
95333
90018
52358
84056
14608
42620
68392
24936
72786
779
89608
75778
96602
15953
76700
94950
62947
81955
32709
77052
3219
68604
43065
59111
66733
79846
50658
90574
107103
53683
31812
34222
19433
108518
37325
39615
107124
41234
16438
96655
4073
77109
47439
21480
64347
52160
61294
99248
39344
31587
71969
37264
41105
80365
28511
39843
2367
9492
6041
44626
29598
75373
35616
77422
61787
74697
83533
71848
57162
74094
71859
37315
96140
23337
48455
52473
56545
76953
7323
2356
24005
105399
60376
26893
50312
2131
60014
64816
61751
8148
3182
36508
33064
49203
43508
64234
82439
97437
76444
17812
49279
23189
80345
14627
9524
68407
59670
69171
95371
90427
100355
58425
50179
92608
37384
2935
105452
24404
65652
63279
57396
109875
31202
101505
38336
19844
7712
95938
104122
108334
93162
14930
30259
25560
21922
102385
86116
57447
1112
1538
62983
50373
78639
47620
99153
57239
6850
7267
32668
11339
17158
53673
102095
93705
15943
43973
86500
52652
108262
99806
72290
74019
33662
97089
65370
1858
65143
74858
42745
8520
42174
47990
7664
7899
82098
82244
57651
90924
53542
5790
26241
76112
46807
30226
51784
17850
66262
44444
69388
46100
96265
59685
65374
84445
44134
80685
93695
56859
72637
55241
71774
4680
56373
75563
74476
9534
94327
86930
71519
74506
95008
33388
74149
65105
76421
14606
86939
6063
5618
25702
2627
231
84362
93831
43306
64728
13433
4651
78665
38568
30597
49863
51498
88857
46181
36692
59074
3430
56808
91755
82677
62063
6195
2786
5829
30712
58849
7464
59726
88068
77748
108622
57254
50269
41758
89336
69200
35055
91927
104292
101180
89698
47341
86267
62775
35019
63252
81351
18317
62550
57824
61044
109200
96532
6656
101994
51035
72009
56505
12541
46494
81383
86992
48495
22448
39163
29920
20947
41418
19567
28055
40023
96244
26323
32983
84747
95855
11642
94262
2588
25455
94797
40207
71940
30070
106633
28836
37219
44063
41436
48377
100196
80804
61248
39325
44904
92829
88838
74682
14176
27257
9376
68911
54140
35460
59935
6187
22831
38627
66990
59231
96261
19130
23126
29012
66902
8404
78800
83973
20857
65
71426
7307
79341
52486
51973
30488
57485
29941
80898
6081
1907
61212
9716
21740
14443
98157
8973
67860
14122
3763
22062
31776
27258
48014
50575
41026
40385
40884
3115
34285
32504
22745
24598
58949
23562
60382
88766
17704
7290
93208
7594
70738
76397
101146
57077
105842
31254
11877
29161
12947
3979
96579
95741
41392
90800
38435
76801
8747
76136
103326
75280
4417
59837
15329
85523
108467
68213
75752
96615
18197
28449
47993
64854
103088
88607
100468
53966
106942
51661
100172
58480
96874
27774
44175
70336
20586
61198
107077
36655
56380
73211
40543
79547
105322
15044
15336
62181
90846
9853
13670
55323
108273
72992
28643
65884
38560
87170
42657
925
27169
49818
43635
57427
59143
83820
87501
71920
35227
81299
89401
67106
100717
16630
81322
7310
60284
72840
109408
69203
17707
36682
84689
19354
91387
95136
37972
21667
4807
77520
90918
86942
93608
82026
68268
49154
100719
106921
32103
76014
29873
83811
19157
45948
14844
55563
94820
92352
98380
91727
18078
24805
5453
74696
23107
73308
92556
94707
80100
84582
59801
57234
13067
64857
66180
56192
74198
19729
88950
23358
84321
46279
1108
10294
66212
86754
96123
163
88594
95512
106953
79520
81350
49342
37677
38921
42886
66022
855
34929
80247
29868
32438
64620
75859
3924
33582
45091
87532
41605
46266
89550
50099
78591
52326
4170
82996
72401
67583
19742
59581
81595
16259
9985
95404
18359
39019
9703
49890
7353
57939
18976
105514
67711
57160
62836
100092
59069
16461
45897
69849
10167
56073
11517
56531
78108
101539
73773
89789
102453
52856
60393
75498
14572
44313
48283
76018
37603
90523
48401
61120
68912
81838
68828
64982
44108
71903
21232
105387
92987
77729
44738
107787
15030
27886
8484
61774
67859
61452
14582
109592
63305
100845
1086
59482
102723
41149
45067
84637
26125
43496
56558
6625
1360
109755
91013
2236
59859
94732
29479
77596
39799
43783
88818
28845
66034
60592
1250
51187
82314
8200
31761
80039
35672
96908
109717
3735
83659
22317
107229
582
33752
57068
103275
52939
3195
25233
26381
46695
21931
86025
61022
84276
31334
49917
36206
76566
54114
69919
8894
25524
69633
110062
37309
93834
76875
8337
2253
64329
79315
79746
106601
34324
48628
1576
28549
13736
30345
90474
57401
78526
71082
34245
85274
5214
105208
62571
681
91088
31162
35880
105053
104541
35090
98998
64618
105492
92576
94750
100240
92169
2752
107222
54086
20658
80461
43047
7017
46700
28393
64842
84745
17714
94029
94910
32249
89639
22834
49594
106307
97837
55792
6594
29861
6213
83386
75761
4911
98396
100489
37900
14551
29635
9236
103298
70472
3298
33401
54069
52224
66452
110425
43751
23734
20760
92735
11246
14067
91492
27279
78455
4375
93973
90471
2735
35963
51996
89501
64487
13202
90766
53130
30849
50761
3366
198
19317
24124
46289
83604
18389
28330
62529
76307
37459
76726
60844
54330
102530
20427
91268
57442
92605
109797
80819
69271
16899
66304
41328
30492
100917
36026
101581
27803
727
19751
23162
4775
89498
7448
105266
86734
95675
85943
41760
68590
96470
66565
10479
48312
23831
9943
92960
52608
101114
49692
96323
33952
3999
8744
1117
6810
70395
38006
79497
33631
80548
27709
53321
87516
92420
23431
31433
53406
7849
86490
69383
9319
33594
62893
103575
59435
65259
15137
3851
17170
63192
71013
83269
35498
37856
71802
71084
16845
79377
1851
11972
25021
58673
56429
90790
55575
79007
61973
22643
34297
56778
90500
94494
99241
87853
66946
61219
40397
60359
86820
4428
104917
13948
49574
3358
95808
98485
35448
15574
41843
25705
13236
37980
84749
38269
16240
21179
13544
43738
82546
6793
17757
29897
76419
98004
48978
19603
33122
47011
20273
73879
42788
75728
51805
18705
391
42944
93774
81650
59422
65597
13155
42128
104666
56516
4877
41006
78145
48699
3309
76147
16958
86588
21583
70024
92664
16458
46726
53526
94334
74427
66443
15621
38289
20861
8667
80900
13494
84279
36919
52132
40650
33198
71931
13938
58335
75832
61013
28661
33379
18604
38341
80060
73020
74316
12408
103288
10679
43778
62049
28312
54010
42751
95246
79254
107075
27874
109928
77949
23327
51987
7921
22492
3899
1170
15271
29442
106070
101804
80938
81360
98412
94570
92365
58138
56950
51146
97923
103042
23458
40585
36945
73992
73754
109779
10223
31164
54438
6126
54235
78947
85561
85977
16751
98248
82163
27792
109323
35957
16040
35398
68438
85166
20927
83650
47643
16666
18481
65626
19885
67747
10067
16151
79169
22563
6510
74547
29893
84140
66509
74023
55667
105612
59830
44015
86300
27596
25664
67423
83918
73934
2747
69694
48616
38052
106258
8556
91393
9449
48288
82709
4513
38845
91520
106392
25394
813
78300
102052
84323
63525
80270
79511
22945
46829
88851
90177
101150
22862
38438
106321
78358
28036
33880
105389
72683
108501
30077
63620
14774
23728
23225
1052
70794
79181
40433
6415
4782
27042
37058
16730
98370
29806
16660
60812
27227
59477
42662
50587
52015
54921
15785
62639
96136
109654
28916
72056
79335
72717
80471
51724
86649
103957
7747
99162
28841
80009
45141
2156
104563
15335
61391
11849
30777
51746
84380
28601
17899
77133
65315
10750
20049
87936
26766
56225
42136
55326
68199
73411
73013
68396
9496
26344
25060
5806
78445
91001
60128
43514
5810
21956
87907
54629
535
108419
60443
10696
87242
33625
51891
25490
85113
79137
66917
36019
36409
12128
28493
89033
102855
84348
55210
104695
102503
50738
25288
103037
16418
31042
20571
78628
73681
85526
6813
75356
33165
51424
51261
60388
14745
56209
71630
48893
30374
14597
108924
102939
65502
26506
20012
87451
89366
82851
74969
86239
32234
109980
26316
108131
48542
67073
2472
98563
91423
33719
57992
90546
82469
38095
51077
72452
74252
62950
77201
80318
2468
32165
3445
72460
89810
9073
6284
1096
61141
36810
93150
82735
14739
104168
8335
69608
57041
54165
98680
95500
50141
22498
21901
26116
100551
14877
64945
40683
59338
29164
58607
4118
34867
11013
30115
100581
2327
53778
93047
21492
48059
106781
7571
99470
80396
89002
36341
10686
47313
76899
96367
80155
86699
60919
20716
64850
42173
41817
11961
27813
107336
76337
70235
29377
93396
95160
4554
51142
19175
94913
39629
73434
80663
48088
56013
38208
99900
309
19836
17057
87508
3479
3604
74917
77512
18693
20800
13767
30710
18752
13926
65592
22876
92364
95011
83846
9507
65437
98431
54717
25873
64289
97206
58560
41985
35543
29502
93912
86559
15348
60623
87005
16736
73132
10485
42498
3642
95340
8001
87869
9917
64769
73402
22026
59927
18446
86694
24345
22848
12575
75612
88011
16453
12139
702
47235
3528
76812
47644
91063
68640
106931
58237
53790
92499
84352
59976
5045
88038
36776
32139
8134
76493
51483
22419
17498
94268
78776
75386
89549
7412
44679
73037
100800
101511
58553
95337
57948
5067
48058
74452
46083
17648
81046
15880
16056
35447
96142
92798
41116
51209
91082
107261
69246
90350
5426
77662
68118
32958
52351
11817
23059
19045
72034
14866
53692
56383
4875
34927
61134
89559
39686
83539
53973
96421
80634
106764
62044
57915
5693
24651
90666
69624
98273
97229
39723
84248
63424
6133
34883
6186
49566
91296
17763
25315
105412
64143
7325
54312
21327
50647
76733
104721
73528
39154
25824
32994
75564
95744
24720
38436
58977
52758
61710
214
19919
67844
33439
88967
78314
60961
47352
84964
18386
54538
19746
98055
38505
36072
90333
9508
75650
90773
78850
71459
11209
27665
89972
55775
69657
89061
32891
4693
62287
54550
25150
103709
94580
45088
82660
56837
13615
87081
52987
78946
37947
36789
38191
806
51671
2285
30708
58342
100101
21790
12451
99773
13497
77888
96973
77963
87854
8505
41694
90001
40167
46025
42160
79761
101498
88017
79194
6492
4538
80658
19344
63918
84945
109854
23218
67948
92406
86065
35099
67419
68556
74152
41028
32845
77577
96101
77486
8532
10680
15855
40572
82173
29973
43082
39347
27132
89528
73575
98222
100262
93454
103651
62883
99163
62032
102306
101538
103144
103571
46052
76685
51848
90968
71568
22609
44597
23037
37391
34768
56159
32839
78101
99414
97673
12177
97472
54361
100888
84357
30557
63395
67320
20802
25442
104994
101774
50039
42741
11597
89062
69701
96047
78749
59650
82368
30101
94163
43434
27457
38854
34373
44809
20943
85146
50785
91276
29136
46315
71723
86617
11006
8156
25735
77553
56238
29758
5321
69045
62673
83778
19385
94504
77356
72512
25548
42317
46381
4043
35795
42728
3661
84222
64342
93147
39140
8599
63244
24585
102462
74865
99160
50511
6939
30303
11502
50425
105540
12296
74232
39881
70072
89672
61738
49972
70752
38660
72236
28886
26108
77361
86024
55647
13581
100938
93779
22057
10782
9266
11729
61700
91982
108366
85586
31406
53843
51615
97733
40396
64277
47039
62140
1209
99747
22050
71382
39499
30526
31729
50867
91678
41023
9629
35337
30625
66490
11689
73415
27455
54731
14737
74468
62007
105142
74395
106730
41506
87746
75552
102003
9909
4293
33440
94695
31374
760
26784
81711
48365
76101
69686
47787
10972
12929
109003
101027
41844
23685
54799
47676
29223
40447
56643
34316
100466
81556
18354
47641
93752
37724
23047
39030
46200
81467
74847
1692
21092
24181
12950
2341
58344
39367
47858
47801
104258
82688
29237
91226
20823
72449
100187
49824
79792
70581
37723
3901
84476
104885
76209
40841
24913
56781
78544
68978
63057
31488
22897
20366
60389
17857
67139
31793
26748
10506
68653
37304
551
74464
40655
79350
102905
98601
2881
96431
87585
71450
24492
5741
78687
32888
48477
10047
18073
64044
81660
104727
74211
80966
90719
28567
51842
104377
100080
78971
103229
78179
51544
60975
92293
6395
35240
100771
34188
33829
25778
78065
17270
99820
6124
64103
45778
89037
29139
78348
9846
33331
41180
78290
58602
1902
32413
52245
32120
35774
64308
96511
40380
101639
58970
52167
76188
100990
17933
28846
22017
85976
63768
16977
36282
81746
83799
628
102835
24886
92722
72787
60853
105213
32982
100031
60372
53889
45640
84340
95457
95516
63626
85235
62037
14839
80657
56012
89802
97260
95464
12669
82614
9142
62616
6855
50952
20412
78237
101980
68320
58381
101788
36723
100747
25161
70223
61234
2365
91895
3855
39841
52784
84307
66059
55470
72280
100413
78930
104965
6864
69122
26163
36232
89588
83141
93226
96538
6436
80922
67641
89100
39640
44526
60406
41581
93833
30145
42593
700
20034
74830
107109
97409
66217
44064
95478
48784
77012
71059
108188
85890
64641
84601
11008
90813
817
65868
105704
54695
36758
4460
54751
35787
91204
97150
59745
17504
12940
65728
71589
25245
23373
99544
19616
83925
13118
42003
30164
39902
97492
50222
53840
21037
59299
22112
79478
95650
76789
53151
3823
10235
80796
41910
57349
51414
30665
87912
72272
97783
78705
19705
30301
33451
39527
100883
87502
80077
26020
72240
53551
9674
22582
13310
107101
105598
95415
18325
99993
75213
39137
65355
83786
29467
67601
13004
69352
39622
23339
3575
38740
43999
70638
89137
98188
83374
29064
6981
50456
98580
22718
93231
18758
87795
103589
28198
59507
21739
81703
23112
63721
85097
109434
81348
65474
37061
39837
100243
79782
1986
18324
76171
64038
74759
54484
70522
55193
23060
63173
56469
54469
35314
7284
31287
90836
82928
25870
12213
17573
59041
90670
30066
94337
23113
28748
45083
73553
25807
88763
29904
49809
95833
71677
36651
47068
61349
3446
99062
85024
24405
18033
9214
108985
14231
31333
16875
21131
22238
86842
30871
71012
107767
94269
66639
82372
51638
83476
68697
90521
14963
86567
71016
41541
67646
7977
84463
80624
5941
81170
32255
40657
28714
94401
26952
72675
5690
108708
106418
56193
38217
29847
107632
24858
93163
86278
62158
32062
69831
89609
24569
10754
69797
82005
13209
38994
62963
99397
101694
13912
15643
107731
64925
41771
80385
36858
26149
40770
53764
55509
59965
59608
77420
49172
11151
64895
16792
72100
51046
101823
92199
31173
6929
71483
81279
101879
37253
52603
20035
42650
86927
40370
87157
54194
100058
53421
101152
57835
83082
43101
45701
99985
91602
49281
73850
5385
104962
63373
26136
83026
64278
78284
70651
85672
20032
105428
67370
58775
11298
17901
80590
80579
42967
91801
16776
28862
75388
7168
56038
34833
20153
107495
68526
42725
36588
68837
84096
38522
65464
80374
18456
74195
75895
75683
52656
45736
76241
99365
44798
47019
5675
30465
60928
102992
72704
31888
79626
98489
86231
78852
14332
92961
100683
53063
44036
37473
53848
13558
39186
73989
99113
77002
97648
22919
6958
15917
74633
17619
101789
18621
80107
25635
39349
58443
64746
105111
28949
22921
71395
23850
10278
825
46611
56167
31179
31409
83003
5276
90921
29261
85314
55838
1177
94395
36891
9600
77993
74763
92755
75091
21329
108043
64381
62542
81997
100429
64867
103044
941
77130
45267
101050
98185
108394
47889
55137
33757
52582
48836
17405
21484
63941
89649
59015
87620
159
19819
70766
101636
97823
56551
53746
14101
93935
8195
107118
49858
59587
63580
84910
21390
106707
41263
69542
15639
57631
24163
50996
39953
102745
23583
27892
85307
72073
14922
38079
26791
63976
56906
28305
25698
32926
22728
5083
45017
70929
60858
75894
75642
11617
11637
42758
21415
70511
93001
107939
67415
73506
23166
3378
104006
4549
88245
23338
93806
5399
105771
95079
37364
83752
630
90740
103153
89334
76734
24556
31356
37710
22683
20188
33410
55673
34455
95611
85353
63123
17393
22924
29133
8388
38789
3883
11870
76959
109888
108621
69088
30562
88481
48803
10042
61810
57242
61666
76394
24591
66853
5746
88342
68284
50760
18970
104712
96217
87879
27937
80851
32080
29863
28741
10768
83359
67826
21768
26719
101570
96218
47323
97376
85509
47692
42215
107041
57606
40706
103443
39684
30818
22950
24770
18882
13726
45557
108024
44158
28176
32685
6752
97422
27231
6567
37102
46340
102221
79414
97785
42390
16685
109812
34653
3071
99559
6477
1322
58944
65997
976
5171
70650
62214
14833
110460
33119
85598
29547
17780
99182
26532
18831
22128
57852
108778
84822
49766
44339
43415
88857
39743
102609
51278
78096
17668
97414
82982
51884
17241
46291
102466
37063
103186
43024
73779
68442
76350
106080
64785
33857
16316
93605
11970
45566
45790
19400
52744
16853
91536
26536
60704
73974
1682
1818
64850
43674
17922
97410
80900
31583
108111
69162
108130
26379
45194
66579
45580
13854
16694
73229
6118
47063
63255
71030
81313
91306
23794
58557
90053
58956
43767
37705
62067
30596
31196
81065
12877
67023
80827
80894
76298
37075
48526
34914
91845
67700
62163
108608
41093
30740
57927
107937
43769
4230
33538
15096
28370
5948
1070
24657
72647
28873
52783
40466
20583
89873
72585
46785
51945
37011
4406
