103584
97942
94485
35632
10469
91931
111404
90859
73877
79688
236
67150
93941
91741
12826
117481
10097
12962
24773
49216
110557
106803
14998
32111
59636
65895
70211
92020
84847
102649
65335
53757
15892
75646
43659
4780
94474
57653
116525
107802
43316
85488
53900
120387
58131
27060
90402
2351
50220
19152
81210
99897
87275
68514
68027
10088
88088
72945
71165
21794
1903
83779
14667
98384
16158
66856
3978
42133
31325
29817
37272
10250
70605
59952
94903
51025
43858
48290
84233
36447
66181
48737
68384
19266
106818
99353
110922
70008
49995
76613
49053
37706
110121
30587
49365
84991
69169
19915
66901
43564
33997
92983
15499
36293
69740
55445
94419
22017
82919
52332
74270
41225
74722
1984
62445
80525
6404
8741
75402
93493
561
43476
29730
9787
86641
62020
36306
35123
6992
91717
67902
6268
25245
33006
9403
66026
111857
46
20640
86488
50125
1126
32088
28354
89811
112261
112126
101952
7876
110816
57993
60199
112303
99952
79562
68796
12511
15545
91655
96239
12749
52227
76950
31327
31424
94520
51149
120910
48123
3015
106930
4010
43807
25555
90637
107196
115413
69238
50604
14788
25767
49902
41213
18739
108173
97347
77039
37792
7413
54560
46284
26192
118908
113163
97477
13243
118739
62223
78182
10745
27703
53137
56240
48388
16895
86931
120909
57536
52736
899
90587
86375
40418
62458
85201
61798
74527
16612
31747
38012
44127
109948
116535
66512
26592
9376
52261
25880
61716
6191
107211
76213
1059
117772
87145
74365
35736
34454
35818
54152
53277
3025
48932
10162
92951
61170
14780
55390
31985
70987
75255
101613
93303
29412
96991
35689
27511
20054
72836
107968
78962
69114
112227
104811
3361
40455
107431
94350
39886
9463
69875
16990
83946
32635
10277
69223
74037
16970
111176
16711
21731
68894
60779
30257
44598
29531
99380
76656
2719
68604
24080
33156
114666
90617
39463
26180
73433
86491
119351
81383
90400
49334
90023
76799
2881
55007
23788
59768
3437
13108
4863
76518
98705
10169
36830
120383
32943
53028
16370
69857
79236
93041
108331
55903
18953
84250
47445
55159
99690
109830
57080
41201
59618
43706
47405
108508
8104
73571
78847
82537
110160
90389
61951
94725
120233
107283
24745
77145
11382
19707
65903
18225
57741
43739
110791
16866
18988
45517
92659
80100
112152
20140
8072
45113
22376
74688
56989
43160
62343
86592
38020
82728
60640
63574
101446
75188
18107
19263
17699
46672
15326
31047
90706
47462
20852
23709
50717
100083
113410
87036
39355
13755
83443
98250
79453
49224
111729
80481
84352
89626
54063
11496
109815
55456
114391
53445
60835
18957
67260
28056
41935
46091
625
20652
46870
79746
10581
5538
88865
7528
13052
78469
16349
50212
46452
78052
101279
31698
119468
40798
8582
67064
115332
53836
47081
49886
67496
9842
58259
33649
72739
26005
84502
47088
78538
110744
106350
64807
104332
49956
26521
49403
26238
33660
85298
59610
90187
31522
68671
41760
27342
111392
84296
7061
25682
51976
87650
63859
104512
51462
24959
43599
31979
47282
108101
118351
48168
34759
9264
52049
116270
51688
106659
87344
23592
85177
5280
119757
63132
91574
25582
115967
113777
91057
70423
112154
30918
55748
38354
78528
29621
8722
68189
92510
85760
34017
42588
82545
7668
82247
114229
94111
97515
48431
87420
79275
14660
119595
163
110165
88408
3317
4299
102176
38964
40161
107956
93430
95734
30938
13415
106752
108341
68638
40756
31868
21615
62612
73944
94330
117154
64273
98446
12231
109255
76462
119371
105123
74083
107367
12049
76827
107654
71484
42677
87976
53781
44943
64721
46513
88221
44239
15210
19766
52837
62180
70177
75733
120787
82036
103344
40318
92498
74045
44818
90033
46439
20968
56823
15433
91727
56411
68550
55649
43911
119551
78042
71035
61205
25425
109575
29393
62904
19884
114770
46170
89295
45304
80118
96008
99034
51522
25002
26077
9399
70834
30497
73129
19250
32105
30270
113154
89844
61725
75378
78423
60273
97873
41611
21288
26714
73569
99007
10315
112301
117310
18900
5217
78781
41825
2467
36230
46492
71628
55926
109244
75451
74875
116099
228
60760
99339
80393
102673
117602
99298
45329
22507
87816
107411
104200
39308
16558
64505
48616
7645
56066
8048
880
117321
71464
86078
28137
36261
24969
107888
76648
7156
53292
46744
23094
26523
10198
9030
55068
10951
60527
29427
114403
106928
62410
11683
50180
102283
29768
4802
12476
36768
69915
48933
92955
73201
110001
5148
118499
30972
116875
76825
116605
33840
3157
23596
38872
113399
96291
46977
82125
33887
102788
36910
47007
90058
63911
74316
54287
58802
3438
32820
59641
113547
81332
74356
106087
53396
30961
45362
56973
21637
21723
10079
54656
5592
41654
65780
55937
98459
39681
106819
14967
75671
47977
21451
25537
51093
542
22002
106382
13114
4198
8896
73265
96543
4763
120599
42634
75089
120301
80370
73470
54297
115021
89507
66497
78427
69675
29435
60883
38106
73961
68296
30651
116794
20191
11818
37360
41016
18102
24550
95838
10333
103317
28726
120634
108607
90513
107499
21660
6227
15737
117884
87940
31667
46260
91700
931
38396
60912
68280
34528
28109
75189
69317
41926
7865
65977
12201
73858
71572
51151
107949
112767
48430
40917
56979
74290
57677
23279
27186
3634
103228
86596
74195
41635
93987
118310
26691
108378
72919
8501
35744
71639
55677
81498
99152
104243
30447
83826
11006
96708
65695
3926
45284
91511
24399
103068
41687
15191
45062
52556
77356
17935
109916
32479
35482
36959
88863
41572
85146
114619
106729
81807
91868
9286
17026
41111
53746
97160
24980
87195
96074
101159
21724
89816
47492
107940
15771
49259
33777
89958
9576
51759
47420
21562
33458
103547
10932
40743
27446
40452
119634
55547
20745
56369
3229
81441
68480
104476
13323
46393
49501
36412
88215
83321
44823
91871
82813
25708
105431
95022
90683
29745
106611
12420
20182
59126
112130
1911
106423
99076
100757
73351
45258
113423
88971
82257
88632
115731
39603
96011
33642
81149
68471
12271
42274
75878
93682
87784
14016
11336
51848
95304
35457
67659
3730
79487
90478
114438
21398
56631
65656
33027
119523
48256
15311
112446
36546
95178
84688
82325
11823
112236
93774
45413
17759
64601
67299
46786
108817
113064
14210
95868
56267
75242
78500
71242
116903
74542
21820
22067
41112
85125
52242
33157
94923
72298
70333
46985
1462
63537
40728
12802
12538
29324
118117
49659
49566
1437
63832
64742
111481
96862
103582
67145
101660
80987
100408
28339
61279
70318
73407
54003
46330
47636
86368
58845
55280
105309
102500
46371
107374
13173
40415
86577
55249
60136
82168
35466
75862
74784
49538
89443
32741
66533
85581
115399
33725
35005
78021
35850
69595
46988
10421
6222
95558
5647
47043
113793
4026
49723
89372
50127
8732
44812
30884
77685
10866
57307
18172
74786
80404
4367
95165
31358
78777
28075
99374
78888
34571
25366
63455
51942
37039
95255
179
17350
111321
117344
72305
3800
5926
69957
52651
72709
49579
56050
26446
92701
26071
36497
12668
108904
67678
70736
62563
92551
69987
82493
33552
120080
95203
59512
57992
69761
101883
14458
83492
12902
9154
60135
96078
73386
47213
3845
60900
26378
87578
50296
115930
98674
31527
110939
95061
58519
45436
31819
111745
23805
26239
11077
48757
116828
15151
91808
39773
48305
38342
81629
8679
1950
101469
46125
61112
30165
36767
81778
44081
43110
100191
62662
27764
58598
106199
11889
40062
103640
48319
97573
21235
102064
39747
4633
115241
51669
90786
59927
29810
71654
103002
90770
28712
37809
58062
114825
1475
5038
86236
117055
72362
10091
24858
106415
65283
69569
74823
95974
30828
106975
38236
69079
91884
119295
41982
10842
26754
6784
76290
31223
12318
64003
60811
53891
54512
87393
49795
83546
99831
18189
75600
71962
113886
81742
106386
111604
38824
4539
105154
14650
32637
66916
94332
48997
119578
34897
4686
102523
90555
70259
12869
25887
78393
3628
10684
78840
6759
59526
22986
87306
49327
1535
12851
12729
113160
85249
110295
66775
16619
7663
10303
78924
20343
45561
70168
7184
35654
95659
56587
101986
119546
53920
27529
86848
100177
103676
32322
30641
53315
77503
43393
37898
100770
7812
21482
83200
60475
90816
85550
76182
4962
34065
68664
41471
25180
75609
64706
96190
75329
7421
106217
50118
38857
42595
118299
111168
28149
14606
83761
108744
100404
100884
115775
22148
82804
99549
105430
101591
64658
13456
58375
51330
105618
16223
104548
29439
111524
95806
115874
97038
79859
90527
121105
70362
57082
67938
38057
80327
72929
19936
92928
27975
5001
9161
119156
22030
63211
66128
43390
14503
58189
39354
22271
54921
52603
80616
8324
72061
119730
38529
16903
10499
100606
74794
109851
9194
14248
44366
63015
13815
85725
15016
47400
12634
55527
91382
5791
34903
12423
35710
113297
64587
112647
66340
59866
55528
110650
75589
40173
93892
60430
41369
86136
57972
63228
67478
106363
72269
84427
37922
99468
78915
38500
4830
85106
119320
24750
8265
96354
111105
60568
80208
24389
111028
102765
77670
102475
16868
69606
34443
86328
5195
77230
93550
9733
88732
64676
30483
84830
12229
17194
94479
48654
104315
89564
33640
37155
99980
58423
108401
46316
18539
56435
120903
81147
90398
58712
41329
94699
30391
88614
47210
18864
113669
32288
65534
60588
33803
96258
91175
45094
48951
118140
15400
6113
41513
85923
36931
59608
9042
77172
20882
39659
34275
8576
7667
78756
35987
111381
87796
82910
7599
85970
27692
85325
107515
114088
65631
30355
4947
97626
47304
10973
27562
81066
1765
13300
32159
93354
29906
118654
36538
6409
186
47929
25694
111155
57588
12228
109579
113081
112980
92799
71775
79514
49425
2436
16328
33745
93826
62206
111274
4083
115824
103111
104671
23291
105001
69149
2966
1270
81707
35738
77052
43573
99071
5891
13175
109918
119138
38640
60509
91785
86654
70610
19027
63480
69884
44158
58807
113222
72746
99180
29499
66283
6996
22333
117193
15881
2114
91265
80314
11315
111567
4903
88455
15562
59380
41898
41110
27721
79102
37626
74623
25044
104682
81348
119743
91861
114942
29896
59518
82033
47758
51610
58327
120947
59450
80146
27358
97503
49307
56658
86107
61144
48323
104292
55238
24394
96381
17515
6937
105812
92996
62209
102441
632
77307
69323
81399
45864
58136
3717
116726
113843
28130
21055
21205
33763
94490
54527
39330
53296
60137
70430
97919
61786
87168
8961
21184
34299
18357
75173
48873
64552
14585
72179
39227
14021
23272
75885
58995
75938
47336
44114
31141
98361
103293
893
76900
105254
76136
63737
114545
54761
16747
104803
81817
108997
48083
88482
2428
54105
59191
82986
113557
49756
7306
5232
67295
81437
109899
37523
101944
82287
36125
33902
29724
66508
8319
82981
25910
66681
49369
9086
77016
64815
25520
89574
22963
37878
27570
47953
36429
24868
44409
40663
102770
18382
12117
14465
54962
110719
119014
44397
94523
92121
39853
32160
42378
79933
9406
69027
48081
14191
22042
13729
36691
33860
37862
90569
36819
19025
115924
67266
50835
73286
28611
80668
77449
89079
25796
53551
65959
83256
84178
115866
51798
114890
13024
82765
88198
48106
114803
66858
96064
63654
9175
50041
28190
22945
51631
19456
38319
52048
14020
57569
61424
95594
13759
52330
10190
58235
31178
6360
77770
119566
35643
21462
81269
120783
59539
79000
24002
38239
59802
282
90624
111971
4170
18814
55627
100259
88515
99539
106093
40023
46021
553
15344
76086
12050
85458
103534
107716
75206
36036
30845
63323
48216
4382
58863
58241
86331
46296
63194
34908
52074
58711
35118
8846
120891
100459
41403
88394
91193
15646
12067
115059
12679
7815
66347
90256
1580
91256
47347
68443
26529
103454
113395
98175
71453
11395
35919
72924
84626
119896
8459
33079
51666
33862
15201
67384
70603
47560
18998
11042
53486
21861
48294
95867
33490
91296
29090
59471
77452
7789
119788
44257
96881
46067
112684
91824
80490
21497
98665
76039
27208
4139
106962
92039
94457
112018
64407
37044
104177
66292
43572
54360
45652
52808
60029
78677
59007
9210
41136
95933
40200
8791
39711
3633
98089
80791
48833
51338
32845
17597
52801
15835
75750
78217
92458
20920
26932
19249
52205
68011
34768
67578
20326
109210
76991
48231
76830
115184
71888
96810
92935
39557
832
119732
4446
31653
82967
4226
80127
28284
25169
76276
110612
1821
3118
52909
93982
83956
21177
19246
27232
106864
92481
20816
5594
109858
110323
10886
101255
67526
14539
32818
74106
49080
25423
20549
95358
38524
46464
63226
57018
38665
106940
90367
106320
95023
114053
103845
91537
1431
5052
56418
84075
45856
54950
100684
109048
42413
39575
97211
50037
26165
108685
75699
11216
108716
82570
111037
104962
23977
1367
108599
89477
81391
79414
34601
39441
25893
29832
20727
65449
30617
61195
27822
29635
30873
102372
28473
34706
17516
111004
110587
88516
32066
70657
69870
68338
20001
16513
104477
54487
81646
120485
65231
51011
65148
60837
81968
115398
56148
75601
25792
99182
43339
86775
22430
111588
81261
43332
46181
35847
35979
44453
21592
28863
18646
78149
92309
94512
74078
2383
104919
68071
42161
63269
114509
11937
24488
21262
27340
69807
64983
47562
20683
67445
74663
65229
77212
105243
29773
69860
110456
81686
111333
52915
33847
2234
70592
86567
109822
86082
56717
120155
66399
99842
83614
15544
56192
47324
111074
88051
50100
18464
29153
36901
64671
23170
33789
10016
3510
5314
109781
30690
39823
9856
105818
79446
111334
80784
1534
54225
55029
48750
74878
2767
14958
86507
24100
73194
110224
5318
72710
706
119333
55572
48953
13584
44255
96351
77615
63110
66876
90044
14702
22329
13916
82638
39635
20075
77769
71496
1282
116006
83430
40152
7232
111307
96724
117471
81728
58687
38817
4790
53312
3264
10671
39346
49415
115581
80943
20653
96097
110745
50977
81581
47611
118875
77992
80237
113908
97456
34410
87861
80431
40192
62251
55498
21901
21967
108061
2307
93721
74147
74323
81905
92644
45308
87501
91560
92155
74121
95936
41783
13284
20845
42191
95340
107698
18779
49445
100369
22324
73335
35265
87143
71313
104507
115831
77890
95426
60185
72234
45289
64210
27745
117085
53102
46169
113892
120509
57837
27670
80109
36566
30428
92196
36359
76730
109971
89707
59786
71734
102249
109132
47266
76753
31562
39763
37225
27420
110873
112765
94542
33628
20284
27678
89616
15497
15408
7827
105176
24319
44464
56754
51190
91436
92505
89299
52730
1841
51185
11888
37624
42333
51203
84465
83945
7093
5821
119841
69367
8473
30440
77606
88916
68806
93620
54693
69152
91654
77134
35379
65255
118203
80922
105018
57388
110913
38238
53473
75432
10063
15570
53275
31774
31929
29605
84906
44495
54049
66320
78089
55221
45733
74693
59880
9238
102586
34859
96337
114121
93637
94445
27983
4849
85618
104812
44339
42030
32413
69336
41174
29711
55360
95156
91846
72393
103916
120416
69284
5480
82975
80257
76943
1219
28320
120901
117956
36892
111387
12630
21211
89209
100200
11300
91825
36564
90525
18784
23107
60937
19536
25258
12922
20595
69691
5911
60915
69757
97872
18523
104498
86673
3986
1496
84445
103133
26949
103283
75210
107477
76679
41327
5602
71549
22198
107144
110723
32563
75877
76277
69506
53916
65814
85091
99582
32102
64340
53442
53342
112981
25121
46077
30349
79585
83907
9470
102521
83739
100945
5930
72155
74935
74675
26001
45801
42523
384
66466
46399
2649
36439
99790
88922
45167
87580
92446
38413
106868
86580
12133
15241
6643
27980
69066
77613
62858
85723
83886
73684
42156
70538
86978
60138
31427
46435
25998
19490
111098
35461
108565
98812
26610
63533
76030
32949
101087
100007
114563
80570
43975
32106
41699
86584
60983
84674
28703
51912
19238
4391
61252
54963
17962
31099
45217
100346
27662
47359
48091
3368
20523
36446
85114
28466
65552
13612
65288
21738
101024
9627
7995
101802
29925
114125
32467
10770
57559
78588
22340
48994
12421
17675
15185
425
111056
73346
117709
88288
104852
93895
111962
84255
58644
99024
115123
64841
113660
55458
5233
30656
49069
101616
84228
94499
68286
35965
1026
21251
83376
33373
109751
41812
80906
34501
34778
63946
9143
97091
90088
19425
78294
85436
105481
95539
56552
29058
31045
71107
16603
13484
101716
21832
2539
88213
116849
65525
33823
38327
75573
45365
2285
64456
102552
105308
22534
84507
47351
70771
36051
29359
39030
81283
29275
51335
7090
176
102656
41106
49414
65466
29931
89456
25677
69763
37630
14750
106006
99757
89658
104893
32598
86460
34830
73628
113073
108717
58824
64801
107004
55435
47972
26636
66626
62241
41393
115578
43137
101993
33690
45688
34172
38565
37820
74477
9328
22380
37290
18012
112891
73843
13614
83289
60808
77235
45267
71036
70300
96612
30354
42493
71100
79708
66684
64279
109885
26320
750
77301
8097
56429
65243
60988
51003
94370
64860
5950
52069
20126
88124
8696
78455
84868
19288
96955
10011
107276
8101
66210
4621
96161
102725
20438
85387
79039
78095
38542
92318
120565
81474
74884
41264
41411
93383
42433
42389
105196
298
101335
15784
31500
78025
99822
53557
63733
45058
22024
77253
39519
23632
58247
61415
28230
31123
88305
3499
7293
31847
101106
1843
7018
109284
79544
95501
46345
12208
41600
31213
109792
110479
13985
51938
98260
61687
12628
111249
44760
38209
14643
39726
56997
70739
54011
107190
49281
100003
10878
68170
110442
6930
14564
9622
105330
90573
86733
34732
98450
48457
102691
90488
15690
48780
51595
61910
20478
61573
109010
78158
76954
109045
118991
12557
12167
58019
40032
33830
102330
105276
73488
43666
21375
76007
105951
29689
54257
82204
9366
65239
82304
76787
48060
6213
82224
5981
3340
57648
118808
8581
117661
113689
48443
74391
109467
101189
64288
1286
91932
41299
93103
79796
45774
82960
28525
92629
17130
87274
103666
70331
33658
44473
1426
19045
107914
9204
44
11887
43892
96336
36526
5959
85586
113378
4913
790
74605
115732
50799
47305
11617
102057
27897
24708
32684
31960
90630
68172
75166
82815
72562
36281
108176
117717
34858
38355
52767
37508
79502
48998
79443
26302
2899
112036
112889
59443
108397
117874
42360
72711
48643
96699
89713
79515
87547
26534
25652
52740
117146
100600
82995
33821
10276
38613
95757
117534
86690
82779
85912
38764
28715
67612
20670
61636
9259
117058
101145
21928
111644
112388
15288
23204
23938
119672
90967
117112
85628
55092
120715
63706
20962
65411
59173
20095
503
74665
50294
58298
12914
1883
38478
4406
30869
118226
103499
117671
42324
36197
47667
80614
62222
36916
38723
46496
50617
72673
103829
110545
10761
106479
33661
49462
3344
108700
88625
1599
25702
114335
37341
104439
81408
101740
50383
41535
92299
96533
1584
44460
95871
104684
97565
93678
15868
270
49547
114371
53001
76126
82636
114405
21846
32640
109206
12070
49371
11074
119898
285
12148
31479
98614
39607
28459
26391
109763
20031
97472
62836
71922
17009
115735
10288
22618
85023
49140
116734
30430
112695
51746
32620
23557
88604
57315
54684
101430
7619
42198
48420
14496
33703
62912
18081
70915
88163
15131
6013
88905
2314
19739
33987
97551
59046
91107
96629
32542
38784
16805
55078
86607
24292
120064
27857
44798
9762
42644
76016
8400
91181
91176
2742
87480
23692
79176
46155
88556
36967
34972
61817
30436
49852
79124
36349
84097
75919
49324
3198
6799
97982
93150
20179
79120
64720
28202
106463
107955
45363
30589
33200
77840
110902
20203
1623
26888
45533
44992
104616
65726
52669
66111
49608
36699
73618
9246
104327
117667
21663
763
100645
50961
66033
54882
53646
37985
30671
7914
41938
71192
89358
70481
60607
90446
51395
28965
14841
60829
95318
81428
18488
91581
15356
17298
93596
8336
7092
47668
17619
115171
39750
63586
84657
109159
112950
1357
91090
79980
36003
40106
27326
59136
34948
100104
64639
109550
53847
1631
48013
32173
9731
52189
59073
9775
20101
7463
54550
27219
57422
40629
93827
58828
48438
112314
15505
35842
82748
72602
79944
116210
34718
96988
3611
99085
1867
5802
20987
28580
45771
96836
115553
93127
98367
14140
39629
38460
21010
39313
35700
67399
54348
43859
3630
70735
54988
56484
110261
84908
81302
2625
28335
100911
58705
33627
5162
17196
98921
10362
39448
32063
28678
881
25508
120585
44951
37860
4803
17468
100248
20432
31863
9227
102866
9700
82929
80247
14884
61757
25689
8010
113055
106823
53062
105623
28243
100782
67702
1476
13526
72020
30138
42524
1539
35122
63187
51129
70069
93575
63734
3298
32947
50613
54661
85858
89508
104090
8405
37393
87025
84386
26177
85214
107465
120698
92220
57349
31538
38183
99584
41017
72764
57397
55019
88232
49685
114559
59237
101209
73418
120314
99626
60928
1668
108210
64287
16175
109167
96101
36664
7221
12772
104636
78730
19064
82166
50547
81421
61113
116090
87273
25868
24759
6056
116683
56741
53660
103215
120238
13426
38459
21818
111010
20844
69599
103432
40101
10552
97602
84372
114609
28834
34176
51525
43861
72788
105091
80952
112315
74446
80305
10678
70837
94438
43951
71106
58213
39140
580
98396
91063
110292
106967
119866
24954
74352
73976
86415
2820
28939
110102
57962
15747
9988
79259
116384
112832
91856
75431
120208
101606
68366
85186
72149
97644
89755
114792
43168
37208
26089
45
39632
87560
60365
91648
80339
108832
17906
77561
64814
3365
10888
16343
107855
50205
24861
86999
98756
110137
115169
81520
78174
39898
63576
94154
85260
117592
68582
92304
64430
22358
58339
36124
39045
84259
105749
8078
49028
12227
1339
92620
69157
36062
19103
117644
10415
119130
106897
27842
89539
49577
106293
59566
36660
39378
104339
10931
80083
61960
113811
105912
101353
37456
84617
104381
21950
7105
25383
119954
6542
75336
111837
77261
49652
66197
74805
79687
99919
87171
48191
100338
18013
101946
96997
60414
72012
54054
120230
104024
87607
95860
58121
59110
87966
49680
28231
37491
22469
41989
255
71217
51188
19118
90255
67334
8328
96255
63995
57581
53771
116456
51622
7496
10264
114615
42067
86012
9101
6651
37323
90363
39044
48681
97465
82866
4212
79440
96581
83892
56522
64375
68921
56037
65015
4000
32123
74734
25214
89921
32130
12071
92842
14794
19415
108746
49351
56061
101061
38643
26657
59387
30379
66988
105846
45384
102944
32555
7884
19405
109448
107117
1661
47041
102620
103005
79697
118604
56188
73051
38869
99616
52596
62145
99751
48501
98171
10454
53805
40500
78612
34160
20214
88081
53820
113883
117866
99179
37172
106338
6276
9172
41842
112658
66688
69685
75763
83988
21805
59049
26595
22894
90512
85373
96458
11384
71443
8151
91064
24481
4682
72514
47196
100264
89461
81250
39641
92991
80578
109519
5002
114659
28153
43972
61343
15161
32183
89975
15047
19831
51007
113475
72131
49747
62387
92947
71028
36515
63880
118390
89255
63889
7
118984
85443
83415
70981
118308
85138
87927
74646
67023
32163
34193
47676
117819
88882
23952
32994
15929
118680
71649
105158
86950
20650
31501
23215
9145
60820
52343
111543
102274
80646
18797
35996
114647
1195
111640
114837
106405
54298
25845
95768
87798
69849
36475
43210
71914
49592
79751
104572
59383
80009
116383
35889
74595
20839
101665
21648
25935
62488
86897
11089
68755
98278
27785
21996
110797
9823
6588
47217
15632
120274
46301
67353
99056
36929
49993
51847
56081
36584
99396
56397
21009
35485
67633
59538
60856
26011
80303
23458
65949
71722
118845
20766
103169
102229
99437
43612
88211
111488
94461
110620
43450
19994
114140
48991
34643
77756
40817
1642
57732
62603
12013
91730
73232
79484
65121
103861
90775
100199
37409
24276
33515
54856
66200
34422
49954
63890
9213
40687
106391
12330
59167
91021
16689
2520
73235
87687
16755
103171
5625
13336
38846
51871
104294
24088
43164
11321
57526
29064
12763
46315
28387
66199
53540
112065
41515
91768
27365
30
48748
38006
63530
75048
22955
48568
78832
2298
105056
27240
115056
9123
32813
24411
112351
42171
107290
53925
76176
7816
9879
35441
18716
73409
9900
119451
34340
65389
106726
86757
4390
54267
120812
79254
26337
31447
41292
12114
9363
106337
39175
73580
49460
23062
83785
48865
85713
49495
50200
66459
78544
18403
7124
73587
26907
13952
48264
49666
41748
40115
73784
44069
64091
108428
88973
77379
78928
104899
64701
5839
60634
86566
1907
51308
108942
120568
93614
88908
29040
114050
118131
116262
4959
92728
25691
115625
77570
113330
53970
81030
65586
13128
19657
29789
75195
86997
37008
90095
30035
18031
40802
10324
95269
58378
13641
11240
22500
58774
89691
75469
73159
48992
21584
27955
49370
14568
85409
104046
94358
46868
103332
27660
106959
114329
30426
18202
73916
83010
93950
107694
43209
77005
113300
41349
89480
90086
78364
98333
65281
8725
113907
86417
105002
46324
40816
37746
93661
64642
90310
101438
8724
65024
84696
45286
43891
17132
18501
87815
39964
54470
108782
84357
33418
92467
84063
78593
73056
20681
49364
87879
73865
78813
85322
24108
115431
7199
24107
106117
93261
39926
84976
86484
104539
36577
51343
24331
48249
1595
2421
61104
94919
54064
36612
115859
81381
32041
63467
18412
12038
65765
49630
39540
7287
49708
70686
84673
65416
76061
47413
61438
38939
3364
70572
66804
9930
119643
119302
15955
422
43433
18204
26126
97587
54933
96181
50245
89572
11639
85124
49683
77919
72712
1966
82823
117789
18421
110785
79298
61073
61132
87327
27552
31034
120762
53590
28528
118352
78416
39351
115285
79558
63933
47546
33448
87097
72426
65745
108492
60651
45639
73067
37085
13816
32272
52802
66549
111506
110277
79939
70280
76726
101617
43692
27320
109445
44311
18750
111414
84260
99679
82477
102904
120711
46763
93697
71810
69129
87645
48131
30927
92389
73560
84401
14811
43002
40835
72545
74246
50202
79437
99895
29474
6838
100702
60077
33321
108863
1988
61555
87073
89751
79372
62259
61833
17985
113787
24517
119894
73891
95097
103820
113078
81992
61083
73461
90697
76331
51327
53958
37846
15765
118081
2364
108489
62514
97083
70737
70993
6518
120016
37400
95147
17867
5213
83053
96636
118888
10422
12475
20196
94742
113397
94094
77344
517
22394
22551
13085
111331
67229
23179
65990
82507
96010
72250
42591
64800
89200
56938
108843
50276
57101
92112
60534
39167
63356
98856
58698
12584
47644
85769
53309
102153
38255
68284
87350
35254
116548
4223
79138
8991
5951
116042
103595
97811
23546
92829
16366
105510
73903
101676
71324
103435
92428
19003
112420
24704
99707
80468
59881
86569
60589
76593
93945
56722
36022
99246
80224
83615
19191
8342
47649
111939
82216
60467
32540
68662
44757
62165
14114
68635
26419
110267
22098
98119
93126
103598
30367
6175
117282
60095
90407
84681
66738
31340
91713
69703
2790
7719
66979
33087
77160
51551
99939
95947
112023
106046
3922
101055
7295
51236
42188
28827
6187
10769
107543
9137
86837
27603
61938
94185
64521
42405
5992
21717
120719
11774
99583
103198
103814
97254
108980
7794
7273
20918
91419
19929
20426
47468
91673
36690
36707
481
23821
4648
24312
13119
107222
31423
88118
32426
97061
47515
98028
107228
61882
66821
93524
68102
69113
16729
89041
113193
79833
104776
92546
104835
66185
92185
82876
33245
73751
104989
3336
79546
2219
88740
2031
41809
27399
24671
32734
42775
88433
73516
98562
20821
21504
29714
31829
35494
94630
85000
113897
104581
89251
62777
113038
20980
62482
28427
1742
120545
48454
30205
34278
10464
86348
35989
27816
77104
23991
92621
86568
28456
107623
79855
3470
3583
108369
71428
51455
97888
90681
88286
16313
82463
22620
32121
92811
76104
34461
87439
3420
40701
39018
48404
75208
62830
19877
112357
83750
31988
62094
57325
61379
26764
110403
106177
101570
30047
3709
3707
67097
112452
22867
18470
10622
66429
62475
77050
68272
40037
81108
104403
43875
74059
117501
482
65058
48010
7920
18148
100571
110209
26223
26156
32748
77679
53935
104029
103339
101293
5696
91134
18436
101240
48497
7328
111065
72054
111557
112131
94397
85374
82726
62669
44879
47051
2438
103186
54249
58228
79232
29200
14354
14603
62067
76465
56476
3407
107651
85470
25329
42604
8272
119865
78929
5269
103514
64336
89353
19028
63353
56576
85692
31857
61866
52271
67456
4501
1473
52068
18093
85593
111047
45965
6237
37016
97907
12332
86768
104421
86263
966
36382
106800
22887
95122
51325
120740
54007
14175
81455
17956
22941
116656
32253
35986
3127
51164
85418
65727
25934
66239
19954
72128
91482
41663
68185
100321
50765
69378
66259
69116
110928
25396
87110
54245
66252
90472
115659
116753
103086
34375
57274
106961
14128
93703
55581
51453
24515
29371
35921
85933
66137
15120
93033
26863
69977
109501
2254
109371
44970
113146
10483
45000
73647
104481
39936
85721
56380
100121
55480
22756
81617
69214
89614
1703
70295
80472
28721
58524
64603
24702
104876
40228
14313
81614
8416
3501
86546
82491
39480
91961
88145
73853
106761
8259
17588
32970
57162
22869
29357
30883
107958
91677
54185
111862
1232
86574
104547
71827
14681
86486
85503
77648
89650
41148
109123
9739
7341
41686
19364
66511
112727
77015
36024
2127
86435
94045
40050
43988
5134
21926
44578
36749
61079
103681
22248
7045
53913
7203
44012
18636
18588
65624
96341
28452
33722
16918
90358
62416
929
104169
110460
101729
112788
51643
16220
30452
113054
9222
63400
50658
54626
27622
30461
54916
45513
98164
47553
63240
87339
20965
70230
45494
60862
81953
5630
62797
91440
57472
97349
76360
101026
8057
58732
120673
97525
98787
67011
54902
86264
79273
105328
11021
110847
25050
47161
92618
82336
51357
58059
38900
48069
25440
20775
89797
18856
48687
22907
39539
75682
65791
77753
20455
40858
85299
86963
10414
28062
57900
31051
26142
8242
17094
20982
31020
72998
43921
10238
54345
12164
51598
78437
36142
100042
87253
75450
35532
17774
22550
66650
8123
2191
113845
58954
8729
26384
85390
2143
82289
82021
74682
78345
66413
81416
115094
73841
54490
43691
45098
52648
19351
21937
85779
60798
34330
110301
53069
49026
46862
13077
95984
67451
103606
18542
110476
50529
118110
39924
88609
64353
3796
19472
92316
55522
25021
85215
90931
38525
118076
37146
116765
48766
54439
79356
44664
92662
86860
86049
87703
14598
33279
43383
62264
10525
111715
115621
42462
84239
15010
94914
11201
6244
108898
8350
66151
106075
82889
29491
27223
108239
59186
93235
82182
70077
86919
11680
54344
73332
11873
62608
51550
3275
14105
8616
63785
53736
54061
21343
2280
95997
101265
27661
88967
15277
45876
99497
75067
49562
105710
114758
91423
74014
51569
4118
31680
99521
54861
4967
4618
11581
16706
96237
57761
28308
120260
28865
79642
49249
44436
66368
20591
68952
39911
47360
58825
2148
54937
52505
112281
84698
24342
115433
90634
18047
94624
27900
70475
806
6533
103566
36597
120415
11247
26083
115300
107433
64751
115426
66290
17626
17850
109801
9857
3690
46743
102549
66516
79158
49627
67924
43973
60816
36909
107269
25776
102992
99942
74907
15475
26179
120609
57293
98287
118749
14890
55614
32192
14026
34965
64342
58805
105331
19896
69295
66730
8213
55229
7832
110538
100849
11442
105055
91194
33337
117102
115407
40025
22297
30915
33469
90052
16282
1381
35648
113725
72141
114863
12331
64896
80498
94568
75599
2745
98290
117583
109462
78775
114279
23506
65486
13449
55173
84468
92477
64655
81595
59647
32177
93492
2753
105528
24073
17970
55231
49576
9460
93346
96967
96813
109249
92395
17037
60080
4841
8450
102180
99451
69019
74849
68174
28722
67292
74482
36830
1054
56328
8466
69108
107809
57301
667
83300
60579
64239
53954
65822
40812
2039
14366
97874
67547
35509
21405
53121
55186
95809
3129
86801
36529
54947
13150
60423
98239
70550
29418
112699
75695
27297
36780
66915
79539
33637
70570
73562
38611
58567
43537
100732
34519
4835
19820
60872
37493
65000
116335
105999
92710
1776
104334
111058
79732
20886
33800
83737
33636
82368
55137
104700
94270
81415
92421
78679
7110
66207
9205
56716
45030
36169
9568
102040
15884
51233
72266
114704
18268
105624
90749
10067
77592
106929
107554
104485
2917
65819
26836
59539
112183
94448
46074
