96258
62737
49238
14289
28827
10377
85510
25800
45094
26226
17154
82900
26602
108
45846
77814
80686
47809
90230
104235
14865
45695
35756
8653
89054
71066
49265
40618
66907
55640
39783
46874
53580
86441
38624
100888
101417
25877
21260
22911
55006
87246
65636
82955
38181
100392
33592
33724
18052
84647
5474
91231
57092
53103
17287
5357
90876
87669
88138
80817
78700
27151
860
27657
71497
54735
81834
96167
59756
2406
70838
42589
87073
77359
4939
10568
101114
53107
59598
9703
15917
9008
75227
2587
79849
7364
25740
39013
69845
14028
30297
22915
5253
31142
40908
43038
80287
76045
72880
1344
53970
34621
53715
28601
7356
4088
5767
12109
77238
17145
18428
82156
7545
46486
1092
17260
64395
23682
30595
36321
34224
15670
79774
99096
71311
79665
70670
88743
26519
71645
15102
71296
96560
20875
54563
80845
57801
18252
11927
6720
105554
91415
54483
22556
86072
82505
25539
32122
88556
27775
4318
38262
26807
10908
91916
90515
65250
35194
45627
43763
49460
458
87643
14177
93422
21028
58561
82665
56432
57719
6403
28841
13224
16976
97126
1046
36783
53240
13472
19897
97043
61881
61059
38582
44931
76568
87203
78826
91662
71908
26758
93337
14618
62311
28824
21314
102517
79177
31047
59684
47468
78134
33106
105685
94755
34098
57320
28457
21308
41281
75569
100961
106498
22985
64663
65633
41639
67505
21173
32417
2718
57179
53824
65411
46595
8040
44771
70714
46787
36211
66127
22403
25361
82641
34107
84767
103054
97731
46133
70876
27044
91179
2172
7646
63426
93884
34077
54507
19815
46920
62962
40882
7969
58760
39322
60487
98780
93591
66300
73120
24818
54872
83284
23558
15937
90016
36978
94227
59412
8830
69898
88586
26706
52071
8342
70420
16004
38307
86174
77863
5452
77186
70069
97854
61843
59790
1515
13351
14182
65903
85577
27168
104155
26859
10520
57547
37427
98100
51299
289
56285
48921
10939
34318
34350
94453
27588
102729
40494
24383
69577
97723
22207
57270
57508
20338
71089
47018
14836
91876
68033
65614
97030
10075
42105
83056
86546
34975
74997
103435
9573
39678
56365
2932
61820
98444
47204
40237
58007
27274
105513
8242
54295
12578
23142
26630
8129
65964
39015
20141
148
73480
36338
86570
63596
27225
94067
10858
91262
101136
54455
24907
9328
48343
79852
35006
368
17517
101450
44049
56553
105120
57868
99093
54773
78725
28861
44342
15521
80323
35443
88996
62929
39974
4563
57043
38309
7091
43536
92490
98058
53480
43670
23050
16416
96053
5432
67878
54689
74652
105177
2687
51873
73224
20393
81852
78997
89258
102889
33127
33521
41312
8343
19129
56918
62605
41836
60219
78981
16991
1374
15423
11719
33140
23742
82474
27370
41922
77333
35131
37543
101862
85324
61299
32095
101386
33535
81218
95320
13877
13951
35972
61911
29079
97315
102923
30088
68874
72136
49494
48502
3627
60414
53376
45020
41242
31876
51496
71608
38912
42778
100573
40911
106924
47637
85075
62573
74533
52664
96404
25145
65249
75730
85078
41113
5245
104543
39911
89489
90301
49670
94255
41878
58413
13414
83942
10578
106341
65734
16832
30203
52392
60841
2713
107200
50096
51346
39397
82089
48821
66110
59847
83552
2292
52729
2786
26174
45433
18124
7295
55943
25939
25570
55314
45778
71766
51337
46876
43069
10257
6028
83135
96034
38411
18681
83091
5881
58769
62727
14774
99144
84020
36734
67273
92993
21621
9641
94715
66963
53706
61148
2662
86248
37000
6576
9708
96511
64406
1320
40291
3111
47963
75385
67259
61940
13614
57829
19209
36673
22668
29318
84331
83838
17984
46391
50000
14441
84463
91479
28331
47475
9849
24854
96659
48561
32824
93875
9294
11051
88286
57934
3416
7638
13529
75845
9784
65374
51538
18090
84878
15367
96102
14251
65145
39831
9080
64344
65827
57052
30343
3194
1601
8358
96931
8011
16565
62640
70116
57896
29640
14506
92042
26028
34946
41812
94434
21620
19482
103303
103400
61094
76046
29852
81890
57197
29407
65245
91705
53577
44848
85434
28442
80032
2218
25181
76141
45853
352
79829
1552
41144
40404
54638
19489
52624
35425
37548
102936
5344
89768
28107
40733
66784
97798
2356
5703
51440
15084
11110
25008
91635
83615
44276
5596
75434
86585
27895
85335
99527
23945
27756
18242
106447
85996
91659
67477
98473
70130
50951
103541
53591
4370
86053
45997
58095
69745
102361
33723
35701
81204
51243
85011
103103
88331
49106
58772
55588
52501
93713
40128
11609
53175
54618
72776
35879
54175
1990
79697
73974
104209
10731
25558
34073
37737
44928
23408
98042
44728
13487
12153
92197
20578
27434
57696
47734
14574
13400
69340
101365
61209
32132
64151
101973
11593
48199
15536
6089
101242
79263
107794
46608
87399
18151
89906
41644
77164
91083
65503
71323
62873
71569
23871
38600
18732
88141
53627
8108
105055
51792
54565
102146
38686
73611
17413
23368
1329
100506
61542
28750
21050
69186
81628
81405
12084
103508
67266
15674
4197
64320
28505
25433
6100
49556
19606
97515
88832
56806
75877
23563
17835
6861
98873
31317
5201
43117
51178
81751
105226
40343
70608
77383
25325
57245
4943
50145
25773
29452
89737
1117
76494
13317
97962
66512
60748
3853
51489
79672
19379
60339
29408
53641
98251
70524
60636
57883
57637
80866
13840
65601
33314
78158
28468
102998
103198
35268
4199
44201
44255
30325
75777
79494
82047
7587
79312
5642
42285
55892
23569
90500
30174
11248
24777
9728
82990
45295
59890
40765
80442
80757
37809
53228
29271
2279
70533
24297
32002
27263
62305
37401
20011
77853
5215
9107
30422
103881
66468
86403
37405
101621
24889
45422
87816
73663
16457
44034
31981
99543
71470
54330
7235
10087
29646
99969
51627
43420
100429
13452
49312
40289
48937
33373
42286
60315
50049
96606
3689
94050
69902
84200
70958
72788
30791
35918
62972
95724
89201
99661
2276
45110
93919
34895
90883
20640
102706
86679
91911
13355
18397
29379
59528
65555
19985
84517
92884
69929
5437
80710
45334
65028
58698
79670
96354
4625
64929
36626
88011
4777
54531
49864
2125
87223
76430
51661
97051
8539
70295
34841
78559
7228
34382
54739
107479
52685
84099
57698
44318
90276
32483
35021
43157
15405
83459
51286
68380
38256
27866
6893
95406
91836
72567
60075
28402
74711
105208
81888
57751
85170
24823
29376
78545
93830
38422
80193
16748
21185
27175
37508
23593
84807
14533
73424
90898
102489
101260
32525
27373
78865
8180
73748
34470
55007
93519
68745
21159
38431
22244
77251
89965
57137
45444
42224
76031
45288
16226
57399
95664
104882
22189
66006
85892
11045
7693
102472
94028
71133
102662
51831
65583
67719
104264
91952
93944
79659
100070
32965
2880
34082
102629
13593
30725
17132
27312
50818
6922
85339
3646
101745
92175
91378
37025
85427
104077
71733
98134
28709
78484
91314
83796
20403
38791
57658
91184
49617
83794
35218
16210
89513
51620
89726
55277
32606
98152
77689
82026
79972
23622
16264
28365
84000
52784
49109
51089
34419
87150
103420
35450
19755
27667
48391
8862
79999
100385
33269
102384
64295
25116
21608
40938
2440
74405
12062
67444
5954
18387
55475
105804
67720
12196
85107
63321
92666
26128
54950
35320
83751
54560
2973
69373
88294
106116
64717
36264
46671
50873
47160
25088
31561
63358
31340
27546
74266
70754
22511
8235
29333
43072
6038
71846
53385
32263
103053
32726
86594
18881
37378
94661
9922
60143
37626
103450
83711
49056
22553
70535
25845
28492
87242
25290
89520
47164
2680
103793
12861
34040
45047
52649
43915
57706
75380
52551
16220
44202
37743
72277
49169
105042
41997
51748
66737
96007
61082
34916
58396
96261
89059
51190
355
39089
13143
28639
61815
42145
99763
7010
19033
89135
13141
33349
74063
69714
49633
10014
8923
98977
81448
58445
47647
29977
38277
100703
10901
46198
98493
73930
31705
2091
24199
15962
13671
19366
102257
4388
77550
46252
57588
31505
33011
49448
7930
99422
4482
15575
6144
93853
105256
58040
91930
98219
87036
22527
84357
64007
95218
690
57838
29228
84410
30587
101953
17008
91172
34967
11654
103516
60922
2144
8174
56771
49336
60452
27291
104809
91410
23434
82609
67872
67647
84426
43808
101648
17680
39770
58395
7347
95758
67739
44642
13522
40138
58540
86923
76669
74125
87497
3871
81608
63384
10466
97250
105031
73505
56358
21696
35171
82644
66878
49903
16192
509
65486
85344
66016
100832
63284
38423
21866
59189
59116
95424
93343
46707
70057
24001
80222
6674
27371
8052
1853
46131
72543
16026
15790
24573
12485
96807
103319
94164
76993
29332
104437
35627
91935
94700
16678
20238
2545
71655
101422
35039
29401
74768
45310
17611
49049
44590
48228
52116
36135
30043
47589
1158
24282
12917
9785
95357
33665
2625
57733
17985
90433
11611
10831
88955
30220
28191
21841
9422
21409
35944
72123
58688
78090
97007
74144
86974
85747
101927
16379
60256
13787
104694
58888
41460
59943
93117
20789
76965
72005
6075
101148
85794
2022
39803
4495
46989
90944
103666
74400
86029
20240
30937
91552
90659
100201
27680
3424
79826
20734
8280
87571
84109
54716
45979
96868
5208
99028
20347
8576
81233
58218
41539
11234
14237
55601
42880
104816
67716
54323
16827
13260
64356
76185
7927
96361
92205
44481
64417
84311
68572
80262
19052
8248
100848
42804
91464
92223
103459
103084
82057
43200
85805
93572
46147
74341
89116
17367
21008
38002
81424
78125
65300
15228
23544
95715
3765
29901
62389
10587
106168
57564
5536
87379
38458
90720
25450
82690
22269
62779
24372
87494
37407
48919
83033
43129
86152
77349
59581
46177
23791
13196
53828
37619
3821
4940
34871
64319
99889
48020
969
79871
12477
11408
42927
102388
100078
101139
45769
52749
62908
20736
11588
8516
58619
58712
76661
58852
17775
22687
103851
100903
102431
14578
27436
80434
78998
72076
88807
72556
105115
44885
25063
103511
53284
54609
91917
15652
55186
91620
4387
21169
10676
52905
88463
35975
102338
3746
50815
72711
70286
6085
94036
40151
100172
63311
101077
16638
8488
35349
56003
19616
19389
49623
72070
47943
98268
36161
49121
65755
42929
20085
48264
46765
62513
59827
76530
12403
59200
65513
3495
84158
9039
3050
261
85485
69652
102059
83251
15211
19507
42458
32438
59024
38399
40183
32597
63180
10
69932
87557
97991
71705
46128
56997
1640
60394
105885
26526
85578
42002
82627
4129
11376
44904
29578
59493
75983
45758
10560
75770
22122
36623
97112
44794
13384
52740
96779
25880
58756
36697
62728
42549
61374
88455
100144
106299
98947
10678
28994
90840
90600
3167
40245
37800
104040
86941
1439
23211
3636
67601
32911
57023
43370
92799
8567
50934
22790
57142
16209
95603
66175
31997
26661
25532
5399
9272
67862
9358
59622
91978
102098
60560
93434
97592
33950
33041
39374
52957
85282
10147
70354
67060
32891
72892
2361
48322
96798
72765
65200
24767
166
105131
90736
14892
39418
55619
10401
72935
63421
19055
39541
83030
89936
72007
6912
73549
40936
3477
107389
60828
37676
34651
100357
88786
3521
63160
36915
15955
10983
59998
43274
62205
94604
51683
97580
2637
42978
93619
29433
26095
1931
16456
93580
93075
42079
59982
74148
95897
25031
101429
41656
28768
44366
36108
51547
18647
29080
73432
22052
24827
20510
73419
3874
12976
16193
45675
69597
92700
14737
60939
89998
83070
35362
61642
34441
99188
20464
5459
8023
38954
84097
40136
106548
77211
79410
45481
47101
66018
14096
61787
34291
45041
5096
70963
96245
51221
10132
84258
41976
93923
5223
76698
87617
42068
23884
72181
16463
6058
52368
45804
61408
13524
93449
100647
49857
46884
25634
71558
62446
47053
73298
57260
50814
28504
97617
46625
18016
51609
89939
58339
33580
81630
74675
65552
104316
41804
1964
65340
12311
65001
79221
60895
107262
99647
82540
104728
14538
60711
97680
18180
2579
23057
15437
104126
82828
25664
17213
35379
64827
76813
98934
51716
55151
69594
75158
79800
4304
33943
64104
13385
103618
84479
70424
55841
80854
19865
50065
100428
12015
105118
63829
76264
81742
17997
96160
13891
37876
68742
67918
83
90759
8097
62427
27555
107491
26422
74646
81112
43954
25659
23183
56198
62661
35720
54675
85664
18169
80000
95241
32645
11304
81070
84388
49269
29244
83564
50981
85433
102747
43642
94694
36597
12623
102373
75360
32115
17446
52386
70615
9181
70076
21753
252
38916
10805
74752
35498
19940
5150
65980
93913
53306
49936
81654
42246
88485
103983
17437
32977
20975
68899
49333
80961
86964
38708
9518
84751
57545
80466
93746
50319
74611
36179
55770
44158
87498
53171
35233
7850
65156
79678
68345
42915
20038
26154
77716
76480
88499
89147
23604
19506
89043
12318
88132
5307
51313
36880
9070
74508
11973
59991
87433
47621
30864
55059
44118
59264
7059
46306
23178
48316
86254
55338
96320
47716
19315
78991
3166
12938
9456
95137
47542
22371
56675
52796
73672
11787
82745
35736
80326
14067
17675
54506
37667
82019
1753
89424
58957
47416
32229
42545
103159
29112
39930
29848
85467
54215
38830
88055
83191
100953
63534
51152
101600
17278
21755
62395
7662
74192
19999
49082
55355
26100
15628
92156
92925
72276
27296
6804
27958
50693
94996
56827
7921
46183
95309
12727
79156
43608
107689
597
98472
89441
81952
47685
81974
59147
97417
33550
54581
27187
48775
67265
43571
72299
76124
80396
85
99288
81023
99830
87695
41675
9127
131
65076
74950
7976
10596
61395
7791
1947
61606
94135
44098
37838
5270
11143
27854
20372
69081
44560
73165
36554
71189
79954
82445
31237
80248
60308
57543
23753
57220
84321
106863
52031
96387
69493
88520
12338
95426
33020
15531
88150
15484
1859
89483
58493
93695
76990
63248
79258
1833
71068
102044
38649
76553
15711
86643
32362
29748
22195
3641
28648
97522
68573
33691
45493
62439
28900
69613
59445
24731
96344
30817
94188
72588
49581
8169
104958
92330
63408
4390
46745
78922
41542
29518
66719
68460
100046
1433
36426
85745
41525
65943
11800
17091
3698
29426
34230
35409
12365
55330
100023
34320
105076
56542
70743
32736
64016
65335
95859
51084
30278
88453
33725
10945
98585
82297
74151
1896
5751
1326
70440
65577
5854
74360
80770
74311
98717
48334
31918
5914
19317
74114
72695
46403
68920
94884
61580
26603
17223
101331
56953
17534
75887
11864
86729
9170
32018
27719
4896
91744
101959
15792
85689
71686
49512
19441
92521
70206
91461
80238
40601
26778
21368
86567
106280
97775
8214
24668
33634
15050
57915
101385
103714
6560
68243
107694
40738
18118
15694
66801
3482
94130
71165
80624
94528
65162
29310
104350
36759
16173
24260
41043
32660
26955
70023
33473
94770
64452
70487
65322
24391
80388
57016
21414
74264
53839
14112
99021
32721
15926
102080
7841
39396
77043
48924
59222
76734
64910
4228
87718
89436
72784
53613
26503
24246
20768
63397
18465
75627
79838
19040
40714
14768
30588
35223
20650
26113
29024
67637
95938
68050
39217
68138
103584
94991
4659
61169
46651
22839
37586
104583
75448
49127
10716
96073
14429
70289
44082
75287
79684
81558
62164
93277
69498
92673
103907
33860
18217
57421
70688
50959
93812
99283
84306
12141
103255
39083
92680
58398
50156
42169
17380
71249
52165
101348
25707
104564
40924
82079
42535
64131
98643
39593
287
21430
5518
21762
22442
33891
38782
27939
30553
73552
93966
39849
104795
101267
64420
93227
31166
56133
2186
56266
96287
101572
61069
10631
18959
63279
91855
19145
66653
65267
58741
106597
34212
53247
5221
36393
45204
105676
66378
5049
38356
48524
60247
57575
74126
2522
15535
36483
9293
53542
104356
10728
20055
96857
104722
40700
57071
27602
43710
5387
69562
24647
6663
75671
36533
84407
68508
48500
51742
19049
56835
96526
60774
60022
44070
28845
97247
100442
76931
56562
44847
21338
11712
65781
1892
7568
7709
72726
82437
65997
104451
63205
58883
79355
51030
14935
20237
16291
16712
67514
8818
38559
17941
42218
18885
54394
75744
47781
11134
82070
80635
53854
90684
61119
17480
7769
11341
67649
9650
19880
8986
5694
1367
52607
5489
89709
61288
45225
39969
340
18213
70387
29692
6000
8866
84720
61826
90566
50512
94618
54527
83981
91311
27826
91109
48148
8329
37499
25247
65846
36928
6852
101262
96270
75626
63700
37319
68212
69172
104810
62777
25545
88612
35123
3696
2957
103602
26646
82962
41938
55378
34874
42402
92355
55044
37024
57732
24926
47940
71127
56926
61495
12514
25897
26598
65698
91487
25203
12887
14610
24567
89931
3926
63295
50771
84378
94757
107623
55185
91168
47950
90231
24575
102604
65896
54801
30983
27251
97519
100418
98014
40394
88462
97620
104708
81358
31822
50007
10815
53467
95651
73158
45742
16543
36700
89428
102501
57085
45692
35114
73978
104964
86431
84437
106372
77810
49911
67096
19244
95561
103185
83893
43942
14439
60434
84859
46587
65477
77169
50361
88555
51592
24670
75957
103726
44634
7311
60076
34460
83293
104665
75679
9469
18764
81803
64497
2799
97987
91136
103411
33042
77055
10545
74039
101498
71702
77994
58926
52852
28150
24126
45707
49229
1524
4320
87117
57569
91797
62298
50093
30781
72298
21599
94958
40556
6017
82968
85299
58964
51518
37598
50973
76619
87212
105371
49247
84596
6578
51410
98420
43668
97783
74584
7182
99804
75044
65457
95278
89088
52415
66720
23744
51516
46947
104717
104907
35378
40039
67978
41151
12650
24713
89710
39478
96583
101777
95998
32899
98051
40079
98409
15730
82855
10487
3356
18836
27393
84624
28971
43410
3815
5931
73998
63726
64482
65040
96698
61943
33895
35788
86859
98631
52986
13713
948
18057
84921
47550
34205
92045
48501
21550
59404
99932
20592
29818
91574
92893
61526
102510
57067
81126
75309
3849
62238
100791
65485
24031
95500
61735
97895
38249
66445
57233
13282
11417
42577
35275
10918
35490
72265
19232
9395
102696
61980
56955
86370
24394
67243
83867
97958
20845
10226
83841
71026
488
95430
76963
106647
51272
80050
75590
56255
25206
73085
43550
21270
92901
22792
67463
32730
52397
16433
103067
68146
2921
56789
61857
513
4019
32870
86991
89631
35121
61311
66180
67686
46469
40502
25109
88625
102852
40927
91871
12430
85465
89302
40721
105111
54668
69824
33296
80265
28028
27372
82897
8840
82299
32172
80625
44842
10729
82497
88647
72510
88266
34845
35202
64614
95528
64922
98711
55257
8880
54960
76241
78941
50036
46427
100253
78004
34868
35791
6126
62996
1604
93708
15965
73161
50177
59454
16357
13026
61065
74374
58777
62947
11749
101688
51269
63503
40633
27688
90294
38835
100179
4892
40681
11566
51757
85395
62966
48611
48677
78492
79439
107277
16744
26911
97812
79111
97759
4128
70835
44698
69059
18476
43827
35064
69874
26844
91588
48349
12579
10506
61715
103388
63576
35189
9954
30593
101747
74221
94468
28007
31717
101768
102121
49505
78624
49696
88934
10300
94841
60146
73500
15905
4528
7202
34676
32914
102218
98025
84313
86540
18454
103194
7344
31189
106076
33999
71322
79282
88655
32825
7037
56073
78366
18358
16123
92854
21168
50078
56551
61592
80504
50340
13310
48749
20014
8297
73473
24124
85044
27877
33264
49264
66745
42379
97045
37136
24050
56051
62994
31674
43886
39572
6668
96221
36509
55552
51362
24996
1278
53449
56381
47076
8801
23592
80408
49709
43070
102314
64760
60643
64864
11244
60850
27524
25762
59546
95143
41083
56959
5634
77245
75768
14135
106912
48746
80224
63738
32575
50864
103625
96847
1495
35630
23104
77120
3246
17176
26753
54045
20485
66697
84898
20637
1028
78836
34709
63782
23583
73755
4811
38566
59052
14893
17044
39116
77194
107199
88253
80878
95217
97463
84652
81432
26502
44682
11431
35704
33035
15622
41417
42563
63963
45144
41139
105090
2627
46061
66987
17713
84104
66633
105782
80888
5982
89434
17083
90519
86616
78515
78510
85283
95247
51179
102403
44371
23300
84179
19266
41954
94623
98645
23370
80630
27064
71892
68637
95538
46355
57895
492
75819
59997
87623
83067
55955
61573
56272
29119
10604
46206
55529
47999
43224
83345
71872
64392
96401
5480
45342
41444
21058
6180
62943
31538
104439
8036
216
30783
11215
16830
80087
79590
97275
51002
77277
59139
38721
106022
38707
30992
37691
100774
91710
10704
77143
41858
2558
27942
3531
20313
96671
41173
91043
102024
59148
83379
88486
71717
44091
61762
24472
77306
15864
38030
50257
4055
21010
58458
10310
70264
46287
45276
3872
54688
91918
4475
89575
100707
79131
59256
9223
64289
98595
93546
53746
6103
63404
76018
27422
85981
95722
97387
39443
24181
7074
46463
67453
34837
20198
62200
23159
52683
63057
45021
34322
37395
67605
20933
36460
86117
57558
54066
50123
26234
51807
16111
102030
66541
23416
103705
79080
52448
60629
85508
33702
40709
50054
42209
20711
9151
23096
5415
76927
98414
87696
72183
20377
38483
75826
15793
88838
29087
7157
80082
38060
2962
6213
40357
61286
49817
105351
85488
11660
34004
3687
24780
5710
22818
100958
31060
71891
24189
69615
65105
1176
65421
91028
44244
8643
62548
17617
70441
45152
6575
24429
65507
73108
8474
69786
40378
24830
61718
53878
50008
52014
35900
81814
51216
72417
17591
2548
55081
36651
89052
54293
74802
96820
70750
38259
73471
68803
14493
28735
37928
52965
84233
83214
103288
8939
14307
5087
46604
83331
58867
48507
45774
15082
57809
59242
101701
2565
92232
58806
49345
73907
54514
72486
793
3465
2075
69862
69169
44211
79064
54246
95244
104271
7954
101930
72544
27817
20634
23330
57629
34887
13074
64167
79057
12800
102569
15599
25162
40356
13800
41834
85315
65419
56824
11587
63821
9969
46263
3199
45224
35917
44076
61245
37390
81191
46542
46140
104375
84305
37311
19144
89828
81548
79840
80365
87826
59257
71417
79602
64476
18006
25727
24264
17846
1240
27730
31026
53225
51307
60633
2666
92715
68805
59594
44503
86550
21506
25980
72477
100792
62460
32781
31358
9871
920
55908
13056
49498
9825
27407
41423
105122
54998
76067
29982
30773
69807
75242
92295
91380
29974
11602
89295
46051
61201
30075
27457
54440
18807
13722
19515
48267
9432
10171
20974
106395
71457
98570
42568
5346
50140
35413
78290
2302
16465
81862
57483
27439
89158
49919
13625
103515
17544
25764
28345
70214
86285
42239
59390
85033
72251
40810
40484
78795
12111
13918
70207
38416
95111
30301
62078
100076
34255
24750
75857
99943
12966
64959
51664
88411
68821
105492
29181
49735
37320
42348
94736
62743
22561
39346
90384
47775
40445
5331
100379
67652
56028
85575
16750
60077
53940
15709
55939
70660
8344
85588
37054
20803
94085
13302
89781
42060
96154
70753
20595
45435
37366
44789
33474
26384
104221
89772
37079
25700
89723
53417
57797
87970
89198
63563
6012
89022
23444
53355
11962
35077
59157
97414
94231
34524
46112
60291
93754
23055
107685
94617
8896
42965
43176
14644
934
66993
85278
54393
95814
87760
64300
34381
69848
15210
56431
14398
97187
18156
72832
3487
81527
6225
35415
20817
63025
46804
47666
89855
7402
7385
94916
11917
77287
89097
21704
21788
26773
103003
35188
24757
7162
28572
60299
22600
49364
33107
21610
44721
21486
21832
31025
41602
23089
40085
102657
1133
102437
68764
9363
106453
68254
34028
60610
107664
46927
60267
54441
83834
33647
36657
2677
2858
4342
92286
68179
96548
51336
87216
8631
101007
95504
19045
101548
16460
27785
64428
29257
8833
8346
49829
43151
21673
33378
64267
72270
79891
5494
96567
25756
63889
51317
45419
67102
26861
105928
56967
58869
92365
97466
79053
49329
69399
77105
83583
87946
100061
23643
35044
31795
35527
85137
82260
47116
45247
53375
67642
5300
98188
95793
5290
69451
88496
106245
47221
100
99453
48812
18328
101379
93231
38
65181
61544
61497
17353
97140
104646
19900
98875
58797
14912
2334
66369
8123
55852
80463
19767
21450
61635
16112
77126
57153
9710
79032
58903
10683
56022
83479
12957
103753
17752
25470
3518
10292
17593
52299
21376
20913
49228
29489
5133
80530
40752
81298
12883
43045
1171
88886
18173
73462
48439
69946
85383
42790
74367
36671
16810
84691
44246
93571
35875
68542
81387
86671
71437
96002
40209
701
56417
17197
68377
78890
60111
82191
86573
67034
24673
105003
54615
43132
84692
57295
14886
42353
5436
49508
5802
47551
92385
7023
92166
50127
32161
48641
35932
57845
8021
38855
42864
19579
73334
7283
88016
27897
81202
85506
27028
105275
78246
42332
53757
38164
22455
38526
66395
75156
73010
95759
54270
63365
9975
22086
79928
56258
59282
45737
17423
82718
104378
81197
82335
47526
31593
6125
79560
82439
47301
38546
84655
6525
44096
31071
54172
36137
15051
60441
60268
65063
30586
47934
92904
47283
41079
1024
65348
22185
74570
45589
60943
93931
36295
98773
30671
79690
64304
97769
69549
72246
90738
34615
81160
98954
50203
15083
50215
10976
88952
57615
94437
67804
26350
43724
25934
8137
77944
12082
66189
83216
31122
33542
2402
14454
64699
48211
1415
31597
6201
51382
18030
53879
103658
3823
98142
87071
75133
31117
73595
10039
81363
96366
36555
43684
69479
94379
104884
97735
44781
47607
92367
31882
64691
98953
39838
60438
4048
13308
37060
27378
96356
11963
16586
96920
14428
7137
69998
23855
69532
90543
105084
102726
2473
42112
101970
60409
78437
60638
34084
9204
73823
64629
55424
52990
33447
11056
29663
6554
22972
12156
85972
107163
48425
99472
79601
34458
47560
55543
71418
19285
95888
92670
43291
14235
97184
89062
40784
54899
5544
27032
89111
52916
903
22783
35375
97241
3840
5225
106374
47044
56252
82965
34654
4677
66119
105975
56980
86001
6919
74519
32923
3038
44314
18706
54508
8668
3318
103484
59754
66302
92928
1806
69986
34063
69122
66166
87004
25531
88350
573
284
63685
67139
75347
22709
71641
85333
8159
75734
48301
51877
10790
75660
35516
44713
19501
26962
34313
1233
77132
17166
34192
6892
74614
19546
71108
3321
20469
26372
52969
7129
104446
27603
34086
22411
29033
51389
68562
14756
101431
40298
67099
86753
40221
20300
68539
23702
70005
48055
79764
73779
92233
85877
19932
6772
93560
57634
35671
20910
18005
21536
33965
66164
23970
17596
93850
30296
40144
59592
42281
43165
83922
39524
13735
2770
102607
48384
19192
77207
12722
35967
81291
61438
74842
60575
47205
38078
21592
65002
72492
11616
72960
38114
37190
75201
86553
106771
45112
87992
66996
98184
98479
93706
20317
44122
18246
15444
106266
101245
106071
86676
103135
42164
40912
89662
25292
40619
104528
48209
46785
99146
17514
79485
69271
45850
25849
22216
57070
63697
55357
62309
4142
17963
93199
52070
107415
26752
13276
14046
78450
86508
75921
24566
51384
6830
94505
85993
68796
17512
86919
18906
26340
70170
76761
103362
18206
78815
86563
41182
39880
37977
86130
51628
71110
35051
19182
89560
49091
29367
75911
47760
13575
80079
95377
78787
6040
29326
11239
73966
95458
61522
97405
41284
29534
55787
45329
72269
86242
30703
77274
90406
24524
45449
68644
77800
34444
9912
29863
86432
59806
20647
66078
77669
76298
81366
91711
27937
32760
5072
80558
91764
94380
10787
39380
85148
39868
79185
236
104600
31029
86555
62414
76061
64027
33254
85367
32783
10394
32217
74797
56593
37422
50746
13394
19684
80976
71667
75982
10511
31680
92668
10798
9385
48041
65361
92546
43344
23059
75467
39840
7964
42340
82189
73375
5379
2346
82982
59249
79653
91614
19768
7320
19195
67252
101616
86095
48176
8782
12567
92046
95210
6353
107624
24435
99135
38496
83441
64259
2093
41971
102836
62769
107674
83007
50081
80088
60986
9067
69994
44710
15351
57924
1292
57645
13262
80234
81097
64383
97270
55295
17937
81788
95863
68524
3394
93390
71708
74787
10775
25503
82743
57145
37351
76548
70408
36752
20797
59819
31356
14505
18833
91743
85253
42144
77683
103180
97156
58385
12810
46744
84459
31454
90466
93885
90542
65830
89742
106005
15052
56638
39616
16842
67516
17299
66746
12886
57406
80675
24289
21326
101042
100110
5748
55401
83084
101968
2145
19978
73330
101533
23514
63439
57821
1149
319
93010
31574
96467
51439
85414
52159
97152
45085
24739
46458
87256
85167
83034
19519
70098
73822
56151
4655
19225
77571
22066
103006
20145
63823
8148
66765
100311
293
99810
63235
2365
56434
67571
79963
42280
80449
71706
73694
42518
15377
24624
6010
66703
9583
79699
96068
69624
91025
54571
51907
75435
32582
89982
94137
13216
23056
8547
19039
3642
97780
87292
63585
105999
91709
68850
27162
94127
64811
79618
96266
3239
43557
60623
90922
11982
45279
87320
104137
46937
9982
87040
23532
57943
44959
9048
19904
75220
44857
73502
21439
49253
68863
83364
30357
48035
24002
94114
77614
62517
10875
52628
38784
92180
33815
62163
2364
69031
87421
11772
58778
50466
22614
95812
4946
95470
69349
24748
57422
36259
46515
107237
75831
25745
30830
34254
64958
62089
59963
22919
53138
26580
87989
61360
87101
29786
45618
103481
41521
33279
92706
16916
71182
35417
60303
51533
24691
60044
57583
39940
21240
102814
82000
74132
89938
10687
28065
95395
55029
56273
100813
27639
103475
66448
64232
85925
64221
84254
85440
22390
34466
55274
80319
71218
47391
55097
63278
64740
66543
87935
18115
33186
83224
35267
79070
59417
57579
18300
49209
30961
18021
67489
102672
60622
102799
17496
38087
27109
73773
11613
86482
49551
58321
29293
38743
64770
60706
59619
94032
36098
76520
98744
11072
76301
96329
70596
33637
90452
58144
14567
38662
33301
70494
19090
33854
50184
631
43732
14302
53428
73903
20293
42684
74001
88855
75714
50745
61494
96432
26632
15244
34822
64712
90449
1981
59620
89956
39681
56734
66526
8664
71643
96638
65350
63758
84594
3858
93989
64608
65005
68295
40376
37447
52356
82847
104483
24057
64591
98704
103737
56329
33179
95508
58792
72375
95428
8965
81132
91716
18411
43862
68660
30424
75486
79823
30443
19002
54275
22703
39683
37083
100435
51833
68366
44038
14053
79700
31779
1023
9533
7858
33009
14194
77414
107232
106103
64484
41657
63754
84247
12793
3907
30243
15008
31979
104954
103609
72164
97076
83666
91235
103203
5285
87191
58548
107418
48925
100244
24648
72067
30549
88902
8724
76051
18288
55693
14851
15920
45927
104514
34459
102416
56903
104664
50893
51601
50653
65003
99564
88738
107728
34628
34794
44836
17586
17470
50773
74220
12633
81478
84023
64823
41331
47248
27239
71889
40310
1126
49511
31657
7790
90091
42022
22341
58063
33590
64546
20124
51118
30879
97538
43979
44528
49154
5734
20003
24154
53947
30535
33079
34206
5698
84216
64248
9857
30622
35821
71878
11252
95215
68613
46434
23094
93916
91426
104233
35574
83914
92080
22621
12613
25691
36926
42997
43382
13030
63227
20056
58072
39136
40207
101902
63454
99750
74705
26651
35255
75423
57256
38732
76347
74251
49443
76227
4455
75612
25924
18962
103554
69256
69851
17406
40016
102755
59339
73877
104010
54348
10305
49240
95009
93547
30695
83460
63874
44226
11217
102620
56353
29855
16467
50288
47005
4682
15849
1769
107686
95910
1982
81603
85242
25311
48845
55825
57548
77233
19656
99914
14539
43924
88005
83306
10545
79966
85754
100379
15624
51957
96735
74172
89112
53166
31316
44694
44026
34071
107198
63903
45824
8898
904
11783
48171
21307
47502
13128
36758
77851
20865
65116
75788
2280
35540
73838
19796
93327
3745
2147
79618
39586
82234
95272
75463
87847
50975
8885
46662
12901
71449
49015
9963
12848
33111
906
66895
6300
67421
30033
12351
5028
43157
61620
91413
92250
89078
85466
89398
62035
50059
34262
6907
90306
87626
86339
65165
41642
48457
86848
29613
62522
5274
103863
86486
27363
74983
19821
49143
95822
72309
1743
33629
83199
72738
78926
88361
4220
101486
49271
41116
100603
20154
16657
21247
13760
32770
28229
73336
43371
96863
75064
63763
25049
81995
47271
7608
19135
8835
65641
19002
39949
47173
67515
67982
44890
58047
94532
68459
29470
