62105
92956
104152
49461
62225
106662
39166
76345
94075
99321
67334
101938
85343
88993
57385
49557
40065
40436
98609
36311
20937
100303
99123
61805
24936
66693
61169
59543
99471
20459
23152
102882
14086
101002
31110
84068
19863
100994
71951
33280
33656
104492
55134
53799
40804
91165
66152
79494
61233
92060
84694
63962
28344
54207
4675
2893
63744
72069
101751
21641
77828
60617
102986
41449
12309
26954
83616
2331
84803
6286
75360
21293
55376
34277
46919
69527
104670
42857
67835
94241
58554
21469
30108
55776
88365
100145
19683
98417
70703
62459
67010
42232
17980
78018
60097
32981
29665
53519
21107
45853
33699
21418
44850
45526
100197
3485
33985
79479
40271
30637
90744
94839
55339
96892
88029
3945
101991
40956
98334
41031
75836
31931
58435
30066
51916
33106
88013
42030
56096
55401
78078
66598
96618
37738
8096
923
21213
44381
66673
26994
89239
76061
61817
75092
87286
48941
60957
62232
97383
95761
42705
32235
99358
57591
65185
85622
49637
48339
21113
28623
95028
99212
43068
78322
64475
59939
96082
46514
47527
93210
41237
25969
47664
103908
8456
103506
87760
89663
96094
75155
72094
51615
91908
62670
77417
81659
83311
27997
55160
41131
90598
83693
9823
53911
41236
9484
51549
76290
69813
50121
95196
327
64146
57163
15000
23990
4920
60434
33057
46944
51473
89257
6213
53906
8050
94112
22618
102438
81258
39898
41367
13470
78702
38011
37412
23903
79394
53278
40993
2296
53010
31109
1508
64934
21991
97855
76174
60580
81882
73014
51726
104991
49149
11730
1690
48466
20748
55321
55145
50375
72795
3921
95260
16773
37459
3094
82762
39401
63697
83642
42980
50558
70245
26379
48337
91773
15067
38324
96955
10607
58824
69181
43270
73431
36864
65805
8461
3416
91367
72575
39944
40686
44802
75801
36813
21005
60334
13967
17910
95662
20091
102226
20255
77727
9571
43105
1950
82530
181
60731
2924
37362
4122
21425
103124
62809
22182
18285
58738
2686
15785
29479
10139
19280
25220
83711
44025
58014
68272
29692
26970
804
102788
39108
29521
11592
82184
47778
56618
88715
52770
14455
71459
31625
67501
27902
14065
53616
11842
1686
55180
44122
102934
102193
74967
65765
96543
99499
8934
38638
64096
23432
44859
103030
53267
66353
24429
25470
86042
27245
104161
69715
46978
81889
13087
3069
95525
33810
37566
54596
75037
25953
10650
39864
6015
76834
3307
15914
58232
57349
58037
60652
7730
24488
56548
347
20218
14494
9088
43349
22968
38343
84638
78429
39979
28198
31125
63383
49673
80767
63033
99228
55288
45797
90833
80798
17032
106388
72386
98135
43475
34358
48762
59347
89143
80456
27768
70951
70812
30727
6635
16
71002
80964
56190
23764
54668
12411
36934
91271
78369
40667
41079
41416
21167
105529
5026
83944
41300
77525
38443
34637
47521
19101
74543
51803
44163
14208
46333
22638
13016
99867
106277
63981
102772
44115
55684
2602
11059
17425
36116
3009
76915
12038
83876
71125
96460
25652
42812
42445
65149
7394
35009
32117
47500
40521
36395
10758
74725
99431
11961
23664
84359
64806
21480
66458
54884
31850
45646
103275
9367
100827
103098
73370
64994
89576
39147
17554
50718
83227
32581
84400
70418
99930
83173
47867
10654
92693
94121
54756
46400
79308
50917
33043
7955
91902
101243
13476
15798
27061
27983
68804
34111
104313
11756
101851
89631
14979
89229
86828
11818
87291
81922
77959
31290
91468
51619
40566
64983
28088
32105
54704
15899
14665
8906
48397
100275
6925
16639
37604
24314
56991
39220
89994
14595
19258
21915
16640
81958
83055
100497
882
41081
26257
25321
46778
95595
55669
1293
67226
75100
76693
50141
46205
46702
5739
63230
57771
99051
96472
43212
39095
59051
94367
193
19210
40334
8663
5328
15405
49275
75913
91968
7099
74600
52556
66966
49857
55579
33639
61640
57659
48187
60754
96433
72680
77647
16264
43783
34279
34966
92824
39245
34698
93811
64680
39278
33395
77536
96110
103305
59120
83495
46149
1248
66773
58525
33846
44570
43979
98286
3537
63558
51313
11105
83331
88271
81385
4931
72413
9454
84872
96764
61033
5973
763
34820
26695
84594
11320
106603
23429
50505
16803
102514
2625
67760
62347
58407
20487
12045
25165
74826
52626
102419
39121
50143
10648
94427
84217
16828
83769
42860
22980
66322
58724
44685
13228
84074
48829
16332
67871
62922
69396
76572
75033
96087
46295
53313
11731
228
10619
7551
14474
87949
15888
40167
15511
13421
80844
8887
99034
44008
46283
35744
59538
58582
92168
65192
91
43129
37586
73497
33591
15195
9241
72640
79117
42701
79269
51528
30314
105549
27336
104233
5302
2875
97868
47141
52977
40741
87183
20408
41158
18890
60826
28489
42872
92051
20959
51368
29908
11308
32039
77580
102947
83309
94831
80088
103003
15254
5689
9081
58204
7583
25077
23699
13715
50800
1567
28746
17577
26767
5992
69646
33010
33342
8537
97798
33090
27025
7439
34364
55590
65384
19516
98900
17467
90604
46386
31570
5556
99360
33435
6013
52113
91839
7573
89169
94197
65338
45221
21027
82664
94244
105188
75585
8990
96042
66285
77908
80234
59491
85312
30997
29985
43273
61787
90809
23032
96834
28627
76933
1982
24714
43853
30536
21055
103132
28884
82917
1624
104784
17118
45462
105221
87639
52568
77185
73323
40411
77234
90576
86502
34559
35261
77212
14591
34218
37926
39256
65570
6059
5325
55503
94851
52905
103667
94998
104211
47408
20884
9871
39528
73301
63167
9411
83032
10467
82001
105319
32297
69166
42472
15272
31040
52657
106671
53196
50678
46361
56027
38311
44955
33950
64753
12954
55365
67558
58625
38124
5540
95802
80710
697
79129
28925
47132
75219
97240
18871
17887
94293
7678
68138
99688
92959
6292
101837
19822
47608
30117
49928
39651
58223
45023
54680
5138
11605
34583
17293
47104
105725
70432
14143
50961
30289
22010
30127
67923
95983
30170
101080
16722
5013
89235
78992
55920
29348
87491
77812
75792
92074
69916
90869
82047
46736
74213
82712
102236
60158
40178
64170
17489
2551
48459
44041
98823
66952
35200
105178
63082
102209
89047
15170
85280
23928
53390
42953
10921
102344
92088
65940
24622
77254
14711
73276
46069
92646
10558
83370
27004
43621
71100
27839
100727
86096
9337
7465
60663
92717
977
60914
638
41062
29927
572
5678
43569
24459
29021
49974
30712
106601
64569
38530
16416
35605
80257
40841
67540
71851
27428
23588
5548
66181
57420
6249
3585
45080
28327
94048
54747
27051
14598
90892
42460
11690
78044
19400
28638
102249
34653
86496
99166
77237
106689
77486
33664
27067
27092
89668
49982
71699
101458
37403
30979
45128
93194
10671
118
77459
61448
41765
68121
95377
49039
39852
15931
16496
97907
62460
41635
62979
4544
35485
78820
23937
23323
11924
42544
75775
23451
1872
6445
60492
14189
58065
63667
61180
36968
43308
67652
100698
14436
56686
28737
17420
98048
77805
80672
26602
86353
36373
56539
10547
55624
45295
47031
81007
88125
105578
76320
90057
79171
4625
28317
65024
89606
58133
69816
94490
89325
4542
4983
57643
42684
21359
68207
48113
105661
95830
75408
93512
13447
17959
89614
9442
63906
33594
5388
54370
61858
2559
84965
50355
98662
24872
31639
28467
31071
1457
25374
74366
94366
71686
27264
20108
32592
19440
22872
58931
47197
38581
87696
33676
74772
83843
21602
17771
63727
62337
101749
65074
53996
78175
10513
79590
72693
101798
79741
13229
11493
44121
43778
12839
86254
4426
76415
21526
18345
91247
90243
81834
56461
46886
103539
44693
49607
28064
252
78489
20032
1176
76249
16992
102602
6224
21131
43546
39975
32233
23149
60648
83283
65099
88631
24120
2836
67751
26493
69747
25151
93663
26288
42575
61251
25486
50082
105359
92976
34840
22819
41617
8555
59938
629
60144
60741
19465
74170
57548
64422
32712
98751
55112
100478
17388
63375
72647
99532
95415
53883
45848
26959
74903
23310
49338
63510
96063
73905
49219
18791
100771
75845
23234
73231
63446
92145
39315
52634
63039
5494
652
48215
87460
94885
104049
83692
14066
27016
36460
99310
4649
77605
90216
97444
85701
40715
7900
25476
44138
76319
38831
50669
16172
31184
95599
16267
14259
7931
80336
67773
57759
44848
44503
65568
20724
58293
61843
7578
106076
1127
51672
21013
46070
61696
41176
20835
91756
1766
78714
61599
57540
2027
74980
6285
78336
31899
27594
69898
9124
81421
87383
31831
13289
73440
92675
89996
27418
2487
4904
28470
33040
93220
29258
83815
65381
37654
4042
53524
31160
79610
58391
66756
13607
97804
9328
87193
0
3576
90570
30985
17632
14258
66111
5104
72006
88434
14126
54399
10166
92058
51194
58652
54926
1243
34350
86185
84956
3259
95764
79248
22695
18823
77948
57774
68199
94362
8753
34359
105322
106620
17026
96994
79806
5782
59299
31256
87256
62635
38835
74841
66259
86199
94605
93105
27333
12754
13815
97781
36875
22959
53114
45054
63243
61925
45229
18155
38250
40057
83217
19952
6679
6317
22967
55103
2601
32771
100934
12622
101654
84525
46466
25564
77834
65028
2300
36977
86239
17487
46186
7308
92216
72930
43467
37810
11646
85161
65212
96188
82431
50435
2432
94770
4409
2684
91389
40781
12868
29681
61983
20435
4751
33308
34071
73094
101456
29891
51360
65317
55622
24691
35094
6140
83503
68498
97211
67518
93135
47237
12243
62028
47587
74572
83441
50020
47501
22790
94832
62329
93215
45804
33471
5516
76134
92900
39626
42072
20229
22829
59275
28457
29135
92913
1771
37372
77276
74665
42518
103164
81480
54930
16031
41623
18053
1221
5805
21256
48167
46796
25995
20527
84477
76769
29757
63763
97325
47932
69177
39285
25578
38533
54263
38535
37449
58429
27006
51759
42914
64052
60821
93901
65423
27456
7372
72617
29363
1042
34875
52707
16613
90049
46331
95900
86998
33214
10460
17918
27052
25170
30319
59568
19153
73516
92146
60604
59861
90731
8479
17812
24870
90059
69485
3626
35569
45038
872
105623
97262
3172
40083
18836
14592
48881
80077
10316
13719
61422
105633
82368
51314
66562
67865
36737
66131
84823
102527
24938
61195
80665
64169
28734
76394
52942
70179
24687
12663
11195
63019
86990
104875
31057
72021
56568
20203
105505
38810
52698
84848
55472
31339
51804
13248
68380
9323
106797
58518
43381
9170
13468
73682
63985
11537
87020
65972
23974
12113
42976
25493
42264
71325
71478
79661
25714
62623
22233
58201
60732
2879
2929
81017
103749
5921
91308
59340
82572
103983
17720
97180
50975
33711
5187
58551
101933
32203
6899
72823
56642
1461
42181
99523
31866
51750
16522
80738
56818
77696
55882
9282
12564
20110
45375
49644
18420
2962
3813
95845
47713
655
15797
44070
53719
101785
98726
84063
57419
69021
18300
35335
59978
30338
19985
16195
22960
102211
53633
22369
95214
48569
105044
19828
57923
26964
88326
72490
49040
99702
10305
77800
75215
7252
18853
40465
2023
60278
32657
1351
94704
27579
78254
61934
90179
96363
50385
59784
98668
103786
53714
68054
46498
80015
47794
30831
2531
95695
55792
37286
29124
8160
71485
3547
18552
42658
101946
18896
73258
40676
66950
9009
62462
58425
45057
79335
75674
20050
26178
54179
12545
10036
61885
44059
7423
79155
17836
5862
50591
3134
42514
50071
35598
33193
50289
8428
20555
77970
6472
15418
60208
98203
58170
28534
30450
34611
90434
80371
71264
63165
77124
10133
81665
25490
29066
78888
55383
78450
5572
92026
97710
62180
4209
80179
58951
8602
97859
104033
69025
81732
95040
65108
39903
65545
9917
84576
68435
99265
84710
96705
72797
14542
74357
95241
44723
68365
62362
49875
682
95394
39198
10772
57280
12053
53528
81476
48162
12356
21057
27805
78794
88868
51728
102799
34797
104465
94195
3997
4970
5690
83883
30155
41211
88090
59704
67032
81051
74389
16947
89177
38448
2515
94783
693
76980
1830
19823
52470
62642
82432
65645
79276
77017
21427
84857
11468
54889
44341
48305
105095
70543
102709
93848
74651
82930
95560
3464
68602
31641
5496
82940
85195
24940
98937
31371
19648
80895
40633
29009
1527
100751
82990
10692
50782
50091
4808
50080
44536
91634
66695
67408
1688
47660
79513
62800
87484
96057
51757
105280
66418
23213
83292
15407
98036
74472
39611
63286
84248
84854
90694
87077
80568
24905
32246
96002
59729
33205
32515
2624
10968
63078
83824
77019
59732
21904
64677
33425
80270
66619
24934
22744
39817
22532
79010
92477
27607
46072
70453
34627
19390
55625
39725
71927
3952
21286
50547
20183
68978
82139
77526
82944
104917
58998
28864
83259
10345
6683
28519
3937
99617
96699
69668
48985
28213
54622
99996
73917
79147
60961
83954
69985
53594
104823
81055
43419
40428
68060
35327
72344
104177
86046
1519
15463
81531
28229
10673
39833
6315
65761
3429
7759
61679
69084
102859
36133
103328
94391
5495
74702
6372
25549
50340
15640
22619
65937
96452
34751
53624
101611
68266
106123
11485
101815
20132
27527
82986
67694
69782
81448
32288
83159
83391
20358
65015
42669
12997
53180
2375
52822
101732
91825
56953
49790
21413
57514
101533
102444
3765
28899
104428
73953
57667
84488
31374
16412
93478
89383
98801
98309
77725
73034
80102
78056
76014
12903
7960
81947
93527
52140
64560
8749
56705
69552
96445
71685
20214
53556
49517
10781
14424
48703
35996
78317
79290
100587
86581
72235
46858
17328
2079
78640
10290
100284
71507
35764
68712
88098
82729
53139
71147
10809
68023
53295
102121
70199
94778
51555
85918
93832
54716
79139
90522
37853
49892
82133
36996
78245
1700
85026
54427
95388
84987
53655
65218
78434
48027
40009
74171
12133
97616
34836
8469
71133
100714
20599
62551
101290
47569
18603
37347
2451
32957
23991
28619
94060
98411
42357
1143
1129
61260
99244
87355
102640
64793
15601
83347
95630
79068
4757
97636
43100
17464
42424
34868
88957
35719
28800
83620
58533
92572
16253
91222
63725
6945
37422
94447
29637
72547
90516
84391
95509
13197
68395
76255
13858
51800
96022
14190
95066
66852
58600
48972
102723
57038
63332
50515
48156
78868
49793
81622
72195
104416
102739
70284
53811
8384
40164
56960
97805
44210
76065
64777
99300
29584
3657
12669
33876
60205
7395
40134
74267
23080
94959
3338
23819
8856
9889
61262
89414
67094
102627
29866
33420
15017
95286
29897
66720
27608
15678
98466
74285
100449
4987
71022
76185
25758
42405
50034
83398
8514
37404
6994
80999
77062
61175
38176
8644
3112
17232
70834
20497
96578
86691
25510
68117
46998
13962
36961
41872
76333
23324
9862
34023
29907
57601
5762
37660
15579
51168
95030
31670
88150
63120
1914
13420
36080
41863
46884
26420
25521
34740
38425
16403
22697
27512
95338
63175
6436
8173
20993
43696
89453
77665
89336
30926
89531
48718
54231
67225
79367
97531
60317
79943
1118
70395
61867
50097
13302
56341
95593
33745
70644
9528
93273
43050
67473
46263
93208
2999
42013
36873
49586
36591
86263
33288
38646
74666
18214
69135
44288
50953
15342
7174
5952
81168
92438
4359
79226
19282
1574
68334
105253
78831
866
41690
46552
89091
47658
19684
100982
28779
97215
53572
25800
92019
70436
13127
4861
71044
57976
41676
27699
45532
71865
56094
65169
14209
29734
851
93610
104199
106294
2477
59065
16347
50634
20405
21746
8348
53653
56550
24130
66160
21986
69875
44575
65460
40535
103962
59609
6690
91923
38410
41327
23257
65682
89292
33431
46284
27166
77545
30849
104768
73522
16130
11778
52611
8262
13206
43193
65271
93783
40259
104626
77395
45289
4126
26724
36801
67725
9439
83847
102346
102
31198
2387
16280
32348
97638
40582
33573
80967
81422
96092
81135
74592
73441
59501
10554
23518
65893
77572
64362
28140
84601
38920
11544
77079
96341
74445
5682
84392
92984
27809
40772
100989
17829
6465
75567
51748
18840
45492
95467
49525
13051
65499
56272
704
80011
83229
41311
42793
100590
73281
50443
98457
95930
6512
14393
54151
97485
17622
8569
91403
99421
41639
1768
65121
54130
84617
14752
30678
61214
29418
79326
35351
102045
26434
98305
44711
33460
56788
20041
57048
72767
5196
55905
21588
12982
96124
29323
104053
6299
35082
4682
85183
60997
91808
89535
68822
1622
13101
6817
487
104575
59924
12684
92927
106312
49108
66264
28416
73542
104001
65071
94199
50980
14627
104321
32286
106169
70995
42282
69147
4091
52498
52038
93601
56808
45444
86853
46790
21932
39906
67363
4464
43005
38076
79898
104513
98264
43359
50852
95112
23742
47279
91819
102183
76981
29565
2176
75710
47481
18058
59940
86593
93785
13692
99998
52339
25432
42626
65037
96182
35753
31360
72501
35400
78143
51424
39790
99349
88141
94710
50751
57761
30449
57699
104106
46100
64128
4028
25947
1345
77816
97634
52798
31452
10217
95979
73060
54424
6921
100356
73903
38091
69061
28770
83210
83146
1780
98687
64171
68884
96422
58689
88720
25525
86469
60257
88420
27399
105722
28376
101134
90135
89632
34724
81872
95123
63093
64503
36032
52699
12907
60405
99744
64766
4565
37197
102131
96080
85430
90966
11196
101307
93879
16934
6729
75440
75770
26967
69358
78348
72095
34952
46170
34243
68923
36928
39744
90683
33804
62673
72523
66682
102875
105010
42780
29972
21760
83101
33246
6355
102773
57368
28814
63234
28710
76116
81594
8290
38381
42084
80762
62966
83871
63251
28035
38163
91886
22693
96657
48758
70454
104028
248
58885
78356
65690
18438
77226
2742
12852
50264
30642
79659
2768
4161
105474
25311
52455
35234
14165
97161
51648
100156
103299
51399
29442
73685
23162
72746
88180
79711
31088
2345
85005
46083
61813
55694
2073
101990
59672
10790
63353
72793
10883
49884
12948
55480
91206
60601
102793
1125
70393
19772
72809
33705
55374
63437
98979
98391
57200
86681
20123
57318
38837
79446
5869
69781
25414
11023
86118
71215
96398
98889
6820
69535
45150
102962
8579
27354
90782
79726
16576
10625
21998
5722
88772
71084
76660
43597
99664
39034
24876
51660
43166
29046
20603
93197
77090
3839
16149
54335
41397
9822
34426
70669
55065
61575
104568
90668
47942
8330
40565
63328
82540
14937
84753
28280
81069
27740
17783
9086
11472
50976
13533
4802
35960
1664
32386
31568
71441
59183
45047
59615
99694
54880
1536
97914
2111
23398
848
98382
15057
35737
95125
86201
784
89455
45482
81071
857
3057
14763
38283
90366
32820
98446
97131
38260
104395
98288
60335
58703
51606
10147
65963
52617
12661
41964
103018
88404
71074
65241
73743
69122
6056
10827
64699
2533
88412
85568
78454
70347
1786
50948
39931
54290
20175
17946
75027
68814
94129
4961
29981
52085
32411
53566
15992
92478
36933
31529
29961
53100
70898
9714
46949
31261
1626
18741
98216
69516
79786
25797
63711
29310
93921
20026
84829
63244
71060
37804
83138
25915
89898
66182
15761
103884
62482
47276
87551
23038
103225
75133
60603
89362
6688
54718
61574
79318
53722
82468
257
40990
81423
7088
684
49192
43210
732
58578
21010
24012
82722
95942
26441
28821
34985
37117
13592
38446
47007
11511
73312
63764
24885
43774
34021
18931
59004
104025
4590
65301
40171
34688
79984
51594
91668
20192
28743
74553
52543
43002
69142
8649
54894
29804
22587
81745
54419
13863
39735
100157
16484
53208
76869
70697
83255
21249
46522
42918
39976
67377
74588
22537
32968
17709
62222
64982
98981
26660
85306
11644
58863
38252
70932
39043
103636
92059
105437
24585
93331
31507
35558
6715
20529
34648
86740
77382
72747
105900
13058
95293
72026
103966
32559
36345
62308
68967
21379
59128
48258
87775
37907
102937
100103
102321
57543
9624
44837
87705
92251
59321
17227
71563
38984
40365
90157
15972
8472
66363
104385
69096
43948
71307
14563
75715
33379
55538
47213
14671
55758
75104
13094
87396
82853
15354
82370
26340
86732
12597
88372
105086
26586
24769
52241
90009
47170
57507
82929
8057
32930
70177
61806
46415
79065
48748
65573
103385
51105
77280
24641
60840
63791
81756
81405
17520
26536
102084
61460
90121
5218
41559
35906
34535
56012
84261
71955
24848
27137
51965
102747
72022
32569
84286
7584
4386
69971
56780
87476
76576
62026
19986
31431
25216
79287
21829
25616
1446
54871
75687
53104
101925
32846
27291
84924
15403
97513
104910
91681
37883
83568
4413
92867
77433
32816
31084
82896
34606
70874
42342
43881
17703
78934
24685
93333
29229
79818
66167
19298
88615
48161
288
71398
6669
21143
55970
56658
49838
44127
62778
73293
24383
29266
77960
43476
1038
101376
79191
48300
46760
72851
9787
31606
99124
56719
33151
96996
49465
17937
23623
75008
96318
26452
90899
75680
71867
20918
2757
39825
103137
79402
34736
16526
25673
47746
103191
12515
68536
50825
75230
103079
94947
58392
41697
73547
22966
2309
80632
39412
71248
105949
58380
27314
20304
25346
86018
102293
42681
76532
75572
4896
27191
85237
15523
90738
93517
100222
58250
50518
67232
77442
95684
76634
2356
4967
27210
19700
79048
62750
29207
8491
47609
40330
42950
64318
36508
37016
21162
49315
52477
16809
43504
103890
14345
18444
14761
72392
14015
90161
66860
78610
13712
58862
84277
86126
703
25513
64354
57688
5053
63198
70842
106644
9428
275
81651
60085
7131
64305
80711
718
68979
40128
36096
56759
46024
33338
90326
18553
52779
53367
94438
42533
98127
70690
85059
79189
75161
37715
63730
90867
36665
15255
51319
98428
8339
2318
54212
34941
62837
54892
15770
6684
70564
106721
87937
46087
95114
78470
52843
41319
7925
22775
95661
92378
36617
51413
38375
75337
18497
74809
57668
39280
43367
10527
46723
82221
28253
10745
8535
11136
50814
3826
75072
17549
95541
30
33788
68631
104929
24806
71046
83983
15077
9204
6504
46900
53681
58571
13172
35889
71090
98395
32300
91352
26748
22564
37276
91047
78667
87007
65261
105034
53429
47465
34463
30706
53505
71744
100082
2926
50489
104713
106675
57957
89889
101041
28296
60329
81764
36275
27755
101799
48605
88813
52768
41967
103969
24048
104376
61862
22436
1799
47115
77118
44682
49052
99177
56435
44125
54663
52193
95470
24868
49568
49463
27019
101435
40481
91956
48991
18854
67683
25082
91726
93652
21350
66318
13360
106922
80727
87167
81232
8222
56828
5071
8064
101564
72093
8679
41807
89735
63687
60264
37679
98977
10256
98401
36249
69125
81383
30731
11896
37105
104119
103885
72017
17
30557
8572
84430
68407
17845
67794
20230
27278
93256
18283
19982
7206
27116
14328
6375
25415
47374
71794
41470
2966
101790
93232
71213
2283
91620
73991
92350
29070
83188
5340
14560
54741
36404
104382
53913
47487
18958
4846
51795
35480
40737
48294
27947
100532
36726
80685
56515
88302
48887
68449
26878
45172
67944
2500
52614
13517
8254
96776
94038
63355
47775
67089
83785
12358
60686
21729
78860
81944
61087
57872
34787
86052
34252
57717
61308
84346
40253
47478
97239
73351
35466
79478
52372
39955
23823
49835
18335
65797
91021
1512
99864
101387
89658
62886
56037
59865
43722
33454
10713
32270
63281
104413
57642
98830
42199
76523
55053
95227
22381
30451
89620
99467
53591
29495
1225
16338
93602
24550
91673
43688
29095
32024
12865
15112
63826
49339
48734
73642
72098
84422
72953
42156
94296
73813
81708
72046
4947
70980
65508
27832
81406
63484
74663
50167
62060
39161
9389
73729
3361
100725
74960
43984
5161
27534
33612
75460
88542
56055
104529
44345
104431
59602
69018
62228
80769
8277
46567
46574
18290
90196
27770
68330
21663
83291
63571
22713
103051
22379
37303
54416
63908
11615
6050
47024
4248
16178
17917
38216
60394
63720
49772
24427
49378
15108
8338
5975
85118
11496
28463
90144
93446
16064
99289
103194
12008
42599
68069
73591
70142
42336
20949
84185
99237
63577
93598
29736
60130
53128
18353
70254
73341
42635
50734
8329
79686
17207
8703
98940
23616
71219
34697
56665
62988
73949
27474
41347
30780
68753
23803
98717
11198
41906
29476
16352
103022
97405
31666
49563
91256
56696
22995
31291
63755
59795
96208
97044
26560
103421
50254
3227
12482
49689
35697
51526
59086
99788
14816
55465
92793
44551
64940
8618
90273
69869
13772
58840
12328
33489
61011
80837
70585
34240
100400
91850
50884
82517
17181
16476
106367
18790
83543
73134
22018
39381
57683
11928
99589
83984
64767
14300
95902
46923
10455
39963
74565
95702
2822
93513
42103
100447
91731
47736
17226
84626
12064
44556
8661
83995
7754
17101
4998
10021
60128
25034
46621
4977
72246
25522
73080
80507
23382
67819
20776
19274
9545
7014
51760
40315
101777
92126
103727
52429
21591
2803
81502
103764
33615
4038
89285
20327
28918
12310
57201
16911
67715
101598
9958
63414
17042
88896
57492
64991
11858
54380
24812
90438
45244
23126
53638
64240
68705
82305
76080
17284
17153
15141
21826
90649
19045
101117
53211
41630
105876
19696
55496
71467
17669
101776
74356
21373
15532
23097
8069
27164
5993
92880
39512
21251
87225
7057
26298
100301
60533
101671
85265
43317
65611
41108
30563
71577
74421
67511
14517
70907
87076
58128
81176
51600
44350
84144
102243
85853
28218
36003
50172
85937
101697
45814
59670
68878
25267
105051
56727
76155
70683
59596
63382
14819
88790
44479
47327
103596
41735
67772
31479
97796
9287
71579
78990
71694
14834
38087
6261
94372
38694
57478
61187
75441
48218
44275
14459
80319
6229
58940
17689
57561
54180
56797
63945
43620
84850
95768
33974
39085
43035
4039
60153
98242
90858
90422
81427
26625
100026
94969
18690
8697
98964
2189
14405
86857
19964
24395
79482
11647
75241
95195
63252
100506
92776
2619
35459
14884
103936
89548
63912
45529
49600
80462
31597
3344
67676
88568
78724
60703
21012
103544
58751
82232
101739
54922
85151
5919
81372
53175
66529
89469
27044
17740
76566
37251
44347
32974
22136
52480
75984
10054
27925
11576
30083
47326
33630
26030
71995
12730
34979
45494
12009
62020
45044
73386
6996
25090
8390
36581
89252
103147
50944
67842
38489
53252
51687
59489
95402
43989
6339
99050
6530
10687
38813
2159
18785
8139
31632
38054
65020
92499
19642
97015
73399
6460
102451
11502
34641
2470
2544
99469
94829
88723
191
34415
52518
47508
34924
30269
16419
48535
23708
49865
15800
102156
40583
56648
42848
20162
71801
97956
17325
93977
26451
59759
76735
52333
31808
28330
41849
5404
97418
13083
79979
67185
44829
83489
7320
26595
30441
47405
28674
90096
37154
32639
27102
66630
22964
37006
85071
61939
94500
66499
59019
89398
42313
21793
56109
65730
97040
32880
10653
59786
12165
9622
68755
18380
24444
36661
85986
58953
87058
87192
42226
56794
51704
86766
25760
35844
55130
26901
102250
97446
75568
47967
12445
37637
104071
92672
38711
4521
44433
45200
18394
18116
29987
68254
87897
93321
61053
59542
32110
62791
19867
3899
59752
69423
91855
87344
17981
98253
5934
67023
58242
11056
101129
81335
29119
13162
35369
10153
5448
100460
52899
28254
50159
96282
38634
82946
35852
66690
43985
31703
95910
76900
77421
91129
98202
102142
58716
26149
97530
61501
92258
90972
70870
40630
100583
86776
3493
93887
37805
37380
23345
30671
98506
99318
84020
106648
104738
39226
102469
96744
90928
17256
50986
35634
61637
21230
95106
63470
4193
26613
96479
8511
99226
86829
26734
72494
50520
30844
29371
76762
8020
76258
30698
47044
85869
51614
7358
99208
16423
95753
84979
60111
2643
63970
36337
35003
5803
17795
7772
55544
52206
21534
47216
80454
11999
77708
3481
10869
15651
15903
5784
43217
14955
16510
19078
48272
22531
36028
82119
15929
95998
2038
63784
86518
16756
45854
8372
67030
75045
93710
25646
60092
20744
11029
95534
83492
28754
101973
54417
15185
29846
2947
74531
100925
71655
89818
60629
21538
39959
54652
32714
70409
80869
74361
92030
10986
20438
79426
50001
7636
2780
96763
34752
27362
45417
78125
70114
20722
106332
20625
97846
58111
61894
68673
62806
68652
101686
98274
94819
103339
35047
16059
76074
61038
64853
56035
68031
68046
7728
12901
38919
35446
102439
57445
30640
85976
85782
77714
5059
10628
7581
90976
26332
97589
94207
29100
73904
90719
8731
79343
38336
88620
102167
86186
5858
67189
91967
34207
87329
70905
38238
3541
89379
43055
95955
44621
3699
19819
73093
74913
11448
99183
35895
36209
65748
60776
67720
15902
13496
18404
30082
13831
20470
61188
81713
36091
10950
38882
101111
7924
97930
7450
45383
17479
39377
47520
75513
70007
71297
87444
72859
62364
52365
42695
92680
43199
41479
49977
50943
97407
102383
31534
33531
78136
14177
19174
42245
51908
82223
48155
106513
58192
86585
97189
43734
38796
10606
40507
96101
21858
45258
40819
61263
29721
53850
49282
84828
65147
102931
3397
75868
8742
82539
55135
55459
88934
98530
100245
888
102171
36433
86897
41351
13001
100890
29854
76943
94594
75531
60006
84867
3321
2279
76054
47119
60553
16855
92268
91849
84105
73001
15878
67252
43008
53070
53688
68765
43138
62209
35257
58353
97207
105619
12999
9847
67390
82284
34629
17253
106658
102765
87711
41920
31651
106914
59902
31159
38395
73928
88334
100569
16638
96052
30833
95460
80339
97790
66497
106559
56573
18714
96962
60953
34362
91571
47476
93202
90873
82680
73428
36175
92199
38725
19191
88300
20904
46350
71480
2797
11037
75151
32122
11845
100365
2053
67785
28019
10792
33539
97125
33292
30822
67061
88905
12269
63566
62397
93523
70998
36725
19446
63583
93372
27674
5492
68554
50398
102070
75831
28684
28903
21607
42003
67586
53844
100083
44699
82922
87504
48323
96924
81063
26224
33340
43885
32087
98627
47039
105979
77155
41858
67213
64851
85038
58755
99136
26003
28289
76491
794
14703
81808
102976
48638
106316
25709
4395
9930
25423
71080
69422
29690
75563
93027
75384
7778
33733
60104
28359
47019
97558
3028
96360
30538
102710
34677
8894
63418
78531
55004
5484
86517
4462
18962
32671
101275
12640
76818
44186
93778
53956
3310
4728
78261
92486
71873
47897
50114
26402
9476
14547
74972
17231
79921
27735
65560
56088
64775
41798
26382
4842
60227
17339
48651
95548
32042
42279
11528
19398
98605
33220
69656
29770
76882
89862
70271
49798
47378
23908
53023
20943
45309
57809
11159
29642
10674
76270
55819
59908
84864
53775
99104
89842
54355
73052
27284
33126
8292
4372
47757
38505
91553
41046
1555
41831
27553
39316
95811
26361
55899
40398
93535
67421
100344
26444
22803
59632
35588
5944
19225
85153
89484
46976
10309
11154
16116
71131
60628
64108
72171
84647
70190
67852
47450
74953
58422
42801
18905
106794
11573
80168
30348
67428
7639
75445
74254
50295
86112
4886
6155
556
90711
60441
9535
7098
56971
84276
50586
32539
11092
69151
91862
89515
10902
4326
19137
36940
39065
43219
19978
48438
25891
55680
45952
38290
105233
36140
8032
36655
24838
16843
95931
70566
9507
53816
20528
66404
48932
76287
3404
101142
19432
70298
99224
8490
16188
26090
58401
39311
22254
28116
79776
82534
105743
21339
51595
77364
6826
67534
50788
40090
61917
22553
91936
95909
24263
23049
5600
74396
53350
74297
62807
48245
69400
61847
102958
75546
100834
101327
104906
44276
25431
88926
71819
22942
11622
12063
11566
85596
87976
64389
51331
34960
35777
5024
56672
56198
5517
30771
64214
47875
86342
41989
88810
71750
99831
23997
73831
32339
21512
6740
15507
83104
97440
75904
38812
84531
27125
58481
31287
90257
37264
9730
42583
105524
14322
92081
104095
53274
6233
23381
3632
37576
88560
48614
6560
31500
82261
15556
94944
61550
104167
23332
6762
82981
76239
47307
88484
100446
13034
82965
7954
87514
58430
44009
72759
70681
49784
33821
52589
35012
40794
40425
30862
5895
72489
97034
72356
77191
104276
87006
71171
89511
46978
9482
90731
102014
6950
7492
99930
81439
97827
56077
106059
46470
45464
11372
91683
14275
104874
12379
38086
95881
55290
39124
61141
24655
25198
30171
20295
84439
29498
88833
80426
61719
43469
16257
61663
70436
74229
90307
35694
37621
90488
77292
53466
54613
34750
95158
21733
72469
19627
44063
