115488
38730
12651
80621
40038
108637
29143
60545
54298
33611
58707
56487
79396
34220
37748
42927
66752
55309
20544
55172
11802
109696
78271
86741
54942
33086
15572
8924
37916
120898
94012
9995
66183
49641
97563
15581
55138
109158
25014
6912
75924
89668
84797
20584
86373
544
68433
67716
73443
23129
19833
113221
8417
39796
54421
12685
55833
43113
15242
103591
83410
110849
53733
43301
56561
72074
63970
29832
68439
87407
74502
49903
19979
101529
110953
28754
96039
41209
79237
114149
58632
89746
13415
97745
83847
94516
103477
15666
89686
57830
101365
38291
119934
36014
53216
10392
52304
36052
95328
72819
32933
21121
43217
89093
72367
13318
114986
19192
58206
38294
31096
101269
89579
48502
89274
44673
85725
92091
71012
86488
97508
84055
79775
61822
69642
92624
35519
16849
23252
17110
112305
41396
68361
17671
6889
47873
6232
94907
23195
37653
94759
18565
65250
80339
33610
74018
42779
55433
10302
9984
15314
42727
11238
54773
22799
90986
13213
119377
17526
23468
26431
18804
39269
76887
58
42219
112119
33938
28624
94905
35996
106255
62999
27465
41035
37120
23653
63139
103613
7533
107971
46192
48228
67011
31075
37690
77483
47072
35616
34436
104820
107536
21116
10754
75482
65456
42488
96916
105036
53296
9255
20752
20858
116139
105835
17035
69115
110905
31040
50683
5260
3288
96892
7855
102600
87506
94942
81881
108298
80783
51055
66499
16084
26887
99970
102414
45842
37448
48030
51368
21232
106624
118006
46112
99412
46622
7552
96743
30594
34583
99621
7554
77720
115591
40282
115392
81386
113860
41472
52009
10583
66518
11513
64619
18493
98072
3186
22670
53581
8062
24750
3681
47482
11633
7195
82842
78503
50509
73269
99026
13761
103210
116163
114393
17089
113712
115718
61884
107142
8048
82841
100443
101141
105322
47383
18904
40304
98414
65592
33788
52781
76622
83294
81337
16384
26157
96401
102334
64845
27519
14313
111423
101174
78768
54831
111652
29071
101959
63506
74980
6802
22443
41372
72273
90693
77681
28930
55829
59256
66631
115478
77395
79675
120802
96740
115057
108189
11797
24725
67782
71133
78360
61086
86428
85288
86099
58622
58680
76973
112401
87943
34195
2783
104481
118671
3724
36912
109551
2343
109522
49808
46976
18142
48662
59833
26972
112805
34945
87099
26170
97031
98680
45917
18685
85527
31216
18426
83221
14293
54642
36074
28126
23415
120401
69687
105526
80979
116475
68193
89087
69486
34255
139
84589
83832
26731
100383
43372
91884
97071
41737
33015
31170
17887
142
112429
114868
54801
70350
10243
13334
48069
109026
46006
8373
77336
89770
116978
110592
113439
58817
21394
28601
107005
89329
73279
1693
3606
28092
33295
98138
1785
9078
1375
69818
82361
86822
1252
9000
66501
60047
24501
13060
101935
66255
104932
109007
7655
46461
79319
100521
105058
117239
109467
11321
54335
73581
97307
688
64694
117180
50935
83978
35208
73243
70730
11018
88459
91574
74493
101243
21356
106085
19274
101982
66399
76865
83242
66009
69754
105810
65975
109767
69552
118920
28002
54488
81898
88692
17351
62888
49033
55713
157
90034
75764
9122
87272
108340
29709
54689
99286
33328
74686
66477
70286
32013
82721
70388
94792
15135
46629
65458
93788
72246
28907
44571
62449
5462
103578
91083
15942
87680
99980
73914
36985
87275
63161
18454
92028
87379
106305
98805
79441
97605
7025
29628
20748
42760
108899
65738
79557
75279
24819
10975
84597
56867
78295
119101
99333
25339
81375
120090
109351
15548
70417
87832
48592
11443
53321
98174
19462
32500
11844
119245
48731
44010
96977
103629
106745
52059
508
81363
55118
73555
69696
83892
46180
25552
28600
42290
107082
37014
110535
43220
73283
6346
108154
77495
113185
91012
104959
61565
19793
38839
50729
66790
25273
50879
34432
9733
13036
95331
94367
11950
7945
42845
49785
62148
50917
7502
100907
108360
12270
75763
13327
93695
76553
88473
98482
52218
16216
7585
9775
92674
63862
7973
25491
10559
43459
31178
88667
105085
44639
39668
30068
99383
65821
2382
9614
19577
39008
102176
33496
1813
28824
93013
52257
93712
74248
51670
65891
114874
44034
28712
87489
93392
72390
54570
103362
3496
17344
6568
79823
46676
44887
61059
85626
7329
26197
98849
22349
72794
60659
96707
32291
19382
109318
116672
58027
64992
5135
20172
2239
85018
112470
99572
95022
112254
36966
38611
18421
79996
22469
19971
69684
76930
45998
41099
89972
14999
19634
19326
84978
22346
41153
106016
23987
106950
30286
65136
23485
69090
106913
50415
70315
76491
9890
99243
120182
100636
93800
55100
70379
107941
28509
81775
80414
3796
67578
40563
52567
116769
112362
44238
102442
106350
87365
95606
49244
90685
65702
26555
117873
26054
7099
8294
24177
89505
100649
103521
85262
91851
120231
22339
89828
9485
76296
82736
118514
3346
71035
59557
15621
95768
29809
15031
26717
68204
119273
111903
112476
105346
36631
87175
109629
68338
40007
95280
71603
112904
103511
15700
92286
67354
3388
52688
51708
60631
55256
66701
38095
202
57967
8157
108235
8376
87605
107076
104149
18957
35213
95114
28736
33615
90714
27526
85431
38852
80951
22454
101608
13904
51623
61721
109381
79023
60655
74975
11400
115004
46091
23499
116288
12529
58684
14037
61027
96327
58962
63886
79279
81526
99567
78170
25060
23702
66851
118536
24330
57273
102889
85120
80789
77286
77772
90193
60594
63410
48894
59963
32344
17556
3061
110301
44770
35503
43896
78193
43606
16459
67084
65792
74241
117106
99285
86967
43472
2728
3674
63896
66475
90383
30896
113531
90431
25687
47555
33418
58194
66628
103476
451
59209
119314
56611
68661
87918
20792
5198
35981
70084
22775
24872
116866
63064
69666
94265
32311
36123
21106
101536
57122
73828
66200
43343
110586
73610
10298
66596
96407
16531
54967
58200
45267
16445
93286
29491
32157
74234
118240
60147
79486
7346
114650
9201
27781
82455
2796
7017
77528
28821
71464
60101
103849
37116
2853
111433
39804
16875
37152
110430
48058
8964
42742
68303
102990
12911
93479
58463
59595
105051
104363
77282
75018
61167
56692
2693
7803
87793
109206
63246
18490
5372
76633
17705
48833
111156
77079
103401
30872
113834
4913
2084
45392
27399
90552
59675
63470
86788
100282
105018
10512
46581
62227
19276
80842
56860
78352
26631
83740
45089
56962
112906
96270
59827
95922
50528
8179
62732
8470
47537
32250
100484
26327
54238
69468
104884
40294
24799
19079
117676
30947
61102
110061
27653
59890
103249
106559
99227
108009
9176
100284
37904
28226
31480
46036
93638
43757
37262
19903
92777
38331
105517
17163
1270
104583
118813
20131
118858
107207
70866
23360
105658
111239
102371
19625
57864
91683
43583
54201
76883
24791
46619
30680
74496
12301
23813
55058
90730
116713
80224
3703
54111
120102
55195
95360
25170
111758
56035
27551
1784
42006
17648
15889
113096
46427
89423
3158
92068
20234
992
74684
79003
35034
73572
96638
39424
96525
62520
4845
63003
111222
82837
74998
13066
95420
115214
18019
99644
20399
44385
50698
37412
119012
29206
20902
15438
24652
51270
112437
49220
47112
83421
19004
6591
113887
16872
108760
96359
66703
87152
32390
54187
33626
101020
111705
24957
76358
35630
46
100371
66804
61434
46603
42565
36387
36006
53661
57066
73749
117045
20181
52465
101844
572
65479
17208
27039
73034
119690
61458
5533
9455
8423
117494
46083
92720
112012
115735
115470
60504
82280
74503
16554
83664
60604
26371
27756
72730
89134
66094
52651
70868
17245
18960
119915
50422
15983
3730
94680
50949
35146
40146
100787
96171
26877
101423
100944
85567
107942
5970
69992
76796
113122
36067
14889
17217
85878
106965
16067
72133
17377
64930
21909
14658
58171
104758
18951
8162
3161
56874
85279
16917
3110
83716
102254
80154
103094
2035
35433
24752
24920
73532
4612
95952
73934
85077
25542
32769
92645
117285
19132
82578
110581
56240
99881
109428
104081
91499
94287
68898
37193
64419
29542
111822
80172
58255
64909
30876
42631
70102
25015
5655
78355
104886
97942
108306
3430
58005
9252
15622
55175
59999
23581
10560
70481
83354
72275
15159
119231
18143
118428
25669
83313
26472
822
49461
68310
18475
56857
27554
97368
69297
115173
113057
108817
34196
40856
18578
10284
120580
95699
74921
101238
115050
80116
57973
57368
98801
92550
29400
95422
87713
11145
115938
44965
97900
84577
98819
4675
43629
69296
41584
72498
47075
7925
118053
101932
103866
73225
115736
24768
51922
93555
80831
72771
23186
62008
18462
54999
52787
54423
72714
120381
92675
102016
9041
78525
2391
40850
87813
941
22103
108613
81951
19372
109756
86264
48066
1251
1363
18992
52511
4415
3394
107598
93018
62284
83395
74769
75039
106736
45084
1143
25903
68613
98313
102150
101985
21144
102956
34174
93612
53411
94615
85869
64964
53810
45394
95573
104873
107897
111267
10376
113194
109763
48175
74066
113602
82450
114290
86666
55330
72813
82269
97925
89386
13189
111043
49799
5771
56584
77374
69846
103101
109973
83986
89497
82305
35786
60496
117732
31818
15977
115578
99009
11256
14822
27241
13631
49214
116472
32493
68386
53980
117549
63151
48656
45356
23594
104338
12437
72780
55772
64228
62825
111078
24073
47566
60980
48684
113894
72870
111719
26901
91560
89937
101381
5338
41438
27867
22270
6336
120949
19335
45894
20207
115805
26646
46104
78509
51106
28758
42436
27123
82588
7727
52930
8291
61292
48282
2825
69023
4464
77176
79620
114698
109091
1276
105151
91773
111206
40316
61914
8841
64212
25801
83524
88024
109848
106242
106847
61217
89313
62404
55593
100139
5869
99619
16655
24757
36146
15282
80881
95146
45909
118940
118352
24101
99214
76073
21852
21613
1010
107808
100647
112263
101733
17194
102628
28093
60489
79751
27931
42072
77801
47667
90686
114902
25046
42550
83534
48034
37121
114849
39864
33236
38005
16174
116779
53378
63899
45008
45025
57692
12814
91296
25681
72239
84605
29659
75563
46147
59898
112186
64616
112591
21518
91437
57791
49401
109415
73747
87097
41892
24938
115303
36751
94224
6894
66445
2758
84348
66042
93308
88644
81458
1708
68514
13150
58802
5557
422
82160
56853
2115
14866
19234
79297
85321
82247
20278
70397
4362
23193
114545
41434
38198
36161
80983
84584
53162
101390
48962
17576
46167
104377
113352
45720
109746
60888
15610
62015
111848
79595
1666
114800
30301
82828
115072
7464
22746
61556
5279
28964
120652
76912
46188
66367
94678
56181
102961
92353
40748
68055
87157
94460
8761
6633
87491
116597
28107
112961
86380
18683
47517
17823
117631
542
104351
63673
44128
45782
32676
50320
36784
31735
95324
61222
86244
31711
4936
71337
13707
29130
27906
33187
18065
42402
43767
110663
35404
53287
46121
76637
110300
61114
27908
10071
115650
90222
81922
87858
106869
104687
70117
24505
39724
43110
42781
3326
54006
3244
61273
38736
52466
23582
23089
28733
87181
60637
94957
15315
113655
99975
62605
63334
13116
49631
3764
2889
19360
108097
115429
2504
69271
99873
68585
34288
43106
77
79100
49484
93384
59218
96698
112701
95547
93336
9738
87768
90005
43433
32158
106842
38301
81186
9058
34160
45972
50517
41435
97007
811
102470
47696
55370
31782
51834
91110
51557
85423
88882
30661
54420
91058
34337
43777
12029
58330
66587
26867
114030
78034
67942
79933
111600
41508
88074
109027
12383
7377
80429
74195
115512
106980
96532
88703
50252
89420
36289
276
91957
89564
50789
14089
77832
45781
198
6781
49754
58808
11838
9564
46301
103683
71413
5687
99164
33991
57027
51215
39208
112430
19647
107039
24696
93150
108830
22561
20148
39072
13807
58644
18754
104572
6541
59965
45195
95953
61066
102957
36137
8443
8937
30666
48385
30751
69925
111522
1079
49134
110782
78740
14398
83081
86493
19216
85117
56227
78030
26977
44980
63971
11355
66244
112665
43802
36091
73039
65611
78234
64784
96078
54127
21877
117967
40297
91077
101458
77788
86714
117642
83215
2994
98791
16509
2982
46063
9922
59145
46044
94448
120729
15310
111050
61776
81595
10292
6392
37683
75724
48417
49092
34503
47859
94778
12208
28315
96263
26393
17015
1199
50521
89170
29574
58715
25834
64695
8874
73211
65698
21973
98568
75991
40993
20642
41316
2777
78035
110720
46640
67900
112210
36993
59253
100032
20803
43163
53911
108186
69246
37005
87854
2189
13134
28955
938
47017
56790
91145
114345
92338
2241
52793
116745
65650
38859
112785
96102
44400
43991
42662
48508
73079
102871
71055
97923
1168
71081
100585
67763
95489
110307
113672
106614
75071
10119
6012
5726
61155
60669
40265
117342
60981
32673
15935
15663
113839
68295
113613
45180
68994
56737
4048
66519
106774
58465
53431
72266
6780
46408
28718
92899
28169
120884
15396
77003
101256
71254
77922
86466
18543
61861
65442
44026
42308
948
34768
113512
56323
88058
103117
59342
57394
46274
70056
41160
40513
109390
23937
84571
105057
71325
115145
33637
77124
16857
43090
104796
84122
20994
120835
515
51094
47310
7095
95213
88261
7296
3651
50592
97676
109572
115567
42162
62784
17093
55657
24831
97202
109184
32398
31482
72483
62678
41284
2287
80036
10846
99019
18980
114364
115438
50826
82270
51071
47532
3927
444
120759
90501
43296
42739
8202
20334
84762
68370
10596
85083
56020
110153
27969
49012
62702
112039
7728
49645
62636
111510
63499
53355
18081
51608
51044
41909
102147
90989
20799
67494
1162
70184
69571
1606
110698
103800
62147
678
57229
88808
51053
21241
881
36764
75470
38434
51652
110452
97070
23753
16747
65291
21112
60453
62756
83744
39639
106920
23224
51292
116570
60595
99448
56594
58279
27704
40393
112869
26844
2740
68786
103499
31301
60335
3118
115209
18657
80131
112239
94585
23314
69572
19111
80739
26024
105352
97995
32649
17564
71446
39148
95841
1974
71176
58427
102165
104194
44477
23158
51631
88707
21281
70964
27791
69450
88168
33778
10572
58094
111456
27912
46767
55
45755
107303
4200
20755
6975
96933
51754
63539
61403
109776
62737
15263
73316
105175
56944
27735
19698
17041
42345
78951
50695
102326
57314
99442
36229
21306
63735
7014
29811
120764
22252
45737
13436
66816
116731
37780
2650
107702
27690
21843
57915
99342
73200
111995
110858
86285
6458
6676
108704
112461
70715
17076
15564
18003
80507
19875
40577
112895
75985
90011
95224
83599
87694
96438
112175
36396
14365
92923
85203
634
63333
74197
9463
103681
86310
38592
35668
31893
44553
95944
53194
99198
31431
100154
5407
70324
105176
28414
53698
39063
21375
60119
97012
69756
90717
65609
32072
67242
68309
3883
48877
79616
40497
53694
31966
96418
54119
82205
16650
11109
59112
52697
25452
39707
10184
67506
34279
236
44925
53335
58972
99716
67053
63134
35761
29317
51786
70362
109931
8764
53749
45893
40835
91243
35870
26368
63702
95712
87982
20163
41369
25165
113401
71672
70170
28892
28328
87341
36490
99222
79310
4166
117227
117430
86319
107901
72395
86869
85893
924
45217
119724
93233
20490
74280
86831
10667
118340
95091
19937
25805
103502
35776
56292
51246
118238
57061
30733
17971
51375
34206
20462
21685
60757
20657
99344
3400
1051
86425
49649
73702
99270
37449
98030
36142
106853
5612
114396
61409
77257
11812
89917
108344
43526
7136
71434
91213
113233
79536
34435
97006
32077
75194
91434
109707
92947
68458
57294
52473
39627
79603
120499
29634
55259
26970
9546
45371
100255
40811
100627
78908
51997
6543
76109
82018
99586
9159
75154
39034
86720
12571
93748
114549
22674
51182
87429
7883
13633
16938
11037
18335
15650
52592
57504
2146
87789
110689
14508
100807
103262
102349
114974
29190
18942
81478
58762
72553
847
527
100045
62102
84434
111559
84141
82554
56544
73125
28325
65643
63123
51492
13659
14464
50439
40667
60735
86231
101881
117220
59227
31990
48185
108276
16544
56437
14143
15262
42014
72426
35044
86098
44784
45705
53766
72056
82930
28565
62426
53460
32231
39489
102142
92366
83202
75804
93258
24992
74796
68228
68452
84098
34390
120511
102982
108800
26558
44403
19642
29923
110644
31726
53722
13986
83828
110000
83382
56174
63459
82984
77571
88096
89261
68762
28794
43763
87274
54296
72918
577
35682
111647
34083
82404
96136
15624
34960
33195
53481
43323
95683
5263
67952
874
68185
72610
99601
36909
63704
36592
53502
120263
73112
74823
3004
71125
64027
64855
28789
85657
36989
46268
114390
31922
97574
28698
70398
87983
75768
104082
30571
60561
61025
25800
61815
18563
65690
25461
38016
85183
118716
95856
25441
56878
78560
9942
32872
7758
9385
76197
72733
110218
65391
65648
56787
91693
96272
10180
34304
176
91169
92272
36071
47595
26770
5613
6880
25054
94775
66640
51362
84756
115357
35743
87922
957
2278
44410
59945
96228
2106
38043
27497
5576
29032
46713
76568
73478
73102
81101
38222
85978
101247
14996
116980
86418
4046
49053
88484
103886
3177
23172
55906
110079
40136
16730
6732
75429
27524
37647
30477
119849
52074
53803
114259
18755
101575
63122
96091
23042
29343
82657
52961
82568
86443
44207
107455
8965
11315
110473
5487
45820
35675
17832
84912
63351
110814
117399
66471
98863
41663
72340
63809
32323
52108
85033
16932
63371
71097
56434
40962
13644
71598
113272
49116
101732
39626
19121
84553
49805
9879
113044
2378
82046
56
113516
22992
88210
21740
31742
23780
31154
4598
94177
12873
90726
81034
36262
44789
22998
11806
64309
58374
110356
76064
78417
62806
117519
98552
33655
29851
22684
33500
52620
8209
20763
96646
63666
72827
89201
81235
63473
1516
100416
73483
115651
79313
80023
29908
96189
113557
8531
94474
78477
10634
113584
55646
82639
51528
10504
55341
34194
4961
20478
5493
38843
21879
16641
84653
60248
44660
64058
73116
88555
24298
37047
108520
36234
30266
25211
19568
32164
115336
96142
102244
39468
105109
11761
44884
109842
10131
96658
70956
92884
4010
4731
85308
66564
25447
77786
85247
88666
115140
108805
64001
98100
14386
25096
20635
10970
22862
73562
106222
67749
28962
75251
50682
35425
98243
73779
21499
12282
3068
99954
84829
102937
86071
94554
79169
33370
9449
57765
24218
18304
81761
6612
42512
109352
14253
70
63178
36783
11368
9568
46045
16406
77011
71343
8151
90199
9552
22889
71153
40702
39651
19541
76274
117919
54384
20624
43647
24488
102337
36939
69379
13022
85405
118475
8193
73236
52606
42685
5826
118444
107609
29685
100381
101146
38417
27965
109373
84670
107778
116518
53626
79727
89183
120203
108660
14587
82936
42519
120146
60986
37178
62669
73647
42422
38694
98142
93083
99249
76981
115583
46053
6000
102660
56187
56120
119136
3159
39430
119298
24784
77873
22272
77605
42507
72875
97963
99317
13174
63905
17660
14407
101042
2675
98831
36584
1326
76734
54814
97124
72660
6092
108248
84407
9186
113278
72325
24898
28176
34612
99839
6917
47651
19891
4412
15098
2395
58041
112915
50046
32488
86876
89810
22444
110900
115796
99815
68097
39844
78014
43507
104141
118705
93475
49413
73927
22464
76917
114527
30933
69721
102041
10565
63249
35232
54901
103824
52892
539
21767
72415
61009
32718
86362
34028
34783
96265
109654
76639
9170
29362
21914
979
369
110335
38142
5961
73990
29350
45571
112223
64240
63269
34177
95400
65577
86385
85818
16940
32469
10205
93269
69626
53198
65841
103556
72978
14451
79280
18314
93937
98756
6529
14936
2253
56747
8727
46686
23112
106326
47655
30545
51992
76854
116216
108900
63418
68282
109144
101961
88479
29570
87025
82672
104649
76686
105508
116669
2191
118320
37591
35838
91941
90849
46374
58516
6225
116962
83046
67046
62442
37547
36263
18882
41011
71574
54815
37272
15049
50209
36595
74524
81394
41382
13919
67311
95931
92067
6192
7733
101937
65636
70025
86786
86037
21625
104978
43845
35809
49232
115091
93635
3686
23134
31987
7866
60990
33493
85747
55173
27217
38638
26687
118129
108695
1874
93602
63872
41569
77012
113309
61602
51144
54492
115375
36280
110707
9947
58830
98257
88941
20816
7344
24479
53814
59430
104546
111201
65311
25793
93884
110807
54497
120487
6756
72721
93823
14035
67103
57313
1569
105536
36506
64493
93235
53155
35526
47572
112622
11287
83705
60800
24040
14297
5943
107892
97861
108915
22957
89930
79562
8624
7610
34056
87198
13884
101979
81242
42693
44548
35834
93193
9342
51326
17327
71872
66901
97212
20608
8032
84432
107425
81584
108476
14432
82923
65990
54117
47101
65365
6784
41215
108444
42450
119306
78500
5330
8067
25199
78078
46059
78805
41767
23427
99923
97354
59587
57034
16911
48526
80142
81414
27004
2549
103867
16122
18719
98470
50342
83910
98637
46364
1555
30983
82282
109812
20281
83039
50672
7886
64923
76679
17784
9977
67642
16675
106311
49945
85795
109930
37749
746
29910
46706
75808
113774
16943
84352
109658
83058
102935
31313
15268
19894
86457
7894
119216
113925
105066
24984
112889
34223
94204
114790
4965
6620
73862
84647
45458
21589
18925
48897
54460
2362
80943
58502
13375
68249
119486
90611
91323
88317
82312
11918
63944
72423
90803
81270
87318
77887
30583
27447
50219
50397
80123
27914
115794
5628
95846
39878
27197
85515
79641
119886
11051
17118
26125
6316
47663
30521
52916
72542
70182
18742
110509
23639
3859
108132
48831
55557
15807
48461
85823
0
51646
85204
55610
3873
73980
98541
31378
102053
42898
63422
53654
106473
73148
51970
83353
93607
40618
55221
108530
48772
67744
67967
45105
12022
20138
10630
17983
52429
61196
30174
28596
52060
56571
90270
88403
53137
50976
34889
1551
49021
28991
74067
87058
80909
117863
100619
37963
5063
100151
8758
79716
85918
86242
20288
36373
12701
110544
99984
100135
97134
59766
28164
114532
3027
9410
86522
117324
56288
1621
1266
12810
103796
30641
115956
66711
86649
58318
37598
45464
95897
2842
2024
24659
84114
41580
9529
13380
96340
67550
99762
93270
42962
113294
103743
39768
60784
17642
54562
57961
79018
107233
119701
72588
104278
105065
48788
40067
72821
77648
54640
30304
73697
27684
89783
99912
62975
75663
113559
83315
97256
83998
106105
58177
79671
100363
690
90604
10641
36017
60938
93648
41955
66019
37364
72603
109684
59755
65573
30757
26102
29274
11100
36204
37508
113262
71233
36856
51255
40217
47760
22076
26217
53066
66
42865
40517
29532
82431
27844
69782
3816
87280
90420
112962
30042
20376
78405
91144
117635
40684
73926
59124
80627
50752
69879
43204
97239
14786
112797
70503
57033
35971
37946
41959
103431
18296
11803
79684
73302
58317
4928
91762
62952
84238
94874
107337
2505
19696
76010
76943
69270
91637
31645
23628
59920
3231
60859
54474
120925
86083
94170
76800
6445
120472
17464
21130
116853
112205
70753
87319
63787
115094
24425
63021
31566
60459
15919
43477
77303
77431
58098
31847
39830
25372
62947
99801
4758
16138
41883
96894
27135
94642
2947
50377
43059
96025
28427
64422
42882
83181
76805
84357
21461
57389
105880
56648
20030
98694
73196
70919
63481
18684
11390
73585
6447
72152
15730
51724
13833
9431
9203
18265
59237
24018
63492
9669
1960
49051
118615
93677
3921
56350
51837
32991
11705
39876
15783
90444
91603
98661
26357
51621
9569
38682
48321
25473
111439
3495
24901
110371
32297
38994
81825
110219
119137
40500
49931
97005
47645
99805
56745
59919
16796
66232
119993
90475
74307
31346
54266
43839
22148
60951
108247
91362
88311
114212
45986
61835
95557
67632
10735
26842
25009
702
104491
71492
70527
22364
15585
93911
12628
50708
1290
116412
22245
25444
18105
28747
35825
46938
1223
52804
53861
12025
69753
63857
101800
61323
66975
78895
32048
59279
115813
69887
88765
90304
82652
2034
9209
95142
105595
69022
67305
91397
60198
1595
12787
292
105258
47485
117032
75424
6439
96893
56195
47115
51581
65075
15634
99844
28095
51940
110979
9864
14114
78310
65178
83456
101078
88431
7431
116627
91430
76762
11734
59032
78237
86699
91455
62141
93194
117238
76354
109413
105968
44433
44574
94209
94475
9158
98093
47464
108437
72332
29315
71093
109101
56296
107389
28782
1592
55020
35633
1921
71085
118178
77711
35671
59250
74287
43944
14808
69112
30405
76850
105675
2670
99703
80089
27437
68691
53107
39109
74376
48440
45704
6190
97481
107890
85406
114222
32920
59229
48319
23700
94246
57048
24089
28361
51231
78604
65766
30163
79924
56457
100023
17514
88982
6523
94837
62658
26712
17874
91507
38218
17806
61108
4953
533
53467
22666
58714
27892
6299
108757
67883
65057
57322
60707
55141
67912
19293
30805
98431
97910
70624
87916
22529
39552
78350
117906
6157
37111
2554
111860
45327
43027
106006
88641
38515
54294
120100
114628
119920
100976
70428
4094
20421
61704
15504
23297
108892
83070
72536
53955
86722
111976
45543
69289
43005
103603
41730
3263
13419
39205
65264
116020
43518
92165
18471
1838
63856
10393
29610
78643
103599
54103
39200
51600
26259
109932
100498
6100
58236
101577
92470
12216
85837
553
53580
59020
83560
82418
57457
8141
67728
22659
120735
54582
9782
82223
11255
88151
89174
34668
120460
117958
49441
98205
598
44210
22621
71917
60528
117276
49587
30766
59464
41616
116408
36360
69433
82966
93888
15969
39919
102344
45042
118071
24561
33946
27701
82957
58657
85425
113393
119907
78822
56280
1680
107380
39631
7397
102139
82522
61834
66235
69061
65756
100332
82538
81361
84582
98363
67214
1713
53478
38635
69150
64568
36345
101965
55952
52920
46951
5213
50441
54338
2064
30860
70251
75276
120378
35023
86802
113370
46912
63686
21459
32189
101000
98733
46455
16946
75370
72587
71037
1404
33644
885
98879
6869
119380
104076
31179
8982
12114
32499
96713
62701
4180
93165
44915
113822
81933
1089
31354
11620
37312
66107
116217
105726
56477
1559
108374
23263
47010
102785
86068
82153
70478
46556
60887
47745
25183
56601
33831
98191
41350
57477
101786
89042
22462
26612
24266
41093
2201
95133
45996
74738
15948
21544
9710
79861
79303
7777
73253
95161
46400
112947
96622
30916
21178
72000
85722
42355
88068
66267
67924
42317
53269
60118
1112
21047
69095
118893
34973
73810
95809
42523
93046
63738
101666
52882
7233
50921
31698
39187
75658
86823
89513
100247
51732
119023
63726
17757
7957
45374
103836
84075
68028
81204
70335
119864
25528
8639
81683
50348
49565
97144
7132
113351
104917
91002
54586
30087
29865
10673
92008
111352
22553
21386
112394
43417
37756
7452
117750
39461
60578
29360
17530
4346
58654
20293
102803
25764
111761
50322
12747
47675
87237
53480
6288
37410
24086
74889
50587
73786
53537
33764
88590
25958
40595
114680
89010
91485
45381
77015
48728
110852
88725
104581
100378
118307
50403
76668
99195
54071
34162
119017
50402
51677
31625
45446
76442
100226
23954
102463
7765
15170
73547
16661
78323
13893
89184
74350
106768
15175
28379
104951
113892
22994
107672
105527
57620
31846
101758
51048
36270
76564
71215
77384
31983
1256
16863
65027
92263
44599
96168
22195
33918
96154
83194
93795
112230
24846
47320
78161
61472
45024
66333
49259
114737
110251
76982
34320
11507
41724
67964
43089
94152
81217
3948
107552
60610
51910
92077
59451
23812
113089
103897
7968
37969
36041
111162
18663
12688
51267
19116
70490
57051
93094
108165
16965
114630
9460
21720
104906
30957
107772
24893
47570
111670
13693
13971
110453
5221
90579
105886
56410
39379
16468
4677
9627
82188
115750
85067
83109
84668
96840
74518
79200
62491
106236
31473
77482
34820
95916
40674
8631
72025
88919
28788
116420
40621
71075
70486
8016
94655
4102
104604
93285
11461
84932
58335
24092
112110
57798
96706
20899
9025
68875
2086
103334
43038
206
58757
88630
83872
25397
49215
16466
62289
14148
109358
3296
80836
93412
13823
90519
46346
116448
56694
109392
15721
61093
108841
80625
81408
37284
55641
10332
110049
95527
39940
24152
7409
63697
50558
26375
62755
112442
29687
52744
56208
3676
47692
86994
31005
80935
33942
60350
7406
46084
683
58940
25271
82452
50835
112628
70759
49610
3863
37673
76815
7519
14124
35279
69628
83495
64872
16503
6609
62391
18805
92651
58420
99257
79554
118141
51583
38993
44960
78565
41401
285
89994
110427
114559
41421
73638
9934
114319
103617
87201
56610
85238
94644
67142
36897
111177
3940
34705
60783
93593
88044
21988
78692
60541
83342
5846
115702
87149
26293
3021
116324
98925
119608
83720
81559
44245
40819
54871
107799
74374
72368
63255
61882
119524
23966
21085
80698
88911
83320
1335
97363
20313
102022
73197
6367
117714
56755
62640
60376
54433
104856
52559
92365
74076
70644
88449
4106
85050
79270
29372
75561
26404
31187
82744
16344
34651
33781
24609
34847
59105
22416
104545
15333
5776
67022
36059
89465
64136
33992
80563
20759
77975
78321
42429
90326
32812
69868
22574
47980
118553
85356
988
18788
45864
65181
41847
74315
14504
104751
24954
98860
41868
115524
65679
100276
25912
36202
109948
45817
55658
83366
24532
255
24556
77652
101465
3819
80401
111410
19163
69515
65791
81256
49827
71159
4373
2649
5755
93149
75807
96308
92802
86156
83000
108596
32270
3692
111379
85612
49633
53304
35699
2003
59601
79864
84743
20107
41791
41354
10336
79958
29651
79363
89148
106658
21723
120633
57648
61724
95009
52191
22496
38250
71649
29332
34104
105358
11495
65980
112566
27088
34128
52934
58296
36231
45199
110939
18092
26531
82458
15194
85327
28020
65354
66841
32057
75625
88396
116258
40078
27788
80825
104051
12098
103799
23385
104918
89749
91090
109593
30462
105602
99312
98854
51054
53199
38719
25943
98856
86130
21139
95847
89997
51145
39194
106376
52911
45041
49855
18912
24949
15300
45386
17714
28801
49638
19710
30296
94263
10202
66453
54425
118479
89730
86121
98528
571
42440
55623
56614
116594
37593
15238
100946
63885
116843
115200
110980
95337
37134
4909
29228
23375
18568
55619
106129
36602
19844
45918
24201
113172
115739
63324
18832
50916
107878
42851
44270
106363
34175
70772
13787
6390
105722
38696
20456
29860
68717
5629
49332
100620
31563
33629
20549
27001
35110
79706
105123
28078
113356
56770
13995
97640
57160
111187
66327
87750
119106
91497
57714
99506
57182
17624
94379
101043
39964
7807
11535
100618
4708
95287
108599
72960
16926
40249
65349
35315
55518
109132
66994
7930
62723
111297
7204
101353
110846
61496
14097
33488
24886
3362
103370
81111
60585
78087
15901
35501
15361
19386
28446
31227
109038
89169
21390
75979
51369
57202
52067
25126
57293
56545
19468
42554
103202
53151
44908
51611
59657
31365
28697
11878
86825
19249
29928
64025
60684
85631
74131
111318
18144
14802
115450
100588
120707
98765
9065
64346
107141
120589
40218
88492
44006
35295
77880
73753
76817
25844
97199
36546
67774
3736
6473
1520
64267
787
81868
99862
83550
20671
105836
11992
76089
98175
36690
13190
77242
91127
95426
7181
67159
85968
112967
74231
14686
87395
19214
2903
121119
120676
1324
90650
58269
50751
80003
24804
92178
7316
74319
61768
107438
46754
45223
17869
9183
55937
53851
14194
15296
1462
102916
18797
17519
16218
44180
97480
96362
97959
97687
86726
117251
23939
43487
42964
25410
47882
19357
49069
54897
113646
4363
108907
120605
105268
79971
70162
7691
10868
11616
97824
28488
30694
109752
21883
86154
51659
50610
22766
72371
95512
81653
95785
91779
77258
116211
27256
7582
22268
108167
119601
97203
93540
13139
105181
120126
100452
57448
76500
88121
7035
25222
28569
17578
66035
27832
91556
60461
78587
99132
10076
112392
39170
20398
87617
64559
18935
17582
77296
24123
117206
101520
12990
86204
112610
106260
89108
108721
42591
23033
107661
42442
37355
74075
13043
10910
40524
110797
77681
15629
9491
21995
28707
7062
19083
32923
56923
57269
98158
60159
88479
19301
117492
52779
18829
89549
32526
62186
87099
111316
100549
103999
87742
53394
67790
2047
49252
62193
3865
60443
35856
46316
88797
26711
22829
59881
83084
117467
110321
32890
89110
15956
66039
115413
102084
27642
117071
104799
7976
113518
94608
18316
31546
10305
76967
5673
84040
76634
5163
32908
1665
81759
102074
28246
155
60840
41909
36327
68207
117501
74239
8310
45310
25466
35007
40365
42484
