69612
14312
21889
63697
43642
96561
88644
80576
78118
11175
81205
116042
45941
15341
40257
61892
86725
36729
8415
48560
38301
92325
49733
48582
83489
78725
116247
4271
68046
69481
49245
42331
117546
59641
98033
48790
48566
90072
64652
34974
115674
53465
2618
116131
69914
29454
91516
8296
113179
36423
17215
26702
31051
117310
59972
19956
69085
104247
36881
22969
54942
69466
35492
3476
88530
78288
26257
103889
83151
69461
21819
100710
27143
109690
33129
20113
85689
88532
117892
25539
112053
89233
71565
110858
110782
59563
103705
37952
23451
78537
33059
14876
6618
113996
74697
105932
35556
70721
94710
105187
21808
20623
59901
11529
73905
65968
60891
102273
53100
39687
50408
11428
114420
76641
35872
22336
50989
254
112615
49955
107092
64286
46702
47744
20451
58787
76650
11525
18823
100891
39369
42326
66434
16263
9973
44880
117336
4464
99632
83293
103419
90937
18428
71459
115152
15635
47269
47664
41671
115640
53581
102315
79007
3750
30617
71543
55810
67728
112511
66043
29204
52416
14923
4948
71377
23994
77755
60826
40702
89543
43409
96791
112406
4032
38787
46229
52352
28202
106732
11598
33435
58859
58845
91753
6248
77700
65933
26408
46621
58542
106680
27885
33642
19300
101164
17515
78678
112676
25333
88867
71636
32076
9033
80659
73281
86035
58647
93632
41849
108263
80006
107463
39077
92807
8179
80341
104647
35036
61029
71701
60157
111246
31473
58239
116553
50171
18355
50717
104614
10400
72871
111115
110664
72293
101730
48593
108961
14083
72011
103758
60843
59751
38825
77631
33211
4753
65116
54697
110241
32944
8404
103052
106430
118183
7808
108723
11622
52146
99655
60467
96267
27301
101051
14882
91884
37649
45038
49002
42632
36579
97088
48705
13768
97590
33453
6107
32452
92410
52934
24328
68191
2503
67948
101782
97927
68101
59639
24276
14035
51242
111963
71706
47495
35684
70955
32353
84964
92313
9217
110215
102790
42770
60019
45075
84291
53345
56691
61609
86110
97469
45571
56725
4061
35784
58738
81346
58615
50361
103231
38165
65833
65476
112145
51672
25199
37940
19720
9611
67319
105069
32778
113234
35252
110893
60584
95083
8569
78613
3178
10792
37444
116601
83081
52282
105602
42882
55728
21709
50012
67484
118612
9368
100490
22264
23425
35747
29976
42120
7166
105103
53553
73158
61729
18411
61843
30954
23727
73881
73042
64001
24356
66356
56998
28868
43211
101516
96982
63944
111936
106023
12875
8363
70498
102399
72329
63358
41073
69503
111060
114276
104795
84698
25552
71265
76504
62424
15653
57631
63667
100933
93980
45588
16586
84996
107145
70270
84508
51428
113916
80792
99357
117398
66109
101963
18759
45939
62998
48782
74583
75897
84322
12131
65954
89584
81127
27858
44845
73603
416
4910
101021
113484
103221
18680
45447
35777
46279
50435
47558
31212
57998
65828
117373
26592
67133
71808
2940
28973
107500
30730
73079
72625
70135
95506
12754
27522
109756
69026
63756
65042
38900
37948
12299
4793
99542
16508
60042
1016
77517
106287
82313
12334
79038
36054
54077
104179
98105
18317
43877
109822
111005
83391
92866
13851
59356
62148
79072
42528
24583
32840
537
50979
113672
10382
83298
21217
24682
540
76586
51787
64359
91514
67841
17887
102042
47978
69627
85558
40616
87305
66946
61948
25084
93553
96698
62202
50773
74991
118006
54937
43121
57579
106605
73921
88619
46426
82155
111791
51863
78763
19014
15609
63129
107736
16272
723
107590
66765
75122
24374
34292
45678
85635
47403
74712
59005
25571
36804
67665
106450
40419
82912
83199
99805
58942
12470
15114
116634
5685
32871
99337
64577
89955
55130
100924
93311
104841
5378
67883
56580
42290
107792
117088
75932
25784
27331
6195
73666
85524
100368
27008
73684
47521
90764
73674
13042
3565
104684
50282
61934
6010
59067
3929
53320
10037
65227
73933
11651
102493
111761
110519
115034
109175
35714
19510
31840
13771
18389
115811
69140
84163
75698
70311
114488
4191
78884
96281
58007
22189
6709
78001
47038
19649
108924
56271
82466
108160
5289
72297
46859
85865
85778
61757
83566
103793
4106
24608
99126
92882
97149
31814
18016
80425
42367
28744
22235
31869
81094
114576
11677
102842
28623
86215
82570
67845
52411
5263
4870
41542
76975
26572
72376
33328
33069
40278
77526
36702
19538
4760
19803
11672
55021
99763
103451
2785
83875
110115
62433
37298
79051
30583
11056
111371
90926
60909
111894
69719
43034
65543
106974
96946
108605
39762
95266
49238
57575
113823
27267
97568
40954
41471
43235
93868
23164
41560
61881
51599
45688
10686
42173
103115
69957
43758
82032
91122
55627
88855
97905
90162
74413
55344
21069
10651
54264
27753
53998
104111
77357
38877
2738
78228
104054
99377
4067
20261
5129
55097
115564
112309
77465
21768
18251
95908
79130
105961
15130
56808
86594
114818
77504
89778
23154
48731
20750
75025
24506
113559
65525
95197
98513
54677
67865
117399
2233
103655
38611
58078
90761
41152
116332
36924
64955
57830
41748
56428
81561
61110
117259
70096
22325
32449
62009
65250
64792
27175
32605
94580
68914
116250
16627
17776
68145
43434
32612
85201
110036
37871
109523
86771
47822
97420
56409
52403
25640
116300
37173
48336
10099
67628
47081
44172
38340
5958
57062
32959
46938
92907
29205
63306
86719
4447
85552
16734
4043
7400
38855
108338
70773
59480
30212
72816
118667
32706
65991
67567
82945
84343
91610
61484
6189
84317
88730
116496
85048
115247
89670
69156
51207
117207
66856
80080
107971
61414
113255
3319
107350
84854
11023
48135
37954
38962
19807
41636
59152
101426
70758
118651
17884
62712
111898
63029
11846
81570
4844
22983
53376
91228
43277
72696
32953
102048
85979
102564
70284
109896
117438
59299
58602
78893
75806
11017
24204
30780
117487
113535
19426
89518
116668
735
62349
97564
84971
74412
92629
32708
93015
52908
80423
28118
64346
26021
38000
40079
112136
18239
35535
12014
40983
62364
84760
98020
81197
96772
35010
58574
93098
29706
87623
59498
50440
61608
54058
111397
792
69478
77616
38911
93768
22938
33192
98010
84395
96883
49814
91436
55147
30455
86268
60989
105637
25902
91798
74846
10922
67095
628
12195
100762
72870
4348
116725
27265
30003
7741
28580
30923
60667
8337
76030
18550
42648
82586
35746
69315
74568
33018
92428
46335
115213
51319
55139
64403
57719
108279
47461
56450
38725
11523
90195
105170
37093
61806
3280
39029
115517
58843
81424
97712
114588
92834
92752
65756
67494
89687
96708
84870
18607
105599
27187
9111
62064
15166
20029
30011
103806
58147
91403
54994
63195
67347
113861
111373
104271
109740
103918
103200
12630
33608
93330
48862
108721
51910
89786
19524
3373
49313
69357
115900
70021
77900
68151
102201
104935
99878
90700
72017
13062
58962
75687
64534
78753
20282
19889
29225
78885
38387
81786
99205
42961
52520
12433
88231
66954
43978
86781
88486
57307
110303
31287
22687
19948
36848
17319
91612
65627
113146
110021
32975
25189
2242
79059
48419
98414
43091
59780
116366
55080
13802
74288
13959
99169
83385
79582
33268
6455
14502
85659
76313
89011
100666
71332
93696
82984
11048
29670
37292
88712
48013
111811
92424
103783
99295
67817
113439
34370
85023
11503
54899
75083
116564
21642
7490
45156
107866
37924
65589
2789
9654
59721
56697
33276
49885
81306
82833
9509
40114
115233
89457
17031
10496
44253
72662
78778
63520
100332
35723
107713
110878
105123
14510
5064
19710
28089
78597
89351
79734
63481
467
93056
45974
91417
9512
10985
95306
32336
83942
1859
109993
91377
8905
78501
13221
63455
100684
314
45295
88398
111102
52227
94717
13427
19704
40225
34868
73578
69200
4182
89402
73234
56866
46965
96288
44755
25028
85202
81508
117467
3854
5807
6849
83354
111673
6502
108908
59942
22973
112880
34513
63334
109012
79272
50379
82098
33285
51143
42565
113377
41304
7049
86865
22954
63304
32366
66275
2219
39445
44350
104844
48577
1029
65734
28367
12369
116015
92465
835
11878
28536
79941
113364
15757
73170
51573
43793
84614
72138
11024
74050
113707
48114
37063
52171
60798
107368
10603
9338
54915
58955
29089
63317
90407
68225
88378
8743
57204
69885
102822
56395
17439
111609
5961
2517
95926
54290
7264
5795
116095
81706
18672
58497
73598
105488
45319
23971
80798
66135
67276
116119
5883
26078
11729
28335
48523
85584
52664
48048
5635
22704
33777
16973
72586
83315
51163
15096
6748
12090
41159
75021
111966
103244
42494
47844
29851
12255
76777
62759
2729
9703
86244
1034
39324
12781
70114
102651
41115
101422
42626
12301
73250
20980
39576
62158
80829
25048
105431
77285
4031
5136
54340
71419
105646
25154
45878
14938
78532
58462
114626
78868
69887
64872
100264
118177
65400
71177
100761
21933
117600
87417
49906
12266
29024
41049
30941
108142
61039
30025
64742
26602
91802
106305
34351
54992
70761
79242
97438
10091
37529
14112
98749
84284
52484
44053
116485
39024
9625
62578
33339
21233
118774
69920
37416
67785
5512
6668
9108
37835
83828
71334
17103
64446
62553
71791
36276
21837
34983
2257
67912
108823
78577
38843
7387
4515
101694
71420
83638
107083
63354
8387
6963
24019
93764
19452
8420
31083
117685
24808
8596
72641
91875
97643
81514
4294
97387
79091
17580
105142
23588
100349
21012
3137
7379
59109
33612
108522
104648
31920
44245
36129
15585
15474
118258
116217
49453
48240
3316
87112
28944
78101
81494
67251
98479
83937
21838
42238
78573
93950
107257
1962
9129
102115
55480
98274
70668
52810
87208
55518
27051
99036
103751
61354
105547
78234
20918
56719
34132
90146
5252
90611
24657
1492
18568
23292
51644
67125
108130
52049
77301
63247
118845
81864
64512
9113
57399
89255
65760
93526
57544
44862
9184
86170
11044
74754
56716
33857
105678
90776
59282
62643
16869
5019
13168
112795
73141
51850
68679
95934
98258
4122
43521
13590
42012
48074
62591
15303
62934
9330
22810
33532
67152
42421
71721
46643
60014
96859
95331
52549
80752
36229
44783
30277
3587
77637
3754
5854
42436
84829
43531
104907
40192
32015
87845
99054
12727
3803
61372
19593
11052
60607
112860
50630
37697
63554
33171
27448
97455
122
105521
117161
81696
54594
112055
6864
79876
47564
805
27330
60229
29290
30726
48126
95633
43078
83316
85219
5927
100695
36745
105365
74927
110091
35261
115771
110254
18087
63891
58571
29402
81014
234
41069
93446
72270
12643
18911
101413
46594
77459
57509
81423
84520
60990
69339
118224
77999
79574
9329
15665
48957
57050
14836
71468
48294
4982
96795
108248
31827
61999
41761
36583
71498
95783
13606
38945
1571
35339
62442
34146
110744
118607
21595
10068
98846
49016
3616
87567
109565
89629
2880
20759
8334
15549
9838
105214
105423
14413
62274
102283
15264
50097
96181
49463
80484
63057
59418
51741
112500
10883
93068
56694
49361
292
17767
113363
44938
22441
21220
114542
96805
2417
18007
110996
80602
36139
60739
21306
102691
71372
94670
68433
109875
110438
86823
30049
2179
83856
41649
5693
42936
118891
87778
77390
30877
59294
110512
39242
115084
41537
3875
13442
26365
62825
90236
21515
70823
64355
59625
38079
3998
90142
26818
116775
104509
63786
12335
30522
117686
3489
22375
98936
44535
45827
101615
12366
53573
67052
73661
110986
11655
37983
33349
111655
62298
118386
56602
46917
32800
62783
72419
19688
12228
22024
115503
62208
115347
3011
18547
6407
7159
44198
33399
35509
79713
31008
10481
22184
23488
53964
47380
117797
41292
24945
72296
72301
158
99668
4573
43306
25255
1240
29388
94658
102467
15866
22920
3077
67425
64994
62951
4493
22278
85702
63725
33023
74202
7965
70285
17914
23088
118919
4154
105879
9216
85311
58804
111933
23437
63018
112521
38679
59125
46472
111739
2526
63234
55876
21922
24212
26205
64639
44086
113912
44787
3471
8647
78576
87229
71203
44256
81159
51948
68591
67591
98519
72205
90233
38442
55540
15755
78760
4239
45063
3941
17691
51856
10405
61015
22466
15342
114993
66471
110236
101284
16198
97868
115169
43554
64100
53685
59698
60446
104045
34497
65113
14905
104303
72618
72717
52131
39782
61772
14566
15673
80597
80136
79477
95819
92625
34333
22253
13166
19422
44292
43973
100477
75258
50336
112902
109265
4042
14747
98277
40461
4809
77207
67388
81198
83709
71563
84442
42118
46315
89657
55196
26740
46172
84026
100958
35593
67474
70987
102463
41519
43351
113030
48034
50365
17338
113237
24646
62239
113110
29847
99090
22690
118401
1833
89660
8368
112972
117173
48491
15064
111942
105930
43985
93746
89510
18947
116953
18630
19531
60546
52304
9787
17369
18018
55743
33961
6119
13815
102980
43111
61584
103373
80916
58873
14620
65723
19260
29263
64863
4558
49046
54847
46129
23740
24110
30397
48878
27273
99648
57046
110690
85927
57490
84953
15515
7281
102418
21779
36462
20637
18192
102085
21098
59768
112737
17846
69313
18019
84112
113703
94245
65441
36180
48959
7208
16904
6208
82914
44813
83634
108194
34703
58228
31919
3240
71172
27703
118089
21615
10913
42794
67982
2000
78926
3372
78719
2605
6301
98685
109728
69821
66509
54050
100940
77109
97561
87587
62904
93490
88981
118460
68525
65603
29054
45181
41318
105162
59155
97769
91737
21607
93167
58941
46207
48009
113663
68146
17188
32799
95314
83833
68240
52857
26219
116762
103314
59994
3771
32624
101914
62551
118805
18177
64317
73481
75051
63641
117243
50756
17203
99905
17947
26171
114189
36872
76026
59382
89019
70241
67325
102220
73462
33716
74034
33446
93085
107962
12842
54514
43210
68304
45715
76658
25474
74717
10303
300
79341
45738
19585
99625
22438
13510
41468
38078
20342
106308
33944
825
18958
110175
44736
103914
2776
71024
38620
82632
49380
97652
33813
88146
24474
40676
20825
108568
53144
34769
18497
4829
12703
21750
87764
23524
43353
97537
46037
82493
86565
75552
53562
74814
37998
114457
100105
94850
29119
90025
52208
80837
51920
66993
78716
86033
47464
92076
91342
70600
1357
117832
105345
71386
43581
102518
73013
116436
65026
53507
89590
47881
109939
25463
98803
60699
89720
24350
118995
82104
11923
88361
23638
37522
11368
93332
11981
14811
117206
94595
77049
7498
66634
69689
118444
109285
65529
80205
76426
99423
114299
117567
3519
14528
45362
88928
86493
25430
70674
28339
75263
25230
29677
110776
110694
47221
44600
46797
21467
38974
1539
24106
117038
105789
114515
31844
78922
85352
28549
101726
55592
12436
93923
22452
13068
3086
23232
92383
68308
33040
5422
815
2935
21034
48373
39754
29633
87746
92272
17883
43922
99117
9349
31163
28789
112729
84722
42569
79239
47378
62770
28047
100978
108854
23930
34124
6949
88497
95200
52628
105264
60388
4460
68360
13350
16945
68270
118151
96392
21876
104524
68650
98638
90169
45179
44886
99485
42833
96132
47224
81445
68035
68067
63299
2362
100548
83794
95899
74660
10769
105413
101833
37855
39574
74110
86989
35966
55983
73270
6775
102477
28491
5253
85462
56603
30360
38968
88953
54363
43193
86473
26933
92216
102264
94483
39230
67733
25877
88121
34085
78207
118017
80459
11617
33508
30492
53149
91227
27837
12700
28835
103105
80489
115134
95973
23840
79342
4756
108159
94812
96098
35046
72091
53431
94809
53702
100554
24665
106938
48040
29206
30765
93862
17744
70093
786
105925
11634
32008
29701
13623
29337
111481
56115
50519
91400
40951
117968
71367
8995
96870
69467
116100
44407
3063
103336
72461
9521
76958
110140
41436
11093
52527
63768
46156
102181
80667
45855
1449
88285
4559
64901
10586
25381
7520
25002
58294
12712
21286
51035
23794
11606
50582
96257
592
29197
102389
20505
92600
72399
76637
910
49158
70626
71545
30021
98139
108658
104602
24924
100839
80547
93444
632
98504
74888
15906
95187
88091
80317
102128
106552
95856
37000
88913
36451
1602
118145
74331
15879
29714
81809
21763
95378
24842
55377
89722
53438
19872
66121
45064
22737
25692
27945
51576
110199
24032
40946
6364
27642
12371
22764
55279
47642
47765
30852
6599
20889
46435
44298
766
82646
49843
112501
94456
81943
1205
110520
99650
52397
18063
108126
87309
93392
111865
74483
88355
65191
6725
69294
51372
13215
91484
49896
86851
67196
62474
57203
3134
23755
22806
97775
111731
110477
47377
112317
78821
3029
59385
86762
100646
37992
65150
31025
34991
18466
19052
66461
87951
104750
83764
73355
78286
93675
11761
26832
61490
70178
94500
20270
48702
51209
97443
115626
47493
3660
41580
20593
43811
65868
51427
21305
102708
46948
66800
23409
106107
101173
49303
21359
3397
94258
65523
53768
100853
18033
115745
75032
28585
115024
56116
82636
36988
82684
93106
69615
51487
93639
71432
10593
24458
67411
113084
95999
35461
22147
95261
63
74060
61304
70529
67763
6187
99064
57896
31480
75134
60528
42186
47906
32412
56506
36964
20930
107529
89733
66080
32578
23518
93695
81028
38524
32520
30729
5217
104757
99359
84750
103843
118504
31548
20325
31734
108394
67188
22101
15918
17185
84190
7069
57570
88782
62046
51327
80339
3453
41316
24454
90759
42254
94472
66193
80404
60951
36824
86306
88519
73258
112893
81488
51647
5636
36934
113726
77639
41420
43595
108862
89182
48415
69655
68786
72769
35441
31306
61872
84852
7117
21848
16287
95787
12650
110062
14656
50814
109560
51907
63395
54087
29886
105864
466
32094
36479
512
24960
44454
69077
49741
67548
63918
61230
25319
31999
112493
60656
88583
63494
27097
75596
32926
73356
105512
106942
20738
27257
25926
110691
86302
40245
74359
3038
60068
37861
29539
32898
19427
102506
42732
30139
37700
37220
44163
31615
35826
97475
29249
62432
66751
82096
48262
106403
36182
51977
2390
53935
69455
42296
37815
11608
103269
10059
92700
93522
74916
50868
36887
34767
30382
6660
1287
77482
108323
29056
117270
89755
76960
106016
75297
15097
24591
87887
116428
74946
36843
99797
89252
15504
50618
63612
39430
98963
59387
33091
82273
105348
75562
78308
28151
100373
37929
88877
47282
102856
9660
12023
25545
29011
83897
40391
50573
34064
111881
16755
17904
16123
94069
108182
85785
44965
1826
79732
99248
92489
90459
32332
106053
88467
24434
103005
39044
246
106155
104753
41974
56422
83604
114907
113785
44360
37688
53510
114986
100235
106730
21619
106311
107077
87959
94302
6679
34479
100116
27840
25093
97693
38634
10460
107514
45218
22420
71135
10001
115109
91509
31291
117143
24814
69965
3864
35490
82345
44038
73724
76461
43053
105238
17230
109907
92526
2532
16763
108375
44536
72248
47647
21624
3224
2829
111769
14581
83702
5476
99691
58937
68079
9873
58059
104240
6146
88080
46135
101984
57803
89820
61265
33963
55615
80609
17759
81740
103815
73794
59792
100696
19607
25710
107325
14821
80411
38802
115579
96544
51021
64302
9419
55397
16952
5006
26987
110107
40556
84956
16969
35568
93722
104199
70812
103222
101916
112452
29046
83078
13912
1712
55919
65816
6768
100060
107882
103907
28516
13206
80095
64366
7444
6260
101101
57941
22905
84858
60049
89118
28633
19555
33057
96474
35585
29800
75612
89384
61278
59693
113106
103077
51899
46035
100580
117845
33250
63248
39412
111630
47105
42592
95865
16719
94286
4012
76881
67505
3286
118355
2511
29585
63586
66363
87589
110755
110514
86168
5238
28946
46461
67681
4674
71318
103041
108745
70883
96244
71452
90848
63874
47140
92194
42782
26775
104982
871
6222
84315
103543
103430
46755
92596
41220
25486
66442
14647
83249
116412
53721
81189
97470
85901
66208
60601
32150
86807
111195
90219
108450
78366
16724
87330
1260
45837
57802
76930
69469
87351
86863
99242
104167
23628
45954
65155
95213
64902
55026
6254
9782
63609
49318
54800
66073
1494
75555
79292
42439
116149
36329
51642
68779
91575
112628
20253
24862
82846
25695
98063
22659
84263
9327
109055
40758
22985
85798
80527
11882
39240
31950
64068
28189
97593
104470
102907
76311
55846
29844
27915
37440
54015
113629
43937
98151
18605
26956
23742
74015
23114
111590
90467
78646
43304
14763
56649
108205
99168
73923
85411
66672
87662
96095
48492
63898
80191
26802
18190
27012
5327
17333
7452
50273
8688
40563
44719
88626
58434
84712
66092
100999
93633
81762
33388
104655
71599
82682
107440
105747
102510
15910
118803
58442
56731
18728
31521
28008
81279
80449
25605
22078
75659
16579
62271
97257
104220
99689
26230
92723
58751
73889
33003
96985
22968
11906
76074
18628
96243
87148
9776
95744
3404
41938
111422
6865
31462
81230
7912
32900
104899
78479
87906
92654
58769
82767
73476
44145
44874
78209
108826
30512
112386
83460
86853
36303
96035
78470
105694
57738
20027
97843
94058
20603
41339
79318
60449
6808
26214
107465
18822
14911
79233
106784
53283
27188
28183
65921
7056
38309
101727
33669
59817
105407
107848
79828
67870
16153
97743
41897
78041
61272
84915
59683
72079
100509
97946
113391
25965
72006
117194
256
46891
31966
47396
4831
12326
23553
812
84214
60926
48472
55529
83374
91380
70559
72711
27676
12453
18877
111873
96503
103786
38286
113577
58453
50405
54010
79685
6904
78038
39442
40303
83166
94750
91734
75337
100654
48655
88304
119051
10571
78022
95042
92530
34285
76457
64340
80551
22266
72538
62215
45822
14544
20371
72857
118073
48643
42993
4272
32222
53566
25032
47755
23028
101521
22425
45867
47457
14071
97525
80307
98971
46526
41166
47325
1795
55665
50407
86191
117183
102052
114519
21193
107804
21075
13485
18805
16288
69925
54967
30921
50020
24721
63163
93551
53884
20660
96282
61534
115763
111779
98775
55475
91346
91593
57607
102383
57227
94063
18617
7113
56452
33323
46765
81633
868
270
86646
94432
101083
79962
64615
97540
76225
113351
86492
118294
73514
83927
113824
90186
107799
41698
96150
97911
82745
12338
97030
52715
47856
41283
8423
113336
80516
33081
85246
114046
97729
53208
88460
15775
26339
104542
108369
110042
15691
106881
58347
118438
96036
91515
96477
97803
18715
37097
88692
86556
5535
14743
47763
74301
50899
8218
92181
27248
66199
108708
16360
19763
6007
44612
77393
20072
6523
53102
88854
12239
31959
90993
64849
39594
96712
68284
92929
46214
58183
72146
60911
83187
50039
65168
74716
75445
62245
4062
78179
114016
49903
93294
67356
43103
60108
68298
83664
56987
49319
11724
49092
37075
40221
51333
48470
3997
15662
105302
25152
35889
52018
23612
13602
57968
9620
45951
53845
14022
532
34198
105072
3115
111135
50783
42983
110677
17498
93985
62072
62454
33786
88177
110283
20558
8871
71425
118448
66284
34644
93238
86800
24997
84935
107016
101983
3376
12294
31601
62219
6674
2865
97856
66416
13148
88066
49648
117630
54496
41240
47771
109587
30478
8226
68876
45971
50615
33236
87493
10687
65556
99622
6984
35648
66852
79924
104664
43932
49433
56011
57098
67062
13013
85870
118787
75902
96011
36065
48506
78630
86579
21315
42742
78619
83015
37302
79581
38870
103424
6561
44162
43779
57315
25865
7111
118764
107701
58235
97816
26741
50662
59306
81244
37438
1531
9344
75116
105718
58287
81143
35919
106109
73346
26520
1915
68327
43369
105962
80144
29517
87775
9102
55724
24618
24911
58948
18121
45201
31414
19551
116849
10015
73417
52362
81931
71521
18524
85252
42075
59124
51865
7678
66994
13034
115202
13886
109506
64140
63877
93869
35402
34755
58320
84311
56444
57303
113561
104269
12836
63853
62447
44423
66191
60782
79114
10409
22093
17856
1647
50549
80867
101251
62491
79066
55036
17222
24734
50905
33526
54174
58123
114088
60214
23268
115361
7651
65910
82768
4592
38596
40318
10271
30354
83175
59764
79204
57383
31608
56340
34882
111014
22487
75934
47603
46518
16847
51419
111692
56
45074
62902
24364
94056
55988
72808
108301
100595
18151
62036
14015
12893
64263
74319
77470
97176
111924
2712
109207
96806
63146
4542
60242
39514
115943
53747
114549
16116
115296
91219
108421
59007
97694
4597
106379
13279
90483
8182
48155
45605
40093
18387
60215
51390
31447
2147
370
18515
41396
87686
73479
93350
117123
82085
39528
100952
83763
91149
106616
100539
46174
16587
81182
62546
80359
62818
104484
56550
103164
66345
37964
6040
88723
13162
11314
77354
67949
33449
91078
73717
89398
11635
105592
12949
78787
20986
20657
4875
106329
109223
14055
78695
68193
54317
24442
17027
112666
12967
22484
20038
17526
53920
45824
101261
86952
55820
71004
58054
50290
63158
23391
118740
15291
7156
10287
67440
72525
40864
20583
58657
9467
103696
52931
1570
118150
28156
35220
80583
112717
56420
86682
109284
63116
68484
36367
38344
41475
110846
13020
84936
51935
25186
26337
95402
43475
29944
42314
26089
87238
25512
78395
25052
27262
15381
42029
87921
17564
77512
63492
74456
20028
63047
45429
7533
4603
88315
113390
110638
117190
114291
90361
66823
54997
105321
113389
100764
93248
38684
41010
25561
76377
20722
24752
50510
12355
81780
92806
35523
79079
108691
22813
94734
77330
70927
1895
114679
63896
56042
53930
85016
85346
107893
13199
101445
81926
72755
74184
18221
96950
10534
98312
29122
59208
98699
84569
53842
118072
21342
19571
14976
102539
117018
39563
97219
108833
56173
70210
59264
108444
60929
31428
18047
73470
89646
41811
63687
63096
16975
89842
7990
68748
94790
94473
57043
59827
3177
22136
68780
94120
77760
51840
35389
16594
98204
24717
10798
102740
107543
56530
89906
60435
65665
24526
35310
99620
83050
14681
91910
112548
7772
33518
92971
73186
65274
107075
9092
62450
53396
70791
60635
92378
5523
60062
70862
51409
65855
60376
26819
87475
100676
52884
78040
97319
81511
37254
32588
72803
39871
113215
75229
13286
87360
12165
87561
27471
79613
113102
66524
118903
57843
58003
83887
49920
111852
49623
114843
11908
80652
75428
21987
58799
55323
62304
79982
52936
114957
34374
55342
28917
26994
60425
40018
87152
106981
97102
14106
98268
71646
12084
114895
73184
26656
75864
96317
44890
55898
32511
70735
80478
9707
69350
41142
13276
115681
74884
92972
118527
27998
16620
113020
92949
55419
26638
81808
82162
99643
90851
46567
12000
15099
42231
16470
50722
35301
56983
89346
23
85403
32339
92012
70143
95879
64093
111328
7523
76214
109389
7266
107850
108902
67297
63058
13295
10842
91387
28548
22459
2367
110834
40819
114496
27842
9247
94818
18774
13274
59907
88771
84702
68877
62291
104431
98238
23085
35332
103955
66760
20941
84170
19166
9313
110855
92853
59579
34662
56609
811
2803
81797
29733
79579
65562
7963
56057
87508
9431
73000
115963
48475
36696
58791
34332
50031
92310
69593
80427
118844
56213
6041
79602
47363
84425
45779
32030
34121
51290
41266
58544
70867
81145
3005
12771
112211
59969
14721
33394
113411
75395
72714
4711
60796
98580
117156
110084
101947
24150
34270
49675
57349
53094
80220
9235
15584
3459
2543
53812
14990
96930
115934
28351
72933
117104
58972
75172
39178
86550
9891
2590
24121
46669
29972
109663
79610
69856
4070
39916
110396
14709
20101
2088
31583
72197
1627
1058
96473
104351
7425
50732
4877
116652
20145
53404
71008
62658
652
65715
106722
15156
35742
11361
47067
90202
52795
7137
23532
55153
52128
92617
57431
94083
107934
86914
39820
74855
88423
10040
3614
172
32352
6462
16374
23842
85559
98254
2345
97160
43575
61862
32244
110936
6023
53173
39817
59998
93693
13064
117432
32434
4675
10171
103464
21924
52606
85978
9651
48581
24391
37456
107442
101195
102305
114963
115988
112576
28284
107443
85348
105088
74458
37209
11224
8808
32972
9610
9966
42482
6320
52215
34705
52043
32097
84531
20054
83754
55514
35401
112706
41470
21015
46406
65215
94222
89941
92361
48789
15965
33840
98598
89340
32232
3631
57560
11487
62335
41124
42258
2008
44750
72642
1338
75900
40652
44388
23548
115023
77511
108936
54686
69435
67109
639
92808
42603
104291
67864
33663
84454
75461
107182
23257
54502
7713
93565
73854
31947
19395
89576
12850
40825
33043
75578
73508
71134
72191
12914
99096
54972
64983
106831
100898
87672
58826
51849
51760
24476
85703
85958
47959
68711
1132
7046
97062
48398
99803
15276
1555
21894
113191
46126
54460
67703
61831
2141
40998
72832
19906
98993
43510
107265
110046
50179
46854
67860
55202
31550
57450
32469
107289
22819
80227
39637
36656
11022
63153
45653
88848
31133
54853
101954
81624
74668
106468
69811
112363
44146
71121
28387
43086
30721
6466
63070
25179
34488
46542
3845
15529
1608
46738
50276
83605
14364
44934
85351
753
46113
9437
25588
118582
51695
11328
44619
38303
24807
22142
104897
22975
30117
107772
23320
45053
24487
115218
65658
9738
62862
95211
10370
100749
73340
68980
2995
65464
74492
2588
61838
90868
34347
55843
64752
56387
115116
4006
8997
66144
105245
76968
103805
22499
59347
32480
41116
26806
81517
107998
21087
86902
41127
100166
95845
93082
59084
88680
54871
114904
45158
75139
97463
57400
49595
48007
36704
3217
118567
43862
95988
30848
47251
105977
77722
75192
61112
33654
93592
20055
110597
8550
24579
97352
112942
89872
59538
87064
83281
64995
78593
83334
82048
56796
12172
108946
18918
94014
36514
115496
66042
109684
37192
47085
16386
107811
73883
101868
6166
96835
97719
57861
44205
118877
112549
65629
20051
83540
8343
31728
34345
18670
46100
56227
48658
84560
102453
31889
111810
95242
101046
60267
4805
41353
10205
73622
53673
109827
105870
98496
37115
115058
44114
108037
29703
18762
9573
93772
16687
40684
17270
117586
94415
84191
61933
2180
9691
62560
52290
29327
99753
46959
58591
62267
118121
60654
42249
34476
112656
4607
10598
50241
15892
58486
47951
91711
67128
4888
3496
64431
81979
71383
15932
25528
90353
64919
97858
98891
93742
25426
27222
83074
30999
63319
74385
36677
82811
74010
52450
65452
50754
65206
3142
43504
25256
115845
82467
96899
62385
14900
86899
84859
109063
38883
89508
39116
59408
25685
73741
61447
54262
42279
55524
99143
47323
46014
26665
61431
70924
55995
38806
88684
2575
96975
8775
88067
38113
70573
46807
109187
25682
101975
63824
14825
78412
73096
110969
44960
52302
20266
41504
98973
5942
34924
36018
99992
11889
25504
74782
76682
114938
50640
115190
50688
66325
83355
101449
29788
115198
10928
39897
33433
36778
43493
61747
59573
100127
59686
1339
84758
110183
106244
56807
117759
15345
52929
36301
92541
10408
114093
25826
62060
24292
82341
77407
112692
104181
92745
27457
37326
23458
100119
105303
24074
10076
14098
95013
19581
18166
31131
18381
7297
22709
94948
74444
86764
7862
36484
32144
26117
73251
108827
23462
81603
115851
2253
38981
7515
75286
100365
28399
15815
104642
78536
56509
45413
44471
10715
62648
44460
14997
65570
90749
26651
93154
3910
43893
29587
44566
50991
93452
49638
109561
86233
3152
42092
80526
6470
19969
109327
63798
96836
115576
99569
13483
2280
23843
60483
66418
96938
72900
78749
24874
38867
44280
47443
89580
62520
52394
85947
17753
62100
34346
112183
30517
83122
49667
55520
77278
19769
17647
44996
64407
101184
11693
47256
106255
38719
40217
109583
115516
28141
80196
11539
97573
6548
26686
76713
74680
30826
13369
116759
27966
13940
79928
56008
66834
103611
12209
24980
22512
71742
94051
35423
97430
107438
59248
82910
70875
36972
107094
113829
82093
5742
10740
38126
93228
59301
54681
41114
82340
95094
90386
55626
102157
35217
53547
90322
81815
84600
43402
79340
100515
9233
57323
115385
20814
96410
63203
89968
53188
46901
28709
85624
36103
10122
12646
109721
86332
25740
72130
31726
67235
66277
81124
71079
82926
52913
88173
112254
100453
115648
86107
74218
27627
10823
79996
67410
44455
104199
7526
37717
38941
72418
27023
118293
90326
107532
102340
48575
38069
56887
98920
100462
3542
4004
20983
116663
20262
99078
113205
49009
43625
55034
90209
263
60042
108155
16178
100955
78798
97237
64596
37913
61017
22697
111708
95279
7720
41403
99406
109946
48006
74284
84434
53919
4187
77810
110452
79072
71550
45282
62818
32458
92768
95383
75075
91991
90335
80707
31997
37769
81708
95685
115625
64715
48034
57548
97154
114969
48484
40105
104548
71689
4861
21717
5419
46918
111094
10211
15342
6233
25418
30474
79445
13303
3439
98630
73303
45847
