34920
19836
3629
77949
47226
26974
34083
41829
89227
103034
76683
20310
42955
49765
14958
10028
9782
73164
106384
78785
11992
19024
89187
61309
89529
39343
69332
105323
36361
2463
44218
56283
10550
22919
62089
50478
55116
49868
89584
86695
31951
74406
46430
57576
106578
66654
86532
5109
78263
62421
51973
319
31397
106135
90773
41165
2326
80641
10834
32165
56237
71581
55021
81261
71563
85687
27877
69248
67048
20204
18543
39093
75090
58157
74101
60879
7799
52126
63824
88177
56383
57048
2530
19684
50943
88533
36662
12111
13563
1065
67793
27053
14108
86227
23032
60527
72821
54229
49079
71492
57071
106488
96696
106208
24901
44757
86320
72436
88062
72684
101318
42564
490
88080
35613
85508
58481
66549
1922
3399
45849
8658
101143
17054
32747
11117
18700
81308
44976
44387
15077
75054
91244
62330
42833
18602
92883
66640
54627
51782
28128
59577
100538
26920
22905
46694
39310
24002
103682
101775
67685
97712
44887
2381
21593
26228
61805
79982
10176
20891
30659
75924
41751
97545
29660
2257
97122
96777
69905
3507
33145
106933
25391
30552
24979
78390
50046
102328
90008
20112
40112
83031
27174
2470
18576
41514
85374
32139
97602
42122
59395
70935
38657
14039
82805
70564
83029
38450
31893
81010
37473
106237
86370
60519
60214
60422
27404
62700
13764
90750
54334
92610
49200
76052
82784
104137
86471
5191
47991
72679
75980
52170
98012
80898
11692
21360
27436
59833
55239
40904
90515
2924
95727
81318
75059
77287
60348
52248
26488
94140
85953
18646
36436
565
20850
33309
18737
23286
5880
1780
61335
103464
43952
73955
66942
16342
87388
87752
81336
76561
100634
36750
13259
35368
106856
63053
60798
5773
38994
4554
38458
50904
71618
13768
13055
91538
49720
56609
47844
1543
16909
452
118
46611
104616
98865
95750
9895
4742
64789
94843
43853
38793
63669
93053
54940
49525
80674
37960
57617
51437
91382
46621
89664
72962
46215
20116
92614
237
51989
32083
59167
22732
82051
75479
59894
47515
15279
73396
24834
23875
48247
41638
44544
70877
54593
257
5603
50632
73166
54959
58672
45657
53934
98802
12816
74419
84377
19970
76990
46228
61253
63859
76227
101019
48356
93331
28903
16808
38621
58852
39900
69051
69513
83203
23966
22857
74045
31029
5821
106383
47509
23527
28072
29372
74106
51248
63588
48756
27573
52103
85766
45791
82584
74938
21941
35839
28177
32156
29426
13201
33362
61027
28473
30906
65870
23395
55258
92266
12155
79750
37117
8912
80480
46745
104918
17459
71195
51494
42451
47885
63037
27006
89767
18333
16959
90064
6727
77765
54274
85577
40999
80570
25716
34387
53953
92109
18548
55589
7204
22205
29905
35146
39986
40609
44664
100682
62113
10610
67356
92929
71556
17677
8453
27923
26605
86260
52711
60849
83614
7719
87203
40147
82539
4657
106304
9393
81229
82535
63903
105358
41262
27603
42483
54391
47347
8534
19800
72569
41656
45786
103041
82269
60964
44656
24908
106002
32398
78562
106008
17586
97076
12586
98909
5719
96140
9661
49038
14600
57672
18319
32685
87958
51333
38800
65842
9442
101421
52828
16479
52196
23903
48995
82463
96998
20502
1828
73080
13923
104279
23211
78121
67961
82550
52124
51335
91305
41934
384
87714
92180
37656
34080
77551
40289
48572
55316
98952
37718
5049
85616
29723
44359
107280
96995
66152
73719
14
2923
44338
93332
46247
69855
7647
72773
895
102775
15739
92932
2148
33377
2835
106123
83268
81893
89159
92312
12549
56763
101489
32412
45406
85067
26764
25163
104914
48369
18407
72552
81533
57129
51243
6199
94532
37786
84894
12184
104615
63953
74797
51897
70178
89639
89246
45020
9433
32780
75409
80033
39301
53468
71985
10406
86681
55454
97468
96077
83360
45731
82943
66174
66196
71775
46665
64396
47663
34122
100040
21816
72666
22471
19427
56155
40384
36454
7554
91666
7581
39501
33460
21973
98069
8545
99107
36028
105137
67859
66690
40874
45483
55720
16228
37107
67099
12588
43241
45053
16372
101998
86954
49548
16785
33302
48006
3051
46396
100374
97339
69940
70262
5259
9469
67718
46652
60394
35009
91980
43524
46991
92550
14486
45495
58926
60664
1
6646
31632
21419
83290
60694
44381
55630
75908
780
53821
94793
50852
10412
61906
47364
84987
57958
9526
34482
19939
13155
19137
69736
19710
86785
58780
15513
77275
6034
37907
99252
67605
67152
24932
80817
69532
53611
2492
49324
47691
45541
99598
3711
86167
67743
79948
46907
92903
72438
91834
40641
48198
76386
57583
95693
73896
89121
9828
87554
91358
46492
19077
62348
84254
36633
12007
89807
14828
68819
71812
5641
61510
70626
32463
51408
43664
80576
97131
72906
82963
39198
78598
93435
30095
82448
83249
76226
58588
58710
22362
82332
50848
56975
96168
83239
41650
83877
76159
102865
29078
19360
38487
67251
26202
60900
103876
59489
96499
15747
9055
39139
11348
45875
48568
57242
22946
102509
20320
30632
52873
23604
67821
74034
57346
11209
1728
22624
89252
43950
27370
1016
26654
28429
77349
10363
89283
104796
78100
5294
99419
105883
93418
56416
49265
33268
83993
90513
37007
93259
90188
12796
58006
28258
91178
69859
50817
39960
79017
57284
79576
103202
89372
20415
22454
99632
103788
60899
29955
41228
12364
52493
71657
58612
83514
103990
50974
30264
33711
21170
45183
8613
36168
23511
81591
47344
71060
27766
105666
81908
3748
58638
70322
41864
34958
34439
7292
95615
35503
45793
75092
99200
38019
69033
7397
89221
18469
63872
3154
97831
100511
91669
5155
78310
54622
53196
4258
64886
63324
75325
27148
3158
16529
73818
25978
14908
9394
26511
98736
71560
24732
32998
40422
63999
66609
34644
97996
93459
94441
102966
64378
56407
88468
52260
20694
57952
22409
68546
88175
17151
19003
31336
24569
101024
97099
51323
85623
584
8083
103201
13126
35261
47487
640
60127
94815
77782
2355
102153
4891
82237
102546
34529
49284
47175
70815
97688
51228
70199
30748
28480
57797
56911
37804
27667
71383
41854
34626
39197
35499
2271
29749
53757
7557
105941
6133
18528
105342
46053
45280
83674
75789
15200
33886
72185
14592
131
8530
102648
58734
87082
39517
88986
63059
100843
32397
67301
50368
49355
55637
11043
61337
9550
79738
16633
88072
106335
32329
83625
3221
13644
67610
29241
37892
35067
31473
31277
21084
22077
107093
10060
81248
98194
7379
11677
12461
63955
5542
75591
105102
23583
22349
10580
12958
78394
46128
33683
37725
910
4239
38451
100989
96188
30779
4481
59747
13805
86295
43703
42439
31615
51127
104549
76433
19606
32492
82955
53345
24376
97048
48323
19947
4593
91165
44372
76705
99264
56190
91446
35293
105672
7092
74834
31836
72251
33424
75189
94528
33175
50619
63930
89153
37370
41450
27156
24935
87756
94162
28927
39639
101733
100894
78724
44648
97179
59188
30305
96416
38556
84500
62516
93742
76357
9240
29940
26466
47204
87195
18861
31574
33653
76735
1150
66062
68
30473
42432
101255
37008
92195
49625
18337
12750
57468
2336
87668
2311
29143
78934
68545
38617
391
61578
13614
81511
103403
11735
31805
43456
72653
82650
34785
76218
41149
29807
94578
29574
73071
85398
10023
96054
59760
91366
57871
48250
65182
28307
62884
74245
104482
27852
56612
68010
37868
77315
101555
27621
97731
34076
91344
22130
51972
58196
5490
63602
97673
48849
40880
16246
33995
57828
24486
57423
65321
63446
17400
16572
13783
82964
35042
15063
7418
61570
85801
90461
47676
24477
44955
5817
16752
74303
101747
97564
91059
71320
31314
51092
23829
103489
7856
9065
93264
80457
27553
58855
15103
49653
34139
13151
50467
73007
24500
28592
47269
98932
82994
57025
62033
43356
59222
56514
22807
11776
51676
9876
76325
69901
36923
87338
70453
6431
58773
8977
522
9811
100805
26890
2307
48724
52699
15784
10845
24292
16731
55025
72594
62432
77166
86450
1655
34229
20586
104876
63359
46990
79992
72293
9348
2164
32081
42631
38452
94029
62137
13726
14797
1314
96711
97883
27079
12769
58131
63746
37451
22947
57984
13436
30290
80872
79493
23371
59625
86137
77852
24164
49320
63993
52408
39486
81384
74390
99414
101712
101440
13538
80572
103675
40839
67379
65869
55780
101385
45029
14178
87150
12320
64897
75114
30403
76077
29230
30351
64920
77756
65298
18055
96624
73058
44971
12682
76301
17175
90949
28899
84543
26805
62888
51497
24987
35946
88312
26055
49638
62605
57162
48964
51874
87274
11110
11512
27403
36517
39154
21623
94456
71209
7345
89235
24291
71684
84103
89449
41465
92215
24165
15789
7881
72452
2747
44978
25747
95822
58746
72970
26237
7681
98710
42194
32485
39487
39496
12868
80644
100045
498
47288
66519
95716
105895
101942
106308
51708
52386
37430
27398
21858
60009
14904
40039
59343
59180
35493
68522
49799
39614
93825
74438
93396
6173
59495
89074
47169
68051
27582
28393
89384
86563
49429
16539
76068
29976
1527
65239
58799
56033
85544
26828
41518
12021
68188
44951
96002
85564
73769
72911
15021
91717
20575
47518
103552
104746
47921
58134
28889
90404
24611
6110
78578
59157
90545
65210
76665
2455
53363
71648
83098
59898
10418
39120
4432
59729
40644
10450
23588
42436
107550
75087
33660
15427
61426
93487
39799
61576
62511
21080
52350
44085
87786
2321
71802
77429
41938
107095
28952
18069
76838
49485
48987
2538
64015
24509
17480
91679
79132
37084
13675
38897
69985
100500
86121
80172
92862
73298
28568
56686
65176
60076
104113
20455
85507
13855
83298
92487
70790
41427
1090
62772
26871
61168
86697
66353
92548
7357
104623
79012
37302
54354
19561
104375
79254
21377
34201
20189
95890
46596
78522
87138
53416
60459
31786
31265
49628
69757
6212
22747
3279
25272
69067
13792
65659
46695
53723
79598
65859
1640
3068
812
1230
78507
6773
89112
79542
16979
19799
20882
39938
67333
49199
24036
101897
97091
18457
39031
59839
16011
33587
89397
72755
77869
100523
68607
72793
1837
19547
2673
53262
56862
97934
41475
374
13963
8634
27206
11825
59081
77497
92971
20146
1957
38151
33116
50099
90294
81833
25292
89103
27526
99771
917
80540
64117
48412
32963
74144
61334
58662
77817
60610
30976
68416
72941
62414
86572
78346
2699
26116
103524
2312
34483
65910
37149
17477
89744
57072
28636
94096
45450
75571
99817
22725
3512
101777
61498
73415
34426
86730
18068
12122
93788
101330
3320
75213
100988
91621
38042
98226
83433
93659
46378
91
74527
89924
38067
99872
75435
49333
3978
6243
84579
36706
50738
44592
40105
78356
30250
44959
16791
83565
32180
85731
59403
5942
94357
30500
722
16793
16346
65283
19662
81287
4286
18980
82620
845
70458
89846
77706
68615
14097
105380
22035
6957
33088
21107
89357
56812
84035
64896
30891
67051
74526
98862
98744
82847
100642
94527
88864
30449
85326
48611
92696
32740
100357
97621
95686
24578
53537
8293
20367
19617
58860
85193
51561
84494
33636
15775
82909
94734
72277
106597
38844
29286
103688
58531
32794
105321
61595
87692
92978
16242
54671
43034
38836
76481
55396
32460
31117
80106
29827
70010
38366
48221
87240
50752
27875
41689
29606
43366
86693
98427
7385
81598
30400
16054
68091
6698
62453
21416
32255
86529
86430
24836
91092
45572
73699
49886
57463
96581
33371
49191
38446
30565
22381
13430
74267
39375
77316
75041
93287
41113
25852
59799
51519
35208
51064
47325
43756
84300
80843
37333
105547
30538
104928
102811
66631
25839
35266
100540
95271
87487
8191
23599
73391
79935
20897
94371
42653
75482
2938
87061
82934
30347
5785
96989
91158
76746
83297
39716
73589
97060
56964
152
71386
17504
35745
32443
86057
11840
43522
72145
69619
71157
57714
13251
13817
61022
22099
29726
79740
78051
9978
1049
52722
37723
22200
30275
50765
37316
61737
61379
87400
16935
63667
7969
41282
23830
34610
77369
13939
14105
82004
76714
70514
51374
1310
31239
52164
90274
18130
14077
63687
29648
46948
71500
94477
15561
85460
61569
71538
66904
93386
18816
93567
63130
7830
9997
52000
89706
72869
69311
2076
89377
81094
72664
72005
47803
3579
103938
8782
75869
27813
83763
94497
68131
35840
52188
88150
5203
64308
69116
77122
51540
96614
106673
22041
76387
82242
13897
68212
98785
100777
3675
83258
30036
55235
36485
95907
81099
17390
89553
40806
76885
93655
39304
42366
76492
37931
40591
84983
7295
81399
98489
95173
16827
82507
57402
81612
21090
9505
51512
76380
93276
15741
93
25204
17620
51048
20433
6632
48922
98297
30389
2395
88295
25780
66880
34388
100612
86222
22001
67
20465
104691
53133
21480
57644
70348
2210
81980
103759
15512
59781
15229
9345
71938
43668
10352
60026
15908
60430
56131
72156
5053
49831
72477
28465
71990
100669
33028
40316
46609
3446
43489
91561
57516
97791
8491
102229
62602
80852
11317
59017
37028
72565
78354
80513
44340
71003
20942
43283
77148
40943
29036
17862
68166
71175
68797
74254
100226
88721
98459
25036
34880
66008
78658
88108
52079
95436
84335
79299
104834
2222
98244
31192
32891
37793
53888
42093
98127
93796
46036
80537
90563
30855
11262
97899
60746
32885
102205
68500
16601
74044
28057
23128
55339
61314
38156
48132
104897
25489
13318
44816
105543
78675
54717
46645
35528
9186
81525
100243
17310
11914
81325
62711
93045
54034
164
27480
95252
65637
51993
96399
95493
67244
106172
29273
77038
63983
54707
102090
78045
62054
102144
30847
57628
65014
42392
72491
95484
59728
58549
81848
58900
52661
58889
28647
93911
35060
67629
43842
80697
70936
62290
54643
43487
58601
45177
9280
46879
71959
68484
91289
60147
83861
65354
44659
22880
90934
9408
2272
97082
35340
13038
73399
93175
41582
94056
48863
105806
40724
52786
91852
65646
41170
79516
65699
107394
75936
93963
82950
36739
44962
12864
37282
70351
50958
29640
24705
85935
16281
87864
52971
68055
50500
50390
31337
48368
93527
82346
74220
45537
64530
38161
41287
45083
1571
69799
95082
13290
53005
44823
14652
18565
24246
60873
29061
73574
53082
42669
91712
7454
50072
34832
104605
21487
60553
6731
92628
30702
47307
243
31479
32204
42288
17320
50930
15234
47737
48131
96579
77151
49593
68614
33914
32296
105524
102342
1371
40034
38757
12272
51298
19312
90454
79881
78660
105166
27757
75001
58956
89640
104917
82018
53872
794
63803
77902
40869
36275
10830
76261
75681
71941
43454
11274
82935
19659
7946
5129
3080
45818
36939
83213
16098
96566
15697
98783
96757
54824
37494
86135
100718
62619
27894
29404
10362
8527
63001
28609
70803
51752
33567
25471
77720
77
1358
34223
21166
55761
8447
35703
4820
55188
56705
22134
24956
44402
93930
57139
22308
4254
95499
45347
19211
29948
57147
50015
45576
42499
1169
63912
27579
31760
106620
100410
9162
51350
53847
17828
96050
9242
59214
88298
7931
733
33103
23390
85123
22714
2351
9369
45246
64930
98619
1981
7138
73339
15504
49996
70706
87418
21184
17102
105598
32114
42364
82338
93156
33269
60578
39437
58863
31958
105601
39023
71883
59677
81354
14975
68003
35022
2486
21367
35337
35017
57367
35143
86303
94657
34425
1999
96256
26365
42469
79785
35609
66964
51221
94886
92168
857
93971
45168
102075
5380
98515
96652
69071
72902
40106
19569
24234
47277
23226
38851
58139
97591
63664
3548
28496
15341
47888
75265
345
71642
53138
93598
56158
39235
19210
59942
12631
19489
56669
50650
1115
41460
62883
73323
6538
89351
54284
48028
44247
77510
69435
43030
40695
16197
16516
98236
43828
53145
80039
85695
39390
67013
32701
87367
86144
3113
94701
70095
76788
16004
49654
92070
88810
29126
39081
81192
57226
11200
80828
21831
41549
98921
44237
21637
21775
61850
81812
58508
46560
3293
35018
15441
87796
97793
97870
92367
90491
50811
69189
101448
1416
82460
57261
32892
65415
19059
43994
57550
27284
43607
65633
68685
28330
38977
43271
39352
43892
26392
23105
45666
26175
61658
51023
59115
75728
35213
74741
63263
49547
38086
8152
67953
24919
100009
8269
55530
28083
25679
13566
34011
100174
5947
9939
94327
36656
28368
80594
69114
100836
61271
100550
44489
32097
96776
57996
88486
75992
16596
16916
107363
34508
80731
27054
20898
87868
42462
12719
74847
81886
105780
14293
4086
103067
56842
38750
34878
888
26548
22980
15845
10588
10667
17313
62832
11351
40102
17067
20056
1705
31294
101499
49951
54590
1896
75981
41909
67004
73018
59978
18306
6734
6848
44278
459
101264
88936
53512
62123
36826
82194
28390
48343
25847
50868
18930
55549
17654
77805
57987
20157
32493
22873
71402
35412
21834
80186
78679
1210
67982
13171
84272
92196
16838
82015
26874
34723
16831
48381
90571
56251
28131
3439
16422
76827
100283
14228
24445
13326
56097
35370
65653
97063
85526
64762
79163
34390
81593
40006
79170
53954
58788
4879
60089
28637
77357
89365
89290
66767
55108
11816
7652
54057
39527
34281
80550
63943
62231
85108
40430
68114
72778
46483
60168
78688
50111
8460
57246
67192
5367
104606
6011
81570
67139
43236
96750
82347
91688
91906
86195
735
100691
25326
36964
100075
90124
31082
6510
37118
39047
23177
87046
46286
56945
90082
7569
31394
48405
57855
100673
104990
53309
45123
29994
5074
67955
38135
101380
67897
37169
68450
32022
87494
74995
43277
15210
67727
95955
7432
71643
71771
52025
80811
30443
42620
83847
39260
92645
10131
82472
5771
80168
16981
17144
15966
64168
18579
43587
3343
100662
88345
97820
68942
56041
7562
11769
45356
28367
64589
8998
40577
39597
87364
99848
96176
98696
88958
38392
46715
84809
45931
64627
59366
45220
33537
66989
86655
8640
37363
97316
85038
66736
88624
54980
82180
67565
2818
12581
85705
70092
48256
96929
76625
3355
34715
67921
41375
76294
58108
104801
103265
48304
99202
25089
96137
58363
30738
84048
7564
20231
100637
4461
58832
75177
44605
96412
11674
10867
32625
72662
26467
71182
78018
40304
5525
77386
82789
26574
91199
3720
92902
54848
64392
67130
15617
99322
45578
84744
10341
34287
10300
22668
85884
6222
16063
48366
15876
6652
11189
61649
85600
9385
75537
18329
4355
41161
92386
10915
48268
25789
7329
13751
54659
80963
65212
7897
91316
59547
43125
39130
63920
76682
27728
18750
18169
80009
64607
15995
34577
27285
68580
86377
46520
80136
51779
23922
80621
11344
20998
1602
70375
1626
16351
89251
101211
26645
67594
30484
13349
84881
21126
36200
20405
89224
72100
27348
98750
46388
17327
73345
63500
107354
67163
32523
78272
21915
98713
10104
62047
7533
637
93871
31846
86525
92673
97212
3125
16790
54998
84970
81976
67794
32926
75128
86241
32622
95975
34496
100280
58492
36110
43895
84099
71122
102243
52141
22754
96546
66232
39994
92444
82579
63387
106599
22700
80847
92900
38350
49184
46577
34263
72983
12299
65004
9417
56698
86217
79044
4304
36150
11897
78646
27892
11710
84433
89599
105308
99886
93750
33798
79524
89481
25100
66969
26477
40726
69520
56567
93866
9222
52385
86834
53572
99482
55816
105365
40100
35286
70892
97889
92317
72424
27377
90309
77544
30964
77201
107374
31523
3176
31665
89050
12681
14003
20855
15106
10414
85589
60657
5080
52967
35241
29042
53789
11121
105669
99891
33847
98796
13098
6344
31311
70156
58194
33540
12382
28419
77347
21264
82618
55918
57115
46232
54561
15695
104136
84638
12182
82271
34111
9595
28570
103180
63516
18446
18993
104836
85722
56080
72645
92988
16297
92852
60363
22386
24751
22929
81999
39745
36474
79556
58404
35459
17253
77493
102173
4556
42711
94665
91200
1854
59003
54180
74090
87872
13037
93357
79308
100442
52460
4398
42822
79142
34927
71027
80368
90431
18379
66214
33410
16123
71364
86287
71179
21301
88063
106101
72530
69774
40125
96819
34138
33690
104554
55305
70948
52735
11626
19105
32076
105098
38497
79052
45211
61266
85598
64987
103562
67968
32681
26595
15172
91221
81258
105149
39731
79758
24298
18797
78508
51017
58931
45435
55680
23418
28088
28731
71404
20598
22893
65104
79636
21524
16097
97674
30654
100131
61843
20428
31672
19915
94187
68255
56649
85550
63198
100079
4072
81660
11109
63937
56533
18881
38928
6779
97072
586
85903
63002
76533
54656
74604
52751
34412
64416
55923
35150
86184
74728
7772
29012
76085
34736
43036
34889
96809
71607
76424
76422
87100
7491
53466
6398
13640
41062
74007
101732
11574
99584
15918
29791
7227
50424
63178
105869
20054
50119
30206
98111
9
9835
53021
43143
73592
53855
60796
37414
41315
56548
74953
35059
82305
83534
37956
85089
19989
22828
98966
64828
39187
33394
95771
99169
7150
5840
15439
80375
1929
102281
12570
22114
29449
94388
23144
26347
83734
73163
72547
30874
85974
79085
16942
66980
35202
69614
37166
24342
23537
20612
18650
35336
334
61534
68824
69380
101588
84558
26658
86272
40371
3878
55665
64176
16184
37318
36465
31851
18007
13400
44598
33357
71671
6043
5627
5895
2018
77377
83190
15903
34099
61453
19672
46348
16670
54309
100614
33335
19809
99498
82069
85599
3896
84573
106362
51443
74795
64177
107412
54766
71726
37308
1166
92120
59866
42328
37115
44124
64198
56566
75375
87645
3472
60604
42633
45054
30231
51927
29480
20427
81970
102941
2235
19323
52067
38684
40442
27129
50942
82453
34294
75494
101762
56874
50617
26158
90631
93299
63215
97773
3151
90907
28015
44094
97280
4917
84544
11716
59247
47658
74613
35972
34916
6976
21454
63910
62920
47076
31521
7192
87577
81392
48673
87409
62986
83889
105167
42256
45043
29926
104164
16145
64008
45794
45310
98942
7858
18884
24515
99385
53385
79315
81198
63234
12411
62539
53342
38021
102512
74156
5131
16499
70516
67352
64942
73441
72975
101085
85733
19692
23107
68365
64311
39816
79094
51704
6349
101461
82348
4224
6345
64044
32121
69187
62419
67653
9697
10292
61225
9573
76904
55430
106477
89968
80545
93514
104653
26727
57624
62219
5044
41833
21144
26008
87290
26024
101276
69615
69231
68429
85706
106183
7360
66055
25221
90678
19343
10421
56103
22223
7503
73943
8708
41389
7704
42068
46003
57837
38577
55690
101915
94603
72363
58584
90546
75081
87859
22298
61292
80542
34021
32627
100180
29678
60077
75750
4167
37273
28414
41815
106406
87886
18054
66419
69419
85240
95972
85488
94949
35925
63422
38098
69373
15389
75816
102166
43919
96061
56303
59357
60411
92955
74041
34624
63172
85413
24930
8403
31847
70326
56472
76356
60190
72027
9251
30437
33788
32676
24895
90751
11617
95812
31634
44014
62643
91502
58511
63148
62385
94011
102162
87681
81813
43955
89645
87947
22941
48156
41394
106314
39032
88377
93975
64811
37027
56959
2318
57734
24151
64375
11134
57495
84562
66528
34107
33422
4715
90271
16709
16024
90478
26908
53867
95366
1487
59276
50054
26975
50905
38124
49665
82328
32123
44034
82952
95174
5606
87002
73509
16345
31213
89071
46081
87096
76395
17484
46763
16149
89540
83399
57150
59636
74287
19566
55541
82621
65794
49668
24419
58877
54387
68317
89598
53738
80070
92235
64107
64158
55518
30201
68479
97609
51980
28880
33787
42135
6088
49061
88089
19856
48859
58990
96559
85486
44727
53301
55270
62055
90743
15540
38073
76685
20979
57630
89681
78970
3415
93423
99552
32539
17132
91002
88245
80951
76127
88416
61829
45547
90166
103797
6705
100000
20456
51357
7766
76543
15750
59901
73868
66090
28528
51944
75477
101353
35428
34600
81823
87827
72384
20752
3391
23719
2489
40165
82249
87703
39210
33948
34931
29845
52720
98829
56064
95733
23099
15182
48595
23919
78212
33735
2569
69957
12558
55670
24489
33087
87505
13544
100208
83778
81930
83651
951
52229
50952
35934
35014
48794
2855
21384
44032
42343
66851
72366
40602
71633
76709
57452
34672
91193
76796
28691
52132
65614
86306
104670
52520
3194
6993
61650
50837
60206
85525
59661
42090
1759
31717
35432
88718
5124
103255
79523
28696
106546
59073
74618
56930
18484
25979
67903
2175
66100
29387
12074
38569
3361
47135
49168
50560
88708
15716
87532
98214
72039
32541
47847
14201
35848
51144
64724
84603
31956
48820
68924
22669
104072
72898
99531
83809
53479
31077
5522
11775
19539
18715
62909
80489
101339
51603
85411
49481
69579
89299
37199
31593
89577
17741
9522
30742
44658
19324
98889
11883
23493
7406
97169
84132
42008
25164
78831
32626
44043
44411
92279
52869
16724
100560
41241
90887
3534
102100
10353
42148
33471
63391
79007
8790
42285
78427
91051
67311
87356
1107
38495
92769
21807
91232
46580
7988
87569
12717
91138
27626
42045
96945
53223
72772
23967
89266
3305
43753
66440
75581
102604
98361
89052
5242
63919
89102
55857
20600
91662
50003
12863
17299
90860
66371
81973
50726
54905
136
95335
24654
32738
29231
99588
86400
90544
28048
958
9732
26259
41263
67920
6994
79670
25263
90547
1248
34048
51047
102053
887
36925
95868
40968
100251
25602
91161
51939
69581
18809
42980
59154
11922
11326
18994
23307
18165
8959
5194
69348
71164
104984
33616
91445
105724
8183
103702
10798
91211
85049
90647
16169
88381
88865
22746
81538
92398
69371
44255
64888
30705
101502
34238
51526
103977
1840
87299
43374
40365
55203
56465
63560
23663
34078
41473
88016
38544
51172
84470
45566
91713
26643
95621
8479
17349
98095
31368
42580
8208
62616
69561
43029
73337
53884
19647
33780
26997
41937
55702
36156
79089
39585
57362
183
46970
79512
1204
100513
79317
96500
29064
95720
26806
77187
83195
28531
90521
75926
91549
24385
7925
31823
78036
91909
60830
104572
47468
98526
24089
47413
87382
26394
36658
64653
94282
44314
56506
26144
88728
60950
29758
67948
72021
23916
88938
10529
16053
66120
79726
99556
56914
22548
93791
13396
33663
57884
24601
50071
36679
59077
36482
89634
21200
94293
58820
71610
631
87152
54014
23521
89100
20978
22994
71042
4621
81359
77452
46784
69196
53122
31905
66365
6721
69651
33628
36042
9725
1552
58815
56607
57488
84815
20290
39143
24475
467
81205
24954
40217
23085
50530
76247
68295
68921
39964
47850
92228
85993
80766
4909
54555
97391
5292
12894
100924
37387
43151
59344
63690
34950
5167
79371
61857
41852
94419
51198
75647
34773
17092
31693
44145
59454
47979
69460
64534
53699
20863
56051
48031
90972
58209
44741
91195
61556
45723
39683
62396
40760
33978
100128
17859
24795
8483
5013
96138
73532
58011
17051
48554
38804
43434
12166
36201
52218
74242
85964
67464
75532
32563
48616
60819
51998
42613
92413
53090
34902
29333
63353
24420
100757
76762
26012
5861
48012
12398
106143
15497
24731
75663
79303
37840
14807
32944
92369
82712
88719
81179
96504
69367
58143
90827
63340
53490
105465
30909
37548
57379
50034
84455
103242
60563
88050
40718
26359
104760
101446
47098
31470
28226
61506
55934
42710
2700
80536
40470
44578
94557
50651
58129
28281
19735
12432
66270
27220
87167
18099
41693
57907
75603
52590
36475
86153
81835
76221
27764
75181
8174
96429
51383
55585
104557
4516
14448
10003
10490
105618
87777
88888
5582
25472
104898
41927
72112
46487
21535
42391
105668
71541
73811
34475
16782
107079
97065
9750
56218
89465
78739
9518
44216
15707
22845
23338
46851
104640
68024
41567
57034
30568
25224
2535
12602
24040
55880
36501
75618
89282
52224
65444
13289
80689
97856
91139
76609
21875
1848
21643
17643
70683
96681
518
51917
40242
3105
68938
64309
88528
100105
92289
5145
59025
9118
83573
26979
100175
71166
96866
39979
100688
28979
42169
11754
47971
66183
93718
69243
51063
72198
57024
2902
13369
31278
9459
16452
16017
87177
40798
98975
83129
106167
89821
66898
26930
68282
69672
47381
58420
40594
103958
90022
18219
49590
106659
70869
12245
2236
8080
67680
21659
24048
59574
29460
53426
82697
103457
68504
79122
102147
100291
43193
89445
96978
41951
6500
62108
75418
52023
69913
16428
91129
99174
84771
12845
63118
48565
75702
79485
29025
23197
74172
102760
28997
71724
40916
8077
91871
37678
38973
85635
27618
79733
44030
100190
90409
69198
61615
56440
91113
79723
8842
25572
31768
83458
61349
65805
19607
3358
61872
66510
63057
7640
50760
32185
20955
59221
93009
74161
30281
95242
2348
21484
53153
24829
35864
81144
7810
79668
104078
101118
58946
93862
40779
41359
99137
88263
65159
26424
21727
95598
86549
57290
75534
49618
89998
65621
4370
66938
84973
44103
76265
15120
2519
94061
22542
38540
85364
24181
37048
31629
42939
17334
64169
77735
22553
79704
92056
90413
67894
67471
42027
74373
74333
39204
89158
16147
3968
76808
2282
55734
38103
42825
30263
42388
8538
90607
139
57530
13328
101279
29773
45789
30646
41671
10877
26152
97239
10386
87730
21455
27042
26768
45164
7389
28742
83724
93186
85723
46368
76516
10978
96020
76339
4478
55436
66765
62673
67265
76777
87595
104257
61199
36169
19315
8705
38587
90733
8932
104637
11919
20212
27457
31057
80582
105529
47585
71902
77530
20896
68041
17592
86448
78197
61736
41605
73421
49381
103176
33081
22711
41074
25079
27953
100745
50425
94666
70259
35802
43359
70087
20148
41424
24851
59627
89460
22212
67971
16095
88846
34695
62486
14566
92783
73275
80722
105988
67440
82821
56238
71468
84785
50437
51487
13500
95943
56109
107540
30555
36382
16454
63643
36267
28508
18960
58399
70963
2041
43306
89164
4338
106052
48502
12597
98293
38398
18622
84911
29284
94649
90905
49292
72070
591
11570
14996
48812
643
6931
72834
95624
3836
73268
66059
18953
95309
90352
59396
8616
63609
34631
9659
101307
41101
75661
2825
58787
31588
80862
70913
71121
63162
70863
38157
81114
100606
57889
9777
20592
81256
59159
10640
91204
84516
34917
85655
32753
30450
96512
93436
83344
6990
97626
34194
58712
25594
60543
74188
28829
3437
4616
67923
80055
105692
52963
75002
75793
47645
59964
46506
41154
85951
27356
90445
86454
76903
51114
15436
16295
57595
32370
70479
3593
94065
33682
70447
57410
16573
72692
78839
101661
87183
90311
40194
49658
32173
65656
92908
62443
23373
98117
86967
61888
67548
4988
21328
64352
55802
81711
86183
99620
76370
3727
85872
78415
50426
71876
75752
17729
56876
85304
9990
58449
95577
42868
88035
32508
36835
84031
69050
7612
76230
44938
57240
5741
74912
83801
16062
70019
100023
25661
38930
11474
40759
66673
54259
62763
18856
47461
941
6375
11665
43317
44050
81921
93195
44069
41173
38215
71905
93668
95390
91732
98632
75055
48394
105448
13243
83699
36074
44396
606
20190
37675
86067
94618
25321
9297
67413
67730
52139
15819
101722
93777
16676
102445
70565
104179
69335
68446
16517
16744
107023
79195
54662
60471
56989
71024
39566
68536
46364
94768
9496
72720
4118
100115
104110
4008
64335
59427
62612
32519
29316
81951
67946
74675
68213
59512
15672
62987
46733
27973
16904
72478
75732
97964
16803
48966
100699
51596
47848
61567
63214
68135
27275
86357
85386
5416
75300
14469
90598
23096
61724
63270
78643
21341
14576
88324
23238
56701
64646
20003
25590
12042
62843
20477
100919
28470
57093
97891
25514
88969
16388
77897
2675
94427
13006
85280
31952
46153
101211
49860
28069
91795
11242
91486
31314
24157
32877
57302
28583
43433
104096
65113
82429
60420
7550
104960
49498
16325
80997
79771
52150
107228
24858
62570
34487
84636
74281
99452
82727
80000
29400
71867
99539
32370
94537
66304
76240
103987
4710
4039
77929
65235
76503
90803
80990
66510
51930
103507
87755
57542
31670
102708
50378
32133
78919
56235
11489
56298
65612
40379
94927
2864
16307
30
82015
42592
66673
31119
44630
87161
55597
63290
70301
47955
96994
37162
85191
17236
30828
12612
87681
36338
21672
107238
39819
101599
98748
6070
61603
23087
11265
56732
10880
65219
65254
6773
70033
59354
36882
40473
82069
74905
48041
44214
85258
8742
97357
43239
47644
21729
15982
35016
19865
76653
54262
101476
86474
92690
88155
409
8440
50701
39197
55134
70527
11670
98890
73773
48287
62085
30975
11247
