18297
31111
76194
6482
54271
13306
53341
81493
24374
15025
48956
83756
74353
77451
54773
35663
77210
70628
60697
78826
30722
40979
10290
2513
7153
102307
100815
98721
101401
82402
77346
42394
49812
48445
49034
3137
79732
88435
99346
88083
23604
12886
80861
6424
23857
57163
74780
61985
808
68932
47762
65466
18414
57514
75222
17141
79004
60800
21726
81023
12642
91531
39027
42583
70335
52509
67021
47067
38837
62320
86268
60743
44679
88901
54524
32952
7759
57960
81082
46639
22434
29084
3026
58186
73574
55688
1883
11225
13065
79372
25012
48707
10153
44381
66015
42724
42923
48532
92767
85315
53959
89872
8127
9712
54852
71929
32652
45752
60731
8907
61251
89462
16318
81320
61173
89592
92706
77381
46627
12983
75565
50997
40937
16994
40611
51287
411
14818
11209
83913
30095
91581
70435
93691
48946
22962
51674
29103
14077
15218
4605
99886
64664
61172
84098
24032
73702
77545
57770
40440
18064
81060
51416
63079
41453
77820
103209
35181
17316
67570
60055
91127
9421
88773
56470
72285
96288
78974
38284
3146
102595
56864
59287
94584
22382
55845
61900
88279
66582
17503
44016
86745
18883
29429
41726
28381
15860
42443
102959
54778
45502
35316
58976
96303
64370
85717
64446
14174
38966
12720
5535
90605
32991
47538
74451
16126
69392
93481
41048
43537
4813
74675
21499
31520
20799
795
66990
17294
91254
13535
85262
82627
23788
3395
44846
98795
57093
43534
21826
75642
59623
73202
10164
24160
85850
59079
87148
55447
14974
47013
27
72765
19126
15787
43643
86803
3511
91417
15063
49888
33154
85019
5717
6329
96001
29251
15478
1392
6960
30507
96196
60108
31216
39084
98010
24115
64534
92736
2816
13340
42350
52211
35760
97500
75066
55887
73643
73128
96650
59324
36714
48596
45290
15804
46942
23284
52768
92726
59937
66944
55275
84596
76504
11513
76041
35796
81952
34012
70562
56707
38796
76421
29424
48237
81646
5617
36638
34754
61195
39493
74072
4982
47697
17996
67006
66784
54748
49123
89662
43804
91576
57282
32756
62669
96006
44277
5415
74815
69925
29376
26472
4814
58488
71623
83130
85613
95733
34135
37487
59205
79270
39945
62105
76062
34090
78850
98900
3017
41824
100058
39299
61948
32137
31194
56535
468
51447
9046
82651
60355
27414
92313
26572
81010
30907
83766
83857
78714
24333
51553
64671
91744
19090
50599
41142
89656
31899
75672
847
38250
47694
17671
10361
54142
46103
88679
98691
29382
14919
59651
89030
15017
99586
40052
92431
26206
61339
67557
24094
24722
48836
20072
52046
75609
74977
45355
42652
101918
72100
98423
67783
95799
91596
79991
72593
82894
32718
56250
3878
77221
52132
6428
91165
65743
81705
98102
81326
66775
62779
32798
44921
10283
25690
33437
74606
49756
93743
25618
35701
49056
55105
70897
77425
58768
78882
1390
59727
45359
62024
71532
27835
90967
9500
69250
51922
81295
3867
24230
79607
26484
38027
36354
19633
22241
43367
96420
101449
5714
85853
33265
10850
29521
81644
83301
35923
11282
52034
84090
54794
46166
6117
73171
31345
69817
62676
30757
88286
81686
34785
62491
69771
12755
36019
99546
10269
90492
89941
22049
76734
71987
26006
79245
63055
58642
33278
68353
16518
58340
26780
36905
62102
59811
91050
46451
50974
35676
79586
102056
3946
27542
6811
73232
3434
67967
65347
90159
3749
94420
16336
81310
2032
64665
37123
23761
22985
64724
5590
70997
83566
1096
84348
100633
98530
100154
4225
34532
77483
43572
81458
56938
2213
93176
88490
60716
102853
19840
10667
49101
96098
8906
37921
49156
87884
87844
19345
59536
35099
5407
9293
45321
19921
42501
100579
63187
709
75138
97757
98538
23466
5111
20600
33079
58787
18509
48753
85964
1559
37122
64348
2681
3296
31594
17393
45062
5089
8742
2869
72110
95332
58242
42276
17926
39888
31123
5692
95324
32384
18462
91995
50440
46017
1867
60703
37561
80069
68456
68377
51860
7286
87653
35071
45380
7319
59058
53745
94557
30327
35152
60166
23338
7334
56442
96067
36522
56472
53379
27717
71838
72273
86432
23267
53816
41452
21074
72374
93051
69481
52910
59264
63465
63411
27126
71163
50226
62331
2979
79366
69857
41468
75829
7219
40439
22118
51158
47369
28796
94911
70248
57552
1810
64770
36948
90671
17782
70503
57661
60410
40685
87446
25617
26807
4036
35216
64822
3089
87740
84069
1633
99166
30639
8169
28963
88802
65035
62384
83334
39385
6237
11391
15449
56918
102370
77540
11616
97958
4404
88946
20858
66127
42864
35866
36114
36345
78820
13913
59752
73468
99050
72178
69120
60124
65452
97000
2305
90654
34641
94118
23668
66653
85386
58049
14356
59886
49058
53585
10287
23260
20223
100129
24407
54251
101377
87960
86149
77065
91842
6781
54872
60245
15317
63653
16592
69389
63734
953
37549
44884
62084
89392
10146
18902
32313
42999
10481
51098
78722
91371
7965
98035
95108
2611
50871
27203
30493
50012
70543
60454
102908
57824
25870
57739
82777
49183
67568
78107
5519
28096
38175
36934
76156
87105
65374
46617
24369
12140
16443
69054
65268
96064
69556
77473
101848
91102
18960
67329
89105
27685
85750
14263
64481
21804
63796
78423
68593
97584
43719
56916
3625
36825
42265
4644
87504
40467
8095
101650
13824
19016
79328
95013
51288
55393
23862
45654
73138
77474
80258
582
12287
42897
75121
62996
100244
77419
19695
78007
7617
16549
43315
5063
99393
94538
66578
33150
69472
67474
70162
3859
61083
79933
6243
87827
34291
46728
98175
64831
18710
101655
29086
82700
4172
76399
22702
33774
34550
66621
77650
5974
102273
78396
78770
39453
78247
99874
34332
20625
79030
91728
52406
68498
23524
13141
32435
73294
84782
98679
76829
25849
33719
9451
60882
99514
69094
20860
6775
49216
101718
53495
84104
4741
77376
38826
83267
47069
46371
96498
4983
40231
79854
14100
55907
36475
99474
88116
6919
43576
82377
21437
45137
35816
30768
88672
47836
84772
69961
50469
46641
74192
49557
31137
35944
35937
101128
57671
33985
19543
10800
45356
88980
82129
46768
53557
83211
35992
48554
57200
73833
71812
74979
20207
89228
103013
31814
74535
76398
36320
86349
78147
55207
2402
52581
56028
56377
9749
48109
5368
52974
45460
59108
46792
87072
59732
46833
54160
38363
100191
92654
61268
87050
95445
64627
42475
196
69347
84370
48802
9842
51540
86498
24209
93477
49996
47961
28887
30219
61659
49259
3902
89152
33806
50265
57598
32596
59712
817
11198
42331
1554
20605
34031
5568
48079
1528
1204
34563
271
89679
103234
58538
8366
27630
38273
40880
48551
88647
85851
63838
39533
69310
12104
2144
13048
81872
92929
7522
86888
27024
68902
53461
70832
28964
78010
65602
82691
11503
75684
42382
38369
49822
95370
89533
21405
72229
75809
84364
86992
48047
19844
26308
98129
16233
16034
10537
90851
717
69880
20885
30384
80488
2977
47586
48902
11903
65856
57017
3930
37300
78364
13976
80278
14647
77369
3209
76822
48276
68802
93367
2170
4626
16390
37996
102762
21465
92441
58541
92958
8720
10787
8432
89693
99615
11844
19857
95323
67350
74237
35921
15859
98753
22639
44868
12873
92479
64965
28918
17710
82396
64703
47207
56396
88642
82635
53866
62309
34941
15608
24849
6820
8477
30821
74080
35108
42510
19746
8777
58533
50101
22592
89972
46922
31182
55492
24799
56966
39205
23193
87938
64761
74359
97338
14914
71983
8551
29746
45933
41567
75676
39213
76186
74616
81898
77732
96442
74108
29339
97633
2631
43593
72595
70779
78172
4320
63888
12470
55413
41704
68406
29722
68892
16162
61697
7992
26144
21176
83155
75580
46424
55977
2016
6836
89330
77279
70376
30503
102375
82220
71547
31175
49432
35596
83875
24527
64280
13041
99084
46924
85860
100913
24097
65534
54892
51222
11211
172
5803
22957
31696
92444
28048
55746
92888
65324
32095
31630
35786
37730
41448
53246
90381
71100
93969
540
85543
97879
36859
86182
26015
83455
25807
5070
3457
10514
52320
78340
4917
9251
60271
63602
77368
6565
81345
48140
19866
55332
70533
17822
88545
93141
89373
55522
99352
33230
9455
31559
14571
29560
17334
24079
49932
30083
25911
85070
29820
83330
42498
12818
94041
38539
71259
47055
86921
21190
15388
64544
5480
2087
18251
71970
81001
95093
4844
94545
16467
52128
23459
23717
61895
94452
43687
56548
80695
97324
67942
55629
19161
74288
47880
9680
14017
52825
60590
63031
5665
65129
2842
65080
68813
37382
50739
87794
66070
93235
79917
77547
18344
87570
77203
2744
41485
36294
16384
82780
40190
4232
62681
74532
15509
28603
7764
92592
14331
14650
2491
101681
3097
51660
43412
43993
43396
67178
20049
66262
80547
26435
64845
64821
52330
9496
56316
29048
13326
32335
11277
50904
15229
894
90555
26265
40825
33498
38380
42442
77117
42213
12153
62374
85903
90076
84419
98082
63503
36392
87448
40240
95418
96042
61657
27459
89790
37955
41693
46758
64122
23976
97501
22864
6057
67222
25852
66795
18733
85299
19197
96419
52810
72984
56663
2307
96853
77722
20893
55211
57241
4729
94690
74016
41464
75277
89334
73723
14361
75368
41986
378
19942
94290
38959
12444
20376
76966
69724
40598
26066
98889
40146
41990
91423
74484
51164
3685
50483
51585
101603
65512
8147
1201
26132
91577
29654
22130
77158
53294
58473
41439
1011
56757
17788
60054
29837
58234
55366
68530
36944
46148
44727
95554
101482
30842
65140
71805
27292
95091
71485
36312
38842
59225
14379
75655
45114
94764
19008
73852
10518
59210
23724
23128
97376
19559
13906
8655
80697
81243
28340
70602
463
39534
54701
103094
75136
66271
10680
96361
21560
68909
31685
88832
97483
55158
17826
35270
62280
60714
32426
19219
91375
69000
74893
74983
25777
35865
53814
83362
26603
22111
77969
84557
77135
100995
79864
69703
509
27547
87742
15647
1671
90741
73725
96880
80057
8350
67155
80068
92115
23838
49071
100545
1694
26161
64509
51715
9002
22327
22344
94291
85379
38649
94167
36585
71469
51451
35640
17376
38515
80504
26835
98989
91602
68342
91073
31572
30398
100764
76154
49736
87837
71573
72906
57697
4533
95738
53051
29585
53845
64776
69930
3034
62272
87791
68934
61358
21685
34053
18180
96520
25375
18429
89964
4371
10785
33384
93962
19902
66388
26652
58566
95410
49970
1396
10401
94771
66270
75590
52151
91958
6141
18019
16115
29353
41374
23189
1477
72645
25708
15591
74493
59370
77972
81787
62893
71621
20270
68626
100728
100866
11495
4217
57233
32846
6362
92255
27489
73979
87281
73981
30026
75211
35400
80205
52425
74770
35767
18417
19202
3826
55575
90601
102836
35021
55250
87203
26715
7160
47394
35881
74379
82434
83167
36591
38111
93521
27389
41133
63455
22353
37964
94498
38503
11335
20595
97456
93710
15809
33581
95187
1484
64638
67689
44888
82805
60020
70643
39750
59168
87964
64
27076
21401
30881
9390
91228
58671
95779
35266
74132
47807
1766
15752
6219
12815
33271
26522
31049
90817
39123
23123
59095
69509
10977
16044
96477
49889
36076
72138
73621
13615
69830
34287
8999
103276
73988
100578
13383
79718
51418
77060
76607
7625
62970
57268
99822
4522
9601
33664
862
90217
71357
28749
73887
36908
43091
18372
28139
1034
19578
90406
100810
63330
52660
101677
67048
16097
20287
55070
54835
51026
740
3953
61746
77071
43971
97939
7105
19646
22901
5003
36929
102923
101640
9454
15240
22386
67052
61598
37698
89331
57095
97140
71050
11917
13298
91370
27140
7142
1964
27903
5501
72807
100834
85236
73586
16756
67851
44387
30743
31705
56334
62954
61141
37444
8863
39551
86452
27644
36071
63000
10741
431
263
71120
77895
88180
64846
9920
69438
28073
93180
24109
6444
68210
81802
5583
61364
3450
27700
8393
23877
12371
47213
6799
93498
102740
14426
62552
31167
28113
13129
101865
100596
25584
6582
87466
100170
98048
82998
21228
84971
23915
81505
30682
46350
17027
100883
28859
31449
12556
15939
63738
97875
18571
77871
4658
24911
94268
34060
48581
6345
82603
48292
54946
41090
34428
79900
1194
50220
7753
99107
58333
85618
73226
18200
34534
61538
39063
63984
87802
42342
62104
26765
5856
5521
2750
88510
2103
38357
96872
1920
34449
87022
11087
55128
24351
21325
49990
58062
52413
14718
73271
43256
27289
15215
56897
15097
53662
39811
73321
76805
3288
80810
82491
16319
20198
8000
35746
29594
14380
6685
94261
37684
95006
93717
101006
12411
1183
62293
80048
1530
54053
3064
90274
10094
64774
45328
101628
17315
84492
4682
18872
18320
30713
97869
50424
13461
8541
97178
32406
36370
1433
26514
68425
80182
73167
85505
12367
16420
91227
13641
48321
29942
19068
76099
27833
45318
79811
102685
81623
20710
50121
24438
7816
84661
3811
83685
77206
88629
38349
18514
31611
72262
6269
56124
47993
28433
80638
95276
20993
54081
6555
23594
63836
73383
94737
62311
38917
39964
46805
2928
93574
30529
79985
58814
77748
4310
94846
11610
61622
89162
77618
7197
78634
71378
21431
100690
87926
1947
18950
90340
63743
22528
32260
72752
69535
24886
5301
23229
35393
29499
42284
4620
60405
21787
95657
51206
44337
32935
58955
25131
8932
81281
92312
86261
92071
32696
29634
11869
6476
20429
6570
56820
76789
81645
10998
59757
72650
39807
68741
33512
44786
52304
58165
94766
85604
71735
85271
82575
71188
86977
85874
82601
67425
101440
88066
20915
46931
82297
56364
69501
65008
89740
72910
55737
91348
72944
4066
43611
33509
70800
18557
100428
76995
84046
28709
99059
57066
45419
19291
67794
31839
83105
5881
89623
66813
70365
2194
91879
6976
5787
92088
34165
31789
77703
23934
45135
97912
41577
52837
2153
88933
7986
10366
57985
39568
12233
89807
80039
57681
81438
33098
89375
10259
5937
44472
43461
22981
22176
45272
61333
25529
32697
30192
40408
94448
13601
94465
89461
75808
9916
32580
88191
27442
74901
23812
37541
1005
58650
429
33594
6113
5638
102878
81533
61089
53081
7675
102081
42854
89092
28907
20668
56684
56634
7238
25692
73340
6042
60557
940
96201
89298
65585
31315
39949
40413
31819
82207
43734
75917
92661
54284
75032
12607
53604
65105
94879
29516
3453
67929
76625
94551
91314
43766
97819
40768
23049
50684
64125
66486
5709
7122
89939
2258
61920
34330
14494
80112
82721
57056
25511
74633
60988
2771
24066
57245
55908
97947
58663
20200
55696
61204
59856
70711
85977
88253
40479
81199
71127
7742
79071
52362
8988
102725
10981
26732
36749
17540
6223
61842
27460
13394
81848
4260
33766
48060
95934
19537
4716
99790
77038
83568
2229
47739
51464
27746
13106
22437
77192
55697
54427
16399
57101
31651
52194
42116
52664
58558
82027
12071
85304
2728
51864
559
8920
101
88357
55923
96745
73561
67492
25660
11159
54195
17935
39139
7167
38123
43648
56688
16916
28656
13713
91058
64946
77074
20171
88762
78277
25746
46968
13029
22768
66284
94384
5194
64715
907
45100
80938
45240
19999
661
19431
91266
7573
59827
33886
50434
63397
10562
79461
62551
96062
49487
87424
98918
66061
37236
80640
45005
41505
69124
11448
26296
94016
71658
34272
67363
38225
2268
18296
58943
21873
25512
27192
98357
24380
85422
59656
31354
11664
30008
82727
25006
33520
95092
75094
59903
84823
81678
84510
26504
5896
94251
25127
92219
82467
77156
57455
1844
40129
35959
45977
18345
67324
102396
10456
80599
37232
27113
87834
12189
59476
20320
8241
32027
25444
2372
86199
44099
24733
88927
103294
12902
10919
43002
3198
2970
71938
55542
29138
20298
7120
71511
100314
27792
6646
99668
69444
29818
10108
7024
38162
5710
29659
54116
23669
61183
43878
34829
15905
98543
61096
89287
76369
17418
55881
31352
42748
91618
70469
71846
15519
40477
66675
88051
71456
33891
14436
69848
58197
8376
29148
46912
100900
60925
53249
103002
28509
47323
67696
85700
99841
25433
28631
43486
102255
44302
21439
74236
24188
102481
61024
62746
26992
6067
66726
11307
36815
20898
33227
88513
69632
12117
94668
92722
42061
70530
82953
88064
50048
97272
39979
58918
26987
92819
62665
66890
33526
23932
67026
98275
44937
70026
30695
82934
56097
50478
101347
95381
13621
63344
29605
87020
46142
80449
19944
92382
60289
95580
74290
27166
10960
100789
74202
4914
8045
86218
66648
67872
70075
71247
55001
16745
61085
18955
45853
102336
3168
101604
41074
57788
10724
54571
99701
96383
29481
4243
81059
37505
98162
91233
78328
17155
83654
31763
28899
71210
13191
101188
53029
25431
5685
68948
96882
43788
91969
57467
45262
102801
90251
99201
47685
20008
27970
102351
63877
95505
6283
57544
11243
68983
19564
65732
38073
58596
98318
22680
10029
89829
62821
30574
41423
65803
31878
24276
39868
14245
58516
76232
5327
12099
25594
93637
65147
55632
93242
80652
13452
6869
72745
75608
5914
47200
42660
65908
67107
84944
101896
101728
83252
54470
71319
22500
53211
68471
35683
28930
25252
41016
35212
7909
84610
96307
64995
32418
29227
75283
37218
59932
60343
99444
10264
39862
88674
62101
14607
48369
21792
44668
85834
44770
68496
71403
73715
51745
99738
30919
72092
41648
36544
81153
26754
23643
72000
98
33851
28599
16145
63229
25895
19468
16638
79276
64350
6182
17685
40830
83925
70757
4234
62617
42457
23401
36200
74297
64207
101301
22691
90100
65225
96557
50354
23139
102226
43171
17444
37737
8256
97240
103047
16543
46122
85057
83842
42012
98372
62100
79360
59632
50817
86148
57414
79299
53554
81616
51780
103208
70591
97809
16005
10101
29480
30371
48087
70895
17478
91041
44898
48373
26738
44405
36885
8816
47161
93163
24967
49876
24703
74772
42801
24528
62275
61049
58211
60138
51655
99836
84264
74144
48952
49023
85954
79513
22092
84983
99487
66175
11199
18804
42409
51777
32400
49560
81535
10819
55143
97853
14987
39015
73780
30483
28206
33643
11566
73604
364
1013
20428
15517
62289
93634
101765
82420
7954
29792
38576
43898
70568
57674
82612
22755
17234
14746
11498
93461
47296
56977
18936
9835
21324
76939
101334
39902
1917
75610
9873
89315
43641
91424
84066
93702
4399
54256
86923
80949
62147
84199
70281
26859
90088
9329
79272
80551
34883
3562
57444
59649
93793
52216
32283
43239
93064
49632
57504
69849
65589
43320
81085
66731
101081
88961
44744
24108
47035
72800
71741
21527
83286
51548
58685
5538
49200
62462
92464
22503
3922
2096
4876
79472
39940
2225
98815
5384
61722
56038
74678
74807
20269
58869
97021
15251
22578
79322
75946
14267
65221
60407
9780
63140
14053
95787
44814
37863
3099
11281
708
88651
57749
45395
43136
18705
60197
99214
98054
39091
45444
38360
6554
77466
56195
53411
15202
90733
68367
2272
63402
63021
1398
70998
87649
10330
28331
15565
15927
79343
44282
92038
23078
4686
31404
93696
98511
69134
27198
9243
89898
70830
71462
70798
15903
50859
24205
98767
38124
59525
55308
43860
55178
42083
28715
61124
76028
26274
25626
48272
511
10792
68863
25009
47547
16580
38308
103106
18652
706
51085
44098
57865
15589
45552
50464
29724
58978
68041
44236
75800
33143
43668
13081
81364
44882
25604
69484
54582
90951
37856
102486
75064
22088
69300
56261
8224
29989
45209
17755
1500
39637
88955
59682
51485
59053
56410
86587
48158
5265
82955
5273
27535
62584
23950
1874
54155
60957
93068
103438
2311
11783
43083
31750
54719
100991
61004
58167
1983
43790
63909
502
69568
24772
94303
96502
86177
82658
32270
60690
50044
51271
98057
101158
35282
85392
37780
89834
3655
49136
47259
648
17869
42593
41936
36913
78929
70775
65369
78977
71492
54180
50180
51325
20240
818
101403
18258
20289
10053
65115
15194
43682
69241
83057
36581
11265
83332
58922
80433
4315
19448
31018
66008
76592
65266
102365
3444
62378
17309
89835
87074
96798
48448
11549
100431
57825
98801
59318
1079
95548
101014
58050
81728
12972
46781
77375
49451
77440
3310
93133
10220
67582
30755
83617
33569
83900
36339
77302
74848
93237
39092
47679
28940
19493
97761
34760
17074
4261
86533
39958
38074
53374
20412
54455
29939
3707
59408
49420
56137
18353
65974
88269
40949
93885
87534
51729
99247
84388
60838
44998
53460
26507
38037
39724
72064
85657
45065
11939
40153
26447
95105
102971
66914
95494
24917
84650
102308
77195
39542
22217
39364
11418
12957
63300
55566
4048
86727
88336
58813
90298
52272
57586
69690
64674
12698
98312
37515
48535
94454
20472
94521
11933
79778
100256
20692
20490
29130
76416
30401
62496
103535
95205
43487
18388
102077
30355
72201
36891
90696
89839
26615
12810
91265
83048
36374
39867
102666
99607
27377
71331
94109
79790
8159
8935
103259
25736
6338
84736
16191
66327
39203
86070
96278
8116
14644
99010
79133
422
11096
99153
18843
18655
5464
93353
53856
85462
37831
90641
27617
72986
101008
9946
90119
93211
74263
63536
94571
40360
29231
1914
66108
66610
47431
81478
97569
32303
60213
40543
90595
82886
8070
23997
46420
55654
42097
82424
96008
102457
1408
86966
66750
3224
59574
61940
56962
39418
30630
1348
67270
95602
54354
1723
71733
64319
22989
40623
59733
67838
55627
14682
30855
91234
54926
78613
40308
79471
76674
74884
27867
55440
79121
5677
50292
38165
57032
17774
52537
46722
2363
51639
67674
1401
18203
103161
28927
52397
10288
18382
68206
19904
4464
19452
44867
87797
68692
50638
42586
89120
10641
9808
28568
70321
99105
57897
90962
20363
2666
64307
78748
37506
11471
61293
48570
63798
40746
89187
65349
33134
71922
12840
79593
61125
88853
22191
71158
81953
90672
40891
16943
43466
40654
88722
22926
8606
1551
20238
35451
100851
67879
13171
25656
52508
53767
32979
76844
43148
81561
58705
17402
68605
73297
45121
47851
68441
74024
55508
63332
65007
65870
17106
59078
7618
87285
94179
60049
102130
16434
54404
24670
11741
5636
6472
8584
81707
5659
33784
30663
35936
70797
16339
46394
54741
17009
90965
35528
48207
85992
99830
44747
52232
42664
56702
49581
16192
26996
83936
3767
2946
31859
29259
60247
86468
1016
81322
49462
22198
84029
10304
5339
61890
49197
65826
79713
89395
5625
80390
5662
1245
94298
85306
97156
6967
95791
56904
78549
67029
71240
72909
64975
102091
36809
6184
26998
45448
25223
54066
7027
95729
18074
83941
89233
95239
47366
11751
2971
65822
2051
56122
24099
77714
2480
64297
75436
101247
77134
19157
10167
34588
66103
62618
35876
52632
47029
98944
70523
36422
37279
26192
21007
70170
32411
62964
33752
93435
86752
12609
91989
100409
40972
15171
34663
85430
73285
94790
24182
48538
35458
8741
91481
41756
18577
90227
9406
35315
45059
64388
29234
83245
90080
99561
36737
98069
92331
95465
24170
13479
43397
33219
3903
27449
93956
60037
92865
74249
35553
81614
15224
89276
85028
73212
57396
95428
80227
22376
92070
33440
103108
57701
8828
26778
20948
31078
51518
37733
2501
41277
60283
77287
51753
9233
35429
14994
9361
43493
63052
52600
52592
77805
87310
75969
46300
70934
60747
71890
52948
90556
87933
67391
46988
39387
87826
5236
59614
58342
13736
61375
46790
33762
47172
89482
48558
75496
32288
90306
14941
14069
98254
85388
15494
62854
19082
43974
38632
7108
7207
83349
31516
21859
63578
40322
92407
19353
23693
29788
80854
32199
63190
15323
64248
1377
75474
10964
94587
43074
2549
14724
32217
6393
90267
24327
39177
91683
83007
31938
37533
2609
103170
78764
48679
2895
100656
67880
16989
4659
69922
10280
25532
27868
52772
97340
86174
15818
43043
47163
71328
89558
38529
49755
3174
64885
32047
70972
16564
10030
5115
84924
8819
100278
80109
47609
63494
2139
89694
66948
28806
46441
2280
75301
18667
98980
86467
41393
20400
3088
16110
94006
83259
28719
18962
22211
38457
59153
21585
97222
37826
7332
75639
12136
58428
56519
12951
44310
21747
31735
46449
13489
51
5879
40283
76672
91889
71765
37168
3686
5352
85741
48854
72672
34819
17772
74530
103019
75169
32397
28166
8222
30674
83540
89777
79015
93742
11417
75245
34039
64489
103210
72156
85614
39735
57234
90315
42561
4736
22320
36087
89054
75252
97671
27688
91129
85353
11043
71667
74209
44955
80393
51671
71169
95243
78736
1403
6475
43555
39071
87133
25891
83719
89597
89441
81230
50624
60750
44698
85433
23744
73599
66413
50708
42855
20889
80630
77730
7094
65479
21406
15841
96759
60256
96181
64570
69078
12240
23072
31477
25666
86835
57483
71645
102086
45292
82452
1887
217
65777
73056
34462
86472
17081
38924
38309
39093
86892
30020
50573
102988
54473
8699
92163
22301
88217
89463
98705
30050
2014
88630
100421
36214
65046
31399
26439
36712
73583
95228
38262
54372
62033
91117
75116
61276
64803
32986
81228
7692
59164
78640
67264
50467
8869
72410
38642
88436
81850
61487
6577
82217
5093
78000
20239
22252
99967
50984
56073
79332
75540
33617
97018
48223
36655
92856
12197
33800
26375
93157
84966
37438
62649
33130
43557
63827
81518
37346
10992
41299
2234
40073
41844
15056
78221
16907
63072
90670
84493
84494
41817
69415
28837
37013
87084
73505
29049
8281
50604
54513
29189
11090
45266
9950
51825
16613
28332
65412
17769
12506
50729
31754
38604
83712
39330
63966
40320
49821
35489
1804
8255
59866
29087
18840
40967
6774
55002
83148
80479
69418
54845
63700
16558
69426
67487
18908
48096
79500
56233
14701
16607
38644
32605
1801
66021
102294
73593
48678
3825
74936
28714
29473
26781
88835
72877
66882
35766
50546
36565
89477
87764
31888
36645
16349
39009
42112
80582
75947
8103
14412
86105
46915
13954
73641
15304
37812
98375
6052
61458
66063
64806
86413
9540
65897
50992
56602
42951
44782
29012
71632
59678
38222
60748
2709
84998
64710
100562
51000
91672
97897
24141
10191
19531
101210
95605
77970
55538
36883
65552
91942
42103
75687
43816
76715
61297
24618
47724
69289
90122
18684
36561
3211
41727
50734
74401
52497
71280
64729
89285
61073
55036
99827
62729
5654
35114
100678
50542
17167
97362
22370
25725
75804
87672
101125
34303
33857
4184
48642
51108
27136
34450
52181
89752
20051
18191
35900
28449
3205
101752
1352
102655
38287
97207
24883
4545
43561
81723
85901
8212
2232
25762
25982
47627
46144
84406
50939
13660
39228
28219
34177
83223
95129
26515
83423
84576
103064
85975
80750
76737
58520
58573
73909
33408
20455
74898
11601
14191
11963
24671
70208
39286
101705
59964
53120
58662
57321
32186
71956
63288
95694
91906
68080
34794
89134
88705
50452
23622
97468
77754
98058
34788
24512
68571
23899
36032
74516
7648
82876
69068
18864
37292
81058
26924
71811
12844
22929
72658
54543
51653
95392
35462
38171
99856
2206
18216
66004
73525
11746
54843
77664
53161
88493
19092
19272
11668
21869
20199
56358
93709
83584
2529
40988
15535
99844
44235
67085
53259
53720
41618
94050
65001
34476
1207
100811
72111
67863
82040
10199
16859
103336
31417
51521
79574
99008
22567
53300
28030
76921
5577
14499
81333
73554
48904
42806
94351
37642
31101
7507
80923
26135
76229
65498
52724
45110
98616
34917
34201
102417
29190
4114
95477
55803
61874
49561
96265
32146
25271
11362
64858
68535
21762
95625
101880
44413
9304
65487
92332
48848
38185
5295
14220
99061
58459
15981
20722
59572
73499
44397
35915
35260
34763
67566
51404
62738
37055
21681
10426
83276
71109
72011
34163
25415
35201
58274
93318
84783
88685
97781
18709
85894
66710
35730
62175
25814
2482
102710
68734
26968
95135
2292
27275
74908
55254
4149
102437
79078
53055
32563
69436
82947
75281
94144
102332
26821
78447
63306
80275
51111
51133
70831
62162
35255
76516
30120
9344
56647
12052
50184
52159
93942
68082
53277
92328
3153
33941
32582
16774
27129
41380
99898
85345
28003
35624
50611
15867
84908
1329
87249
64867
14337
18321
78289
92152
100853
31162
35325
102584
47617
61158
90432
4219
7177
66727
89223
96026
20410
88671
46874
68125
981
2134
87757
52901
95040
68053
25765
9871
64602
27230
85902
94164
79493
91084
1745
64467
15520
74294
67774
95277
98157
49922
68164
95490
46695
52667
16209
86015
14585
12274
15839
24364
55246
44646
101433
28571
40324
22574
75310
19242
5496
86143
42230
76271
103104
47947
38897
2138
16506
66681
13761
100226
89363
84210
67011
21897
70045
28104
23019
102775
11777
76881
38219
63965
11966
7228
27681
64026
5516
57459
41426
19518
33302
63719
30878
80976
101313
66305
29004
49501
72102
69787
37488
54546
4707
66136
88030
4500
17471
3738
91273
84625
69691
70812
62258
81403
7576
22442
84701
30339
16527
30093
36709
34393
92386
69282
49988
43499
40174
88857
101942
55990
25753
73829
6384
60857
92356
47253
22339
28321
25332
17594
50122
55613
4050
80118
180
22451
90898
75476
88049
77889
37479
83026
15455
99965
15873
93261
6795
4440
32585
91651
32862
23605
19795
83230
48419
42900
82751
81553
9583
86401
23572
2224
96283
84880
11558
82351
23478
90167
27227
50382
88757
29886
44299
37680
30787
55854
82281
44729
103144
19270
72691
27845
68371
13743
74816
25000
24785
67513
76766
10602
95062
20559
90144
67227
71067
45528
17054
81282
77611
83358
38594
73324
27654
52851
19644
28158
102743
12963
91277
10257
40732
77025
1460
11758
4812
57696
23407
57572
50202
31408
69490
40767
85477
72633
64871
77793
82331
26994
33603
37704
43904
89135
44398
44635
39126
53985
93126
64432
94594
90948
3595
74347
51882
19810
65361
32917
30101
43020
5613
15700
3597
33738
30652
4285
99515
102942
39206
69388
36253
18493
46074
42587
76422
86681
95068
92340
43627
22948
97119
37120
62450
83909
100792
55418
91203
27796
37308
6187
99325
6487
17866
30642
93699
17310
3194
45643
39296
46012
79300
45244
48693
65766
21025
18286
54104
52063
11322
77532
22446
44560
22495
86176
100593
17892
33956
34309
57816
63904
25016
43566
54515
23386
77433
45714
5647
87861
59101
51673
88871
95778
87262
49767
67357
60128
74965
26475
19574
430
68966
41504
16441
16577
21330
53005
57731
84970
17520
3560
44545
43770
7535
29773
35965
53214
61467
88071
54839
12108
64900
18398
22105
60661
43326
46397
23158
99295
78560
62889
23728
75975
48416
17390
76487
30013
68414
90983
63302
3305
57830
82548
33249
30528
90928
18861
64041
81043
86917
29949
89594
73425
63341
78534
85824
34979
95743
62108
64744
25091
55849
42133
12514
58369
100267
76693
93005
12914
76250
25774
89762
26417
44431
15585
81453
87250
49840
21528
35922
46643
55082
4671
81540
14503
62177
34548
86376
8455
91813
94237
20676
59374
90869
44285
95178
3659
64332
8645
45273
68400
18444
48879
93069
83570
29076
87169
17555
43909
17247
61063
7323
81734
102467
70330
43219
4904
93514
17693
4298
1648
58096
44802
74436
44511
60206
46458
70354
36988
103480
59883
9326
7658
89301
23129
20309
102171
87328
25315
20235
67291
59217
66209
54740
12885
69862
16282
45542
39448
53874
101051
86086
57725
17325
67120
98750
39101
77442
57735
77351
49490
81871
74013
31557
80549
24411
38875
101151
81900
18054
68672
68075
39911
16003
39644
89428
99027
38549
4698
40674
69150
3542
60725
29572
41804
9383
36658
2781
47569
4773
87260
65184
89937
27064
90198
49060
69081
8982
84407
47925
23218
53167
69247
83308
40478
90938
54310
63931
82583
27118
8947
41155
20958
68159
95226
44922
27582
82180
21500
2817
4197
67882
74126
96269
73602
31749
70544
46348
76651
80879
90344
70396
88423
88076
79823
33198
77632
74610
53744
41808
57707
30840
97294
77610
38722
28010
70835
48964
88513
88243
31917
38204
15169
4844
65133
86646
37985
54665
9798
2736
87287
97179
99576
4559
24037
13611
60110
55818
65915
8372
5239
70240
88403
25163
59201
7201
66726
73175
34944
99292
70656
223
73525
74240
73508
621
76876
76746
52594
71428
27169
101152
86072
73517
17163
14495
4269
4408
92719
1764
13154
66208
76186
83718
46527
96325
