55619
24745
96664
70781
85229
14033
19042
87190
53582
55226
82838
77232
33983
33229
29398
69301
52756
26553
25356
40536
15470
78299
57473
89910
59865
4282
104151
108254
24679
10390
33714
15686
5791
62479
110399
49800
6878
99524
26223
108046
95684
94752
64370
110262
40793
2696
62304
74030
64312
49792
969
47048
82214
66527
53600
6359
103708
101305
61007
7599
66030
107434
36780
8229
44752
107419
107904
56572
42957
111216
56479
25990
105468
104424
57333
35146
65329
65978
107953
103186
64789
40792
106902
92553
51714
10430
69783
64956
34467
108022
89319
26824
12900
106301
6142
26047
2089
15490
4892
51419
112384
94320
14714
34097
53809
37310
32053
31565
44232
86283
7576
36460
70950
63296
58500
77309
22242
43894
43710
38452
56584
58571
52956
56422
80080
112732
51717
74705
26241
22717
67235
2262
13746
44292
101174
61268
56610
79957
110019
108271
28234
37345
99099
27974
93837
65905
1307
34830
78556
40151
26931
72543
84252
3674
88317
56386
112300
21999
17995
106960
36180
33250
35423
72651
88984
77719
9239
35966
71246
52656
92088
10587
68458
47465
37611
108778
94190
6189
81597
84784
56773
21662
81057
35460
36026
2498
12190
25931
30197
53726
58175
62706
43211
52071
92711
48016
85214
38747
8334
83077
85582
25403
82380
15917
111204
67425
99437
65616
7897
92176
44287
47006
12237
48933
37325
102618
15140
50199
75788
7572
75344
39557
12209
52117
94715
77634
71948
97232
24445
97146
8280
6370
51454
77550
102098
90716
63893
70268
61862
41015
11105
74136
69825
50113
62816
66147
40242
72666
72856
57603
77164
87514
22734
9265
1501
39023
57670
6673
71008
46171
106220
7852
9516
72915
24736
45940
95420
47645
9178
38133
80045
73390
58045
84351
42099
69874
77648
90030
105489
82196
45539
110970
32975
92781
38263
87719
38026
102084
64537
72366
16814
18748
98519
51232
63209
66916
17116
86638
82242
55032
40177
98630
76935
6202
110978
37573
110209
2915
84017
77104
55676
94890
56174
63389
16986
6969
19729
36140
113060
508
9420
30026
41291
95259
59326
88869
67210
4361
105282
77616
42760
14442
49855
42093
85431
30103
84931
21598
27563
106836
106762
103911
107056
3543
105773
71395
100086
104451
98195
100730
72547
56360
29152
97042
104861
27093
109157
81285
83725
55112
72582
100661
95179
29807
81428
85843
41816
72764
89802
6552
48762
113338
50589
29969
7493
89388
65845
58707
91284
85682
62427
37403
16078
106609
99608
55502
80510
30091
14245
88253
99397
89192
98095
34607
108678
71694
51397
8945
67239
61398
96799
38705
69637
60741
29377
19379
45861
79732
97437
103680
41227
88650
88821
73945
93700
85351
17551
79846
72781
53469
107887
88326
76346
82512
79628
14039
108194
33661
18700
61598
109855
101118
90824
86991
67036
52110
56695
28336
33884
91360
88408
41185
78536
9258
78443
51234
19376
45984
74162
99572
99233
94407
8573
9845
103285
74638
35842
4608
24178
108495
88695
86004
110216
29682
83412
75082
25216
89263
105709
112108
89175
66697
4817
20825
14694
74462
47223
64912
38346
5981
84501
47663
17816
68625
27261
45081
75085
22315
53689
76920
87731
49248
98127
94848
71489
70116
39179
44036
56263
26199
83481
72003
31435
113067
17619
24143
38175
32390
65903
42587
18378
46389
88094
20078
96687
113058
56673
92266
93469
83610
4687
65464
81281
61987
21018
38603
84868
46217
72758
22583
36692
37097
31627
45076
17565
100755
976
152
10754
76388
90248
7912
72640
14391
92204
91545
105410
62283
78692
54846
16192
86850
85186
99866
9986
110812
61899
36123
75542
20423
37195
94951
68600
74883
56821
80991
73775
15889
85056
102941
93043
99319
7040
90676
36440
31109
31226
17247
55789
13995
37963
87243
58564
38524
46587
110012
30920
104006
80043
95792
98655
30810
75213
29024
44444
73513
9010
53567
25159
101428
58671
25162
77031
6989
73929
107612
96027
58186
2427
72824
110378
87804
62195
27193
33309
49530
23063
46103
39821
26134
21376
47068
95651
51254
22110
99719
57993
107693
33140
4532
105834
9754
103645
35149
58984
100758
30471
44229
83094
110583
107592
100278
50756
108155
74434
97378
16440
69680
31320
21089
22199
51382
68297
22681
19180
23068
37652
67858
109898
12135
82241
83616
75777
25076
42141
33918
24668
72099
54487
79262
49981
91651
26202
76243
16589
16902
84201
64345
13636
37373
84741
12330
7593
88599
29737
16819
18643
95437
111471
81973
48029
57978
71435
96930
100682
59744
21695
35777
1051
40451
67885
72836
91734
97304
32003
53981
17033
6732
24525
30980
22221
11350
42312
99159
87686
2523
37168
109609
30520
36022
17395
91830
78511
45670
39900
41868
86055
465
104448
58624
51109
66087
105257
104720
98528
95175
66481
40080
67703
31384
11673
11500
71970
22507
12579
90941
91934
8453
84940
96064
12420
74603
48491
34034
86162
70343
26708
96998
77899
49823
50973
15701
73015
16418
14618
56413
20389
16288
104337
28475
93794
52039
102004
22665
36276
38520
73950
97974
26838
68292
39261
109170
90972
89108
12888
85944
66595
14011
9728
81334
84629
91153
106454
4354
25652
53722
59208
36813
88569
103124
68727
107357
31450
43526
66250
25766
15607
108779
52854
83915
111507
21123
96838
44546
104495
19901
103660
109048
51392
42819
89278
35100
65493
36146
96885
95094
20752
36248
84071
66356
17876
25307
41253
96477
32799
113785
15351
58279
20005
30111
111363
81647
51076
74479
29481
101158
84710
40131
71879
5778
32594
103609
29165
21579
108536
23700
104980
71646
72607
57630
45329
88193
88541
80177
72009
7295
64707
6399
40956
40291
51556
74648
19697
95354
29776
82197
83215
82309
92037
19680
67987
106138
67222
93799
102447
13450
102752
35999
27628
17471
4340
79394
65948
77903
43401
109938
102421
28556
91262
54376
53106
1409
9889
42498
78483
50474
57431
60833
24131
64975
108080
1304
37137
64448
5377
17246
76603
105631
40048
46023
56219
4457
8102
25201
110740
87313
85885
11390
31619
67192
59164
39247
89120
12722
42035
108504
89139
17193
82668
93271
32251
77790
102679
84116
88509
111256
60197
112741
103230
8224
43091
88894
38240
60868
107601
10607
46944
19885
54423
66407
66096
93952
23100
53199
53006
93214
1392
21774
62995
57393
100237
58130
47539
82788
15048
4655
81112
25005
71492
81488
37630
13361
42747
19865
88860
24636
47874
11950
20585
11240
70804
72048
75665
80087
48446
90884
68960
17591
13956
97085
49325
38501
3257
61731
11315
77327
19221
61898
94501
67527
81443
35954
62448
15171
101777
3953
88463
42095
15673
56480
54993
73870
17743
3641
26311
15307
100746
104193
63750
99864
11944
15135
23586
42661
104028
49949
76049
94608
106114
96941
11688
60438
49357
68773
16644
37909
58203
49677
30755
98645
18826
19473
28011
60189
86184
46609
32150
92104
56057
80963
68766
17485
33342
26274
66922
73256
23411
39574
77297
84555
17019
82052
86921
72588
8071
94478
106496
104598
39213
90369
94153
106542
100060
1726
75780
37515
713
28071
99696
18215
86375
85370
53217
78736
97488
52284
113374
102205
57531
44608
12769
596
100587
72493
26328
66141
98066
95643
62674
65141
113075
85287
55527
65651
94570
63668
38196
113448
41470
110431
40486
104778
89085
76154
72110
50807
52207
57542
35324
57315
68666
21313
6685
90646
74097
54300
58305
51281
95188
75912
17550
60773
41896
20792
92399
99766
93391
20507
30873
74197
69369
91974
56712
93920
48803
53134
100725
545
31304
47866
10634
78801
40670
91840
9074
27309
96639
44645
46109
52146
9139
98684
77575
96991
54834
25426
29192
53631
75930
50108
107125
93444
26517
107308
20464
30483
83342
82154
19893
19403
60740
84991
104523
20541
56023
2403
12442
78765
11566
76477
3916
45832
101302
17962
73109
107792
102722
49593
93997
7775
49777
90145
78304
1249
98685
86684
2791
31308
2350
86680
74898
42217
50152
91104
34167
71545
77666
101822
67432
10239
60149
112009
106689
5506
106670
38300
63508
41169
76291
47275
102444
14921
110414
13134
69774
25217
5606
67903
23908
102404
55017
1422
109646
17269
90217
28609
53485
21487
63646
96735
101200
49858
48626
50595
105309
111721
102607
3300
107
6092
63004
107279
19950
8928
70443
103732
66716
1116
18750
57265
83916
8558
111727
77427
108019
48541
32605
35753
33216
66242
101667
13220
13127
21931
53465
40706
9650
42241
16118
89902
71460
29449
93209
9161
110097
38098
64474
95417
9622
55999
34962
95153
112260
31547
31866
112210
902
71434
68862
87528
50649
23137
89433
32097
64548
109069
46463
31416
1111
71931
27924
49242
104665
97025
108250
25303
8635
77364
9369
38594
34859
71906
109679
42754
22621
75626
1514
82895
35193
19954
92958
80358
60108
86811
52544
39533
37308
104867
95890
113804
41437
2795
10614
70339
708
57286
59327
6401
111982
61081
75924
85416
62880
107446
73480
91860
45551
34760
99031
51925
31484
62823
88863
66085
73947
55179
64133
32049
105611
91499
43313
3896
12668
15356
44218
19596
95394
67762
9930
51585
97167
31441
56716
32767
38387
43107
87592
39378
39256
78870
30821
98661
45734
103597
87292
66018
86115
75724
43299
81076
43540
79742
63129
62050
111577
38718
24904
97237
60986
81391
88584
44981
98523
73569
15251
31002
90696
60406
52689
31751
35606
83871
15681
61951
28916
106572
45480
88464
27765
99831
37454
56466
99659
103836
37229
24251
95054
58815
99126
2624
21272
18611
56779
69421
74502
16584
48682
97756
11614
49215
77926
95075
57689
42621
52514
79775
71478
37022
95722
94026
61042
64229
1338
101268
90310
16800
38700
87602
46314
84771
52375
72650
27930
6278
57640
4847
19169
31988
110601
100281
38774
33655
17843
76521
68707
15393
93028
18666
92005
565
35049
34494
58893
31881
88160
79131
96919
105759
79783
86342
46001
58286
35578
90583
16317
102804
81468
58937
98763
19103
63950
11013
20759
64457
99873
53734
20728
9522
88017
45815
14558
110086
32708
16314
96759
98547
55551
112847
101282
31742
82120
104738
90207
111186
95065
107705
77670
31557
13348
69478
76556
79969
109616
78790
5541
100686
10941
34548
38810
64890
16563
99198
94775
15858
60495
101656
60767
63318
110041
53227
72883
105768
105550
18166
97029
103446
63784
98573
31553
4343
97311
74622
110242
14846
106958
43834
36672
58704
47034
70450
106882
61680
70611
111761
93581
53310
63771
40259
76298
47875
9664
76312
59943
87188
69899
49909
47841
28318
109997
66086
24388
79665
84806
96055
44238
69137
110513
112444
95020
68987
45693
58692
7819
50556
6991
44081
3523
93655
78573
29086
20945
10367
44160
71142
102914
63735
78268
107812
52964
59283
53141
67195
46488
62256
85003
20062
87421
51589
81562
73592
44775
100210
78411
89030
40621
55484
15744
92283
47246
49116
22667
57463
34253
98795
82151
49074
56424
58414
30568
101146
45552
14281
59154
46505
49300
78684
41517
54328
46375
102923
43900
1870
71777
58800
41819
43044
105743
36720
4842
74569
74771
87634
67849
2680
90374
31805
44038
67282
88356
82158
76524
85861
97825
27401
40893
77236
94089
1005
80415
82627
51343
59166
112164
34459
104617
67483
100270
23748
38029
84767
8575
32678
88409
81804
62302
90117
94292
109288
20645
96113
85657
52289
78030
2439
33974
14828
9486
19746
112181
90506
17955
19100
12592
36504
26488
18673
18144
105534
91290
74557
11818
73012
10079
45209
101272
33944
577
44438
47443
77179
47124
34045
8498
14670
68276
57775
9895
24054
43481
92512
113761
113225
36321
39901
29168
57149
101019
101723
13755
92901
110337
70981
67388
58089
46177
23907
87865
2491
5141
66967
56936
101654
20932
101446
68940
93822
104218
9827
101842
111280
48642
98518
50895
84325
46750
111779
99935
36499
8735
14575
6596
61473
62729
112962
86923
77763
104613
29555
8107
55427
36025
50937
97225
26213
110329
47244
49455
78705
76141
60055
60410
100133
28226
91416
95576
109505
81316
8636
22793
69179
12499
97604
96803
1610
87615
64331
9878
3912
58499
51200
57364
92349
41365
104518
89913
19654
55869
66914
23807
6647
4067
50685
85439
81392
43463
70107
89451
37243
19613
86960
95654
101576
28435
11552
13854
68029
78253
9186
27063
45870
8168
84159
112018
67480
90470
43517
21379
51180
46374
70778
88333
4130
69402
10346
111918
89832
104366
111444
59550
98467
47336
97059
56845
7088
52104
110187
49140
33730
4025
54292
68068
63418
12744
6610
64054
63311
61094
86598
11744
36158
45543
87062
22446
47478
64111
54463
76444
9464
105959
48009
84115
58517
34842
87229
99212
6776
32289
16987
62222
27834
48532
8760
94360
68954
53420
70507
105786
42694
91148
21713
41110
94520
49077
106408
111706
65987
43221
14705
99886
45656
71765
36920
97806
103507
22042
24582
111785
59633
32943
37266
85670
7798
25848
40330
1085
50331
48023
79482
43160
1329
17576
95574
71275
100132
74355
72027
52890
31700
71611
59346
15137
4143
103677
49556
26973
97525
28953
72601
98774
92943
68514
67118
88786
8400
109802
98225
25481
110990
37279
90532
40522
36434
48813
103180
58132
50676
46172
33748
55248
9385
61466
49636
12176
76424
89896
24192
103014
79635
83644
79118
67991
21124
70819
66860
27461
82733
39498
4266
57471
39119
52233
29892
99206
37280
12301
110079
51326
96705
57423
62573
53272
72506
38390
48284
16452
7336
32800
14320
88773
50964
20772
20298
70506
79658
88828
65280
71746
2258
81464
98678
38236
96325
21382
42772
41457
74237
21213
103402
5138
97573
34257
24256
36750
92482
95003
32105
83506
90925
19862
65315
59716
95014
69175
101866
25131
91527
25234
69448
25393
79847
47936
41088
48973
16602
96152
5358
3029
100738
31254
52252
107182
112111
15807
49129
21048
54956
73535
51246
15600
93942
67514
96345
25913
43315
367
6669
84224
35218
24108
24316
101632
104060
39857
7
44816
103824
15340
66393
38147
63666
6890
25604
19809
85636
15669
104748
46617
32788
36959
34518
96233
63120
2231
11258
37661
52513
76955
5042
61504
68660
75398
80120
87007
49632
67673
35520
83120
12473
3776
62458
29539
5668
112951
49962
64399
10075
89105
2261
87491
3671
87688
25526
17292
5674
90875
103927
36462
29121
111482
4280
111194
82852
78522
27413
60385
8467
67503
36322
107450
92932
99822
109875
45226
90573
90794
83923
51842
97447
31649
82378
103546
81663
22601
46279
64607
8584
2967
73165
102557
31498
72993
107093
40741
17470
66424
111678
101704
30786
64837
97195
34501
8450
59110
13114
106360
7580
38557
108547
20513
59056
22763
27345
16983
80971
11602
54360
63760
91597
50267
46852
73935
81809
52089
75840
80966
14155
61657
45644
93086
100193
85330
10652
20179
32439
40929
103804
98713
24273
41483
69626
38307
21014
62760
56044
1934
105995
88676
21181
19633
91531
41999
70422
58406
86154
91385
98100
83003
69609
102606
61180
8011
22044
33970
30711
47566
61721
80015
97210
87536
1061
106974
16414
98219
42650
107855
56934
77837
35361
80034
79532
13659
67047
18511
5936
30318
21538
18819
59500
65917
56218
80983
70001
26266
50068
104421
22605
18167
9595
25240
40642
21236
42880
38381
7146
13397
65338
91268
72338
29650
40586
42580
6996
87878
93937
46242
4560
80959
50488
84172
45166
23545
38986
99626
1668
96811
17924
26833
99843
76246
30642
47190
79098
80893
80794
108805
28486
92862
93040
4268
16227
111157
44784
57108
4336
86405
112366
45557
27396
50840
71695
54971
97391
630
83388
9338
111077
66202
99354
25606
63832
86220
57740
28776
84070
38978
60736
40218
8714
103671
64916
51332
59111
83234
48665
35704
36620
93135
22298
73776
66974
109860
77822
113165
52984
18019
34530
108661
65602
24481
98505
7137
8041
108234
85098
79914
89144
20617
26705
8147
101366
55855
65741
91011
51860
105413
49592
47324
70219
89523
72529
99166
29852
53623
88457
8647
108190
54878
8455
36021
21655
89863
172
77752
14581
44068
81788
57397
11036
97764
39654
19125
97292
92859
42729
47811
105308
62896
74595
68445
4915
100356
98778
16836
92810
67959
31834
12094
108486
53539
48672
11425
60831
77460
47572
71575
38227
62141
107915
38069
78821
12297
16189
59892
73232
112363
103612
93623
11384
3457
20949
43697
39402
30411
112532
83295
108197
38973
54003
106095
30734
34115
98551
224
26157
96559
36598
9242
65998
86785
73155
77092
76149
32901
10243
20742
37779
48461
35853
34949
77605
268
57859
40436
6390
2187
35945
1334
100044
40325
103293
11311
49542
110031
109590
74890
42106
56483
50483
61451
46637
15257
96924
41849
2138
87866
46964
6117
9738
46752
12429
37574
94537
83523
45783
95064
95600
104294
34030
50890
92736
48198
78628
68223
48051
26247
75440
79759
82453
76460
50441
26640
6143
15493
100752
97087
33236
38878
67839
62711
15823
83124
21514
55257
53769
110099
2654
36682
1933
11163
36686
103337
112488
28665
42774
104154
63921
99222
96400
9390
103870
99425
23854
51964
52991
23490
106107
54317
68943
63074
63894
3682
38920
90417
62743
83350
15211
31184
90418
4112
9764
112545
73697
102988
60492
32636
56867
111311
98074
64135
86754
10175
30423
10263
4920
84380
3129
51201
488
85612
106251
81595
50961
26384
13837
74671
111741
29698
98833
75922
89921
108373
71583
62731
57356
76000
42615
31200
17826
49157
93197
21843
66786
34039
85354
58202
40431
24402
73786
96855
42581
94426
57527
23880
19580
76905
96425
77421
40797
30904
111855
22200
105796
23714
33958
78891
56454
40813
46886
61693
111337
108974
52286
2689
89568
33432
34546
62365
76548
77908
96457
9460
86617
74438
71014
3955
74405
52174
63198
50402
49375
64271
102272
16484
87118
67644
99684
40381
72460
32023
88874
26539
8916
31021
17075
19270
54699
35877
2580
83769
95648
46772
76540
831
35356
35412
98663
69446
99783
87391
72116
80226
76308
52760
99011
54587
22107
103685
100236
68857
111452
34679
11374
58201
52779
78730
68059
59225
111685
95445
106509
102400
65793
98058
91344
103139
70924
30792
704
10188
108362
91592
19395
100954
67756
69217
9488
106382
19689
68279
58712
94303
76796
71976
64365
77807
2866
15482
102836
89904
90933
101584
64120
66423
61259
65547
79583
104810
85471
43360
28767
6739
73902
24115
52130
75869
98391
36765
2019
33824
106378
32237
2976
80192
4140
96290
10728
83844
110116
37252
54029
68578
28110
29172
66675
32084
79449
66279
38464
108879
1166
33178
45972
106759
29949
25360
14289
39346
30024
39051
5157
47278
91943
3066
10397
40915
99943
65345
45403
5814
43565
63051
22322
103715
41715
90212
105370
37013
60826
42247
66303
72516
35273
86386
109965
93832
49254
32050
112477
44039
30486
48934
77941
48379
77284
13055
2719
38319
38311
100659
15690
44442
15335
97482
73320
44494
56823
12968
6039
31127
105279
18524
111555
42361
6815
65724
35491
16084
22196
94600
21847
89996
61918
16423
84305
75212
49533
63907
91455
95726
1707
59895
110322
66124
19226
89088
15712
63412
66495
57852
40
94144
91723
50389
7154
74013
31132
12970
17556
80173
62292
1084
74712
43767
25057
71605
47114
20008
30635
101631
78332
38177
105696
56248
14673
37605
32316
75263
85709
42791
80785
8288
22105
51730
92603
1665
59606
92543
7093
16609
18889
75623
73144
97631
18079
40906
97787
101505
70203
62203
106530
57868
107463
103481
33469
16441
81093
65577
109331
7968
63216
5801
112390
71317
23779
13451
96160
16480
39713
61795
34790
99638
42975
109964
19550
60915
23017
7581
28900
74122
80084
99977
71999
67469
60965
89933
54903
58300
111605
23613
37688
1083
72254
84412
108074
59339
59465
110824
50101
39097
60479
1621
15075
50913
33595
96682
92907
12785
88787
99385
32403
36461
44543
98479
9043
41668
33276
1097
96391
90614
72778
85892
80537
71565
11675
49582
25826
39000
50582
79416
62146
63183
81942
70979
100164
51937
89872
12586
39841
12615
76423
53820
88152
111513
28256
22288
77072
79128
20636
61958
68832
4262
20394
109488
101291
33490
66510
106194
9403
897
54917
16197
110787
113072
94116
112944
3926
57133
12737
82401
56577
90479
14194
53220
68906
87580
113524
50772
31230
88411
11578
97760
9774
101924
39357
55049
73122
75535
7746
39358
2882
63674
21582
105795
8934
44987
97385
49720
26735
53773
6865
22725
102488
3088
38186
103100
86564
39141
90390
111193
86605
22595
58240
95494
5518
33345
82533
12577
109461
112858
60460
38863
82329
24670
46664
47495
65134
36041
99129
94794
99755
3925
42771
83476
70911
98239
105363
6910
15216
36413
50126
77002
34488
101738
26465
28050
53108
7410
30398
50345
65414
90167
81260
37890
14370
47418
18149
39489
20083
73079
81579
105562
52752
104939
71802
24346
97159
50737
26248
91600
100997
110939
81400
103228
106736
27856
84421
36261
27120
9843
112407
4294
52158
59079
95433
80207
62958
51161
22820
48442
68927
26968
30777
109463
39270
61877
98545
25496
52857
19208
100224
73991
103579
92891
41605
5214
10050
22781
62057
64210
95154
92408
33638
77832
108211
67261
34563
22738
399
24965
53431
96299
45283
89978
109944
50516
111025
4901
64528
60
51728
112728
22691
10774
111265
101853
49299
60955
86384
59246
36928
41158
18013
47535
77495
46863
39914
87449
44078
48617
81440
93484
4659
34145
71454
24950
18045
68831
109865
16270
59730
20091
91205
48255
104262
30028
63529
97448
11341
99529
18534
61543
83376
84507
100759
14704
59707
11507
42717
39091
77894
110902
89878
15110
9573
31163
110852
44332
1758
45944
61123
11195
94979
75658
81821
52587
15999
61753
86940
72928
86236
36514
101229
97374
36909
6211
78978
10299
14035
3278
13585
27867
99500
89845
22114
33420
67669
105918
24025
46283
111514
8968
11393
5688
30221
84758
25102
38690
19814
11298
98544
35374
103590
13831
12873
26080
14910
81495
79959
21762
89774
78607
25066
100719
17189
94528
109634
72
66414
57736
26232
90723
48764
103753
105169
100779
111048
18008
101480
107480
78931
13699
57885
52041
51370
40366
106288
67365
90805
9946
52165
5750
71636
3247
75577
73505
67567
32363
59920
51593
83052
49104
8512
18241
32057
110506
68592
89688
53415
20830
19003
108944
5418
16926
18546
82399
80398
7660
18097
84058
71889
23441
1262
58945
37231
51985
8672
37461
48876
39047
38383
41625
19039
36210
21062
51626
80875
97782
55861
28795
58064
74854
96221
86741
92247
12334
32644
33486
50651
77678
69820
39202
108590
104969
90373
32127
55432
10698
54575
57853
65209
46263
29571
72166
67323
71479
87348
3126
52161
95671
37445
63099
57636
15561
71966
43047
73030
44931
93812
62589
89631
99739
42335
71042
58448
30543
38153
37748
82195
18407
6101
49018
76884
28477
15730
89264
6215
6548
27190
106055
40983
20954
48749
6398
12980
59890
91560
104795
10335
30595
81917
106567
15294
81914
90675
23388
23461
9613
59604
40725
42778
29332
40149
89138
3795
66157
4771
73128
96433
99061
4292
43494
44349
34443
18890
1542
58957
101543
67006
112660
28642
12303
4381
32666
17687
104663
58970
81011
50933
35319
47069
20931
58515
58209
79770
37090
15462
39215
56439
22265
45181
73574
2531
32543
69662
64011
13424
73124
28349
34015
100240
21544
68504
24467
93457
13571
3437
57512
4113
40266
90498
54559
20041
59028
95977
23045
88801
12801
112358
99589
8382
2129
3685
29913
5208
1458
38744
49810
29504
16035
75557
59329
111389
112799
88831
16735
2397
10609
73683
83667
86370
77033
40986
40973
94879
13349
16727
102511
89925
49334
60134
11524
68868
104124
73364
108491
90454
75417
19478
35170
95841
54815
31799
71288
61928
102460
88021
19997
57785
80156
12375
50358
61828
47361
48451
6319
25655
95667
16461
103751
72474
13667
108804
2568
22501
99537
101668
9527
15400
7011
2188
61249
110811
22509
69867
78535
73202
16952
35334
12193
29286
47148
21009
84322
41422
28679
101330
5036
10131
96872
81342
71526
69475
88600
112784
8155
107154
35653
34948
45259
85482
56457
14566
107982
70818
106718
59598
11742
46131
52747
53208
61812
32370
92704
87276
46527
59581
63638
100845
35005
77404
57017
83705
58932
107685
37453
62441
89981
75509
17778
37083
36490
24452
21072
15291
51462
88296
55586
87277
13103
64781
82827
16767
2069
107083
31556
105734
31716
7434
57891
31721
101608
84980
79022
47702
95807
30075
34928
50744
34481
17360
70885
24439
16769
68962
66717
27166
53138
4855
50786
42761
4899
35287
41859
18495
31583
31189
8380
29817
25607
39139
30425
16069
13722
95793
23078
37418
99376
111774
23984
51068
94871
81689
42603
104012
109337
20325
51447
54027
7722
13437
48366
58146
55329
40932
86340
17850
883
9357
43465
98160
61022
81277
9082
54387
77223
31667
94639
33307
58793
74275
9552
82050
108025
103971
85054
13269
17716
6096
38915
18668
35631
99092
74531
37738
110055
29549
31503
103904
42402
79308
94820
57710
113499
110861
8426
6666
75871
26549
8543
11799
33439
42991
94084
29794
53974
19937
3234
30366
6663
20536
96009
101637
45240
92699
77357
38923
109751
6609
102906
32389
73797
73679
47988
20559
30457
79979
29565
88040
60518
99788
74781
37592
10360
71864
71551
54059
16106
1129
72991
61755
35546
112142
89274
3403
11840
55342
49891
66537
2783
58511
8110
68998
103238
40170
21909
111985
100022
54833
4261
97071
51278
89686
28164
35505
89282
41083
31255
44058
27226
3854
20572
42549
108407
112494
66109
83444
52772
9763
49458
33904
64965
37239
32970
34776
30760
1173
45606
109515
59338
31642
12363
17456
61127
69666
8972
13490
26989
18907
61195
72112
106897
63372
53237
66704
64918
87692
88477
112048
107165
101111
52717
74759
191
31379
110176
15188
98024
25510
52915
7190
91827
47686
52796
15177
44691
579
27952
4521
97206
1473
17732
9217
86167
65309
5815
14913
70860
31996
72531
32528
59064
53394
30694
68917
80646
67811
75108
17901
61296
20745
112561
20268
84599
112723
21248
98372
107972
29840
86682
100838
44792
16718
102987
38936
64352
33537
28232
62841
31872
11565
90062
41897
106228
71197
31855
49838
72762
49468
87050
43918
46311
64587
61981
18369
75624
57664
4093
40119
79400
32867
44044
39478
55437
48619
78203
61956
52499
65487
10002
105485
59886
56600
47171
45449
92105
48254
51194
99818
36450
20809
20874
65136
95660
17735
94008
83176
92941
51386
27105
33217
41267
93697
75277
66346
34686
21830
103626
67915
106646
107734
5871
63954
77461
10908
21371
59833
111846
6786
16875
35481
45992
107515
78202
85581
74297
111130
11137
48989
91380
43668
104977
63132
94097
75139
64831
78662
43974
68549
89313
59009
36556
2730
82975
69250
14098
42156
84048
78173
99277
3913
78960
98726
105439
101080
109483
109901
48225
54646
44358
111913
107005
83798
95123
83268
84259
14277
31962
8988
61368
75236
36980
51445
54829
65868
83361
40714
80361
9980
80054
55274
109429
8957
32704
98134
44074
27941
41925
85828
43230
41027
53177
16257
35346
12148
79791
74347
27700
91440
11294
105498
56669
104664
14800
72823
83522
78833
75418
11030
28984
3253
3853
41283
88279
8191
107687
46146
100863
49186
30405
39230
25015
69099
38170
99241
56624
17862
26974
10145
65659
41314
69554
84381
71470
82717
14595
96334
8034
59770
47538
100742
85005
48744
59558
103072
7608
65657
804
102172
51638
80590
57937
10238
110616
66016
17170
17879
33619
64637
45171
48565
59791
39802
75516
103675
112682
73180
65995
77937
59185
9979
74945
40107
13336
64671
2945
79409
33470
2972
49034
65527
19229
73097
49366
3990
109096
55098
47902
75767
81401
105231
17526
109361
366
88201
109242
32297
63571
22980
84192
5017
101586
30828
51205
89838
17868
27516
100008
104183
61636
81457
9151
13994
3442
2285
32984
67427
52826
44965
79564
48540
22636
107183
68191
9104
72679
37761
58491
62187
88203
48676
91230
12474
111750
103270
75765
105898
104717
18744
84642
9408
45592
2567
38198
36599
48979
47570
69349
53733
97526
85007
50588
81469
28557
99457
77206
15434
72092
27896
14300
17808
104492
45365
8648
98476
79444
51113
10841
41198
35069
12112
38213
40505
79374
25091
27969
85190
728
23164
53143
101630
4745
76064
65630
103089
85754
109244
25788
53255
16302
38983
47513
31882
89324
109040
105266
91324
67812
1401
47525
27064
113452
16566
109366
103559
17498
101827
113315
73878
27434
2837
74060
30812
69062
69907
27621
33072
43256
53417
30469
22692
35223
88914
70105
59425
14074
58031
108426
78663
96553
16889
96876
65306
43262
57128
97671
61757
35559
109935
1644
84484
14270
39749
71770
95131
12916
88987
10824
29611
105390
104718
75022
94937
11482
62210
80640
104398
34793
26285
72257
32254
40430
44449
113135
93424
50916
2705
86649
100309
64379
55955
30460
80613
27762
87129
3010
89615
108578
67283
110602
35330
8590
22284
80551
37664
73678
6774
59260
63384
65335
46185
92602
76089
80721
75710
57306
104658
37019
108955
18039
108181
48455
77761
83227
7520
265
20390
41302
109633
93076
45925
6832
96591
22465
52067
34970
39508
56391
43574
35735
60223
110810
1606
45537
65739
106521
43200
14537
12836
91322
25710
20675
56164
91124
2816
103425
30892
89716
48995
14583
41486
104386
65311
63724
50364
95938
86222
17931
80210
45877
107180
57699
13281
58304
29344
102101
92034
72685
84146
79726
59819
85442
31898
14139
95367
82730
78557
98208
27445
45841
27288
9203
107712
102778
42908
66433
31197
94411
104994
6987
9100
64659
50717
79593
11042
91993
65027
75807
8910
89061
92847
52870
83322
22817
98427
75187
100472
43704
42810
2669
99806
15052
49853
72118
62650
5338
74469
40484
17803
16375
108130
77375
19087
23579
58357
72525
6481
46516
31314
37491
49624
52452
11324
103095
87612
73843
88507
46692
29853
62576
1383
26069
1663
70843
78164
42890
106277
50551
23415
87484
2281
33997
23678
101412
9631
68977
105220
108808
72681
5547
37059
11203
21829
2012
102843
106969
22985
12230
104304
27913
61532
60323
58586
76763
62314
89572
82129
18492
18175
18653
22147
20149
80161
90775
84700
21872
50740
62109
96831
25268
60552
102727
91784
21680
23550
89491
28005
112278
30966
20658
42168
81097
74447
109939
28535
23961
47614
40250
73247
74392
98905
49298
18250
49483
90068
84312
59380
58857
64063
38466
89962
46534
107168
86172
20730
107466
30753
52037
53744
96434
94989
51320
111616
57714
2195
102383
41945
34231
67162
107760
79085
89492
13708
30973
60486
19058
78843
106179
60522
54927
103128
36133
107799
1714
72352
105234
75505
17077
31393
73781
12950
23140
86135
20694
60783
51758
35646
86875
34504
11441
21476
64948
17321
39998
74733
84163
7550
106078
72368
36553
64960
105280
17377
5023
76636
101689
58554
59611
6632
48453
46719
42488
97257
33119
56664
106585
60834
64260
96954
16138
113715
11372
72821
91749
45864
68929
99298
81000
26713
28531
61669
29127
79341
48949
80047
12678
77430
62866
41891
85747
87566
56214
6680
13182
9494
37742
28476
40260
25874
82604
97733
73698
39729
81210
43227
3667
90864
69705
36706
101776
53723
112966
22387
43747
110488
38087
28848
44817
104246
33034
85518
25595
95058
105581
59254
59037
11060
103252
17082
65567
55443
91761
9510
36510
64529
106643
36903
56394
91549
64368
32729
6213
7906
37420
61251
88065
91564
28856
44264
74003
7719
34744
85989
26006
92592
103550
26149
66179
4657
79533
54588
50693
61037
76001
103514
100832
107447
53181
90238
64346
42033
58964
52120
48004
104343
71431
58915
1840
16421
96603
23497
101273
44555
13877
61355
41689
74867
39633
108178
67780
67528
50750
39066
87929
96692
109709
101134
89706
110286
91191
12366
51510
94859
20385
52558
76005
105963
36249
73489
46008
101077
6412
73368
10503
79188
5072
98242
77035
108712
103656
64089
79357
52161
66789
56401
52400
98263
42931
105379
99265
6486
24891
14355
67639
19580
45229
84225
14080
66159
1958
15355
9085
103865
80240
54373
79664
1448
64692
34879
17108
62235
71072
37533
104892
65998
17298
18533
98656
19962
4565
51308
36340
53161
72083
23617
74622
68708
27380
83158
112777
101246
41089
41588
15232
39831
32260
94670
8087
49156
27293
95427
94352
100119
81238
63714
109612
9749
89829
46451
72946
90974
39108
96836
62469
102141
20504
94508
5226
68733
25293
67984
