80299
75224
43246
86805
86256
55397
45427
72251
92663
7620
5807
100237
35156
13162
79120
33601
48162
102530
42496
102679
20754
42500
18926
93564
23020
66640
83767
19028
7254
84282
56609
29894
77954
11333
22220
12286
68452
32845
17695
45603
81880
61270
54389
96921
67344
59576
32616
101059
3541
41557
96079
11387
3767
39889
60796
16004
31549
87734
87039
101001
16493
49774
15923
77409
85357
66803
75057
37767
79846
49513
23008
47564
35380
99958
58856
8813
62011
22853
76065
30410
39519
51339
18892
55677
11696
62667
63346
83237
102222
20151
777
8528
42791
19584
99574
95745
73853
14289
45736
68247
5015
39203
18002
36987
94886
37501
15307
61029
60722
68032
4496
38009
36445
81925
39059
16343
81989
99666
40137
44437
651
5675
27591
34984
81871
32239
98767
36647
81365
38866
32580
61944
41555
36893
74391
90643
72985
65109
17642
26309
88091
21591
19613
102172
75892
59550
31990
49652
66305
90983
5069
5354
14629
5776
45041
22710
27462
12513
491
72494
90746
39298
94722
56212
41700
28220
97189
89647
65055
88090
47951
101106
15723
50256
20728
55568
18270
67592
98068
72685
73487
42426
4395
95585
13741
103248
62875
89154
31510
13321
81798
95864
12581
72678
71099
90315
59068
54620
90443
73132
87919
82916
6946
15899
20028
66392
89078
38975
69250
102011
7399
72816
7272
40760
21411
11734
16291
56611
45967
52946
68547
49056
7813
61299
77747
73969
13489
22986
81123
72997
77466
35719
77520
95792
38966
101893
7090
66925
61206
42012
100584
82551
101224
80453
69743
1168
5936
11207
6488
69050
78527
55176
87937
85489
67901
66766
100067
23998
66673
8486
33947
90873
84854
59193
42469
85564
3894
61047
93328
84360
43468
57569
81475
2062
9156
34487
20501
98651
60011
46362
26000
10409
81553
56922
20540
9919
82175
41393
27034
48670
40291
101162
52626
2894
47656
3403
71722
10708
65469
10620
61518
52791
36880
3044
6837
3189
20473
76163
39480
12097
28525
23155
7532
43514
39892
68136
46155
58308
79311
40942
72918
29474
98203
89587
98477
52440
7321
52402
60128
38763
17496
57063
101536
42078
37134
62826
80944
38513
58662
87917
64052
30292
464
28499
52409
39959
38083
53904
16018
98033
52112
35209
16752
23180
90795
84439
28567
34067
27820
94863
27545
17456
100516
24213
88147
29582
81697
101584
4522
40000
23803
76159
24690
59384
15272
25274
76694
15196
52701
29493
40454
78678
29363
41342
28369
70402
17826
40777
34751
37778
23452
43273
35555
5670
8358
59432
97840
43474
74466
76186
13287
50274
8504
63153
44076
68748
52456
14087
48064
13678
16764
59811
76901
9722
83298
14953
35868
69062
44297
97149
53455
64435
90097
32919
10393
9084
90160
21323
53570
10216
101865
47416
65474
55300
87773
68526
41331
100870
46197
17497
82370
42851
23628
17122
66503
27228
54045
62728
20849
74512
17803
43945
90414
95092
67073
17062
103259
53302
40750
94641
101397
92847
2255
76827
68846
10853
56696
75113
33890
17019
11416
50320
50005
89050
21157
6129
44658
93464
94129
38000
34471
2426
31243
46150
97344
91658
73796
6988
52761
38721
89966
14810
55943
20361
62249
67092
73401
38543
62922
12371
66938
13060
95690
64582
67460
4881
39088
54844
32181
16858
21439
80996
46997
54520
38455
25933
329
56199
88449
81224
78326
49485
91021
99484
25329
68977
21500
32986
48529
76260
1986
39419
2602
75292
37840
61929
68490
78177
74602
10780
26012
11273
40133
70453
54153
40599
3526
79528
95944
30563
76118
27030
49717
12463
80385
53196
70808
45895
99034
57490
46279
13361
6987
27179
28227
10005
37364
75210
6433
25028
23553
75558
45857
10842
9540
94613
18322
25723
71049
50006
75129
44529
36463
19604
73875
29572
48633
92180
5816
47932
63893
57752
57623
34329
44883
53512
93538
102794
75631
9772
94137
20439
24440
22514
85589
75805
30251
81012
82789
29261
71668
4083
87816
8200
98115
53043
17926
87702
12839
75288
82430
4377
36822
31899
33215
2528
100862
30280
18012
88231
14835
27078
79398
47154
90559
67669
14906
92131
62288
51098
52362
66677
20005
81083
61466
78376
42884
63458
11798
63189
30557
50012
93707
62219
10642
43839
31400
28414
538
82912
100534
51141
61174
25986
49634
25855
31437
62475
48316
7264
61661
102862
43442
18267
53457
12875
25593
47363
94838
88108
16539
74154
58016
95515
53032
48559
14404
22172
56425
31533
32814
23605
15963
58312
94735
57884
84795
85601
14155
42414
52746
88983
4872
60973
30288
59291
55833
36132
12449
99655
25842
50573
98785
1683
50498
36275
36876
4857
71104
67690
67972
47350
34242
75680
63248
70588
79928
217
58709
24820
78501
67259
97005
44480
93304
81853
102796
89725
90952
56434
33487
42029
103245
47742
85815
14426
100123
18164
88658
72209
7492
95374
65703
46273
62066
51572
14456
5221
13098
91917
53868
49884
97252
49666
31352
50732
25689
76428
1232
76153
41134
44750
9670
99408
94153
59235
89106
39548
102753
40319
58907
93805
21306
81479
64509
630
25906
80358
50944
8039
70495
2172
83386
17398
61290
16462
58096
92497
83161
103155
3831
613
61133
75006
28138
82864
37558
8545
3637
72478
40809
96084
50022
4110
91086
76120
86270
37674
31105
83248
47060
7057
55850
36280
26936
47756
54022
49525
50796
25336
95066
6276
12254
57040
89985
49
31081
65871
74845
57298
23802
90695
97651
23768
98948
12091
48369
62231
1589
77879
1695
51455
64298
32280
85548
19755
37723
53659
64005
76737
14811
12628
81159
98744
23537
52139
1923
4603
81831
9364
39368
40143
29376
62619
62385
29362
20834
79736
73627
75520
42515
20839
85926
15985
37829
51351
91157
10022
1833
87419
13615
62088
31981
16670
14136
27350
45040
97599
8645
11545
74883
94077
15068
35739
27075
9394
52438
31065
46759
76568
53601
37534
28694
11030
11645
55572
29454
33560
7209
84921
64447
73508
58663
56776
93757
20877
84009
59913
50144
5296
79022
18294
36780
44298
80130
25143
17842
87842
63320
73789
64150
40965
99977
3283
29047
56270
31835
27094
71839
71523
1875
81846
57465
4341
61872
27027
68635
24715
66068
29904
13306
3302
96896
57939
21172
49386
75506
63844
92368
45264
4964
17686
53832
52793
97039
10332
8216
40812
30780
78195
90989
48437
52936
82682
48014
56928
569
35962
52899
92227
23606
83364
64843
24913
21921
23410
73358
48172
37684
93679
81686
86740
78901
82299
53119
59413
49583
46373
16968
69021
77304
46911
41002
62879
52108
13334
44032
575
5166
91252
52703
50050
55028
78651
51162
47026
68627
76336
36919
83302
70235
5734
90316
21153
3833
15087
72275
28848
43822
13213
54213
36826
67205
26479
1276
96392
90774
97098
83256
56056
14098
95519
70559
24079
76309
54933
45718
2622
76906
86329
99169
45104
35721
2829
100520
52628
72698
47692
49768
34645
51206
39784
41687
36790
35779
16267
23184
35773
95899
73910
82683
77958
82407
67442
13015
64602
55918
18188
67653
93543
2230
70126
88308
99963
73413
24508
74618
65923
7468
32440
24641
49251
51285
44514
15907
58114
4826
4449
100740
25232
92945
67382
514
2863
62817
19832
54128
82571
78085
67350
92238
57761
39379
4269
63770
25662
64280
25155
42034
98560
102647
65242
21635
85996
18223
40837
74692
38846
7485
23906
66310
35194
82871
51769
52466
50594
71371
92396
19476
43734
54965
13147
31804
16059
3787
92595
61559
62635
31838
4543
79828
68159
59137
8104
15869
70626
100373
98421
74748
81480
52150
5050
53660
27515
41385
11789
99506
55594
5056
29007
64497
69224
93195
41548
20217
92395
65740
71262
26095
58862
15062
43802
19046
18785
35712
26990
69223
44599
60245
98431
78073
81138
89576
20464
87555
36449
29544
89675
20550
62799
16842
50934
23636
72529
31442
45434
34454
50617
67388
38259
64163
26586
92763
4698
59211
11620
73512
52521
46010
15756
67838
67440
19567
74726
77835
48033
50269
21011
20175
5655
67868
94680
47922
76073
65556
86458
80203
63540
74923
20016
73565
39022
64040
59703
23298
17417
45197
3795
5609
85845
62998
4546
60428
72458
38139
83628
2846
49133
70601
91465
31878
76756
78096
63589
4948
70996
48323
55293
34315
96966
6395
97122
67366
66073
10541
15420
100885
53619
101853
66225
9492
6615
59213
90004
87633
93010
72621
82630
103045
91630
76369
65885
41036
90424
12176
83739
75997
53894
79861
1152
10122
32488
64141
65738
98074
79817
3035
11031
57120
52472
56143
21285
101532
73366
83705
57224
88042
88117
11915
4878
39697
62830
41309
34126
13244
1235
32902
99546
30745
75281
25398
64375
47755
66545
21901
12858
98875
37607
83444
24167
58276
17218
11535
68395
90013
9281
68196
7232
15258
64314
74789
79775
7330
4520
69
17955
4667
16293
84274
6715
100447
88098
22409
11668
30769
965
58824
99946
67217
10775
87522
28319
49881
40764
73690
18281
11448
9119
67368
18696
61219
80705
37176
66819
9622
24471
4715
88324
11166
6658
62916
38673
96873
2946
76552
59357
90364
17567
27007
83358
68890
92229
53571
80073
64922
46515
93234
76779
76685
61497
10058
74779
15931
29579
70380
62234
35254
45274
23321
45039
15489
29722
4239
15253
34559
76358
83932
99157
87912
81210
14453
68148
1941
30816
20967
73554
64724
39736
12905
88601
88699
95815
44300
29221
25688
67646
12312
58513
93321
102590
91957
53065
38547
41661
6815
49442
17073
2220
21884
54075
91451
41429
60481
80895
18407
82898
47847
15439
44730
3902
11671
41126
3021
44473
55183
52717
92177
1192
86180
72528
68666
35582
58613
31124
99811
19575
93027
11372
29196
38754
7028
49793
22699
76042
48612
81721
91395
40191
809
11868
34983
77609
24771
4209
76533
67332
42147
37749
21584
52389
45675
68432
26197
42260
71753
50411
60416
60415
16720
31492
38553
83953
98040
9637
45833
51685
70643
26720
19526
73597
32025
18948
70212
103370
99446
691
25423
78491
85537
3583
79838
54701
87740
5343
28840
43581
97244
86690
51714
20745
34066
82027
3238
26585
73684
39236
75866
47970
20
39936
83947
90098
34465
65349
61359
61066
28930
9190
20829
31720
17494
16348
77904
17705
54120
62494
40451
5260
101995
21147
49990
5468
82628
97305
38344
31557
36512
76092
26148
72265
82231
66379
58615
101804
93197
12587
71408
15758
4019
72550
53572
79699
77634
24937
61551
25989
59801
64033
68811
76230
71867
56387
23926
56326
9832
43363
10042
4146
6533
95045
26381
74572
47199
49158
38498
26414
63862
30452
66111
20578
93506
100941
61614
58012
18492
16489
99513
57794
68812
99533
102261
32063
57208
7576
30242
25560
65157
39388
8065
21621
12981
101012
8404
72857
73062
50893
89676
98911
89147
26066
34719
12733
50403
100711
45588
17866
76023
39814
56654
64604
24860
75069
17584
49126
52785
63051
24561
91623
82192
95689
74678
38833
2920
78186
55785
85094
94811
5386
26703
60580
45232
62430
8377
25871
17595
43297
37369
97891
49506
85007
61588
15208
71902
48850
23409
2668
43645
47280
79271
35029
80898
103197
32100
41711
56949
67980
93782
24644
35559
81272
76256
65667
52094
43123
35697
99201
96305
14802
61238
78191
65619
57552
44982
39606
7223
61298
36706
33819
15222
95304
19447
11536
11246
52167
34385
23679
78558
86568
40034
28890
92082
3137
50864
23175
29733
25583
41039
13538
31423
80538
99142
18203
2838
64593
99365
22910
40974
93053
28991
45082
27590
28116
10606
19665
7275
70906
49703
53229
40154
44655
58879
61703
59583
40141
59234
65083
31336
98524
6258
54923
71080
61831
62434
98977
27133
69981
23308
74676
12824
21888
25222
44978
20633
91232
95955
24088
61751
99895
29677
94039
2444
86053
33718
30843
6614
53825
80388
34184
48524
61733
77279
48016
7488
62309
56717
38470
17403
76708
74840
93218
73276
92548
98082
90973
6745
83526
90815
4133
85404
53842
24367
69899
90761
8446
93340
90091
10880
74269
14460
53296
367
7972
29295
87755
63957
44025
70971
17655
54825
4240
45513
24943
7826
21853
68222
46364
30129
33534
89299
95220
4864
762
28524
96903
11708
57764
23358
101171
3251
6183
19763
22402
86789
51343
88693
21710
46003
8905
83907
2645
3411
99240
59271
8613
63566
32245
9456
48987
29112
3893
51595
83859
52846
24665
56729
89406
31066
58647
66485
89013
338
16735
36199
79883
69457
16368
42204
8312
1226
39150
47490
51834
22558
10921
3510
26565
43057
93646
9532
69379
45776
70622
54240
89801
85741
55934
12817
81046
10985
40640
102903
67651
38753
65757
93617
82485
42795
85367
87277
79405
101274
1260
65460
78206
63899
51110
39378
72085
4915
3620
27932
99758
4548
91089
79604
26992
100925
39567
18818
74493
72506
7621
52743
51452
92421
69933
15708
16526
46770
1362
20336
40900
5800
32423
20461
98759
20662
80883
44949
43847
75865
75562
49191
1280
60418
87535
16413
30494
65524
75849
28186
71085
10770
60267
45271
27768
98400
52351
44389
89439
16411
36097
49052
61649
100603
3503
26610
77899
78515
93605
30992
49110
9916
56063
73011
48193
12135
10078
100104
4482
71728
47721
31107
88367
91659
31340
16813
97569
21665
87353
61231
42583
66306
98295
16849
79418
46353
35543
31170
61625
12041
17880
8849
76316
49091
52728
40366
54522
43462
39834
70546
46313
96202
18594
37051
9482
13466
82928
24658
84805
63069
52436
100660
7530
11815
91574
17891
90926
36865
1824
19741
83733
62247
67517
32353
99253
2876
101845
3483
21014
74412
95740
68921
41046
75603
42484
45156
97745
59058
13125
88101
19520
83590
88940
55726
71725
56282
66150
21886
47952
38201
39375
84983
46157
64984
40190
23608
1395
26043
8844
32135
29266
61173
45715
21742
70254
1809
68511
36390
10752
15405
70243
22342
27941
60729
23439
53310
76455
93716
801
81140
83505
76131
38247
33831
23030
31642
67643
29634
17448
62364
48757
31922
71142
48989
84743
11226
19466
91541
6968
52536
90716
351
36754
81561
64478
28710
13814
28378
90552
15234
19242
33812
29150
61928
80201
75969
55923
66324
28643
33616
34600
60610
101583
3221
59189
100287
6563
66279
81206
3961
10831
37645
62644
4388
43996
53279
14818
69966
86486
26556
40822
984
34789
85556
94352
48918
29160
42270
101528
51093
57575
42483
56822
65052
8469
6653
85368
4841
4138
84288
58669
60646
22454
85097
31901
59001
8788
42670
90649
83163
75781
91855
89260
12757
89455
98161
102000
15091
27261
38110
66468
13842
86817
97865
5000
56688
81827
34862
78200
81388
43124
40059
65771
74670
1430
8838
19317
92353
13509
21938
13376
46248
70929
95865
30919
102070
20862
36014
83962
76460
43896
56051
24832
57248
89529
92925
20478
31054
14184
89189
16575
56659
93630
20743
49694
95961
34020
62143
15670
129
65535
32438
91029
76849
62034
71253
58275
27661
44152
71267
97932
63805
48157
19876
53860
69549
15381
27766
44869
9121
85100
9741
39191
74910
61428
100316
55144
26091
2759
25474
73323
62584
15123
90403
79608
67252
78434
59651
75477
34517
24156
84149
54877
72653
88200
18402
78040
88648
79024
15189
96827
39123
101799
102825
7606
40531
62956
68785
80689
12575
76562
67299
23355
94297
88627
98739
46724
94833
87021
13269
20287
24433
10503
86801
39590
53371
42569
18586
86774
97530
14950
15111
79428
102660
45500
56739
56668
70992
46699
92586
31476
23494
16759
30271
48367
70745
93577
56691
22763
19655
50208
100269
6117
23890
60702
66479
31968
11727
8707
68329
5139
53468
81258
36881
79324
78363
43321
22661
13739
49155
2486
39471
76723
66733
41953
83274
20209
85990
68327
100559
35382
100494
17762
77727
42890
5376
37565
53671
70752
37713
28460
35733
97435
20678
54101
48560
78091
76033
83420
62358
11405
74775
47894
25638
74136
91046
54743
89888
30456
82637
87990
8557
50502
2725
76532
77880
16474
80872
81366
10862
30685
37380
48245
67081
80629
75340
66601
48495
15292
63966
30714
90106
69186
5509
27969
2066
28475
59547
90981
84241
41017
49147
53751
11247
15166
56246
41123
18186
56786
55714
57354
68995
29073
55656
72284
79943
33709
6032
65796
61020
47334
12154
29832
65224
47040
3448
36084
8230
9717
34845
99251
42143
32011
57140
2390
86375
28111
78807
60956
51891
14035
39121
14406
38275
89459
24225
16233
53223
52040
63192
76912
78502
27032
77205
75622
68051
73409
99416
13963
40917
48342
68790
72293
58316
50287
27563
50924
1369
24001
56955
53909
19259
7544
3051
82023
18579
37480
85613
6417
59292
47236
75664
84669
77630
83906
74186
10641
98749
15715
62496
19707
35243
56064
16428
72101
33833
66141
78046
69832
89334
83226
55474
30582
50471
50462
73831
91704
73666
96105
7896
54044
22976
74240
11712
31305
48676
4776
98609
11675
78145
82482
91841
28435
32601
72584
80410
77458
6002
64409
69059
75954
78382
40950
7694
89720
74458
73987
30871
96936
74835
24768
14939
47221
9221
30417
47618
88152
17084
66780
93718
14481
32215
52739
56234
41117
26511
79981
89468
27234
83661
22677
78614
63921
91831
74183
28622
76204
42431
60723
4999
32963
44204
82094
95941
1801
6024
82080
67768
40889
94899
29008
89857
57481
76735
102925
13601
102166
94205
28268
36453
73007
80826
2591
41894
26400
7519
24107
40789
59655
45111
38749
79662
58744
31434
11157
63068
77140
54643
60295
40853
99324
66791
69758
77081
96227
74505
46110
58306
34058
29561
77978
55749
75848
99643
20098
8141
94989
82046
40862
87426
47586
49814
11451
53482
76609
71093
73695
14378
35716
68578
38159
69285
20021
60561
100360
5740
47846
71102
46616
39151
83289
36875
15637
43082
20827
87648
78978
77858
64125
97825
23701
7211
77627
66522
47427
79856
57803
2717
91309
7038
72667
25009
90261
71644
1570
2820
72112
71133
33415
15020
36137
27398
76439
87491
29159
22319
90666
59479
78378
83877
27215
9347
23945
1074
15785
47785
77872
29623
76137
28749
12782
44676
52175
59253
10598
30945
40250
6541
68893
45944
36441
74381
96284
92247
49560
91315
5966
21339
24706
57654
41712
45487
21646
681
94110
36349
2866
95964
15862
56066
56505
78522
25208
81289
80070
87544
45550
42894
52584
5704
60791
67336
80411
62425
86107
71364
42858
62345
40431
1985
63825
57372
83502
50163
82865
97958
52757
29430
78538
62928
27645
10466
42945
21085
82535
58748
94819
45323
95194
41186
11616
101735
20562
16829
96307
1992
54749
26431
39929
25517
22449
64782
86424
4256
58670
4884
6677
41459
53301
86200
41497
4980
52413
77614
49813
73261
74204
22399
22831
52624
19554
77726
30941
4303
50367
16760
4291
65911
94767
36217
96801
36011
23232
79478
37651
33540
80652
100270
23891
32479
77120
56979
16009
8541
16779
76575
80227
53438
10651
86771
67672
69426
85326
71890
58487
19009
93230
100252
88263
9852
63971
72288
5405
85427
9890
73
60768
39470
66066
8920
40869
23726
71098
20617
75004
14286
40741
676
36210
52832
94300
16464
14334
44998
28917
63326
13153
78359
49074
48424
24034
78912
23117
46657
6954
45678
42602
25351
70881
21576
91483
86838
15070
12877
27260
51077
18160
62622
84074
33883
42678
103012
18767
48103
10677
82496
93950
80751
245
15383
35006
31234
11446
69254
86478
89008
57888
101116
5772
19664
64045
87655
74006
11808
21899
83089
73579
21208
100680
57413
22817
30136
11546
68737
50862
22598
75237
68467
33623
64645
29322
89836
11444
88415
10931
99056
85687
22530
83872
57689
67001
73993
91691
18650
58911
36998
34038
44232
34435
62610
45861
16038
21223
102271
23527
83303
62000
103359
80723
83803
94152
85690
49577
65467
25225
95967
37071
47655
5316
97966
94120
81875
19481
22714
45963
86395
79140
93540
75297
20946
26572
19722
10440
84539
15496
35331
23369
72201
34526
92783
63581
11411
93834
48910
49177
18395
57997
50259
101771
81715
50784
49972
55036
14112
90087
67406
56195
41527
54234
11669
974
69151
17877
70043
79891
31397
49060
4974
1460
16782
61315
3597
21641
77709
95572
18154
100787
45566
41792
33107
85809
83231
19646
72472
35126
22171
55208
72599
17559
92723
4248
91226
46620
97395
50350
55098
233
18997
35579
94630
79123
79468
16510
39501
70474
29910
47992
99049
6338
10269
73660
55134
40990
47821
49035
3570
60305
96042
48340
98126
56462
92249
11090
94535
56081
36854
9776
33341
29708
81409
16070
74553
58521
43434
21935
60384
23897
67034
86580
101711
27104
81901
72991
96592
74694
94706
30917
9963
88811
58571
1897
50632
19423
98368
38574
98291
36571
56835
90326
75988
25466
98778
81352
38031
88942
11015
93654
94521
91092
65698
47939
92257
75858
90130
73181
44902
70294
33053
84879
56523
9688
41815
84605
57818
75571
2170
49352
47008
1964
44227
89774
83292
48182
14244
53153
39064
69624
81856
5972
14467
14764
96941
80793
84156
46158
45740
14411
95061
45113
94782
21024
44323
27168
38144
95395
41005
46816
66822
82327
56297
8207
51816
86109
63207
33290
29960
33643
67952
37377
41428
79091
30986
78377
42462
1959
46931
73171
6626
50518
60991
31335
37324
66523
24850
53076
32246
45929
68108
89462
40166
94104
84067
76663
60736
35287
80218
53930
54106
15764
81240
49786
56178
10904
48667
69188
67773
21525
77132
49122
39021
40513
94694
42773
35241
3131
15767
64338
76021
52615
53395
39995
62007
83810
87121
63602
32828
77850
30798
103173
55339
31904
94806
90578
38121
22871
92038
39676
2095
9348
17009
94467
61815
8075
33939
11532
6974
3552
29009
47585
34895
68484
45966
31000
508
31037
68133
89441
36019
84297
41550
51845
38440
1067
66649
81922
77421
71564
76943
13182
25332
74228
91178
6919
64630
3954
75958
69107
49693
92003
102014
76692
7262
37834
66992
5010
38080
97197
92915
60234
92279
81283
4040
90383
36732
306
70710
55868
62526
63739
18628
16410
12984
94221
45494
30698
73263
18880
84981
94716
32173
9589
72129
85087
65692
77936
17750
74562
25221
52075
55004
39496
96464
29355
48136
29168
14814
73937
73928
40334
58905
67891
16246
19352
75738
49556
83912
26623
90024
96973
76242
32514
98638
35689
42169
12982
42826
28903
94940
40467
78500
2683
50970
35296
2123
100180
96403
26297
92022
34062
71269
73816
43564
10257
91635
48269
96746
17012
35441
96163
33837
90363
32670
96129
49882
41615
763
84777
6613
6195
7955
87091
31301
64529
35051
58617
6999
4526
11533
37410
6341
30706
47432
86651
34368
26279
48226
9718
22807
3680
38408
28543
91616
92931
85411
30378
6748
64723
21251
84331
10200
36431
74341
28411
6384
13644
16919
19855
96888
101178
74972
39209
68047
99601
15948
82445
50729
63401
11762
24760
81602
40026
58222
66095
79190
13848
81921
103021
492
39482
52507
62151
6328
85517
52760
39361
1209
20545
17725
6313
81581
17039
10053
29066
47093
65981
25322
35180
95940
83202
67310
18022
21817
32059
24011
62433
103112
15511
11738
90396
63565
52844
35847
15229
33147
62162
37460
22771
44627
31710
52772
86958
95832
44464
32960
51558
52415
42244
8129
34922
31115
67753
47810
38907
66074
36759
28855
67003
80029
37013
2850
65913
7479
24310
14863
90008
41517
85770
56557
96077
92439
52449
62623
4230
54709
88910
69388
30466
93810
41457
5919
80494
27883
14086
91184
39495
35585
83380
27677
4244
30391
72002
10341
99959
46037
23800
73109
93348
98888
82836
31912
99206
14988
81808
93947
47596
37251
54806
24980
30572
14664
97056
39421
94585
48526
17393
100611
24242
28810
10998
55409
83675
28123
72031
27955
49301
78626
37551
21704
91143
64398
43527
99687
48699
43919
89217
66951
50503
2402
70328
8927
93060
3900
11912
13336
42701
36614
64558
15101
28873
37318
24536
101891
78808
66343
19365
38992
9135
31997
25886
40304
85512
70106
21527
49086
38620
74401
59938
86515
62232
14114
2928
15464
18247
75679
55686
25625
32726
10812
79796
77234
60333
77813
17499
81020
77001
12794
47278
27090
87059
100205
72802
80855
41378
79666
91487
100904
25210
69375
45012
95375
91701
23179
302
20648
9243
91152
30926
82333
15635
29164
90517
16921
22789
22914
36334
45106
2259
92273
83137
70116
34759
26770
81578
95273
75328
75590
96979
11220
84906
12324
4721
101069
13446
69846
22888
65006
78506
30225
63611
932
52011
604
8724
11167
73432
80690
26946
77217
53369
44215
12607
18654
59400
76278
15035
74422
91036
81747
12332
5225
6882
66907
30958
99374
56079
36298
56269
38194
22421
43097
29336
16224
18737
18236
10416
2346
8702
61038
67446
31319
19662
19696
79500
62404
53665
29792
80083
93362
101638
34792
67292
98210
50816
12722
64634
41248
82927
60680
69043
47118
66980
67583
25528
58657
49879
10863
47587
67472
86282
24077
48351
51257
21095
62810
7460
6635
72779
53843
61459
55579
19474
43301
10532
74117
34754
28789
5519
57911
29282
45464
42133
71824
33437
8802
68459
95713
52720
58582
21610
100689
10023
92235
45110
73733
19427
61974
2523
83700
87832
34949
24083
54065
88232
27592
74304
34016
20993
96803
52696
82837
45517
76786
29456
100312
100998
72402
37399
39377
39188
90641
2373
28742
1469
92278
4634
8182
59275
99434
13034
68013
100165
11794
67774
44749
85084
37152
420
23336
59572
59362
91493
61996
59471
62898
95008
54892
7781
67812
74263
83609
961
46192
51936
34579
68481
45651
56444
78698
98024
102996
86772
56025
85992
25706
20339
16927
100247
44234
63308
12965
71261
98870
62467
34928
63421
1052
102857
37733
85677
39811
18501
98485
29942
80657
39621
624
25831
40370
44087
83727
61735
9003
34856
58021
22515
38079
32455
87837
26246
76099
28601
65579
47068
91834
92779
91491
52385
54628
39476
20057
46503
49966
2819
13067
89043
56176
64635
18619
5432
103250
15783
25776
9192
65666
60563
38790
93201
93185
78255
1522
96339
18178
33887
102760
13774
3664
14947
91772
40040
89236
39682
88622
3153
94257
60578
15401
10947
71271
21340
26122
83088
62445
41794
49116
64432
13211
98273
32504
47160
7660
60625
3014
24856
31331
22654
27975
14372
61309
23623
101346
29641
54841
43593
12240
100889
34821
49062
91466
45885
72204
85232
81485
98502
42880
51275
45479
90287
61565
60734
29368
10577
41856
44859
65005
39126
59133
8674
93511
6983
32563
92245
101220
45243
48591
78896
85264
7788
68640
90321
82145
70311
34450
79851
85499
58937
97585
2355
45319
81318
81704
9078
1502
24531
26446
30266
68703
59422
44789
37181
16503
29335
21379
21479
37443
16027
45920
8961
16272
29436
46864
28637
94787
6663
5126
29016
365
84672
33468
46257
66710
81114
97025
35366
53143
15828
58422
68380
50598
23353
46590
91854
27646
35275
8883
26415
42470
64027
79857
69443
96178
30301
75009
357
22131
71507
50728
69200
102584
63852
28374
13796
92700
64878
19487
25742
95017
39304
46421
62255
85744
27804
20366
99983
68941
24085
7136
75164
58627
54585
81264
21029
23286
65953
32794
21098
27341
43445
38664
16995
48597
65367
77769
46326
29694
65877
83939
81900
85817
46591
52241
57049
34321
85906
22842
59342
1658
77491
47574
68667
101306
17582
34357
1684
32537
93054
24022
71849
65009
58083
63272
2633
42400
59101
62606
29606
97052
85343
8369
49926
53638
65555
89950
52197
16732
87691
88747
84926
93546
82956
41755
45409
57391
71311
7288
3591
68445
55305
8744
441
86111
102663
54847
40768
24154
97802
95103
36166
80155
3777
15514
34963
18469
34278
90859
19292
71008
29347
34530
51618
17558
77109
33764
82681
79592
71535
58863
60151
37061
45371
54396
15164
51940
98774
26649
54533
55536
23377
88213
68417
72713
312
28065
67927
62291
7958
8677
38687
100256
83441
68590
3679
2445
45443
56431
12076
65583
7300
50143
5571
48229
45950
52811
8244
13122
52764
2839
53593
97307
46057
25304
95840
100436
36852
50857
29878
59106
27167
10585
60935
33470
42401
80734
5232
15855
22485
75194
99468
31052
82518
5335
94861
80900
94776
4584
9854
31643
16761
39336
30726
54572
38724
96295
74787
50829
87580
72373
86708
55448
60659
98300
49063
97282
96538
77753
20906
67043
39831
83764
27723
74664
59957
60521
36684
37046
49550
37255
98689
63406
61621
10253
51901
54160
67938
57907
76675
40405
58698
48498
21220
96191
79829
19007
46691
53761
73960
69482
60311
101905
19992
22748
46205
49953
95234
61909
5832
19068
12509
77039
42096
98889
88169
83553
83050
37073
34951
7529
3540
73668
73439
9647
75742
37208
30072
10950
32267
21746
59698
51805
39587
39232
53378
32789
46798
46552
90427
93846
47795
95217
213
32366
101811
61031
71600
87326
84510
17979
95604
58516
21328
61959
43378
93682
55734
96419
43006
28571
71821
29922
38859
87251
72427
20663
90323
10574
70896
92262
86872
51259
12579
46219
72303
27866
28975
71259
102816
4501
97700
77352
52433
75147
70009
71463
16042
39776
94368
6811
70184
69419
24119
24891
84619
49263
85814
16015
65289
36573
41578
61634
75666
73980
101784
687
29240
35131
34305
7185
90164
95666
93948
81462
103285
61507
94028
46808
86998
81774
58344
8080
89498
20278
94405
90328
88217
63848
59660
93806
10312
7165
62251
83510
49507
82736
45912
7282
2648
36000
21003
63438
35874
16150
5297
71620
91893
40518
83339
31976
45303
659
51348
67814
98675
104
57262
1786
76347
12977
29398
39274
78687
4790
21509
53997
69199
137
95074
89089
82004
27633
77644
102302
51755
89556
46027
31231
55928
27983
44662
29320
99639
102625
28738
4846
39611
56719
25320
94
12132
81965
70197
40728
76958
87151
9856
44975
4961
6944
71868
19633
35032
46052
38928
46748
99333
59671
86372
31974
62242
61942
87465
82711
19263
61811
82679
27419
31617
23886
102674
41480
18392
60656
34006
12269
69484
94175
3081
49593
92801
1945
56126
84356
22369
53684
2757
58959
93632
3300
48661
1881
16830
61021
5672
1799
42125
19274
15309
17644
88059
52627
28408
71231
44182
95564
13491
101482
3790
2993
3087
10066
82751
48503
38281
1413
88073
17098
56978
48217
78576
11224
97123
30968
96708
92827
55550
32587
84367
32776
96680
62894
18721
51388
57628
30939
56405
16626
94086
103063
94785
46915
98956
94917
41355
42154
22295
43674
23994
47701
28095
98905
33465
68981
45802
62071
66986
9762
63977
38746
5112
22068
87161
80030
48759
33220
22911
98385
101879
39491
81167
6145
2510
79071
42910
82203
27362
54085
77084
46575
29074
85918
57879
74399
34688
102586
21383
33032
76751
80577
90039
98240
64914
68142
25752
25917
42427
79328
9630
39073
73718
99954
92912
22198
96272
8241
52825
9366
56541
2240
52754
92155
78113
86743
14839
100930
99299
89921
12843
1995
50429
58307
30403
87066
84299
2723
9917
78435
59395
42875
14641
1888
74321
70810
28037
77933
50848
54046
56738
61984
43029
20367
75382
47929
95305
96044
1089
90882
32023
19135
1766
80262
23485
55693
57316
11345
47855
49473
23131
58498
27861
2836
67852
33757
67585
39750
17976
36406
93143
22018
67998
35521
42239
79201
47126
81355
34133
95529
11974
44552
27745
1913
38511
49379
31129
20121
98825
57953
29784
15236
28735
22526
2364
53533
24342
90031
12535
34091
68230
84239
42425
14237
45037
85466
42252
31316
99932
12028
36381
98144
60908
38710
83816
33914
88876
83811
51958
62846
102690
71808
87117
69252
31610
12950
79744
35528
60834
88951
85773
44124
46688
80386
45857
47176
79120
50688
59580
44306
79548
79772
33795
81342
6300
40451
9669
48070
60160
18461
79821
63971
78142
69561
3524
50378
77655
72702
79982
69853
28594
14960
81542
33626
49921
89602
74739
26339
100762
32542
82777
8589
21244
11870
29834
1854
26244
10579
23876
35554
74062
27138
88575
91666
99773
91818
54300
30926
55948
85292
36342
102785
54942
58086
253
83728
81861
27580
39866
87487
44957
28374
51055
95304
67581
25370
101206
93725
46634
29123
43735
32254
30777
14381
35054
27030
67402
61296
22109
99923
57033
76533
74076
40601
43048
89085
66447
39192
27292
9789
100862
51864
71785
24054
79394
27328
65593
40171
36624
78433
46164
2461
68705
50477
17034
