95163
100138
3605
89058
41531
24954
75353
56524
33813
1419
72414
24979
9361
51019
22421
60214
28864
8225
52186
94190
101274
48702
68245
23179
8772
28193
70907
61674
33263
70471
25188
99444
86551
33522
87369
54594
74734
29963
2151
62305
75290
59306
56248
27666
66600
94506
61325
90050
33779
53540
30231
63612
14839
22617
21697
1329
10303
49100
68790
15652
99080
31612
11671
105020
79472
95058
95082
76876
98491
16301
101294
26002
56141
91776
37183
98092
18382
56703
67823
19366
70778
90400
46716
103557
26660
35294
47742
70513
90455
6291
58734
85791
52562
15171
26050
70525
78403
2341
61810
65404
97115
54248
82036
98130
80942
41047
4101
47545
89720
48206
1565
8519
101217
24494
62979
101210
13292
61324
8944
6227
87536
4579
51064
55276
68020
89626
95909
53941
83466
89525
39668
10892
42805
17546
78859
77027
44136
77323
40656
49602
43901
88319
100735
102353
61986
3769
325
67785
76623
15970
6209
55535
15658
2453
47495
25712
68771
6290
91938
4500
62231
11882
45825
75785
101894
63825
92654
62192
56131
101398
16548
39873
105367
65910
52463
40934
12699
103545
20642
83907
92854
98487
55080
1044
19086
26360
59828
44020
87891
49980
103814
50655
29100
24802
89744
34099
62601
27697
87271
8019
83428
42267
34719
24567
48630
80116
54876
54334
33759
58201
100895
68996
30767
29361
24240
51344
95355
28409
64602
26011
2128
36024
34959
49389
38283
89866
58257
82645
46078
8547
2021
64133
41803
88746
4535
23272
14454
83292
2041
16103
14218
35420
70357
14533
63385
80251
78750
57639
84885
19313
21236
106333
21214
65647
28623
425
101711
105948
22307
104206
88003
6753
6879
66093
89539
29436
42893
94383
105815
13484
79716
54779
31741
3726
105394
71223
27916
97013
58306
53615
69916
63068
45141
21519
89810
94848
72393
65821
29359
80571
12875
30119
19358
23172
38791
54610
94301
24835
75419
30971
85782
18497
44883
105094
55338
48621
10896
83718
42088
44252
22784
23513
75335
27222
34792
89599
8466
25008
99178
106275
51367
10317
27177
41077
49016
17757
35349
41540
42282
102070
37875
24649
38520
89797
99321
84934
85646
32549
10959
30308
39639
45319
3906
47053
28330
101519
52051
54495
80945
69224
55266
94668
102232
54735
64541
42561
75157
2073
43602
90041
11129
32414
64682
87733
80192
10980
60841
54629
42932
73411
63297
64525
53813
8715
52652
32372
24159
29418
59766
28198
90009
12399
21093
9214
33794
8309
94280
48359
41812
76082
17403
76084
28314
30234
102036
4977
96160
41815
38877
572
15003
40891
52188
99856
7204
29952
17498
37114
3238
4210
79
49877
65993
50738
4740
16389
57262
13843
42318
79196
18323
34663
3997
54874
64704
68906
50151
22399
27073
29554
81590
71744
38367
21370
34396
53659
34039
40761
30450
10717
14504
59227
104609
100505
24654
87432
12338
1878
26710
13241
101228
19264
54759
51860
22097
100232
38224
40010
41374
23653
41715
73077
86881
90879
101096
32527
26190
54082
73816
51965
77332
78132
68259
7316
11429
51318
73814
2272
102
56013
46698
56370
100792
11266
84274
86693
87932
45685
23616
88184
30506
27160
73845
35520
11677
24320
97397
103714
47794
59150
85683
87904
56942
55452
74135
48400
19523
32830
59499
23134
746
8079
65814
30494
96843
104895
45990
22039
6532
36248
23781
90994
56401
57810
73745
20269
57576
66511
81214
96881
8018
25349
98712
64004
60520
18409
58880
37208
1651
86664
5630
83285
36154
105256
66509
70640
85520
12563
52244
79894
31855
64828
76383
61955
39058
49794
46830
32474
93270
11276
106164
1269
22874
19403
8379
51452
62401
42669
50485
84070
101259
35378
87077
67573
90564
46402
23637
74800
86509
72295
85562
25237
101635
980
33864
31398
93397
13293
19932
84116
92289
26438
87030
103597
45327
3257
2377
59390
93388
21399
15810
44349
46039
98437
35282
41501
74421
32324
27648
48606
97161
73783
73339
10144
53043
91422
44969
23790
66462
42139
37322
67796
78921
90500
6608
18521
57243
62413
38986
85976
44473
46964
5719
19986
8088
59301
17104
63362
91299
24037
20665
21532
40539
78850
26909
32871
7862
73106
9734
49353
1862
81528
102261
45055
38509
58238
16939
55350
102621
33479
73489
64320
100662
13084
97031
14966
91085
81129
1822
2486
83180
36341
95320
4632
43502
83351
60764
52027
30027
43017
69889
80331
8206
49196
15697
67721
35778
12920
46000
34972
78224
80697
99887
74893
89425
4911
8483
75025
84233
57936
66773
30794
29205
24650
9533
80186
82518
71406
74186
33233
71404
39438
4305
30438
16064
49070
54309
54371
47905
37968
20519
82631
100347
64503
48259
84020
100268
93995
56465
18439
49868
58189
13333
79588
92320
16251
64683
19987
91033
64496
84547
78365
95567
87051
74822
87570
32975
71124
62889
53895
63890
35272
384
13923
101342
66640
80580
75214
72307
40695
28866
106123
87944
92910
28270
103008
12738
87301
32484
51336
95311
17439
30544
6149
30114
23769
51388
68131
32959
27475
8245
2670
78536
1694
55708
33704
27907
2647
1970
40076
80525
104169
61611
78948
60104
62569
93655
58817
87376
24784
77449
41858
58896
62181
69350
86763
51686
54611
13684
56437
40587
33231
64957
36861
104130
33500
94542
56474
25486
72721
87079
95337
80394
31506
93001
26862
24061
74788
37660
85279
9837
63301
25052
47269
54472
78648
37661
37693
27536
63174
91236
100571
49352
78243
92301
62955
49504
21682
63468
2184
36806
69660
21416
29348
88999
40399
76413
34427
100984
44408
30443
39611
51441
89006
19419
60486
23348
41180
87566
93656
4235
102376
63474
53072
7732
99783
17829
39463
38135
28118
94123
98379
21453
70932
40964
67771
2626
30291
58878
28196
41439
44345
56964
55252
88779
98671
354
73306
64157
93016
31880
45680
79516
83109
94715
3333
46319
104499
16436
105373
26232
89556
85860
94050
38100
27785
28379
62217
73790
22382
68945
91755
44477
59184
20408
28559
52108
12568
24791
63096
13360
95263
34303
56105
94180
34074
1654
54100
51659
90204
32386
101279
37844
34040
68914
39050
34717
37132
48165
71910
39640
732
95927
66238
87989
75764
57804
23026
79104
13365
59392
42949
24113
78063
34414
71711
77765
9446
71391
7285
232
20290
29440
39891
9240
66143
98447
20468
25795
56684
33328
63239
70830
46789
5896
98444
998
97078
6254
41363
87010
47738
67843
54626
65886
82489
31968
90958
28266
77918
71122
35382
76977
8511
9876
32510
25013
105064
5124
70231
8122
104930
84365
47170
71623
98222
31675
71361
618
40807
35291
15599
58501
105056
64887
3006
64494
77193
53677
67950
16410
42775
59417
63294
6373
92296
29352
68827
95108
56010
45105
80432
89173
16951
6888
11739
75030
102914
67921
50976
19156
50662
45544
61336
29978
55621
93998
22095
101904
47630
21689
17782
78179
64964
70775
74092
86745
22140
22359
101097
4416
63709
97657
66204
18618
63343
104972
21777
71909
79089
67060
79617
77338
20604
9683
55829
67415
96011
8414
11275
12818
26813
57260
88520
54192
38577
54166
29268
77905
5257
22018
64333
11717
19473
31046
49208
55709
51992
4231
61013
763
85297
79546
69982
78133
65898
3584
96078
30236
15813
31978
73566
6945
42444
98980
22148
89142
51483
14352
61564
91621
83195
49364
51069
85990
105142
55471
38706
89597
68277
92310
7560
97002
1828
75827
65789
22110
60491
78958
15653
14265
9776
6399
100050
13807
8351
33563
8514
19907
10404
35737
88642
22155
76656
21123
19230
74561
27817
98479
90501
14458
54384
88276
13164
12436
35479
55336
25722
26522
86929
28853
44061
65178
66118
49338
46807
97450
11516
58981
21171
44000
57329
7912
22993
99219
8495
21504
22764
103346
39749
4516
106130
51747
92228
100722
51648
5627
71666
82571
18611
99429
103696
78771
31598
11969
80562
44097
97973
79662
37339
38852
17283
59597
94346
49315
89360
76952
40260
48291
60871
29328
36065
90643
33481
4017
104988
93456
5670
41495
77566
33576
75067
26757
90163
83011
38562
23048
16927
21994
36900
5301
59213
1746
13860
55682
94466
56628
59356
10283
17155
61408
24047
52536
6796
90627
32
48473
31110
2512
98038
41620
50404
69756
486
7440
32774
14086
81085
68701
33636
17266
5090
63148
40545
65667
1439
4766
99910
36593
44374
24877
88407
32920
39600
59393
69133
105582
70628
19820
41249
80944
99046
46428
4725
7711
72340
37190
92670
49620
38316
8914
88312
3054
29570
65840
43310
66173
40333
44998
68819
39175
13566
6573
78332
72091
27782
47029
68330
74643
78687
66209
65131
94361
19574
25729
64059
2926
79917
48513
75592
58009
62914
54821
44933
63167
78653
19930
72995
78606
78028
59009
58059
12757
52124
38120
16107
83800
101639
64665
28070
93905
39301
63229
927
101859
68970
67153
48991
63000
77625
52878
15802
22157
80180
29588
80623
40723
102582
21752
98588
15947
18840
57353
54578
44495
87928
79410
80104
22701
80968
94602
15028
72030
102941
57142
90456
55645
18989
34856
25254
57567
84249
86727
35101
101170
49108
96877
69654
5560
11157
105086
68033
76928
24577
33451
30689
15128
26412
48252
91617
66363
28362
51875
84229
15131
101261
98450
29326
41182
31477
78574
95648
49425
45536
41516
7116
92906
78032
68123
51957
12066
82665
32249
4238
99184
33206
81198
91338
14516
102651
42229
45958
70715
85516
17671
102051
71704
77975
51116
93959
62976
15168
50638
60529
72284
103949
94364
6663
2813
101607
55179
33638
20584
9588
33508
63376
37271
96016
62863
63021
20028
57642
38070
69302
50171
65704
104566
43221
71928
95838
25786
3692
19777
79660
76161
23130
91414
47913
38471
87659
59497
26463
12770
89927
95680
84961
34033
83067
93095
6246
62609
70437
26048
55313
4626
75133
33767
36273
105473
1561
22651
33205
67128
92442
36732
102348
73262
17718
52217
69411
63361
56859
13961
71577
51003
1313
11140
94117
28302
55472
50208
103164
22642
855
57603
99948
32797
23002
18232
84821
59743
26639
68964
54641
65158
7825
23419
19339
17250
59806
85538
43633
8296
80266
41835
35034
93578
17646
56618
63704
103883
74283
40606
71518
6719
71203
11570
67631
89510
20426
27096
94505
44460
60528
78788
62628
101910
35015
101787
93420
19079
17188
32550
27217
54840
81363
34293
88187
72743
60439
13841
17886
20478
88818
26743
86570
37541
87015
52053
10591
38061
71236
99566
5902
81685
28960
102002
85118
60411
84517
21628
73819
87388
98427
104597
102770
41438
6263
66895
8189
85451
100548
55312
20401
104296
82894
56952
104858
39643
4641
3864
49477
82796
74003
52045
50424
63881
34657
99833
15679
44638
55509
68196
17120
89440
54550
98049
82091
26108
10765
12248
104397
12682
47622
75079
5483
70254
15823
72402
81095
36637
25489
63885
35946
33618
20915
51300
50567
74492
9819
52844
53886
52232
97338
69340
54473
16432
31684
85371
100772
72260
91555
56415
87977
40022
15270
45056
67527
77453
3802
59995
56257
68003
95284
71443
13591
81492
67038
73830
13239
18337
45659
68959
9381
26385
50099
66974
57524
66042
89339
8685
5119
15830
92917
40840
56994
8275
24399
70367
5445
5774
10737
62182
68707
56828
70131
67481
30462
37116
72040
71930
36164
75436
65909
68069
43819
74851
9541
12304
33318
96293
6047
49989
15668
17308
61082
82397
79879
81705
37233
73413
10772
80061
36142
86389
31989
92333
25692
3107
78532
19855
77137
98945
67198
55127
82750
92440
105203
48704
27526
67347
100425
82137
2392
76451
46185
2027
26211
18781
41895
8373
96077
6362
575
95797
19482
8413
105663
17227
92295
89879
66771
68988
20308
61406
80214
40146
49956
63227
88633
30225
5967
43558
70835
42099
99570
93139
28219
7812
101858
68185
103413
64787
36974
102781
20399
43555
67830
71513
68098
16223
3399
97906
67342
72899
1203
95283
86783
37014
31977
69344
90759
22926
105406
86523
14761
55830
17085
27944
11799
13119
48998
92819
48428
56948
31351
18585
39538
30668
88091
74435
23953
7072
11471
45069
38352
55874
104702
93554
99217
88584
14143
84238
2789
45379
64383
70735
14413
94249
95366
74036
10324
54892
46270
81909
13027
74780
76970
66727
12174
2172
72589
96618
22886
29339
36371
80796
79831
60477
7212
26784
66530
43608
79316
24056
41259
81679
84435
86978
46430
19425
74524
28794
2298
81251
94454
90313
52059
15576
38435
99676
47323
71516
64743
41373
19639
80622
72418
78605
99218
26807
31349
58120
77992
99976
10221
37628
25206
6702
23786
53406
23806
10379
28907
93801
5368
101734
77341
106110
57856
52766
42744
85602
96497
97010
83727
91762
79641
55519
86346
27068
47454
37689
82746
20179
64168
64829
82580
58832
1632
44035
50800
27320
39
91030
33155
93114
939
89475
91460
42399
36112
54987
81012
74024
46925
73281
82946
87467
57822
21794
68848
31642
18475
52595
57824
76043
105964
30589
75576
56598
7269
102990
60518
62064
18448
12368
104469
78094
1428
100402
7357
4507
12766
2115
30536
2715
50023
78813
12112
24928
79018
7706
95340
98097
38850
73558
94553
72285
44869
16305
15181
76494
22859
70822
4648
29731
2066
4030
30873
76514
10200
33156
54746
20799
57437
98212
69420
25229
72935
74382
13297
11747
72694
58413
31354
76762
50335
33741
57574
98066
47350
60007
96150
40413
37713
1060
89195
57445
69118
54066
58228
88500
46937
90247
26590
19143
68208
68678
41588
64642
71346
59569
76808
14311
87453
104476
42817
13710
69901
20361
95036
88956
90420
94750
64936
54221
79405
10406
91588
7988
43778
2832
52726
61467
35191
93079
52744
103226
5195
98724
50999
38836
79550
70900
44049
55568
44899
97021
57238
40958
24992
26646
90910
7412
69022
65646
9765
77083
329
24902
6315
15720
92252
67269
52528
16010
39837
26735
61049
84658
87851
69987
26895
4638
72531
35329
76729
60760
89518
17968
25295
95217
19402
11106
54464
4726
70927
33464
20100
88569
89042
25420
86496
85393
96025
87618
62641
44585
78652
28669
63641
99807
66350
61105
2243
35719
77010
38177
777
33410
18428
75190
7680
104215
81846
36559
27041
54345
82363
41754
76565
34300
93132
39248
79966
57592
81568
41807
98174
100570
30078
64675
18446
3243
71162
73255
56585
51588
72783
62420
20588
90425
56567
53144
94807
23598
66540
94134
89191
16474
74303
68097
3256
91074
42904
25441
70292
53478
73030
79082
79227
25627
20940
42994
62689
33370
25523
88356
50277
18137
92432
61592
33235
17561
93455
47119
30749
92580
47172
24592
75075
10297
88943
1108
60774
32236
15710
86055
22645
22719
72611
36512
18329
91824
32446
100725
31688
22315
14719
97426
43051
89419
74529
65170
44279
51131
43294
17656
73079
16912
11862
94232
5517
71231
33880
7664
90932
49141
72493
50722
66719
23583
8741
22787
63520
75504
105399
67701
88268
57847
92051
6205
14261
19472
72286
27928
93847
10390
68047
7594
92069
14058
78997
90168
75105
53964
55579
32308
75283
63701
60196
10057
60738
34397
91454
15530
78510
27761
75917
50951
17506
1025
23405
12321
77225
28470
62684
86905
81964
28882
59609
46809
41578
62243
77821
95450
80794
70067
69318
31446
56294
67075
47896
82013
1077
89415
43486
70563
1953
57514
33948
68293
103748
23095
67667
51110
39840
9779
101103
35645
95585
55361
48986
58176
6043
66129
1310
93315
65230
29509
12194
63056
38600
63805
98788
103818
57389
9328
27970
82164
74878
1417
45383
71067
44827
54217
71601
55351
106308
69077
54954
18213
40627
32403
90002
83954
65333
68165
14229
68368
60627
23686
47518
31151
60075
23613
3975
99040
42883
37098
6633
33973
93673
102315
36489
37217
11331
27134
99097
6106
72334
101233
78420
26109
42178
48272
93805
71852
31941
18529
30638
88590
13663
80418
42611
45806
1591
52172
85749
85117
35013
67744
59117
32058
98051
41551
38521
60169
99247
53078
63551
11352
74697
94230
35629
48019
34872
57264
2509
41836
40824
102287
63502
79165
57068
101899
42899
104571
76460
22406
42355
74992
44317
23844
16276
69174
43365
94137
52727
22130
20138
88007
63545
39606
758
64431
95992
105559
22740
66456
2482
73090
56549
65360
86097
7554
91845
42303
83337
98863
14269
25603
62586
14853
88328
65896
22296
79970
74892
68517
23758
56029
26007
56794
59094
32040
20096
8171
1871
81275
57698
23649
26457
79328
70753
51395
105023
84726
6570
90087
4085
74265
64710
88975
1488
71900
4365
47874
21569
4473
12222
55704
12161
6711
4486
12679
50741
101959
103495
33605
57801
78716
25579
12673
69594
68622
44826
12799
23668
101227
10773
4614
100993
73305
30766
86386
23785
101408
18205
38925
10603
6832
2701
39777
78731
62327
84346
8765
39234
14984
54806
62113
252
87330
101744
57388
16781
48239
21853
101818
71252
72680
49755
39130
37297
18809
24361
28704
93628
35968
81484
964
59553
72763
33195
47842
20075
101010
80940
72036
88410
68394
16360
99666
26355
3306
78847
99641
31761
9853
74704
74652
90350
101952
101907
96724
47401
45964
20753
69149
20212
55343
53109
18581
76539
31226
93957
91534
83398
78588
37923
61661
44492
102398
12
15580
60481
10167
14473
66069
69209
47408
97074
87244
86555
20121
77849
39262
23666
94577
69139
66176
57306
46260
20405
1770
79116
26239
1387
20066
1353
29622
86459
69761
80625
52243
13110
13313
46919
77844
72296
12725
45752
21286
84582
75505
72123
52316
99590
74469
62421
52611
70073
79687
51174
92952
100118
38427
91245
37316
17709
41232
82402
14771
43670
91369
87218
67411
75899
48698
103494
29601
81519
20086
35764
51735
19243
7848
67524
15341
41509
2950
76486
48837
66726
1936
92503
16870
69926
83006
51575
85002
70591
100211
50817
5008
40128
72207
59102
44657
63548
87055
77013
50505
46318
70243
15511
101310
95045
58067
41005
36731
88712
76170
21120
32732
75853
53445
13152
79954
4898
81196
73362
93265
59916
61261
12299
76024
6161
59673
84736
41837
75324
84036
78571
74081
45236
63654
64502
31012
47435
98881
43183
60612
45171
8323
82377
21882
38803
29289
55072
90178
26620
36206
58791
42459
43282
6922
46071
98951
47221
95143
62578
100252
27336
105446
38405
41535
47758
71699
64266
102035
6632
60657
75623
13341
105402
94716
25739
2052
89196
45293
53529
69864
75007
42654
41325
84306
15984
22197
95196
45647
50386
82167
42866
84645
90270
54501
21707
69361
22056
1197
73179
9727
24750
85670
78531
20649
72227
76999
102966
6252
18684
91883
24016
58387
67918
57640
32705
59871
105454
46126
54666
34692
2630
71075
47561
24586
10497
62199
68972
12488
80376
20738
26641
91382
84237
47182
93082
56477
12085
30863
2555
82307
41806
66163
89565
33113
26706
67907
611
37401
46950
17508
90754
21197
36632
14235
37890
67100
14862
63956
14451
90821
11903
55397
64325
76969
93050
6195
21638
40071
63854
50857
54803
26611
88614
53650
4907
30713
72739
62200
4684
49267
35558
31378
24602
85523
31283
31038
71319
33719
10511
96247
66351
15541
91627
21823
88035
84296
1663
86140
80738
87203
99993
3049
19749
36984
23256
49961
48566
12659
67544
44550
26103
45716
40472
28515
61638
85263
14373
41206
93271
22596
31431
50302
59830
79734
26588
98797
16553
81824
60158
13646
96043
40624
50542
64755
12317
70546
20353
61979
17182
2871
102413
21919
93800
72815
51360
35847
42171
32315
14845
23984
47291
54563
6026
94026
34081
101166
76312
97317
75228
101113
28927
88790
11531
2779
54894
93948
99668
74280
103502
95688
59805
17675
40259
21379
45116
69210
12667
92382
48245
25744
51599
31961
49708
48684
74658
18935
99060
16774
63461
59660
40309
65502
85026
31170
94549
16772
36669
74354
22664
89063
95444
71927
48237
16682
81676
64999
44725
67991
10002
34902
16911
56939
105930
105221
682
57877
102785
84845
6075
83859
22041
71256
74589
75993
75817
76528
59012
79841
23670
30627
40282
25477
38647
75057
105981
1358
26775
1008
88731
44427
51606
46473
80157
46839
72344
95482
37006
20587
59208
3363
56354
6061
37952
105426
16880
82567
94329
82966
15124
39325
91821
23591
92510
55624
21971
83936
95510
1811
75777
97311
38728
31966
38156
35392
77800
57708
102162
83058
26525
45605
52926
56256
17691
14532
22500
23534
82626
28436
21648
56381
26074
93290
434
72482
72126
104657
31326
72290
1051
64248
101849
97135
7817
19417
18225
101887
56406
84285
51376
87678
28773
48188
50977
85238
51877
47371
4420
72912
80159
1014
103908
87751
43473
81828
45887
6846
54033
52205
27054
37965
8115
57888
89856
13519
22355
27759
52467
91442
4068
83382
32483
3612
12893
97576
65914
80185
35694
10205
29171
54279
60297
35380
64762
35188
17394
86913
11085
70146
70261
103201
86425
76313
31531
51940
79402
102466
91710
31065
17414
12352
5382
74761
50647
91578
89920
77994
28142
94030
77039
84017
35736
66517
83254
27326
55128
88737
12721
30602
8110
8816
28702
38244
28202
2010
56918
18778
58170
66752
45893
12290
86743
46092
52846
59006
88496
41547
61425
65570
32051
83678
56119
77938
26216
3463
70951
99214
4562
28366
67725
47249
20415
53450
105197
37508
62145
83357
82312
4879
85187
33987
55034
40398
89889
17838
88543
98284
14366
103061
48573
58979
29723
100588
97750
48452
46907
30699
73397
50385
3576
74850
93092
103566
96387
24367
42121
42157
26513
45818
53969
20423
31447
74887
101749
11307
41291
3232
46841
18170
68866
57901
83737
76577
86103
29010
53572
77547
88957
45873
30232
100911
64244
61735
82381
33666
27195
84638
36915
28353
106386
5439
38749
99745
82351
66999
101492
50177
77706
22149
23428
78253
54715
40031
37593
82245
103190
39871
5540
55094
3077
88836
53308
25037
10894
66555
99258
54723
72353
25617
54887
94818
36879
2693
61414
17697
61829
37099
27342
96935
71182
37177
97222
70761
26527
59691
63927
4906
15408
98942
5650
5412
13780
30888
97042
11926
6729
27619
55697
89459
43285
40058
86248
6471
11345
61999
6636
17814
48972
98535
57580
94068
92303
76948
31083
39536
68080
2812
87387
101139
73112
43312
44736
23117
90542
43478
74645
41149
69616
22796
66493
101868
78059
65589
38858
102264
46826
33775
60316
8208
33220
105889
77469
104872
30414
36951
5059
71096
39922
9786
97071
3718
98108
6916
48936
15290
99573
54019
15557
19641
48903
18436
82533
39977
62947
4812
94221
38463
48947
77755
20669
68482
40850
50891
84584
5969
48526
74550
30032
67246
32209
61461
67041
88727
21544
77264
67217
25369
36958
42626
12235
76644
14015
70467
40622
49720
95553
93977
27690
25403
46337
8144
43807
38407
73726
93231
8852
25667
25368
5768
38956
52783
104875
89304
62357
9524
24400
69593
17910
59861
29381
21374
16201
8923
59141
33982
34399
20450
86467
70606
37240
97758
76456
16040
8558
42469
18730
55473
23225
32002
47065
19441
83026
94620
5832
92967
50454
70636
11392
29300
78464
11642
7903
25973
86641
75968
37088
93728
9350
60617
104830
78249
73957
29585
4093
91345
94776
18753
64326
102246
52606
52116
39631
41973
64601
11579
72679
94952
90387
26078
19827
34082
37219
12198
42304
97537
82969
83600
102188
34128
104242
44121
27996
79373
62042
94255
64702
98722
47957
46044
53508
93284
84120
40113
48859
33250
19050
22555
24140
77398
20011
13452
40145
40217
103717
74427
104182
51668
88005
76822
70619
81404
29482
47332
100120
72569
33409
28557
51018
9525
902
53525
14615
93122
41917
24607
40991
69608
68921
102848
25730
34693
93901
95276
30879
89771
43372
103975
83826
52073
13636
29061
22152
62740
44469
12742
24029
56157
33703
58628
91590
89375
100127
83747
8145
9792
47466
61670
87160
20220
54625
87758
43451
98524
18519
1807
61781
68809
46041
82993
85992
450
42773
53468
96094
92787
5920
64424
78206
62460
32415
57653
3549
23789
33822
95620
8082
25921
92858
59364
94403
31876
7073
16453
5900
54002
101551
88866
36111
9697
73468
102782
21670
33922
43653
85306
44860
77462
88961
27931
57060
27218
75784
41529
18742
8662
80147
101902
17469
39114
13977
89804
34243
15745
78466
77727
27998
97674
6540
29365
22461
42284
88626
101776
74142
103123
48026
94569
54882
98928
2437
23253
46174
41216
64200
7523
87009
3270
83037
48328
58841
92540
18541
66627
61326
25126
4601
48791
7864
25240
11261
44748
66906
103408
43355
85180
41663
38306
92349
44095
90295
74635
36043
93829
12105
36953
11182
1258
6386
80834
45669
96995
78722
47447
45682
59054
65846
55277
14687
38828
26079
2449
33418
6535
17297
31494
64950
95302
87099
62536
91655
92836
36151
89324
55674
12143
105594
52557
92643
34596
90550
3627
39080
21515
3958
69743
87310
12514
36550
31626
52704
105802
10443
24405
63801
92397
101353
89164
79738
92818
72346
40590
50253
4713
44190
106335
44046
42918
61278
100420
40544
71754
13224
26096
4981
82104
70404
5801
7324
50163
102569
20886
46420
690
56352
104250
36217
41135
63868
36241
76791
39433
44285
22276
3135
2289
2502
31171
17235
96811
84537
31252
41236
30901
85579
30022
43907
84201
83674
33457
104110
25219
8135
41336
85668
26310
41300
13557
33422
33053
83397
101174
95809
89610
3031
8037
53692
61694
81239
52798
35952
39795
6689
65931
66378
75457
36920
88815
38551
94765
44858
31578
47668
83539
62939
34904
6406
14474
30230
60076
19861
85274
27258
73999
17536
51480
65373
86829
33351
100349
74249
71805
62739
28723
86633
63339
88699
96250
13734
76048
69264
68917
16456
598
66410
40518
43758
95730
86118
24684
19609
33950
35017
81822
64726
28576
3845
57881
22214
68372
81729
57157
41877
14634
98143
44955
41234
32655
84664
83913
41277
101689
37555
3473
74929
21711
21056
82125
40597
76670
79188
85576
54090
6389
34330
97103
87930
57712
66361
87459
9351
60547
89718
2365
45355
1296
64427
95007
98916
100714
44857
5270
46272
16413
93305
17999
81076
56704
70435
99552
53624
23661
31739
62463
46870
74596
10227
99951
13321
55508
37807
2510
77922
81901
82888
3794
8356
21311
77044
77426
89884
244
80511
9264
60576
91892
64297
96345
35027
71163
61156
41091
79242
17634
45947
73521
66666
80495
92828
36752
62047
20181
24343
45576
17673
92208
91262
48892
19580
42235
31884
36794
21735
25718
9672
2407
17030
62834
16076
34024
42352
19559
99882
8619
72745
47840
102726
93783
53552
39428
42976
87229
66020
43699
94343
9257
51490
77335
33870
29060
5602
68353
14505
26704
14766
63630
60255
45052
52338
65045
50917
29742
60821
14247
90390
103651
21602
14264
93546
99890
59401
21631
104826
75672
871
22429
30452
93458
39938
12386
65944
20948
70536
60106
81504
98965
82284
12531
73869
33327
53331
88241
78622
29456
42586
62680
5348
49569
36392
20291
25105
12361
55548
54463
60327
60415
101837
75452
65104
98739
59566
92415
100386
72116
87959
26340
75866
34525
50241
30751
48072
95668
56331
100310
48930
81488
23978
72028
4336
64203
100523
73420
37599
12578
33178
97701
7359
18879
50621
3611
4424
49219
15506
22898
90046
57485
19162
63450
71784
89349
95369
103289
92684
105775
7109
95701
61853
93342
20051
23925
49034
42533
102996
21098
90264
38482
77617
78700
46023
66170
22423
46928
58357
31797
20266
21542
41359
93700
90697
22310
43747
9528
86178
41828
30756
44342
57890
48821
54751
38985
41252
26827
59690
12813
44143
20351
32457
38699
100701
106127
15219
26321
90073
2696
2788
87087
72436
38409
10484
97177
52184
105031
58281
105345
47701
82192
71753
90237
81880
26349
49853
19240
10627
51553
85214
91626
14940
906
89301
85081
29917
23104
37258
5835
18925
11986
25772
49251
49781
57883
62617
77886
62703
43871
13165
85725
35360
99850
22103
34686
101036
59952
60817
85884
73619
322
54007
80377
94613
12888
32938
57537
97815
66335
85162
17844
58732
52324
18128
52808
86042
77971
45918
38855
86297
71659
23143
80635
14440
58956
93833
97529
90938
68327
105113
76517
22885
85899
35389
29666
32066
65986
99561
31465
45864
19411
66282
42977
102385
69949
28295
98434
29086
77772
20257
93023
33769
64101
49358
45325
80601
716
54276
55567
27020
15096
28068
41243
79036
58001
23989
38365
88819
67899
46885
58293
104195
79372
74034
55135
94066
92181
1729
43465
99311
71854
38651
13868
53975
47373
35594
30159
32817
27757
49476
15505
15324
66067
40080
51339
96805
2508
20927
80581
23373
28083
17690
79654
54789
43589
94975
78370
31330
86081
94203
29042
42412
68411
49386
84375
87363
49527
66497
38184
50795
81017
2963
64653
56890
9477
62621
75462
74519
16441
25076
87362
29875
62171
70592
85521
72888
42783
19928
15845
72484
20428
72973
47429
63040
2331
90878
67747
1530
10914
82271
84673
27192
105490
81031
74040
20701
82218
85317
52568
100255
2939
94948
81171
25262
100152
74294
64183
35885
10783
6512
65417
25871
62400
72067
37514
55982
46115
64274
38928
55768
55055
94002
74848
104314
34120
48660
62981
11289
73932
90103
99475
44923
100129
52570
100017
83402
2887
23497
24415
28148
21506
93310
4543
78074
64801
60984
28774
42421
20803
77068
76270
57155
106113
19098
65051
857
83938
63609
75456
36885
16932
86823
75043
98519
56368
45877
96550
72217
36263
50519
48802
41429
82618
85052
30725
37679
7251
21267
21980
52216
85014
23229
65500
91679
36387
9752
66882
59872
80934
100494
63110
1580
79777
96441
12856
41481
99682
19387
34956
97285
82273
20058
55827
93752
34868
32364
78095
103968
23751
85198
43615
73897
39518
82989
16482
64610
25528
13274
9633
52705
42526
33286
92278
58872
30143
8578
86647
85643
57035
75390
9425
10996
87715
39478
86813
1615
3930
74086
89568
65422
25171
7909
40477
80219
41063
52545
56364
85307
91860
49525
15461
29746
35765
8002
11538
68057
12186
70634
18064
17066
61137
69849
62795
1320
50580
72409
4530
24160
96105
70798
77085
31813
19390
77087
35687
37376
102150
47282
84078
67300
69018
27003
105173
21520
102829
82820
38204
106364
25576
15092
71790
55390
43331
79801
25701
89617
92299
95422
27403
50321
88403
6987
42232
89218
76541
8065
41466
12047
74250
66866
41704
908
51361
93221
32763
27188
100709
102592
60763
63351
57543
32756
99194
105840
6421
11287
77878
35700
89044
30797
36120
79404
29533
42737
104410
84535
81788
4072
85673
53364
43510
16335
54931
12460
61173
50375
5367
94473
69553
12385
74255
36355
52227
20905
67996
1812
65764
36976
68281
38170
26830
79621
32865
65364
36937
31503
53563
78993
95640
45578
29553
92199
13853
46757
104159
89628
24455
36515
8449
64224
78816
17764
100793
104492
44081
43089
80628
21389
6580
3872
25036
80717
2847
90484
28527
95454
71044
40188
12452
3240
40702
92463
6055
46974
80322
93812
24284
48011
9005
5469
27899
27252
62929
59161
58072
97444
71589
23672
51574
71141
65977
66088
36153
26424
52276
101623
8562
36266
41957
106416
88539
75836
24313
63051
3226
99528
66619
40641
31519
6345
13393
10361
40284
89162
13862
77181
15044
45348
48339
69740
79624
58566
97909
82760
15090
47865
61697
50851
63673
4566
102855
78484
63858
37198
13278
12470
97064
18795
29003
13897
2418
1350
61923
30465
47690
93382
55035
17945
13763
7017
61349
34463
5732
85761
35926
96598
63044
63982
96908
70041
74826
33305
8446
92455
95852
99969
44531
23770
49786
19549
57548
53045
35058
69154
99546
76001
66009
92827
59098
23759
102797
20214
10709
97950
75799
10311
94527
85854
85296
82550
98498
39797
63298
50088
88301
62177
49217
88899
34109
30543
97134
18614
16834
75400
77873
88891
46065
82550
53676
47255
35138
26592
78159
24797
69661
30949
64409
55601
74015
62635
48123
43676
1472
60215
4409
92972
38410
8658
80624
59867
99202
71468
58675
36191
29272
11969
94475
26742
78522
54911
9327
91372
33110
25128
32080
7682
51552
78508
71310
77125
8700
42743
90313
42902
42358
40163
105367
9985
82360
9623
9462
93763
49724
92584
88889
74001
67231
58769
83194
45881
5817
50085
5895
41149
53172
82104
57360
854
19525
72285
29993
9340
10806
46756
71627
84690
39732
84106
70454
39913
12337
84512
94865
10496
3561
48683
69564
38596
78270
27392
24186
8698
