100940
7782
20391
13160
31921
7253
12554
8753
104911
74389
107270
85558
80552
35239
19273
62495
94794
75766
6813
54506
71212
9635
85309
76512
2581
39610
28683
17739
69596
27933
19711
21932
43245
23440
57185
17751
31421
85519
65479
18904
48568
40710
317
69834
41528
47148
334
86771
88802
35048
66751
38351
26343
61643
93718
47971
60875
78730
65271
5529
5993
8998
88553
51319
25615
41179
88421
98051
63730
80173
60673
68969
58513
103159
47462
18721
33920
100211
85217
53817
60863
107538
34258
51110
8970
26774
64771
96165
26841
30143
53620
51806
27289
82789
47082
58606
8096
68416
26218
106875
18885
18955
24237
8186
52731
46616
72689
92393
28833
48177
45534
17047
4763
41007
52440
45401
51833
40070
55262
20211
59649
22563
27965
10714
8925
6582
30352
46072
79228
66039
22973
97583
95967
91467
96883
91286
100426
19483
56848
34622
52263
78447
95213
9262
21579
28141
20495
7617
101871
53576
18675
54132
69722
84416
16528
43794
52133
74640
85567
5499
102846
63280
29372
47876
96882
10318
52138
85578
35519
81946
6933
6880
62335
88560
90877
4678
57073
12326
100235
61829
22572
19756
23785
92208
26722
37975
63251
97684
18037
33641
55737
45327
53896
42259
97593
6206
91096
90874
101470
49912
46013
13890
94132
11752
69857
6026
77523
8405
43963
6412
36332
99808
32197
96473
66680
87698
9740
65750
44965
75325
79999
66738
88021
102860
6149
21122
66740
76424
32153
21562
89033
90315
32905
21929
48
12177
89320
73782
91798
16773
88138
81735
21296
62207
26205
53060
79786
46972
47019
97533
106872
54076
90163
18234
59947
89304
4793
7851
3313
2868
83919
95731
29644
41301
95821
20880
98901
14969
11910
97408
9279
29591
11524
10676
17287
5902
67364
8740
18138
56305
28301
24321
100896
69958
75257
3657
19127
67077
8031
105662
32303
65892
85626
9275
48343
74375
7936
43637
79813
53692
55640
70312
91175
101358
25087
32846
99652
72545
65595
46482
42634
39222
72097
50488
84150
90463
57912
82513
24245
13478
17167
49261
66560
91645
93709
24151
67722
69530
15989
85290
99963
90614
6494
58028
15534
71727
42971
53137
81786
78200
14507
9703
47567
70827
53701
47005
99538
93237
91740
12172
94149
12886
97636
59799
3229
158
91693
37067
88667
40333
68070
19019
12307
3131
54245
17256
37506
16223
12989
22053
59203
14482
78148
29623
39418
13355
95617
89631
87247
12204
33706
41214
76789
103905
45335
71466
62533
67830
11141
60362
38017
28894
57513
17823
94016
856
35176
11260
45076
34556
99898
60713
71853
21546
25973
5181
67560
72025
66970
38953
4569
16572
9323
22907
85804
10908
63451
57289
49934
36543
28856
104049
16209
54411
62690
87415
16708
28453
23498
14923
81817
87649
18620
38150
47633
29338
30364
96649
77276
41192
57112
59458
69455
47132
6486
60428
62453
29465
75906
73633
41133
2219
73717
92080
23095
65660
53825
61937
14021
22302
84649
65385
103029
25626
102178
61129
86518
20782
21103
103207
29106
23088
72220
102587
20551
91989
83585
35258
60031
47314
58628
25265
48741
6466
38076
26856
62670
33514
74991
60095
42445
21653
1962
32356
100240
91534
34204
74186
52186
20043
70411
31373
88901
71583
75070
94236
77454
85053
89209
23303
7402
103544
11145
52508
65211
67202
71103
106255
78604
7046
10848
77257
46773
60422
46849
10879
71159
48969
84472
54273
24442
48574
40660
29202
40170
88963
107906
73654
8813
26062
7889
41185
92162
57309
67947
7898
21732
53724
86536
76777
73949
88613
19381
31258
26381
17206
2967
26065
57681
84788
3905
84859
3422
74176
33504
12622
57928
93209
72510
15051
17318
46023
28345
55253
50283
51340
51299
51142
100540
97997
80582
73619
56430
85978
16721
4520
79335
38934
2313
85924
23978
44678
24833
24684
62672
3530
45067
82427
44916
46882
56477
1008
82227
61230
61883
79855
70863
32461
52235
69332
60605
53469
23041
28456
35362
37333
56364
98967
22810
62730
75887
85209
5371
29743
78930
8885
19675
1148
87652
64098
105966
6234
54864
94304
71879
18233
67501
54627
59054
9071
69714
102151
57428
71324
6505
22695
11234
97311
38632
63025
56832
61450
100634
56458
102039
66556
6435
78307
42363
86062
3351
94953
73992
25931
33280
46254
2755
10595
62149
107370
29531
46994
50194
101887
35115
12193
1517
96963
30148
22458
85314
64563
6350
53972
93821
90956
107869
32129
91351
29762
66378
97380
80517
71508
103883
4063
37991
65598
13637
36178
72207
5195
23584
62382
101347
40874
2109
96580
65471
101600
49223
42575
56444
89554
32557
12375
96943
14952
89813
76130
18289
9796
75382
33172
51391
101569
78620
101437
28613
21923
80216
49284
33978
45578
91539
73697
11056
3745
37132
53550
30357
40952
22457
14808
23688
5082
45125
31818
97681
22070
103195
18775
43920
13887
31831
20904
46207
39333
59434
2616
38943
107368
41378
67133
88071
59062
78428
51696
84165
50472
69229
92817
16925
64202
95282
87756
14136
24519
102504
61128
76499
67554
73152
96577
11309
63959
69150
56811
2857
15615
73
48377
101822
62469
74665
36019
73620
22102
40479
56661
29892
12515
6743
7141
22194
19113
95424
100665
84669
8167
43520
90394
35134
85931
15078
105850
15875
66495
89511
33969
96586
40729
15244
103437
72816
38919
15515
92724
1578
33561
25126
13867
81621
99466
102518
68858
56565
91761
91840
37476
41234
77124
59256
99156
37352
29379
60864
45672
8198
55360
54284
57677
36173
46615
53902
67964
11064
22702
68445
67174
91107
57018
32299
41290
37550
27042
47338
13952
31823
70421
14272
96276
92932
42054
11029
20010
81992
64566
69249
99079
48569
11888
80268
28588
10596
31343
73918
104708
28191
66772
16954
97864
100899
98161
49529
92074
30562
86636
17548
60328
88971
2789
76535
100382
32085
90685
60917
93546
47765
48898
28839
74296
49622
82342
29750
54983
57011
20138
15864
14350
72372
57662
91204
72421
66132
67989
18367
33543
100693
12223
59876
35246
1654
89381
30180
35277
1521
62961
72637
32647
100890
43343
3315
88085
44095
19683
36592
91680
90527
10730
60528
93844
46187
34093
85158
77897
72928
2764
27032
16877
1298
47167
102570
105449
36372
53612
77750
39136
83230
69192
2675
55317
86453
86074
11231
2463
84715
63470
93461
64160
54529
69637
15331
98207
63630
90490
5691
59304
13812
79249
63338
42098
7646
72622
43235
1539
103596
26325
21677
54776
10664
107165
73418
85624
86392
44271
80465
29917
75220
88628
58102
61387
102840
91392
43403
68278
78942
24627
24347
97621
101797
86852
28164
80968
80375
21057
37022
4868
64810
83419
22336
86814
53732
65365
13725
54
20995
6613
5169
8425
10113
96794
77618
48018
72912
59509
82645
55738
71671
68849
29987
79202
106687
98391
57519
8651
95075
44329
9003
12015
36681
36272
67853
98938
27818
93860
73644
61909
81366
40639
66513
41570
34446
30990
29600
3329
71353
7078
26548
100462
46059
63887
12335
57868
31788
55466
42139
71966
97322
40700
98316
51843
106948
56013
68150
45892
89287
59778
73001
33825
56388
105590
92227
46818
44361
44767
37803
85098
30333
105779
48179
58570
56126
81810
70482
105636
7862
63109
66188
8575
14073
4075
104396
26466
35181
46385
40037
41184
33546
51801
12389
30755
44537
64626
41356
57602
19095
24196
67118
63744
2072
27768
24303
54113
49654
6496
97163
89056
101755
85433
34014
75921
33382
50190
95457
100935
3412
82593
61946
93429
618
15811
42099
79103
52013
61611
8939
92862
27451
45787
19555
43717
36356
52630
75066
73238
42853
96034
66353
4976
2373
25248
23627
55284
62300
67659
35789
61847
80863
34629
107426
61370
21509
21417
71503
97403
65047
36140
44122
71303
25928
15148
28984
21207
26799
105218
74442
45370
61567
6379
102601
96005
97528
11299
2017
36165
63932
80851
49503
80054
67484
101131
19297
71100
15981
102620
23560
90609
102273
31227
63054
107380
65802
12243
39259
84439
96802
76264
60950
6706
76928
53676
86639
94484
59554
40635
99452
63248
35745
55336
58439
65043
33179
31670
42285
91356
88757
90197
57010
49445
65818
70139
63130
32645
98120
101759
21467
39972
61797
59607
46331
99195
98813
63719
65440
85775
47615
36808
69640
85012
34612
6843
69629
68322
54541
98290
17873
27760
63638
6272
72737
100496
51019
23568
71996
98492
94595
3518
88693
101227
69894
20455
77138
102349
80269
60396
65765
71023
56674
28225
11245
22967
80788
91713
60241
86019
35676
46928
14628
29059
103256
55225
90354
2102
78011
62662
28670
44452
107766
20086
84695
71926
80499
69366
10983
90449
84747
62165
42767
75338
5624
60467
15683
86277
81907
99690
7332
13681
63674
17764
52050
66013
35088
57371
25335
61077
27060
27427
12645
46170
8570
32634
106289
43695
48285
19667
78097
1987
56110
11963
26617
106435
63626
92332
23613
88112
20393
67698
52090
22761
102010
105331
92493
16763
75922
91024
89785
39913
56412
78938
68341
102154
2571
33997
106669
79870
78905
37263
44131
64796
28376
47118
6737
42925
23450
42986
66811
72950
15686
98717
41266
69431
90758
4820
55704
23856
3233
77715
98572
100924
989
38935
58783
55090
98615
28476
16445
22393
54957
72805
73024
57645
2265
6809
79589
105639
1936
56884
8580
101890
72543
54916
69888
70011
68776
45249
73534
104133
1282
67912
44928
19617
37149
95523
28356
27858
79591
72007
20664
17188
11241
5265
107232
55556
72541
104799
34888
105999
83312
25295
42857
30539
77074
17782
5562
30682
98597
69228
56536
3642
47281
37457
93846
88950
8684
8884
98300
103894
19200
46799
87217
54424
68818
40604
35965
8219
35295
10343
25912
6443
102807
14496
49632
24763
11203
61528
56130
15348
2104
52036
92324
101011
27971
87777
42080
100817
13564
86256
6594
5073
95774
34347
44117
62993
16772
44777
35124
60049
84846
95711
44389
76071
97160
105111
22660
52214
67928
67827
53399
58257
102864
63245
102073
87307
71675
24543
30919
43352
57695
49355
80121
46338
3393
13962
53653
66982
23552
3225
564
9442
96243
94181
90076
2186
51597
58119
69995
25992
76947
67014
20618
46158
8561
82595
16207
100714
36890
40659
14231
13554
100029
96250
12129
78312
10368
52466
80807
11259
37600
43619
96769
100932
72103
66600
52010
31071
84083
104913
26240
42394
58136
93158
71066
37243
68518
104826
87855
29748
57596
50780
25037
7683
55087
56011
87622
16862
71310
55538
92022
4671
44397
37633
1913
5287
54737
76785
18120
94174
100151
53495
74829
3887
42533
60376
25689
10552
82602
15027
38522
69955
53582
68925
53517
41257
25638
49246
94497
63255
87889
104590
95098
77847
57894
65037
16511
254
72671
45764
96445
7577
27397
63068
26590
53918
18106
78708
104538
44872
106768
95921
93150
35645
27156
91845
76610
25433
81664
76112
80611
105924
83778
106145
11770
58547
11157
91715
107728
42425
19563
5501
19725
16697
80111
44386
71667
85379
86434
92488
18741
54774
77439
82195
54351
107890
52563
25021
66693
91707
4511
40742
43108
102491
64618
1460
92369
23811
20648
18921
83146
55601
99730
14168
20378
22708
68551
32546
54843
854
26149
59902
39094
10480
9605
87786
67913
43999
5461
5967
81383
75323
40359
64996
76973
63613
38752
105271
83240
3564
62686
43891
33877
75930
18789
78745
43777
88691
78933
4559
512
48688
41169
24112
29966
52864
70898
102944
70711
86228
51083
48914
60319
97173
12300
98403
83693
102415
11922
24576
38672
101936
16484
14488
7311
15424
83405
39819
78552
84659
57197
46500
40870
38833
53942
27006
65996
30104
42676
61858
88830
61989
83016
1199
31486
45774
92521
15809
929
56918
26408
32018
86511
38737
84883
10400
54946
17225
12621
31816
52212
29693
58100
24118
105980
91569
33173
76953
103335
70749
36947
22786
12465
57689
43765
22971
79574
6433
75699
99600
73366
29452
2087
72393
38892
47839
41112
85349
80922
44350
37809
79283
23692
41170
1542
51138
34606
95666
45622
54343
82328
35545
92082
7822
69515
26694
28100
79629
24110
25617
69277
63741
55910
23377
104383
9163
52299
52306
15808
96583
1667
6401
11877
77361
55357
25189
23340
68675
96876
3496
71476
60161
90759
62014
65917
8262
70697
82837
35498
64913
368
80002
55768
67792
52532
15367
12174
8344
13026
97467
59494
72140
62552
68806
79431
91075
71547
65311
88104
51132
9990
84911
44416
41483
82291
95365
33976
60267
80919
34245
55774
31996
2998
85014
62227
104763
71652
107504
80824
33484
87832
68022
99048
64780
92727
22442
69874
96010
90576
107236
39954
41961
33919
75292
107087
77655
58881
93466
19202
71307
32005
22734
53046
74386
22037
24754
63014
55489
81280
3990
78494
54520
21321
8014
97099
6599
81565
50944
90429
45708
39294
50220
38185
93975
39392
12557
24904
78788
64872
44949
12064
4072
21106
81812
69531
98878
63617
45711
17723
39096
15121
5857
90839
83236
93143
29646
37161
60512
97468
42944
5787
8046
35568
41028
77745
77576
11890
86656
77623
51878
103433
44400
21204
21383
95807
48545
57599
47212
66895
903
11371
56291
81883
42457
4650
32537
11372
50268
99404
18820
5445
89734
77342
86176
95987
105465
99811
44561
24063
52572
33436
4952
84158
102535
55548
1526
62140
74282
24634
96797
41853
91124
96291
51495
13255
87416
80255
47893
88320
72853
46714
8064
26699
27979
49656
10177
11359
32908
39579
101991
98860
92481
1290
44156
11851
18196
28193
99800
15075
8165
12896
45468
49200
87458
4620
69326
31615
48536
102451
18464
51470
60463
51441
62857
89591
19069
24778
35051
30884
23125
48408
9344
61563
44535
41507
16257
67304
29888
33505
49810
75100
31606
57999
69900
105822
49694
49722
49699
84624
10412
9676
26659
85104
28162
3152
74559
62240
42510
98308
90346
502
28822
87300
11781
83684
107043
5805
82024
17144
10445
27177
42633
44059
71034
16635
68677
12151
83440
37347
99646
107558
6162
65608
99637
91401
78183
54700
70259
67308
76847
100531
105749
72480
16261
28490
57232
18841
36739
44758
16992
6641
65459
104387
41220
20597
62698
86108
61961
62992
71553
32111
15308
2926
67914
18245
96379
73260
27934
93195
24481
8443
29695
72533
54425
4627
2957
28936
58674
56738
74878
91584
69482
9870
42978
103360
28306
16355
82425
45676
65181
14654
77717
36416
94415
29476
106334
38117
95167
25118
58207
22491
99002
70094
74629
67876
4519
43033
8798
81886
106651
88386
106749
58765
81249
30195
25875
60791
89783
12537
58938
82180
104173
104789
22061
76324
34136
102171
1582
15142
24887
47586
96239
27272
5871
6458
30642
24075
1961
39406
24231
47673
56633
38327
20501
91182
55961
56604
81772
44385
21883
38424
53385
85664
14888
3880
61647
71010
11441
26203
71512
40512
89276
31679
7786
61126
46547
3089
41561
14828
41033
97489
72232
18221
64874
68018
56698
15512
104855
99136
50356
99967
103967
14818
83743
78569
65104
85899
78339
51129
69440
44072
9220
91202
6705
57282
8148
20955
54606
79422
14132
28902
49317
22821
62405
79945
51064
87052
42173
2353
23837
80030
31007
37717
66782
3898
35674
49319
17762
29199
53556
95728
24505
50947
78242
55263
89120
69015
72254
41729
83123
83731
18040
24350
43969
18178
63253
51178
17269
81131
84902
101594
31612
5178
93382
34907
6184
4377
73120
105477
107307
36252
16695
48194
3243
20373
82317
23972
22742
45780
46318
7623
78278
43324
69555
100615
42979
45916
65901
5412
39498
12365
43448
36526
17598
37698
86757
95684
15471
31306
14267
73559
95758
17308
54693
75413
82811
31599
8381
71180
102457
71341
16164
57622
12441
57014
67586
5370
851
73515
77131
100232
12352
28315
7768
80223
13503
684
87696
51465
48834
41803
74262
99877
43509
52496
55204
2531
60513
23138
71647
39948
8824
56064
13766
16103
4733
51889
38010
62089
68276
76479
71509
5644
53110
28060
94120
43663
55605
103601
60277
32283
12999
20518
33374
62516
79697
102016
53380
102357
78577
35835
49531
84689
42434
21610
34713
16654
55784
84395
100307
80707
45544
77869
88923
84574
102377
88725
38825
17246
46709
17882
104966
1846
6903
41899
76
60023
98169
88877
67350
67098
15988
32087
22869
80726
13997
37566
41296
39539
67843
31976
58854
30081
61088
7550
21435
37668
13462
25595
14949
2891
59073
2666
69122
73230
13362
78758
26322
7880
96861
56363
25682
97023
78275
46245
11557
26993
94506
64400
21460
43828
13907
39244
40097
7737
78331
91209
105673
70315
11013
102329
29995
65989
105447
52959
3196
62724
37129
53252
14784
92069
60781
12553
96935
19589
96121
76862
17478
80741
97723
14031
26726
1238
4661
72428
47417
10551
94447
66476
105947
1510
36548
87502
105576
19882
20282
76923
33338
70057
59679
55283
8699
28703
49374
71390
91653
33075
21733
24679
54051
52551
37950
37449
34175
39612
16382
2981
81041
33743
97036
24636
9122
34878
40510
95706
53598
11253
97869
17194
14699
106824
54965
107196
107329
33292
4944
102884
19953
18666
44824
21524
60076
54490
5711
43751
101200
3019
68607
86649
94007
94814
29812
34467
51160
98719
48513
13770
35129
85238
7452
53641
89174
23466
58720
33697
93401
8909
97889
63892
17749
30583
15746
17673
103103
10932
89958
105846
72100
5491
42239
27090
12143
46179
53834
70396
83604
80224
74272
15580
17729
36528
6376
64865
64179
66652
53391
3169
71375
46272
57329
54785
76941
3264
36016
26869
38094
2146
95157
63820
92131
24017
25833
89082
51946
69697
92749
87073
63128
27842
16312
96093
1583
10954
48827
34416
89307
55294
67339
74952
37317
88723
103549
89157
49893
36174
95503
22203
51419
38290
41263
103647
29807
57870
97789
40255
103291
27084
63773
42197
82001
54217
43098
51862
78279
3996
46308
83047
20096
13732
80442
95844
9933
67351
40272
20909
107753
93620
102144
52860
23332
14590
19335
44797
35200
24380
80688
67295
94957
53866
43982
30444
33951
3693
96968
27251
99166
6502
53854
100406
80425
26516
7003
45104
33496
34299
72299
69184
47380
5959
47166
101743
38160
53911
88175
68856
61775
95346
12786
50295
51498
87153
59363
96108
17777
31883
52922
61801
10471
27240
32180
59014
90701
15852
45492
85241
87454
26288
105455
88100
23751
43145
55761
1276
96223
74613
30933
38206
36265
8130
106942
7969
40616
53748
45926
90222
61811
26860
84157
42172
102020
105051
96740
82993
71033
15773
55104
39569
90203
88044
11326
35654
80208
59290
30378
12766
90063
61255
1800
95491
107787
10945
22341
2063
69602
93229
88458
97107
36295
16616
77272
16149
11529
76412
79394
81241
37547
31313
85972
32201
71072
4629
65244
20237
3829
74961
57321
76601
106606
100717
75127
62752
98260
50657
50247
70856
70452
2853
3583
96017
40033
37710
69644
98853
92270
32709
7118
67461
32627
29227
9914
4468
24299
64048
67389
89615
36451
93267
49884
70693
12655
104568
42082
76838
3987
91422
78309
22904
54586
57013
97337
101484
79905
1490
57256
85785
63428
89925
8038
84837
72102
1133
73588
65999
103405
93671
69335
63802
41661
83238
68903
71074
5522
38704
94075
79496
93029
18403
12824
99982
1551
102299
636
37504
52852
67360
35661
2771
81685
4379
30237
69210
79882
13604
976
62823
2753
71753
95210
51873
60403
69429
43583
81456
88432
50484
77289
88526
31654
55563
65511
84565
23103
100512
105290
85752
88383
20729
2893
103718
81981
71802
73233
34362
48080
95816
26977
32603
70858
48927
97512
107741
2542
89046
75519
73921
98800
29381
3675
70798
99748
48477
17006
55746
9242
73404
75485
10500
69902
35328
8486
19408
53353
47483
39924
69654
14904
87383
31469
49940
33867
68639
28711
85359
88215
31166
63349
5416
102339
93329
49991
33368
6446
105683
81476
34001
7398
5828
92467
25219
65530
15427
63504
29950
103859
95802
19687
41077
60792
34107
42486
2052
79037
50809
67166
73448
48374
89589
43008
11180
5679
20342
42119
5940
106829
52761
106846
31141
55132
40787
29818
89904
99415
32737
45177
79215
40513
3037
21314
6977
73711
74460
39636
4074
32668
71044
75932
52596
97620
46262
10662
79992
94118
56468
72993
100835
21000
47183
33785
44047
35491
14170
36546
101421
13057
99101
11625
6171
37365
55457
16269
79015
67733
35689
56798
8345
2786
15681
28452
86980
1378
37075
72071
29135
45031
61745
32752
98725
8123
57979
26323
50036
82009
16246
76688
36704
3484
81979
44721
50952
1975
54164
81154
28789
20088
27278
58320
66177
33311
93414
19296
17597
66069
92507
32422
36223
52715
54887
63304
21211
3281
4485
86650
392
53
91403
16291
72198
65245
68550
50664
86046
2243
12142
49549
31273
10969
9052
25666
73979
28429
104438
54709
20927
20124
19920
23947
31973
94950
30331
9622
41657
12650
53283
80658
12996
18618
103488
63826
33822
64534
55438
85295
12079
76051
87518
101048
69729
3705
34726
12299
107387
58909
39089
107100
43630
100712
14561
13274
26687
93713
35587
6937
104152
100806
4039
107278
17027
10548
55427
50796
83535
67219
27570
31549
48195
83588
53094
64953
97842
77946
30538
60696
59364
83351
15822
16503
41932
37085
55921
579
8913
70220
33869
71016
59064
56821
41851
3317
93672
93324
75665
81644
44813
31167
59978
20183
36937
88927
14868
64180
14577
31550
27207
39796
105680
99495
85146
74760
80098
66957
57153
24366
45443
37226
50145
26549
27218
72759
59347
85136
41183
19820
80932
41177
68166
87109
45769
9169
88539
31270
73475
10695
65953
32029
48628
45326
78875
34700
103792
35815
57386
70918
59663
10414
73066
28018
68783
88581
50871
25505
5803
43569
90821
57210
8478
22983
91496
22947
1055
41668
86010
76680
62546
31724
63103
58908
40306
80887
11209
65821
59901
21094
6476
82509
101263
65908
15433
27655
57730
38191
3569
61971
19738
44523
4892
33135
39017
76654
38958
13301
58774
46311
71199
68506
73215
31184
68413
21072
33826
37781
27300
93697
102721
54805
71371
85889
25649
39724
50093
77004
51384
78916
98235
32553
28946
71245
11452
104606
46724
55790
58821
36752
21229
21077
14595
17745
31891
95027
102663
52769
25263
59801
49945
2026
84307
76796
102053
78129
51233
37998
5098
65505
91753
58872
59800
81562
62399
87949
74285
48232
77306
21661
94034
104448
34752
65868
55913
44370
11769
78861
61274
82532
78945
51506
42464
9845
29570
8371
33143
65429
87529
98568
81391
46474
22500
53072
7965
91122
89965
44935
13146
86923
92091
87119
5256
35266
31763
33255
44711
45539
50048
27320
30670
7573
56351
34013
87370
52526
33668
28987
28484
8735
67854
91914
88995
94410
62940
19485
80055
34237
89611
45138
7509
50416
27212
63498
91588
86968
87488
53655
62246
3903
25566
71022
92086
62320
3472
75261
8990
23544
90321
25554
89927
78033
13324
17927
35027
60598
20635
45166
849
107095
77744
35408
71987
106352
65431
58767
86621
71258
54038
70643
66374
66298
99866
67385
34075
36786
6873
3998
15753
4449
56664
52888
14220
107074
96295
81013
73262
33704
50370
100197
3066
59919
99668
6329
28134
9294
79852
62695
58106
70285
46577
51961
99019
64990
53477
65729
44476
91635
62350
50586
84392
29427
4271
40680
68213
78392
80403
7416
32605
105168
91410
51956
35358
13071
47891
52469
48559
66105
19542
53934
83004
38690
69120
71189
35096
64370
107118
88893
47286
18920
11131
47638
73967
10087
58639
1660
304
81204
90393
97433
84912
89672
11990
58397
43302
10800
19413
62978
15151
59841
50825
52318
28707
3081
9935
57692
36515
18917
60437
92842
92391
40179
84604
42593
23227
9089
68802
71361
51649
86531
100620
20641
24166
9552
54261
104764
58128
43778
48273
88713
97992
2321
96458
61029
10034
94561
44067
91552
61783
69587
42640
54013
86971
15492
55089
101127
38674
22923
2651
42671
47260
390
67561
26376
66314
88207
18613
53458
65916
100295
3475
38873
65202
105738
65145
101292
17918
101324
88767
1103
6137
97857
99685
91404
58238
40846
26464
93574
53714
39324
99610
86770
5841
31749
103255
82288
733
71913
42797
25551
14700
41558
15361
90238
653
8835
39732
21052
7878
75998
23684
10725
34800
12991
97211
91148
107015
50675
4034
34043
58495
50089
7679
84376
40073
101595
74603
14788
29258
68871
52811
53397
19750
73833
5883
100872
91859
91437
44454
24769
60766
82952
73055
69285
54750
1329
100393
72968
76916
102246
47002
3899
83997
94600
35556
16508
7447
33801
91585
41572
16136
68034
95423
75526
11652
11338
70194
103377
85441
74104
42160
81106
100190
82059
14546
107392
72888
96581
9937
531
85216
10127
91561
104445
62888
79410
35201
19612
52330
21108
38483
50757
70451
67200
39930
76129
18890
26763
62462
101762
102525
37583
24247
69201
74388
57080
17100
76175
50126
6145
45340
58022
72276
74461
2029
47823
13303
18555
33019
31230
51181
46140
23355
89913
83858
18055
7265
16785
17440
36326
43570
8466
51387
61827
2523
38023
10122
41463
85562
27531
100074
37505
80756
81603
93510
1905
28738
33088
55902
28488
22562
83902
94737
54990
32491
55246
51028
91180
20958
44899
46599
23602
88869
7982
84716
101287
95623
41806
1492
45551
12774
85018
92191
43815
79635
6375
11917
96847
104628
79746
104477
12429
106519
72720
23224
47001
57440
31793
93432
17792
51788
8760
35504
78295
70029
6384
60816
10175
63713
103323
106204
40831
67382
17343
12268
71317
72226
48784
40266
18486
29897
26520
85509
32025
56035
95477
7947
70837
36149
30351
72900
79244
56066
64361
58529
78172
10755
105814
15887
26918
86970
67121
33883
105023
42032
79985
6766
6043
103494
85164
52166
92923
60347
6283
47368
75039
9892
87483
10793
3578
49626
50010
29239
68003
51940
102448
50514
29776
2192
90805
33142
42738
100144
3870
17483
52607
75489
52702
72339
99498
22797
17858
87235
15725
22948
64677
76946
16003
26650
7340
18635
66282
4269
94969
95119
97891
94154
46415
100976
49770
79521
10538
65659
12450
105654
42958
83114
73282
82503
73123
647
64848
59267
26438
30553
71576
44317
18162
60697
72974
88488
5419
89269
62458
48775
66759
33686
1045
18543
20855
42624
7662
68496
39219
30560
2047
10656
18870
89749
72045
36156
44732
46981
1649
82002
45263
36690
98856
95062
81279
95804
651
35086
94370
48132
51343
56978
50873
50776
12277
5319
60880
75944
11447
14221
76108
8834
2325
13775
104074
1475
49359
77298
51491
92769
75557
2541
105345
105262
57658
32266
40963
37751
105211
78130
9497
64249
69100
59359
15948
54706
38222
101100
3798
19839
18906
43613
56770
23439
12569
56721
41655
16324
11323
62062
20511
19618
18525
44152
11019
57028
21655
10984
13885
90704
75475
27565
77256
48703
86743
14569
66888
24062
14892
80549
71483
39651
30024
29510
73471
92798
69412
52967
12002
87007
105813
61430
48258
33827
31557
98014
6238
64284
99567
80459
20475
11456
8192
8416
46377
15230
67135
49097
6609
93375
15257
14695
18997
8549
61688
95368
33513
83755
56797
25083
86081
79460
62697
99411
85249
37419
20203
21786
95919
57064
72274
101950
90157
95130
41029
61949
45132
73551
36585
77488
42262
13576
3145
12
20531
79688
88573
99104
94372
11876
38461
42954
57644
51266
33384
39670
40279
53623
94667
95170
36486
20915
87581
23
82216
94789
69167
88128
84469
38028
64075
63056
49704
1873
29207
85525
19513
71264
13055
10058
28609
23645
107350
103205
49953
52405
72719
43916
63618
58347
68828
46723
90218
76366
53052
79972
67864
2831
46263
70553
28289
56259
4343
7453
26103
69670
45157
81716
9239
98341
2174
84451
75434
73858
53891
13331
43086
36867
82312
70447
28081
23570
77908
78881
57741
93880
35698
76179
53045
42692
10837
87124
42516
73853
101722
94665
53572
34444
24143
24863
97254
34984
72901
96455
85447
50447
25275
57453
105542
2752
70940
62939
24847
83890
29586
22166
43931
38534
97760
44649
100622
30568
43598
101321
32454
103354
77941
7887
46747
69020
55744
28881
81393
45026
74211
39932
38319
45934
8551
98443
67697
53021
31049
67500
9041
87542
57211
10137
47871
86093
41385
68433
87956
88993
28230
74233
7860
95763
100173
27224
93619
19110
94846
83513
4809
28637
19795
58037
42747
84246
95064
79806
20376
7536
102338
20428
18760
70608
27705
26035
81449
9531
95438
62712
91962
99598
9724
85064
27378
39642
65662
59733
107382
35578
80189
104200
34286
31094
95943
61369
42600
73849
57432
49711
98619
62765
62142
102636
40638
85221
41020
80086
49067
70331
26201
30123
72171
16990
59399
58662
76043
8311
15007
43159
52576
19060
50314
93771
5439
21079
77517
59485
61585
12045
21365
72886
34738
48301
77707
42808
52874
37752
41793
23520
33451
89781
85490
31975
4259
11758
6592
60331
30536
39228
2883
95702
18564
77050
21331
85385
50580
16867
15203
23195
75740
83275
3301
107121
106206
42061
86513
19462
68995
99634
73379
97155
745
96237
53699
17399
64267
69188
97396
78013
24705
86942
13383
56828
14801
86601
42710
21224
72678
34915
69820
41237
104455
75453
38652
51067
9662
31684
37983
10171
43523
14087
15563
67028
91856
89609
81626
86509
1462
16222
41392
73257
88171
13736
43434
71723
50326
101274
94664
69806
15144
103626
61926
29619
12531
48532
84278
23734
37014
1791
39186
85705
46640
4823
36644
17432
73476
36775
6319
5355
81056
37902
93481
36251
98685
4255
14202
70919
35913
648
33510
70666
92566
22661
70205
84359
16373
91427
16372
55478
91006
49546
66280
12596
83879
58646
45856
46167
29609
80126
58048
47159
28964
107062
14379
103914
18956
27621
61719
13328
7291
85418
23502
16422
84905
4787
58664
14249
8221
101016
55064
62802
23999
13879
65956
102313
50783
63195
40941
100202
59659
102436
62998
100355
10839
11301
8275
104505
24853
21141
34641
82917
2194
12493
85367
91412
38992
94852
42101
18323
37475
15392
29214
39390
28373
21604
57255
97777
65903
4591
77351
83609
43316
80592
38951
68545
88413
1763
8400
90693
107204
62641
79183
33402
28481
104586
12542
58441
93542
98707
37160
10659
16631
42974
74864
16831
40916
10331
71078
97727
83672
45344
77196
38133
88472
28121
75945
47420
65449
18568
37615
19062
14773
3527
76306
86270
34184
17358
20512
27332
77827
26638
17467
62872
51245
4041
39671
88049
66619
16620
69707
64096
53544
22154
56695
69113
59556
90660
25292
6266
90048
10630
47680
5022
51745
22549
8830
102936
85085
77204
68638
30425
87985
98404
103830
45753
29467
95798
84346
82270
27274
10466
37769
70390
27296
106129
65555
38441
17118
91630
43442
17552
88316
18913
73381
24895
93376
68524
18494
81993
39667
83360
17155
55600
25579
28077
18828
88741
41643
87694
9396
42404
40388
25905
16274
32650
66022
69053
81759
65008
5074
729
49349
30619
32
11282
56584
23448
106997
35891
54567
78655
72726
31977
49860
9175
76489
4389
13688
72516
91324
8389
63589
27832
58776
42848
51036
37908
92446
81092
96449
106474
12019
76876
21863
20655
79435
3093
11034
24365
76938
4667
37259
16279
95250
80156
44248
15124
85673
100669
20779
49803
81957
70685
78718
83979
51922
45893
43734
25119
48144
4771
15410
8742
44106
60954
71492
110
9962
102418
14406
2929
32433
35860
106085
74094
74201
66425
8706
18925
1400
83670
21958
91553
40705
37498
69793
50041
46867
28836
34993
82682
93022
84426
84106
103521
28120
88688
40085
5582
79009
49647
72996
69089
55663
7263
5089
97603
46306
68169
35234
56189
60598
75880
45468
38324
23739
540
27062
80847
53870
44230
70607
37046
65059
5561
13843
64282
66334
30662
85102
64749
77133
52763
4325
80979
67729
3064
24971
104534
39336
73450
29576
32742
88421
89653
56416
79489
92402
3332
46878
37327
63350
45177
67754
90822
80741
67208
30943
53559
93887
489
82401
28140
73526
59260
77548
24409
79936
85992
46296
85205
64954
62880
92236
30599
31434
101177
3180
45289
38772
62262
7548
5879
98757
43778
85284
25729
81577
61236
32659
60252
61723
16591
99415
16099
98952
37756
73102
46737
28699
75131
99129
80436
37493
18828
15391
36237
4424
102587
68353
95206
56745
18202
2449
25592
48364
58831
27992
98579
55327
63488
61293
87445
57043
56523
1066
90970
4736
63685
99892
