38239
52624
66040
26806
100
101820
93546
11956
1204
78650
80378
44649
107975
92461
74285
52871
118065
61221
362
67388
93229
31522
3175
21975
66700
18342
40402
38758
75033
46471
88358
84242
104409
77333
53434
91629
75230
76194
76236
71148
74672
27835
27191
116090
85531
44774
74384
12005
79178
19204
30069
114794
111878
8584
52288
88125
89557
24194
20730
48218
98906
29037
60663
29222
90800
55240
80385
19988
34764
31510
58341
31600
33248
115462
23609
39067
105560
54586
58404
548
86268
16671
73656
62153
25495
13905
117674
35334
84991
52831
31853
6785
48495
91604
105495
93787
57937
47692
43591
75688
113258
57988
72106
96842
115569
33594
56532
6334
31085
104276
1150
31376
18141
23517
15975
42034
14511
90194
85218
28378
96539
85001
7471
66597
69152
20820
19719
46197
62315
26926
116029
62046
11244
49757
97582
87721
83112
9711
106857
85062
86017
23663
28284
31399
108162
43397
66133
47687
59131
13037
4556
44803
104715
13369
84275
11008
88098
20265
94698
11646
64756
52354
57756
48612
99182
42152
106590
22632
50973
47423
24930
31547
35996
33278
33469
84462
14129
10821
44393
50697
68573
110002
59649
31647
72528
57644
2470
15354
34396
46327
54559
17223
20490
32370
101237
97070
82848
52004
35245
92976
58016
41524
58117
103012
23935
103729
44491
7788
28031
72708
36527
73027
108073
31889
14378
118444
73923
111479
35926
39722
79581
2201
38675
29944
5744
32594
35353
80979
58771
87896
36327
85725
41361
55089
41827
7217
24417
13644
117331
111278
88737
27405
55431
13470
100164
116465
38620
40493
73764
12984
55488
35899
77529
45974
65957
96298
101807
56905
9133
86695
32891
41730
41624
103298
21679
20723
24505
52411
73167
54073
18136
3848
61
32239
107367
32790
8430
21730
84480
21
97675
95663
82558
50564
118654
43618
42473
33974
12199
22498
21120
43306
87619
32876
25564
87539
84895
63039
75596
34040
86608
78522
94691
35173
16626
28227
117540
4949
88910
61520
105107
65828
73487
69756
45406
84070
13620
27549
58683
99356
79287
7685
43843
28635
55815
28180
93960
98707
31823
82112
4947
3770
5762
379
6723
14576
31913
108136
112130
63349
25712
24850
51439
19993
108350
46301
54138
55283
89767
2487
88683
107518
79951
112576
111040
115615
58415
17049
36497
62334
31400
68305
69199
17768
86258
96114
24860
56988
56009
60044
35648
49575
68471
103880
8706
27231
65013
14706
58373
99503
64118
84121
17631
102695
78380
116801
111998
40353
76487
127
49892
105940
103552
96624
7027
29720
39979
86870
36302
68898
60705
21236
58001
104603
64593
11753
92381
12727
94071
80430
19896
11066
85860
35992
99250
60833
71640
91787
103011
6459
90147
101328
307
31613
57047
13634
82630
109141
62380
77445
97211
115710
78779
23525
23630
80501
18163
44303
15999
9505
116855
39911
117887
27159
40107
33905
62322
97210
106187
68676
45707
97134
42089
30275
79156
84210
39829
2678
44851
15219
111765
82695
59308
19951
60808
25153
86646
61192
82581
64487
4296
22726
22784
48837
58449
82200
22780
79414
39248
94180
66726
19938
116428
50486
83951
33791
36755
100609
55618
47476
6394
113146
29115
104156
49234
8500
35880
37506
13843
33762
30174
53044
66211
70696
59604
7709
5100
10081
85354
47425
26933
109109
45121
24331
74617
33107
52021
28526
53623
54156
70847
3667
89576
6853
37659
46975
56398
93448
84381
5525
30201
1454
112691
106969
19131
23262
31221
37189
57318
51437
42638
13396
51812
44859
97053
58393
8803
6503
15213
3787
54604
31045
84513
35167
42226
35620
114878
4745
69720
36095
10257
94652
72954
19571
91064
72268
109711
39770
107100
75416
64773
47883
19403
76298
32477
48011
12
36819
111883
44170
68285
2279
91966
77261
113574
113164
37363
65369
28274
35558
20000
56882
114012
29428
112433
62259
114155
10350
62426
35055
113543
106967
64744
109642
27182
103017
15732
61117
73192
71504
8863
53987
89656
114563
1320
109022
51814
74064
68348
68411
56123
80484
28466
116557
104006
118482
112055
52947
1587
110971
5797
5221
96755
71245
32165
109273
68496
110120
44090
42753
60725
110589
50209
15324
11549
102237
54986
82854
115339
65040
88782
45786
53699
71933
101707
29649
15613
101888
99838
27682
17628
35415
102933
40552
112590
47988
776
16454
1239
55706
20529
50647
61017
114319
82143
24775
91438
117401
17840
95126
38069
85389
24538
42757
111060
71446
15880
5404
39608
10535
46169
84855
34645
95914
110144
14805
76147
95686
48441
89627
115965
8723
81036
76137
83684
61822
30770
88659
92132
66691
68383
69699
64209
99216
27073
10165
21637
107762
34071
59373
69129
5126
67693
12040
28385
60363
60638
112950
72775
66151
49679
97778
32321
62422
7364
50086
47902
49378
9925
43009
28408
48515
77829
51606
48658
23096
115020
79351
84184
17343
22448
107266
82627
27962
18773
31914
72788
76582
17048
50772
111554
23867
564
98713
66193
2714
71672
58895
33446
110955
36571
65813
32497
26925
20132
3507
92871
88300
72035
21728
24914
32260
5924
46864
107163
74203
74106
53288
60958
46937
112961
12660
104573
1958
83464
35752
84958
58682
40365
50583
69343
46625
93409
50436
112688
106997
94106
76503
15558
109993
75132
79982
64874
61585
109887
97007
93191
97478
29916
95938
81528
118085
56177
7908
71415
35819
105381
34232
4581
112222
7631
97762
77618
72237
73605
26561
61858
66232
111807
99367
60043
46828
116663
77760
448
49730
10739
41505
62970
30617
75465
32991
47160
76150
85170
37027
38332
114956
7910
72614
70812
49687
67224
33922
97028
46048
55083
9614
100153
67151
39473
6313
39876
27717
18783
67235
111770
81674
1405
36562
65739
48680
62722
37009
9767
32429
479
72137
80518
27139
107420
79722
47211
20275
70556
6773
27076
34926
44645
82228
593
39945
62997
104227
100930
38819
68836
87925
53219
108921
4630
25327
78777
79001
61418
80028
103950
69280
56843
25821
96638
14053
93712
28139
104641
25822
12304
62761
38302
93236
106662
28490
60268
48482
25707
9437
93521
85940
84354
31300
23091
3615
2931
98540
102306
76505
115184
69827
68614
46680
81275
31350
84295
41857
27496
20501
22162
54681
23381
10740
118617
105426
21312
73044
46821
108368
86522
62171
57212
43410
21238
5771
60706
87039
10932
35403
17414
13076
85917
24349
69879
114623
80392
93054
84479
95852
100529
65200
50643
31728
110385
53707
92473
107111
72469
116670
68135
90178
96232
55273
56631
31691
118076
67684
50353
83208
48833
60666
15465
8283
27817
104925
67226
8431
98930
51891
95077
42491
95241
91011
89790
93580
109598
26678
30156
14847
92999
30723
15949
48692
20755
102781
22187
115953
25584
98479
100163
35625
98672
59156
16210
105692
9783
26124
43838
37979
22010
116396
114275
3683
1399
105727
344
1178
17713
91478
35084
49033
799
50030
83392
60125
104908
40205
40461
59402
104339
114184
3912
11462
92372
58764
96387
53292
23892
110797
15778
35566
66185
35070
55863
12724
116773
41323
58505
50771
57172
86077
25145
710
18332
73200
111473
107106
88002
87543
5494
52186
73324
72649
93058
75060
15814
47210
16833
70171
10865
82564
103042
50595
36414
61352
93682
48815
64137
89670
97328
97314
84367
6196
67775
113603
21547
72851
118648
45008
40074
92133
46602
7409
4049
24615
69728
97815
21995
75054
105647
8669
52458
111111
45183
49780
51051
103696
64724
101747
84476
65057
5400
82407
59081
92352
32351
83987
31363
89946
43053
74032
63155
118552
79547
23724
55700
58523
102543
67702
115429
57747
79152
1801
57249
86065
100922
12270
24120
2129
33483
74358
101194
76745
19481
5769
79991
40149
43456
51215
80544
102212
32657
67968
95190
37971
43409
75295
114171
68508
59591
75549
43506
79668
52760
81994
46276
32776
45555
68889
52970
35504
28582
14462
65538
49396
38606
38824
58454
16447
2832
59334
83773
78165
76014
39077
110540
91374
19207
59197
90752
37246
88011
48325
71892
116285
30938
67562
70586
51127
97188
7378
79391
23725
81507
61672
106075
15716
34733
52639
52153
20628
14771
72781
54981
80358
83320
44745
11228
24576
47486
91859
27983
74174
24398
7002
94234
58472
51780
34957
12357
48456
8441
35493
85766
22719
80973
74858
113701
15997
107425
6153
48521
44127
8492
79743
71555
112025
4683
115688
107118
106803
117011
67339
65880
61463
14822
117232
89339
6354
45006
68033
37964
40093
64612
57098
77214
82111
8295
21424
100266
99994
28764
28500
7443
44126
61799
92591
33975
67173
80674
85267
110286
93518
80506
15659
74264
7091
30763
101273
95019
100627
79882
107479
116198
46105
67477
16089
38589
76224
107202
98185
102561
82132
61795
57168
33773
27508
21522
26946
29155
47649
109841
6592
37703
17726
75779
19215
115067
88153
9855
28512
55779
94033
53538
30311
100122
108911
88820
77118
54493
50124
31027
47602
23444
79688
44783
68329
53298
108597
99736
65171
63826
42187
59945
116165
46810
94438
86596
44077
92821
81621
92094
79459
11610
61458
103848
96772
88955
66752
105094
235
174
158
24209
114546
69094
33700
88149
49422
79326
50639
67227
9592
98388
62865
10411
100486
60049
369
87252
62718
33771
80308
98486
25882
12137
77866
20947
94668
117722
16667
31784
80611
1609
43534
97223
69805
43233
111917
91567
43429
4996
32833
118404
72556
16474
7350
66671
86713
4837
41690
82014
62207
42957
10175
98004
53504
42366
102339
111114
53387
53118
47338
78918
50084
103441
14122
28689
19776
106479
59799
44837
29258
45375
19053
29333
77654
90767
64227
66077
77874
109356
36173
47153
106123
87277
42708
61368
32703
81296
53259
39047
84687
38342
60850
31207
108599
4590
56302
94315
45045
82414
61235
35762
47103
41157
46827
100889
2743
48645
60922
51267
108159
13948
37468
4452
44682
78972
109162
75372
103776
3559
95700
18796
34047
102884
92952
58100
38693
14010
39954
50968
36328
90934
32144
86548
86642
101809
89721
108002
83752
33094
1847
89416
59366
72512
104639
77296
105105
30821
82128
53357
11736
186
7793
100791
81910
76758
1395
21874
15160
30103
25977
99909
7892
72418
16597
49788
1455
112596
71677
14395
110628
107231
28621
73769
15779
41507
96715
31219
9368
11190
59049
27673
36475
4618
68108
96781
110178
55630
15706
60693
44067
108731
103526
2524
23891
115521
100054
11691
32583
23352
40896
64222
116313
6480
6757
59404
56409
82863
10919
31594
33592
38180
94915
19558
30815
4747
2464
50358
67166
40932
104198
102527
100525
56322
19280
27939
35220
106249
90075
85637
43174
106357
11754
49202
104705
47626
61511
64567
14048
49667
43262
46540
38596
34632
84235
71453
22924
73679
118572
47233
49786
12769
61856
102187
36529
32327
113365
6640
100246
74488
87079
25107
114458
80320
30957
42521
12226
97830
107173
108979
79070
23715
77974
14976
16459
33449
26357
83613
21032
110388
80207
16603
29727
5685
23289
19242
939
102292
91426
93560
80629
10174
1828
22091
111748
101116
41453
25868
73965
13767
97398
46380
70447
117080
70131
24017
69024
93240
45393
28259
105840
11351
779
90763
62039
15658
93502
75049
3287
110366
64742
93438
112263
78103
7760
59810
85288
49214
90870
5446
26816
22358
23355
118508
68802
23230
46225
17460
58128
805
84894
1798
114104
78214
82211
11639
27612
23680
34042
48976
684
17606
11441
80557
100880
96611
76630
15018
42817
33927
55035
32196
106961
75829
113313
44708
820
58298
88581
72265
77797
79072
101602
92436
96078
90084
64891
102660
38192
60218
74688
91564
46688
26554
31437
41611
17332
83560
65792
29170
65329
7150
73493
21765
85046
24884
95342
27114
21408
53195
14151
77504
51713
29492
46046
25992
106355
30623
46323
65700
101984
66497
43060
37857
103155
26137
67176
60360
75543
58894
83818
22469
85282
67440
64362
17219
6643
35649
21609
61379
90907
57145
102428
19261
66082
27499
73315
40662
102733
44038
34482
75351
96743
25480
88392
54795
31819
3844
52205
71062
116647
99261
72895
45845
98957
28770
84852
8765
22732
112947
113170
59777
49460
44701
98552
8507
71388
42887
116835
67757
117257
37411
56758
97818
93050
104358
46044
14105
111566
22323
68484
103533
46356
63054
90528
21615
12775
21667
53909
53981
11205
4895
5871
105340
103859
60323
68145
22205
56850
45508
110284
44350
7280
90678
3174
45468
48407
59913
1985
61988
44870
1635
110594
48747
15366
45559
33367
21686
37538
33912
86217
70677
53121
40675
42074
73178
116411
1748
56296
40719
66272
85530
63129
25068
112898
13341
81545
39852
85545
85441
62164
17772
61823
86345
23172
43193
41792
95320
57568
79465
4347
96025
77849
73499
59869
26737
93267
7081
21731
25887
1628
117056
45227
12970
50231
118584
78681
93212
114515
101924
45359
10440
95120
111462
87931
15274
18073
75670
118700
59530
89380
110118
8880
97467
6849
89652
62007
114178
29509
28718
31803
61678
61128
86844
21616
58352
9826
77406
64193
101452
48293
30914
33126
40556
61473
81997
72724
57614
3601
97231
7202
98568
113948
20623
112053
85334
110089
47282
80265
70946
3088
100511
35618
42440
106337
75056
113694
47635
114880
116475
107081
110861
32054
44816
73524
58035
100755
31114
50053
65465
43477
24730
56189
98762
93883
118325
61354
59858
78974
31994
82258
29336
28569
5408
73252
37795
51308
32853
13931
68278
76329
81885
45623
100250
1939
14678
77781
116246
44451
111401
68815
96981
58968
2738
9103
78120
29985
11196
50926
105048
87388
43343
81808
87841
16632
31747
97267
56803
61808
55366
45667
31456
66742
8211
70907
1081
49510
44670
99898
7510
64982
61644
9077
30733
111606
32760
33842
105834
114627
99698
106921
61515
23045
37898
108153
41787
65580
2561
50389
37705
87427
23874
15771
101830
28719
85600
111307
12210
103775
110612
41058
6398
38428
101641
30282
82704
80645
59846
52092
112738
82476
625
100212
103263
58799
18322
21676
45244
9527
51190
12262
85135
69857
91641
24466
48451
1829
25653
94082
46457
108571
31126
49797
96264
20347
38427
29207
58364
19126
54023
92477
61674
10815
104488
80651
101553
14489
110617
79972
104001
108964
94688
76807
107987
105527
4892
92996
12800
102180
74884
90228
87617
1927
101695
33325
108792
9539
89394
113971
65568
16493
62288
73274
9778
107504
94340
58758
2448
72133
5979
12558
76415
40656
101542
92273
46475
80856
62538
84788
12712
62686
103824
40396
54672
28214
80741
107963
63340
4827
6966
75805
76086
71408
104442
60795
91225
41051
102770
54980
9236
13831
111712
112743
37215
18276
90312
89070
96447
79666
69871
62509
79435
77668
24128
25224
60433
7548
33924
42529
39793
80065
88573
52979
32229
45867
79943
97855
33042
37277
58951
29054
18996
47071
84526
94367
98325
29674
44685
47152
20895
71556
105960
69687
60547
19407
44700
67927
43664
7976
82284
58370
54993
101075
63970
11877
7979
89972
7879
251
60861
41591
1588
96891
26581
66277
67844
55882
26060
108868
75168
1524
28167
23220
43214
41736
51571
59389
100448
101585
16552
90406
94960
100203
90383
14520
71546
46313
90078
87666
102685
1024
117923
13941
63870
75950
93129
118306
30896
70639
42543
61266
53567
5162
109413
28641
70348
35732
7611
69034
2393
74243
37740
85835
84338
15960
73705
117096
10438
18240
117746
43185
48825
75547
1330
54355
20526
115325
8496
29382
70410
52014
70546
88320
41262
71584
43780
58064
37466
19659
85526
47328
12940
53233
3245
14587
34272
85515
22913
18299
64173
97970
49173
34932
23014
9121
38061
59883
104144
293
46523
11245
64231
111464
46672
28334
38571
92747
33909
25634
85974
80212
73533
19423
34625
60051
108725
93905
110298
62120
49890
83828
3853
114090
58584
10983
52515
53931
56092
107172
89537
14777
2305
93935
93117
12732
41229
117845
74580
22033
76599
100793
26694
94401
13856
38775
99519
45833
69444
39249
113442
6806
33210
102370
59243
34024
110693
83562
60692
58586
82431
51547
30549
2658
114284
1417
46964
12207
81788
8721
112704
34274
88291
80798
76623
4958
15650
17625
60232
67967
60387
101612
82501
33400
98023
6980
71155
65441
84931
76494
71053
50970
36899
101620
93218
54609
13762
34559
6236
2046
18523
64729
68240
8412
60060
98730
56796
68103
100890
44180
28817
2745
14242
75961
117615
5486
5782
30240
21354
75563
72721
72458
69372
85561
110535
36530
8131
77207
11032
39758
7429
112308
36683
62696
11112
72464
37180
104738
88427
40989
83661
52512
29200
5640
54210
110059
2593
73885
45053
72248
47949
31315
52939
115418
19017
83537
46974
51830
17879
71790
84714
118142
33696
119
56262
109449
68807
70855
9160
11368
96951
3384
45596
65805
45328
118181
23516
24450
115846
43421
33725
27265
114364
33221
61753
6552
102790
110610
96536
3254
89201
23335
108530
15588
6812
88295
9523
84383
21519
56367
114363
109520
100578
44710
93669
78398
84427
75287
32154
109441
86023
4582
8363
41063
73150
63236
34506
104517
34552
20549
117398
93788
59920
41410
111178
7911
52819
46345
6457
89505
96209
51735
49025
7878
80144
109584
13491
81565
8065
115441
8938
55342
41875
99081
75797
55061
7380
15310
11974
90664
47868
59185
24245
18281
98069
69753
100786
61082
99948
41655
103973
50874
6373
61212
30160
105282
67299
82594
12845
16486
36753
99414
67106
78441
59510
62832
56589
117484
85371
73354
45464
92896
89816
100465
29514
49008
116164
84290
90121
108326
101142
5897
83182
62375
297
35387
17450
17996
56318
96032
26744
50923
71185
72828
28250
110468
72508
1876
3371
28851
21748
35832
47038
89433
56173
62104
23753
92258
57336
25193
370
55506
43815
15083
66439
56595
101498
91147
11556
82696
43320
52095
51846
17160
655
90669
51076
93817
40102
100044
1387
47306
107208
92956
64498
20204
62202
30431
89992
1746
26557
101978
93326
100134
103561
10084
108801
112337
68668
52369
40713
89249
9339
14993
14104
114903
13102
45693
111077
101106
59068
25964
115565
13873
80596
94241
33422
107997
54979
80969
78869
87606
84582
87789
76592
62675
115140
79217
9553
46706
111306
3208
42287
81722
68690
35764
16536
65777
74020
10715
57305
42630
61760
41673
84860
94930
8586
45820
100911
97408
9085
90466
23883
78162
31655
17133
39051
46289
94377
96685
61863
97278
81043
24528
48545
83597
11939
47871
45366
81660
72435
43565
31209
66989
102148
8621
23613
38951
29538
91459
111347
96953
90617
116793
79636
23493
75590
59768
84883
101771
39601
44334
39439
110937
61556
53696
98240
19600
46513
40603
50682
85608
106628
6276
94613
17809
88950
101502
91824
40147
5271
53157
62681
46529
27336
74444
5815
8288
105803
63552
88386
40304
109317
63504
89885
27756
64764
38633
103055
38585
112174
32469
33653
81690
89246
36674
113081
85501
9264
47601
25971
69388
112413
37791
47001
46178
7969
3998
52988
94485
16243
49998
78377
76867
86252
53813
32100
35282
86361
13004
62362
118351
108754
102216
44760
83820
113513
88689
73998
100946
70599
110802
54311
52594
58939
108603
89838
110476
22844
43140
41906
10483
111914
85569
67939
19820
114978
85274
118031
58560
105696
98832
7481
46186
5517
93672
76892
47653
45957
69118
36935
819
31175
60635
8565
99062
11738
67899
56458
91653
117166
47776
80
7663
70998
86224
75371
34562
61981
62820
36292
18198
68559
68137
48605
59278
19569
7639
49721
102896
49632
1259
9842
74622
71654
38142
113250
111899
104656
114703
54664
64121
89915
21566
17448
11994
109284
109745
29867
69986
118629
68659
18531
85754
7894
42663
79118
100089
94496
58986
64053
44397
118089
13247
100305
14417
56742
66167
4441
14519
36010
110562
92168
13064
73055
106601
113902
2275
105762
82954
694
84811
2307
110322
2258
80269
67125
4172
12407
7467
101521
1236
44227
89470
30662
47443
79528
84783
91970
64230
117026
15540
90199
56597
69987
78535
1667
85982
3012
83486
86280
9462
105908
21427
55640
78212
23056
8110
66488
58608
71389
22872
85556
94212
39830
45305
73525
100842
73738
3882
76374
68268
106119
49401
9866
6539
11227
57806
12073
107112
43344
98977
108563
59975
10596
78618
18001
66828
61517
53093
33246
85858
32578
99104
94279
106068
77841
85856
76697
44033
53002
22422
3246
15458
8494
42999
38582
15099
113523
65098
66730
101691
31227
58334
95443
27724
76762
105728
87712
81356
21890
24056
41582
87255
79552
33769
75952
7315
21142
70143
98338
38366
12375
34140
85987
104134
12093
41301
42259
23893
102484
79946
70343
65273
66459
51947
84678
21514
16464
34011
41232
105979
2445
111068
78501
110202
100735
92296
87319
99172
105274
106821
41233
108214
46541
74984
21426
11236
52208
29934
23309
84501
118772
11469
106972
28422
57262
94645
74241
78002
113736
101774
73425
94068
79047
27945
77893
94373
112823
4087
109152
23999
42016
66627
114380
102477
110213
117813
50670
51801
79374
32671
96202
73506
32460
84697
85875
68920
66197
50692
111816
72263
3642
40664
110011
79682
34581
77358
50096
54966
53088
75505
24352
35676
61498
60789
94310
81499
85235
23886
66106
80253
43012
3149
33468
107780
81999
105172
96632
47548
2491
46824
81426
20136
58182
98194
14430
114778
29799
37955
117987
3708
109502
101005
44200
8780
49676
39398
75461
581
88420
20186
113075
43817
42043
32197
92010
7557
90478
3578
82652
72134
92508
116453
93071
18722
17999
23782
3282
30104
26710
102985
52976
66852
54472
49792
19928
72447
12995
70891
108941
76039
38512
117235
63004
80186
70963
89489
58550
96263
110529
69433
29398
62952
13085
37396
77364
105758
67965
27371
27367
55693
82017
37819
20602
102698
63548
34293
57103
33262
37310
67786
96255
76495
98154
49860
79295
36223
52285
66476
68222
96091
76480
86086
98442
7070
81376
99836
69610
33309
27143
8301
91596
69259
88544
108813
64334
20085
95678
8448
82563
93711
91788
14307
30934
85294
67275
69997
30947
18272
90211
16784
61812
85635
15489
49463
17835
46006
60528
111277
102492
113845
88715
62047
53474
118014
10011
27752
30473
51914
95057
50829
9137
44034
27690
7201
32465
40098
3870
112795
58338
111603
106504
54255
4214
28005
44884
100442
96823
51053
50509
28362
110474
19662
10702
73996
113808
24644
64848
41696
20149
103265
75729
11796
179
191
83609
82487
58155
82168
3920
62986
65956
102289
65765
48824
79556
52027
40100
674
39470
94325
16737
89545
28053
59715
70078
118259
27500
21955
67281
61734
116226
95208
13140
94293
54482
118149
62272
78597
93907
40854
20533
61772
114387
2156
96530
31586
81133
29202
111900
55087
57906
108706
67945
6781
92187
103134
37320
3099
85240
99516
39586
2112
24009
116697
101632
36528
94125
63842
83568
41024
67376
46127
60427
75842
63265
33372
18633
36532
88134
63967
30011
55807
68926
74166
11984
58637
32795
4462
16201
10435
22523
100971
107962
10879
78803
102530
94990
44955
35622
76189
102251
35292
23446
85450
78022
16691
116683
106609
71839
70198
92972
19923
37662
3137
77412
21850
26984
86649
57666
19652
1703
29255
108893
3556
51196
103182
18956
6326
82985
53895
28757
46854
89322
33079
72948
38774
21335
22878
114189
43496
74227
59809
117738
88328
35360
81780
34004
12200
26038
52107
107991
104615
37627
70544
38151
94323
4372
80781
98526
101929
33498
117705
112983
59240
90002
111373
9174
12384
35443
72040
49189
56608
94683
25317
21174
106557
87894
115659
99147
93443
32627
83576
112682
36822
40395
44881
99952
62629
90207
1422
92009
93402
39289
109818
64905
30075
30242
6657
72950
32623
4910
98919
87591
88560
20199
62552
5614
9024
18904
42178
113016
49695
33477
94869
44010
1000
111201
34321
77767
117581
51791
52041
42428
6573
34770
30782
5279
90334
3793
87186
24208
113297
97037
99972
63637
98357
100288
53720
92604
23815
98935
63038
72566
10908
17106
27843
96795
105201
70270
49337
97000
1511
103241
48054
39092
36949
6498
44605
7292
42700
39701
37606
51451
28048
72970
49525
20315
67496
96988
7932
42022
113628
78292
81569
93028
87519
71797
17965
27289
75151
35163
66279
105214
69930
91964
64652
102786
18527
41419
113893
28725
42144
17640
72161
41683
5469
60069
71988
72593
48113
40341
114756
36018
49596
91923
73369
24857
35555
49585
106315
118264
39677
117775
10621
41687
93106
24058
73710
12474
50269
72959
83016
41872
12524
18687
18964
105404
86793
107301
16989
66767
51863
54917
72362
78419
19833
94802
114335
19482
9704
10142
70982
18789
1979
17112
47591
20380
91509
45388
5435
82240
63412
106672
1275
42723
80393
110473
43385
77297
48507
60446
27285
74670
58428
30507
27904
28312
105156
101560
2987
110851
46769
74810
98791
115395
2870
3921
58585
28598
44267
20414
32409
106858
16363
16810
25686
77191
59989
35439
33886
56256
14243
112793
67425
52971
76448
30041
45451
1914
113342
46144
69723
89524
103290
18824
2050
43329
106327
115148
41784
102486
3312
76152
72812
101579
58361
72605
43803
113380
11649
117567
19973
30312
47254
4740
22175
11016
80121
16320
59422
21020
42296
88412
118463
92688
78795
23068
40538
35621
57594
24920
98968
14877
100051
63503
17615
34903
40976
81696
9438
19363
31367
111853
32137
113780
99005
39482
69106
53391
9525
5520
81630
56228
51952
264
5653
100857
105939
112612
10948
74181
6902
43062
5246
89510
51095
43913
104872
55305
23593
30314
40082
59315
54593
107959
27053
57018
117751
26733
26763
1799
96678
117917
94195
66663
107497
42050
83290
46491
44781
44308
97924
101416
2192
59304
16478
106938
20790
106604
46611
60184
25607
35128
36501
83876
77151
94297
37559
45306
9470
87016
65738
67335
49749
69168
89600
118696
111533
97269
8666
96846
1091
98769
19961
99603
46031
54325
66435
9412
30561
41246
54481
31968
10255
35454
117181
51115
109068
81189
45941
79104
34874
1776
58313
63694
116416
57129
66182
19461
2447
34336
5169
98372
99897
43894
77523
6799
63719
114281
69607
35169
39890
104432
116014
83404
104552
100145
1380
115318
77601
50748
116022
17822
43154
82149
53602
75765
11823
78600
79279
75651
19369
50659
2271
70411
35855
83502
73401
74982
73561
87648
45701
21034
2981
25830
49474
33956
76112
93816
32269
808
28628
59248
55927
85423
27174
56636
34633
78594
34761
11788
45250
75959
24307
57867
66830
35863
26844
65532
37425
24821
116508
54665
17923
17756
66740
109040
6890
65644
114893
111458
7912
69589
29046
66410
93629
103467
44766
97573
117476
52096
77687
54647
76308
10592
32688
18861
16053
79957
110787
72063
34622
90200
28522
13282
3265
8892
109155
75320
33538
61683
69201
89232
11315
28485
108580
65255
34431
94633
69125
23919
78343
82988
115228
79965
80568
4071
52196
108664
30039
76101
104225
61234
59075
84840
24825
3911
104401
7392
26551
2054
41463
33232
112658
65764
24415
16421
38257
55317
50687
20751
94578
40292
11676
60406
86222
38879
111763
45358
74705
14835
87059
40672
48234
115203
12201
19714
112654
55399
15425
77830
20989
105186
29052
112389
103701
91614
66792
77098
43069
70848
50155
111374
47024
20150
102566
106492
19196
10017
103837
7083
55412
71069
55264
89613
80287
6634
40329
88824
68423
117606
32430
66465
90208
43110
117648
114166
46699
2299
59502
32920
107516
23524
20031
97559
68697
12545
101690
40004
92699
115084
26228
53655
65244
104959
16994
1111
68638
106691
34276
98432
34744
50528
105544
107910
23904
98808
45800
76693
44592
109617
15077
118006
21607
57720
118486
47209
116735
103699
104856
68565
106160
82821
8581
10798
87705
18093
23968
1734
109282
63720
81405
26559
51594
105015
1610
66802
99992
25070
88639
36300
86186
82953
16938
79626
30832
61407
54278
105749
63239
51132
112524
82215
2552
66634
83383
88361
44669
20752
58450
115187
41392
63099
89381
66105
19926
28215
4164
69966
68646
13793
99102
78949
24449
116511
38563
83015
50020
30475
29717
80965
107665
100298
48921
77033
26340
24461
93163
36910
51192
29736
93571
77265
105519
98565
107229
39139
47292
100468
103466
2367
78199
40140
96001
88741
91891
32720
89487
50503
27851
29078
59894
18689
118254
9351
93004
28233
61735
107521
9750
40786
78235
110361
90770
14657
22133
34618
56688
61566
81254
88717
39017
84195
88908
113098
66036
23071
70188
60661
19592
64063
64100
92958
49501
62579
41578
86636
45886
44951
42133
49186
25888
33142
8506
69321
67292
91212
71019
85053
19360
68595
23140
2795
113320
57353
41572
91350
42612
75064
91839
10106
91279
43042
104452
21382
65730
51216
37387
64422
101166
47729
91056
67062
20444
43375
69182
117605
6386
99252
1053
104162
40479
49568
51160
46320
48850
111272
37166
67150
82430
27354
110734
46796
111803
68588
39495
48676
58148
29403
43968
63151
22682
47400
52040
84965
99334
48683
89478
24759
3856
14596
86131
86906
113422
102491
37287
7921
112573
52256
50623
53888
60041
56537
30988
50108
64651
16622
2816
103276
108723
29672
38785
84220
95255
98700
106482
15878
83555
65288
50370
106918
63350
88143
94198
82020
80681
63116
90998
100832
63862
66446
35766
38107
18631
97491
5067
95293
7007
115352
21702
99717
5332
4466
10420
32005
80055
99805
113143
98114
40227
76284
15684
88324
75502
54354
115163
36780
97868
41816
18514
74154
64336
47995
54193
10256
38489
107870
25642
33807
44201
42155
19975
90659
96304
70095
67282
76547
117943
94355
34109
6014
26843
104264
37628
19413
32310
55452
104697
67641
80019
4746
17301
45950
17292
6679
55834
104044
32471
5235
110430
25884
8185
95727
55318
86652
43645
84968
101975
81306
53515
28780
10672
104529
49827
39729
86892
80776
51152
66866
5679
16825
3530
70307
44377
88655
106765
20920
32044
13545
29071
61136
9628
8008
41769
106474
5925
32139
78311
66804
105328
26634
29763
73209
61240
102668
54879
45978
69889
59613
31928
16699
11776
30715
53167
68129
31992
95395
85495
62947
86491
106441
28625
30553
44353
13711
63380
31453
17
67302
71799
115989
87254
23337
93075
35428
84861
98608
88622
93604
38050
90978
89278
34030
27965
33854
22840
53615
8562
89720
25487
50520
59726
47480
81919
7049
9418
62721
60759
106146
61958
75250
28722
28341
94466
94852
43350
29480
10710
27996
49434
9928
112483
49320
102582
16481
28019
38369
32677
58665
65906
28407
116713
42710
56669
23457
63810
97102
56249
25904
4923
75281
71772
54083
72493
9961
11434
74714
111428
118876
52507
9942
95400
111385
51032
62138
71294
86308
94339
117904
8947
2837
83784
95887
98341
23190
4954
2313
4755
59625
110606
54813
90182
21836
76847
109600
101684
998
15548
50480
21106
68226
3182
70800
52136
22705
5703
84518
29938
118201
74773
102764
92824
42121
90520
82977
114058
97040
91514
60320
78957
21419
33178
74571
42030
44480
7307
8763
89474
53530
87341
68813
75846
54318
80935
570
20835
52644
5681
46163
12506
16198
40252
66170
19335
50346
25859
43541
38509
13284
35998
95708
56652
4928
69623
19710
23128
79550
15711
93967
113584
86562
35234
83706
82179
31888
30742
42764
20717
47021
19667
93230
60602
20019
99946
96654
611
73853
53241
4083
33409
88269
24440
53543
92470
68061
46960
44486
18759
2577
76714
56068
65908
74899
75423
114436
109881
101319
3784
21200
62541
24510
52478
16251
28540
88408
107631
90535
26344
36550
54769
115570
104724
49688
80242
47334
115141
31174
15426
73437
51588
114456
20879
39310
70590
72644
95867
59635
116812
43947
62431
81922
103550
88841
45599
239
49392
68886
52882
93923
66895
7722
110191
7042
7136
30791
109796
100300
33767
8573
91480
42538
85049
89396
89757
67696
23985
113082
79225
38514
57349
11807
80112
75556
23261
1907
42692
77422
11720
110234
29136
89534
74816
35993
39097
35916
22980
92279
95943
118518
104738
49084
29609
78361
19458
95303
9506
8281
83646
53471
48739
80626
39609
25081
6302
5143
25378
100358
105299
17402
84678
88054
68338
68127
30114
21915
20237
79496
1736
3580
67799
103300
27575
91818
71186
34750
59885
11459
83150
58594
106386
94762
86046
16336
73575
25165
96446
31426
107663
103552
44542
3384
35621
84250
52706
88505
18474
81983
115388
34419
74575
68673
70896
92730
102430
68976
86864
20535
118916
8536
59887
1779
93351
42632
7494
51774
15992
20391
65524
40208
47770
75041
49373
6934
6216
3391
92038
25142
96170
8465
92562
3667
98988
25387
105489
107271
28200
90910
23361
25506
55410
