88905
60464
86767
62676
49349
108566
17091
53901
79584
33452
24222
89693
8469
1147
13941
69272
37398
103622
76240
12593
54449
1191
88457
106467
63188
59319
15331
61458
31365
26280
57933
67447
50484
100557
105533
107064
914
77913
72324
26013
59241
79697
103508
68822
4833
60430
93006
106553
51771
14465
38226
66139
106665
23154
56323
4475
51063
5505
69369
102163
38776
9630
72218
3727
71614
27477
98601
43611
32589
81342
7893
19438
45923
55702
71728
19579
23964
39997
87288
40958
14933
44849
97935
37115
51587
78586
23316
21867
88350
60948
88534
5919
55505
43148
97201
71532
81524
32864
90185
93810
109824
89060
17177
50942
15082
61403
72045
94470
73285
103687
99534
13969
61310
62124
41916
65995
84937
13874
56630
73322
12206
38771
100242
57084
63627
105317
25627
19770
57337
22102
108
34851
42856
75848
62245
43556
6236
58261
62203
2893
72221
32802
57108
91035
50859
5787
37175
24311
90163
40706
75562
59235
74080
41422
12567
78300
74715
98728
12888
79466
44929
30722
87523
99467
86526
3961
3506
76780
95846
41546
89953
77287
78010
6295
43908
17777
68757
41984
48679
66433
9367
32704
3723
87094
3626
7568
37499
20001
33794
29339
56221
55462
3049
94935
96656
31806
5342
17722
99167
1207
6372
42019
105755
55222
45613
76852
31375
82672
23407
16120
95249
93948
88500
80674
93804
73373
95308
27626
99549
40394
84216
104637
46417
46968
93611
1266
30405
92111
79454
86470
104225
53100
68816
72327
93007
26816
18978
109085
3656
81391
51793
2278
100786
73434
109852
51783
90267
40010
13208
14381
89029
18348
44988
80651
105422
100794
106635
42834
36308
2254
76222
98491
16670
43932
86881
69075
33467
89247
10453
39625
96252
48819
82924
73661
87922
17414
57052
62517
32064
91076
106346
37672
60104
104340
68924
95560
32084
68268
80901
67303
96768
35863
99241
8980
1348
100295
39363
26895
46669
43066
14840
85064
53011
100750
39811
41130
61752
45861
68495
1098
53784
64311
16068
48322
45853
104924
66403
46074
90559
79277
33742
3278
28631
36831
7861
71477
38498
46118
32783
103361
90489
88103
86334
102828
3849
21196
59362
4213
53407
63529
44874
51411
21579
75549
109120
92834
45738
71124
35900
41427
45058
55162
11526
7078
60811
20108
85396
71496
69360
36328
86446
36581
40331
88231
102447
57682
79916
80502
65648
100553
103205
2511
74932
64801
81210
85285
21722
27941
13373
65989
42253
23343
48086
82929
94594
48040
46656
58961
55524
16233
45110
92375
21608
93822
52442
2555
69707
26668
10459
27816
90443
15940
89552
87610
70014
49856
74723
7773
52568
49584
66422
95368
35914
79577
40985
45835
50134
27981
79048
605
30938
96682
3698
46102
46885
63679
52902
86907
72532
48376
35502
42007
104914
26877
61681
11981
18146
109662
80703
68511
69290
54994
82429
42344
3756
77849
96409
91447
1932
18655
81880
71142
52597
1053
33922
108786
45109
22965
65336
78812
103141
96377
56291
74356
74803
92790
87408
16608
60496
20049
95911
20119
64892
7113
12964
83424
45518
101178
72270
16521
52798
15510
4212
652
20857
4098
102252
63617
13402
11104
72249
52077
48879
13046
102614
41242
84095
33320
10825
91466
94225
9978
78604
27413
99835
28872
47357
34588
57692
83180
31895
14713
64650
102359
103859
11343
92601
71870
48148
98977
59927
81784
73698
6843
5043
69168
12276
105995
52836
53477
74892
46754
19154
13109
50424
92482
35493
5040
91282
101637
49370
14277
39894
108828
45235
52270
75043
29702
89436
27905
89937
22908
40442
104451
58177
70332
19831
90929
61931
10802
15579
73274
58881
102026
59170
19716
10486
99285
63922
58117
87492
45695
17270
78945
57867
21315
25076
21318
56753
94960
31379
9109
83395
32510
93755
93466
27889
51747
27416
54903
83173
67088
64274
87093
95344
87326
45275
32125
17449
59719
38212
50128
90713
100698
50188
44977
53545
43554
53306
43017
23258
32755
53030
13005
30363
107382
66490
54236
493
82911
27504
19434
39221
23509
32370
19393
76555
3935
92830
24688
96838
8739
18632
9598
47057
89220
81147
78082
24803
54720
72908
105060
4965
17842
84232
86571
31777
37110
98492
24490
43280
65911
90933
37462
22771
27007
46950
40234
55775
51648
38233
7622
57210
32987
39047
102941
50863
9117
54056
83417
89931
33719
66166
37249
43621
56061
17656
35226
52906
85000
61888
76171
23702
18958
54644
68643
47413
102728
89187
37508
31382
106276
51536
87946
74986
28466
99086
56527
44798
6646
70911
71491
72833
94513
7336
97789
59126
52472
64188
33309
48215
28351
38975
32924
38375
31093
72900
67170
106986
47177
3174
56666
30819
75757
11938
58998
100816
65885
58640
5631
6579
108076
36965
27777
59945
6015
107214
13228
63069
17813
2032
25539
106787
40241
25705
25725
10474
49492
36636
47352
40898
22767
11035
55978
53967
14409
9524
86242
15496
64177
63954
28140
83416
10371
14398
51440
98322
95049
4900
22646
91013
54397
106301
82129
24979
60905
37449
25314
27425
19549
64603
59475
5681
17664
61262
10469
81249
101639
10920
90578
99044
54613
97408
15257
62285
46325
57800
32811
47020
4071
94625
75985
31558
58981
48718
64181
57431
67852
12618
22168
108949
108313
35399
107104
69334
40099
56078
60859
75467
47094
45588
65328
37420
46311
10577
52446
59797
10541
57872
83366
8837
59873
27705
17792
102164
73096
27283
27903
88248
61017
54181
58857
84756
1680
68047
65000
27700
29852
23028
99210
38778
19195
97835
881
32373
90035
103563
73261
14070
66505
57334
10575
51592
106265
17959
28272
53320
92918
70217
70188
37046
82721
107714
53801
73252
70343
78770
74533
68993
46129
84115
5948
95314
33374
38262
32752
9794
53618
16692
38155
7956
97226
99611
11756
69318
55631
92949
36717
62176
90588
18851
44396
72081
64883
32760
67893
58589
83691
54619
59371
43473
101749
98619
56364
93589
94567
20229
104517
98355
88836
97399
55290
96863
100401
22554
56196
69732
51916
68915
73012
70325
98521
61408
17918
84527
89449
59007
100754
62253
79740
36780
12091
29736
61644
91717
41971
106883
88110
40704
33108
102440
96757
39012
13152
58719
71538
74500
18044
22018
49415
62029
72861
7957
74966
15495
26128
19816
3236
23868
30528
431
54401
66603
25588
32406
17444
72224
102446
103724
13298
52775
99304
5537
11452
11463
35663
109548
6802
48512
71371
20562
66926
104537
62154
34046
105630
99240
70298
104437
12341
18598
26873
32720
44833
17200
8183
96872
57539
41057
46036
45121
92276
97384
84871
63665
86387
17593
45992
42064
93083
84091
24503
67715
3473
39510
89690
70680
18317
56831
35479
40250
102971
102216
94030
89216
1460
65827
44317
34001
91188
8760
26026
69461
64263
13582
84351
34743
17616
90256
69688
7310
109781
19594
14449
61558
75273
68101
63786
56556
78219
38191
20214
52992
15541
85479
4657
15081
85186
32988
77831
53327
3503
7366
29811
8504
108026
102153
92841
55326
7792
68000
14486
24096
14886
47343
105624
81946
28819
14980
86777
62574
17541
23431
4218
74759
46304
51818
25006
54210
103816
20081
96642
75822
46922
53040
31402
42040
76608
84867
28564
10644
67903
15115
86247
5991
57475
89108
25781
63164
45784
65440
25513
24738
44171
46937
104998
32830
69442
106560
3525
72788
89940
76105
69648
62484
68831
55232
62685
18931
48287
21825
81544
6772
52771
55927
7630
68530
11972
33317
37383
84741
78681
108818
14132
40576
103170
86236
34047
7448
34705
22294
64708
7309
80092
31287
54927
1758
40028
25424
100633
32338
100234
81834
60090
106282
25939
59672
60068
105832
103256
21300
53676
69805
1790
77261
31377
81292
81890
73643
23870
67627
40567
27315
80938
62708
17260
72963
6639
53046
80154
79446
98804
26134
61069
107103
92113
48388
55878
91594
96910
83008
82668
92661
31682
34758
27674
15128
67556
55796
100930
66426
30029
5409
101135
76705
105250
17014
16395
45095
27676
26483
95578
47842
45226
56991
81749
66548
102720
72837
85807
4197
53071
69649
12969
66741
78478
88391
26956
54871
33190
53095
31720
42869
30288
36285
103905
42269
79286
6700
35801
95862
46941
35264
14680
55306
75135
65920
5005
85297
67910
101067
7200
46554
1942
8565
9034
48919
107778
63957
42908
9769
3422
10293
7482
51098
29126
31544
98242
33937
54170
57830
67323
52024
27239
1761
80631
31906
78505
78487
87854
93219
20565
35601
80289
30882
1524
84794
89403
3737
96467
64614
57563
27482
29121
40962
8086
21840
3714
25516
81926
57779
32790
40375
49860
55732
83762
79435
29509
90416
91382
73928
100340
93075
67756
22219
12988
64041
88174
20187
108720
24296
83404
68104
92952
27485
37709
45674
34452
3414
74990
76540
84923
73019
72033
44952
5009
84252
79774
76898
75826
31504
4910
35569
40195
45646
95685
30874
6714
15762
76853
19527
50519
7870
105441
42530
107466
84718
79519
12821
12362
1030
65341
89599
38201
43854
2580
31864
105993
78977
62387
12394
89338
82879
64568
41465
59818
102335
67883
39610
57497
60866
50820
60166
35476
9550
54448
71569
14347
65662
38592
46730
14263
12382
93129
32599
94864
18784
48539
55585
39912
104003
24042
42361
59565
94185
8241
84584
90224
69126
95013
95693
72320
4856
75625
11490
61386
62077
23182
74843
89385
3102
108943
29227
63439
27060
50495
71898
95452
53895
67832
86151
56100
56604
33738
40729
102914
81760
31447
17993
53530
28207
97016
8662
70155
50378
80907
89637
96593
3115
64847
83209
102472
103185
11229
84687
98996
22597
48300
105861
19313
94375
83219
78316
54463
97175
96081
83530
73056
41698
83127
66297
107293
9979
88108
98435
107459
42934
66234
900
25210
84993
63121
99899
93495
9785
24293
48821
29420
101359
93756
75173
60243
49229
13836
2845
95696
2977
24764
101155
22957
65248
85984
50599
101346
92897
106307
82019
56327
2372
69687
87087
102587
45811
93034
15352
41485
73339
44050
56859
50069
61992
66190
45182
21245
34379
89376
88425
9768
7558
30863
57923
109509
13079
92917
97751
49264
53387
86309
54351
11903
3054
35404
55686
40130
38667
8616
19927
15829
86543
36485
68393
89331
26172
44290
21098
77306
8646
86964
86924
67226
29882
107864
47726
29294
60241
88576
31144
29245
68935
83650
18216
12615
60787
57072
74251
33304
82851
19855
107259
2068
27488
80898
49142
37737
102530
74550
64314
45271
18588
98921
24434
8557
108187
55437
78264
47021
72877
84414
32029
59351
53173
15809
105573
35941
108256
98992
36632
53720
67131
5298
3694
58461
1739
92784
82760
43968
99892
25993
64373
31460
38557
34177
61291
72633
86755
96990
81273
102000
56307
83556
106011
67429
98148
6053
3483
27124
65969
54764
12861
58560
71380
75323
41454
89022
75017
101577
46737
62441
6246
57947
85738
55104
56046
64150
62612
42785
93629
35159
78366
50720
102214
101330
95510
65075
85515
31381
63941
35366
99944
93465
107114
102796
90298
88843
100842
26289
77444
94115
2938
41887
14510
46453
24007
33884
90262
13372
37118
62365
69285
88437
43597
63295
95782
35498
49027
14749
75916
72544
39252
80547
98844
97963
93960
2588
83879
82214
15601
9088
73820
91966
67628
54125
21110
15056
51669
18725
107400
29770
101376
49453
44253
91305
106166
13880
840
94963
54938
79115
4649
28695
47625
58971
80843
104843
70520
1395
88682
8408
45959
36764
73300
71459
83350
97860
15926
99732
86545
56340
22873
55842
43456
13772
3316
41590
45926
83191
30739
88606
10961
48145
65771
5722
1614
36046
37717
75978
95238
98974
36729
76559
106424
30728
1658
51510
59536
25685
21394
17417
15834
94523
25447
14173
73370
62244
36466
23693
74419
101907
100362
69475
61209
87957
9310
50592
90190
74060
551
24778
72765
33049
19277
1540
42320
45358
57255
35309
19792
25062
83360
35215
11517
63766
35866
64405
45501
85227
67569
6370
98565
54175
109575
57015
64344
80444
87211
4939
2098
81113
56240
86644
86365
64514
67642
65076
85532
25724
52141
75415
47079
47874
53254
83653
16480
7001
64213
15187
13804
62204
30623
43650
89757
29774
85355
59228
18010
18676
97163
31773
95624
40487
11350
69067
63406
75121
42460
100026
14895
18875
100143
95795
64758
3816
28362
51463
76743
44397
6456
90766
44607
86244
19519
44511
1002
43696
33152
23387
4066
1555
44593
102904
3835
99025
84941
100746
79419
25146
4712
99722
28921
40859
10519
20943
68977
101989
105239
18015
66026
65435
492
81397
63444
2066
13886
89243
95336
21847
108880
40282
75490
71588
4520
17334
59406
22462
79688
31853
25477
538
59973
40147
88584
26844
2330
64290
48745
73603
22336
16003
36224
60737
6543
86441
4401
104561
73951
53621
54928
43667
45790
18398
37459
49576
63316
16864
10480
61547
96214
50984
40157
44354
58031
40202
61155
68868
12859
42697
60652
66094
109660
28522
91551
45920
12299
107282
17754
14127
85096
104037
52818
38620
4838
79816
88727
20851
69470
10886
60975
43262
71709
78396
13113
109032
13135
77453
16441
32067
77205
65733
78110
27277
11324
23564
25767
11906
100100
49479
79553
100632
25021
25299
51555
47268
82
59065
26788
1407
10793
15972
76871
99394
106689
10794
33315
91125
77809
45174
30983
97393
84282
70806
17669
89318
59038
80452
44517
43668
2427
90898
93794
65978
39862
44825
107525
28028
53355
60421
38174
61581
7016
8609
9492
37564
60830
99461
48899
88663
102148
69579
51658
6296
78053
71650
11015
33694
67858
57679
73826
75245
20640
16359
61927
9
13844
48118
60458
85492
72093
28960
12069
51610
93768
35577
64639
41188
2953
47463
57217
57478
16094
72596
35979
70400
104601
59145
13398
95833
39258
78062
79042
1272
95553
67549
10868
105459
89585
65603
38012
99312
35542
105776
9355
37851
71717
98639
22305
28063
44813
104386
98966
52978
75397
3510
66317
37199
66253
107389
95266
64067
6969
90662
71015
2409
37612
11255
81532
68523
32617
40998
30794
55718
58140
3435
3288
104690
76528
19231
40709
1574
15827
52596
8415
29838
66504
107767
76421
31060
42316
65080
46395
80528
98087
1042
50084
40281
53577
27051
14416
50878
4749
108713
57086
36710
18419
54904
65592
101894
32769
73564
54052
80133
82319
27464
78170
95716
95740
74214
91617
52823
56751
10411
93808
101956
95380
13887
30384
61686
62469
56083
108744
105081
39042
42752
45327
54594
42146
28684
103585
91705
49987
11977
42966
94872
83105
78135
90724
78676
42458
105281
51113
11860
37067
102402
62968
65204
62875
12056
24749
34028
47386
99402
95556
6150
34185
89665
13102
5926
83947
96500
88479
10747
72571
81914
10223
11576
71444
33585
49665
77109
22805
42814
86062
15977
37836
84229
85830
41554
6402
28800
67582
88741
106782
72722
53850
27913
79041
12639
102294
9459
77682
12949
55868
14419
2187
89836
50154
58895
14549
30657
66172
83466
106010
47989
80256
101340
98499
32705
40700
35762
56728
15315
73387
78342
34002
25619
31265
55810
20455
34752
90349
98038
3203
89013
94261
78538
70263
40402
58816
11718
70002
28431
60415
109238
72873
104330
106356
43012
79342
20650
18378
80723
91626
32074
88053
24047
21252
39729
18923
19518
7654
100316
38800
100995
19677
9182
40710
98150
56841
48396
3241
63087
24784
43340
108849
70653
88780
99450
78413
83708
33595
94136
63419
59179
67020
75457
31560
93518
103873
51922
17139
15373
86734
50568
102186
48010
94066
99403
50730
70802
3372
2437
37725
71758
34849
49561
12881
37694
84638
70173
76712
102625
22454
105439
24718
66169
65150
52486
40356
89255
44403
107782
13133
41285
68016
28889
18849
23245
42469
31096
44589
102006
4604
60394
109498
107583
41598
75318
78201
37494
21682
11414
109823
30645
19147
100024
99612
85500
100638
23903
82945
15631
4518
71596
56233
36331
10192
5083
70469
40366
92445
69630
39016
54341
96009
31570
79698
40307
100819
63689
105710
41823
46390
62098
72759
21103
47745
16285
15300
23075
18505
89501
13915
29487
75045
108851
16776
103318
60847
95412
11783
15166
106980
16820
43965
89584
96854
75324
101303
32448
72427
11049
55419
757
40507
42632
56964
63144
105345
101741
34699
61899
18781
109303
107332
10859
72685
86530
94243
97267
101478
69585
46131
14371
63640
63657
82296
39217
49281
57881
66863
6090
45906
27010
27633
24190
66132
27796
95561
86873
59397
54200
23056
103313
18020
1065
72756
51471
105080
73167
30834
66185
74084
106935
15451
94493
67997
6153
26449
62424
24627
55707
4659
44411
32151
88017
94774
14330
47080
5147
77605
38743
31052
1060
76185
72994
31855
60331
86166
45063
11225
37015
29791
78474
37116
19950
91063
13539
12654
85701
87308
103593
69082
66383
841
77442
10089
66354
40867
46362
76914
88195
3475
103228
43134
51025
20110
20627
7909
35461
13430
47942
48224
5686
51162
55555
39438
60002
54544
103505
99492
98821
98500
87071
56553
28565
30241
90495
93110
41304
43309
3563
63721
32677
54420
14839
34456
26307
45030
3313
57010
106716
33262
86640
49021
46038
36437
58878
42620
60272
54976
48902
97019
10174
27593
54788
26447
50512
100670
37969
54441
66208
96444
71795
26053
66637
90537
52669
27918
99497
70351
102149
53603
103675
8136
40826
14755
57180
95006
19371
109632
1161
95201
96391
15644
87662
63851
41995
87230
105184
21826
9075
23243
78695
25501
105428
27961
29813
20600
18293
3163
13565
75079
64071
43807
24252
58408
99913
66420
75990
105149
70883
10143
92317
33560
19099
74983
101225
104017
10790
55663
36142
26925
70646
5969
102358
82127
38401
11826
41322
56767
57079
88
27148
13518
78817
38722
56559
18606
17666
35635
49810
35065
64080
836
28171
22690
15482
68401
6417
72496
102471
71681
34498
101537
65525
58562
90704
64832
58071
13499
99631
36628
66220
21172
102278
82928
95849
57582
62423
32854
41847
83950
47534
3965
77251
20277
5007
21101
2584
23326
29608
97775
101320
90406
9569
63088
79271
73202
35784
5568
37935
78530
36515
44635
93285
85442
83771
80012
13561
109871
103311
29541
91144
4904
27682
55915
10736
68489
16597
5260
73944
48336
94555
71853
1356
96049
100699
42013
47543
30148
8986
49210
19985
83361
92508
28657
95102
8376
29012
46399
109088
49755
29401
53955
7926
102700
101044
93482
15322
14671
60376
8434
35875
100710
16413
75381
2364
31520
28869
66302
38499
80209
93345
1610
12150
25919
109429
44006
105578
11666
31643
34895
90718
24330
37806
64018
8093
84595
43000
74317
29207
29927
107108
86401
57536
5053
96428
103880
47810
89750
89098
66672
33583
39618
21597
11072
69524
22206
68534
50994
42322
57241
67129
53006
37246
66045
54650
50802
82022
49999
84441
56115
109377
33075
47480
26583
79253
73519
32728
65595
7028
57033
100466
18106
103606
50433
656
31916
18213
20223
103714
74984
9019
11868
24707
81750
85791
37376
92309
80730
109731
83521
39266
73212
62115
27869
21935
104294
25168
69207
87938
15113
45187
61402
84832
53626
38624
84967
75465
2617
19086
84563
46598
68248
101256
69934
68179
101651
76434
49912
27448
38121
59427
24139
60133
14201
15242
43746
13336
102936
33200
57547
82785
54798
18994
90192
53520
77542
41366
91358
56873
88915
11888
26569
61259
83928
102321
79283
29860
53264
88067
14370
88433
78596
89346
52343
51452
3075
60409
78754
17634
51921
29295
41368
25129
62281
87321
101500
79729
19375
99673
106363
7623
3762
46626
75935
35945
21828
61078
107298
12997
50323
80617
109790
32491
66293
85206
102805
99326
28495
9162
77318
93917
38551
15028
47011
31976
72138
53391
5483
85724
35240
60748
23420
99123
106226
18016
24069
100980
81127
103856
21187
29373
69897
4969
61474
239
70563
42210
71517
28515
12708
72786
42192
10056
44516
51679
26511
17578
46750
13442
61369
43795
97212
75425
66521
86105
97480
45463
99170
23667
822
60941
10039
72816
37866
96349
80836
92766
80842
88717
9256
80005
18236
16028
108309
4103
20830
48138
107779
51167
74724
41091
8990
76690
37759
83581
60414
28719
10218
101072
18019
44144
95434
35681
107200
4864
81724
32041
36590
78910
22928
13204
18415
17859
52174
90601
29502
106514
3087
90619
39842
729
16867
69136
105017
64383
87691
88827
32635
47799
30662
67641
68690
24137
88466
12330
49702
19283
27423
44351
4976
13954
54999
59382
64136
40924
167
17306
104080
108587
64780
31317
24361
5460
22268
88162
69491
42524
82350
87390
86283
18076
108583
105408
23377
60858
80180
25880
85641
5239
7598
105807
64249
704
86732
69091
98473
68261
9111
29837
4517
36631
7269
5328
41507
37168
2239
86391
28881
101120
58413
47984
79164
99269
32060
19051
60078
82670
88806
89617
39490
104716
48403
69119
21347
10292
36095
15007
37840
20318
9985
71983
24017
27290
86589
18977
48813
79934
36440
24055
30996
31193
76610
84720
48618
12917
57269
19132
32594
45467
95024
53066
55698
98877
101772
69771
42881
25167
100630
87784
109534
1459
47489
59527
41275
25124
32740
54975
92429
106599
50739
80999
46635
107546
66025
6563
23833
55208
1832
76392
86294
40214
60349
71437
30274
19362
108262
75329
39492
33916
50337
31080
49606
30682
6769
20018
99272
58432
53719
100300
27730
26644
56015
102484
88645
102633
10746
162
56897
72101
57801
98379
40665
32597
25790
3330
38787
68078
39849
6273
83226
24591
60932
85035
5525
56342
11690
34375
12376
12999
44900
16539
100261
71512
78800
61030
92958
99841
37377
83573
73
89946
27731
108570
41770
71641
19929
72848
56395
74831
95538
97996
53105
103861
59682
12374
73453
65215
28267
50969
74979
55417
74269
65489
45247
83139
66754
27366
65172
9026
8643
62081
15825
22508
4916
89251
36452
31457
102069
70596
83505
76286
51091
66968
64600
107080
58459
14578
30958
70276
85972
4109
96468
23565
87747
1481
100870
78642
20450
72789
58813
50329
47471
13323
50099
56211
69405
81346
25629
6021
90251
50870
108553
20892
93659
73094
60125
1006
41367
14104
58184
66560
70480
32844
2801
93607
101384
67479
56733
35910
70649
108042
59205
104214
68525
94257
23217
105087
17185
13013
63582
9737
38575
76189
20511
23814
72599
91549
78834
45950
65387
35427
38149
18589
59346
24275
92745
98627
6964
13175
86070
15419
27418
48093
54259
33779
51947
95630
34304
91880
63879
52518
87386
1724
3975
5867
55170
88920
103384
44166
104278
80238
97239
57126
84166
42561
71468
54510
32650
103741
93719
35504
32444
100263
15702
33149
76804
86593
83207
40996
71226
6017
58139
86198
82759
72693
45179
83672
48736
83163
104073
67301
75559
72048
61149
45670
5713
89300
108294
81339
83426
47403
70959
12531
71518
3264
96796
5044
100720
60099
60147
2547
20776
73100
76562
62465
27714
1322
78907
11374
56833
13982
31374
101408
7751
91991
37273
57834
32265
85451
54944
79464
50391
43453
99319
28699
79861
56707
40006
76
44280
37783
94320
16479
81452
56589
80977
37485
19862
25583
76474
109680
106015
51558
29371
48134
80726
10176
53436
54474
6867
91801
60686
16246
68570
2251
2751
74854
95232
27807
27716
107588
43857
100838
11556
23582
44308
93622
68278
38028
35953
91263
33813
69351
72403
7248
19311
9880
69900
23122
41066
77718
66516
70000
17127
105985
93459
51801
31140
53085
70870
52242
90208
70345
24501
51296
35332
30484
28776
82316
60291
86991
87845
2615
55125
21379
71946
85556
31390
60892
42690
104589
45041
78357
8575
46538
101738
58312
21602
39863
18304
42983
50586
1257
85898
61288
53704
93458
57291
77752
88583
44427
32528
2846
18830
29479
68091
64003
81674
105590
2228
67761
5655
45418
88939
65852
8903
23389
41765
83212
78587
10632
88105
106758
70819
7105
90127
87524
26144
52755
38129
5238
48822
19208
12528
6960
13503
58995
27110
64719
109140
11812
51876
47326
32873
81079
95255
38249
108563
80507
87378
89614
57942
62149
26495
6285
93780
106027
16786
12626
16373
24891
36477
65630
9284
12106
94496
17534
3623
65348
48021
15889
65575
41832
60625
86536
38586
107837
63043
62661
7372
60303
96286
83381
44886
35452
100065
76000
47567
89417
75264
3566
7318
71535
107956
23861
99877
92273
83903
98887
20871
107213
101363
20881
63037
21452
37469
32729
80383
96027
106386
58112
87670
13172
77130
19889
67599
16784
64127
68191
28244
23507
104491
22212
87173
36865
104244
6730
32896
41394
101130
102152
61803
88765
26537
81957
91357
95203
69114
41617
24615
80571
61717
69399
37045
64529
9803
80124
14751
7599
52764
58944
81782
65240
60008
100925
81989
64079
58298
105319
105245
25060
27281
57284
37129
15418
93738
3396
58234
5402
70241
77204
78736
35066
88429
72712
83408
73109
8605
22435
70242
50784
38168
52524
109200
9801
89015
40735
54227
25425
32682
107736
92189
40156
52845
79162
97487
106918
23859
51134
102478
30780
75210
82055
95465
40430
103061
58615
27490
86176
76146
6385
38064
11845
26522
22347
44048
16502
12903
30125
46193
7456
37570
11619
59307
51928
93835
33789
80682
8790
28672
28812
86709
45142
93588
88273
71401
9176
101215
84990
45279
36238
28765
77821
66929
32958
18924
96897
89441
16571
94749
35946
52961
44670
84819
27247
66675
87158
78680
93035
32030
83810
95831
48791
34158
59679
41870
15000
41022
76782
14982
83886
37830
17100
86012
44776
85908
72211
15958
78577
19087
47373
50967
94226
80569
96381
50829
51496
26582
85575
67554
42204
90398
15118
63979
83409
8685
90087
83353
20787
76633
78950
59589
83434
85293
63758
19036
45480
89919
72006
93952
25899
67074
20036
4366
90829
30809
14348
60113
101460
95535
67294
81058
23761
43810
98052
49257
58984
73250
51210
15976
89804
18491
42543
27238
46666
104285
35578
47627
17240
37834
55292
460
24797
1911
56495
102268
58195
69545
15107
9938
2835
11734
42351
41327
43863
22205
81314
60581
45708
74694
90140
24609
43091
68121
107339
44480
106145
45233
34433
85114
5912
54868
87192
89393
80656
68190
32793
33432
4067
23129
23665
60792
62274
10171
30061
24900
19245
71630
1182
9205
76872
40825
2402
3505
33221
51780
20959
98286
28398
60366
55677
11813
9918
63802
107542
75983
36666
97071
87482
4665
22414
97286
21701
8904
55111
48649
74402
48000
11655
78731
52078
30854
8764
91488
65372
46926
37984
79364
88044
38491
37651
98299
68941
67565
4682
104232
41790
63762
57372
55924
95369
70771
105413
29602
52749
36495
16348
88914
102428
52001
99849
12093
18028
29276
267
36706
100796
51664
12256
30115
30687
100751
53213
105873
52671
89463
88095
29218
59223
100158
24968
86931
41648
104476
5958
73733
7898
30605
104384
31499
35474
92887
102137
95190
73779
16385
41307
68395
60279
68999
94002
40854
71328
100576
26045
34620
30399
96390
44007
10587
58620
27542
99172
8254
26970
89067
38692
108778
66036
39512
89948
46001
107049
61311
61549
72996
90953
6911
72165
32638
51263
70265
60124
77829
74846
16369
57381
102419
54174
99485
48133
57665
8992
68313
25035
5960
9755
46665
97063
68193
28056
7279
24944
23869
72775
90235
9438
10841
84205
66436
52996
14100
40832
43048
100733
6497
33491
89313
31513
15688
104065
94989
66171
80920
14276
77927
108451
107759
2968
28
50224
99278
47465
10015
10741
62896
85489
72088
60930
57124
54895
72222
45765
13290
72346
31665
61059
11362
78613
84427
83333
37504
33918
100721
94916
65151
14351
26217
29976
47412
89846
107630
108458
106522
392
44836
30964
34499
102170
21431
3173
9106
40515
105479
71693
42291
21743
53114
32263
86617
66319
60010
76332
2100
1231
88592
10285
10355
67841
61454
62890
98488
99168
48268
34089
66054
18648
14697
64415
99774
10595
47358
99935
57369
64844
35629
23990
17036
40390
97438
73326
20494
49002
46205
584
101226
97150
24270
86196
17323
79734
60478
38992
104726
75348
12445
70866
99891
11534
91682
55113
45494
27534
105555
76570
88462
85713
57463
7298
7973
106662
29262
80921
16137
83338
54813
108039
89515
84624
23262
50899
20165
9387
47309
35430
22621
50494
35668
40055
18740
47580
51403
98250
39549
88970
82545
61317
2742
42408
87411
84015
973
61321
58726
66278
18325
28397
34043
87910
80767
6266
24128
84274
105454
47572
90930
23688
75742
62819
15881
58435
93195
59755
59964
48516
18688
29397
68885
99770
94455
109283
15875
46502
8535
85884
81860
6818
39796
33582
3752
106930
61557
63997
71662
79264
78711
10850
89225
101650
98588
35675
46203
90193
69599
84136
8091
8172
108494
73287
63882
205
19450
72564
70491
34919
68840
41496
21411
24062
37809
36129
50193
74683
108192
88246
1135
49777
98925
17509
62191
61816
84977
90022
93647
20368
12320
20079
84146
62807
51552
83761
106475
65338
72505
9226
54426
49242
34218
14425
90789
2085
44564
70109
75915
24667
74915
44845
67411
90835
82550
30521
7117
59905
23024
36183
59363
31465
7478
46101
54456
66893
32233
77900
50524
9830
34815
36726
19023
77134
83680
100456
3669
90593
39118
75872
104842
22150
91793
109240
103003
33346
21062
29517
53930
89961
21115
101635
26235
92116
70837
50106
28068
2857
14978
98120
33449
16706
30057
79995
27789
43211
98942
89507
72310
23254
91928
12590
45409
21964
103294
51206
62869
47174
28605
93663
8120
15763
108858
38113
21362
106808
51762
67017
33148
42439
100923
84016
34751
51018
88560
5785
32150
98684
29743
100214
92628
78353
105754
52474
91988
94548
36300
103226
25568
54277
31875
101882
3452
33632
38120
101984
61924
95328
92195
26688
4650
27086
84293
76227
12292
80172
34647
19960
44165
54847
51643
46988
89739
100642
70872
109819
92303
23513
92204
95226
11673
90661
44716
21320
52048
97771
69133
20930
35069
101049
17474
75524
65315
58303
51220
77351
40961
76365
89283
37194
103398
79298
65189
33704
23734
98630
98284
84003
29869
19755
1833
74065
99656
40083
76494
92855
105100
96346
81928
40294
8045
37242
19094
104609
45630
67773
3946
50054
39716
47109
57399
85668
17872
43760
73767
40683
42022
92439
100652
105536
16980
9856
82248
24367
95512
30098
96354
65325
39142
89192
96611
101241
92735
56081
31248
32549
10394
78320
27530
72233
68282
104060
2388
100188
31482
95826
96934
78484
25847
90866
78006
97288
49016
83675
83638
50450
51500
39537
53737
54853
61642
32946
39376
58970
106764
56738
76463
93429
30186
13170
95036
56573
76584
5109
68848
49410
74017
103309
80054
39619
64407
84973
12115
72954
58253
95816
59257
84887
35114
87999
17005
81473
92002
90225
84759
31397
51281
49937
77877
23929
68682
96171
91068
109527
4262
36274
1834
51011
61028
1629
4694
107685
101250
72316
100849
83260
40808
49355
89898
61505
70990
54468
5514
4808
47710
48310
89833
20768
39601
9697
5447
37172
84186
90172
46822
1538
31227
12122
34272
5433
20736
94042
26097
51675
18712
19703
69764
4603
91680
21382
51249
4690
38555
95079
78772
34729
46018
12566
55237
89778
75774
43548
100380
101108
107473
32004
44529
70159
79917
59588
30715
104922
63441
42012
72560
40060
44622
81560
16082
1694
55526
83388
58295
2510
1243
22046
79357
46768
87643
47966
5091
47198
24043
92104
85499
47967
17478
11107
86273
73017
66633
2758
89462
56005
63273
51232
42406
25691
64563
19688
30583
35389
47962
63545
20770
2708
10857
72948
5315
28451
95731
101498
36728
85913
102509
4516
13940
8577
81208
82666
76586
59920
19116
39825
102284
28092
21090
83759
3691
33173
17592
98838
74583
47851
72676
48308
54666
37368
23778
83037
100345
34084
62589
58744
33358
71534
60365
41997
13822
19303
97648
56313
99724
86065
10191
85165
70460
66198
104591
101998
77326
50956
69562
38394
98637
52697
46206
46832
69721
102132
2296
74061
60419
87994
86445
71210
5553
37795
589
19733
57341
42744
66216
19125
60266
93342
6259
15404
25441
16285
4961
95545
4222
33278
13807
54178
105031
65810
94245
10017
8448
105321
61078
104881
65329
88374
102916
27432
77131
13995
81068
49310
30209
1955
31369
19146
30581
32832
74662
1862
50727
73101
98721
90261
69565
16938
88507
19100
100081
70574
14942
7830
76760
39085
52398
105194
105446
15372
74830
254
7312
40533
103498
40365
72285
100273
20195
85555
91181
20835
58635
26980
65734
105585
109068
25544
9823
76256
44109
79830
4594
58302
46297
2288
