4164
100527
115101
66096
84801
3457
102686
8703
80204
12128
47715
85680
7839
66647
105559
19359
110272
43329
2188
112382
21492
96256
65075
50194
98810
114982
40363
52133
109531
28569
84628
51286
101210
55440
53051
86992
84389
109259
79280
99410
62166
106209
63562
80513
79642
55531
70876
48754
137
109447
81104
105988
91333
17387
102236
81515
89322
117346
16470
116101
118343
14601
85891
2873
88813
37810
41615
17512
41669
89369
13947
33053
100293
4837
16549
75511
67484
71481
28777
10252
79189
92473
58359
62139
47120
21210
87766
81061
106834
87694
7982
23086
2326
50455
61891
42616
86731
99752
26424
29971
12721
8788
68003
82526
90859
60620
104796
39916
33970
5468
97945
37688
46306
16432
40462
115464
67256
3709
100765
102169
49810
75692
57072
27613
48034
11284
108
15677
2555
105018
19846
26952
61441
1215
20013
61844
32824
52655
24167
39705
5152
57741
73713
19770
87105
10705
90374
79664
103329
26786
85150
15190
42200
12740
102601
23547
2837
104483
60351
76163
50053
47586
55714
47522
72581
43455
55899
48922
50321
57370
6816
95106
60695
19059
18049
18328
27772
14560
5030
64875
24909
6759
6900
30306
46567
67124
48996
46284
18434
16273
50273
6468
77338
34449
31981
28774
106450
47477
7230
10962
83973
7941
72152
35068
8677
24567
50616
77628
37477
87703
80704
16906
28885
31683
70985
41774
95745
107839
33441
22503
23654
2864
106742
118596
73098
18344
41379
26049
42692
105815
14830
62384
90745
41048
109199
105515
100518
110208
85620
93529
66507
65472
82450
70131
657
14
12554
5590
71065
96047
26551
78876
36336
27537
36522
88193
36356
105513
11094
57606
106405
39058
25756
59459
80455
3658
85844
3536
12485
70020
19831
108289
41239
10215
96156
22257
59120
113374
90074
112297
63481
48500
65745
45731
58464
38389
18696
34796
72008
54275
88642
114006
42145
59206
47196
20220
91968
33741
2969
22906
105451
60699
85153
99153
27620
113568
81817
2005
73186
20750
55667
10574
25088
14192
57165
51486
92572
54200
16088
82036
18056
107119
77456
117480
102051
43132
41421
54350
50219
50187
110774
102447
53398
48808
81191
100839
80888
63366
107872
47163
22271
110370
13145
36821
22956
14047
102241
35457
104698
17101
107036
5981
10396
113
24064
20909
1746
101142
15674
7309
19832
111749
76548
104521
7148
65738
76902
100272
109515
60856
99249
108195
102643
84921
2701
76120
88841
71747
71074
49911
100807
12858
22807
112555
93174
14185
56501
115133
15341
65423
108124
103964
11693
13663
84610
33516
7659
57869
19522
24588
31930
106638
100828
86956
23202
51976
78544
45960
83254
28675
19655
15244
9754
22057
90485
77481
50490
34077
32386
82751
109537
106468
108453
30289
44928
35390
8312
104863
39280
20674
74521
50211
1432
110157
42155
2743
23958
113032
107588
75579
1865
5192
42511
62082
74159
24
86975
2316
95411
60772
99090
34858
25198
64397
62446
104552
18066
56446
76959
37152
104688
104316
54527
107824
47321
78165
77010
69311
100105
110336
22964
67139
17585
1410
111482
46057
67559
28526
78297
44696
46387
47417
79351
116342
45027
113566
8968
96899
97210
78745
105129
47304
88712
47208
9449
111750
29780
58991
73911
29841
41923
97872
28492
73729
20852
108043
38520
48905
102486
84845
34921
10185
90019
42563
83513
117441
7479
18363
8113
68648
32024
53087
8464
56897
113245
17696
76482
22578
2629
78082
44499
38648
89651
98545
107111
11499
29699
35317
95488
59874
53320
32632
38224
20621
92301
111664
37807
90900
81126
84867
14134
28848
107238
4542
9071
45594
22799
115301
111004
72632
48022
91303
84125
9714
68442
51063
89373
48089
37204
113561
22997
53171
7006
50044
78045
53373
68736
101554
15796
51370
89008
60799
102423
69100
59218
8302
25553
56599
14857
16578
27225
105800
28063
81905
23874
81239
97807
79084
100203
106729
39616
47407
107446
91662
5975
41546
106444
21189
103197
91633
81930
84814
30900
65068
110791
3362
95772
41294
112611
114442
39947
68267
73987
60941
83953
8349
46229
18334
47611
88839
18703
74057
72830
57857
10989
55691
10106
61079
54401
67803
75147
94814
118215
41147
5991
107705
72525
116783
97615
78276
752
42130
93816
19790
105126
51000
89147
34697
7938
15474
10243
2228
41038
51774
66809
90236
71
103692
75361
94251
94611
7906
106131
32937
117911
35945
116308
30994
37557
79860
104449
112988
85154
56749
2057
79519
92226
6682
95959
7974
59791
22535
80795
108427
24784
12708
97983
27177
11096
28651
63983
54341
41577
77463
81277
107310
98176
14703
82646
94821
98097
93713
7422
113099
107906
100421
9125
14101
28049
112951
77877
65286
74823
71053
66663
98526
82594
84383
11534
79971
21319
62255
26701
40403
67433
68729
58908
90926
66181
20017
114209
102659
59814
106927
94930
118401
3952
72735
33392
51154
13716
18699
83593
67182
115651
54007
109834
78628
60501
100347
31401
89301
53309
26488
41028
74153
4233
22830
107390
69619
89066
53305
63587
11689
111511
104553
3996
112405
20058
95632
82138
52969
67868
91611
45003
104105
31916
17017
1559
99448
47018
68440
12257
11555
107816
86108
71900
24191
59607
94209
95343
80104
6407
26474
58000
8123
78541
20728
108000
108467
54768
118107
61793
28768
113397
112148
1384
93598
6535
92660
55503
10250
61790
73611
34905
86372
62274
34896
6295
10921
34046
13558
54238
86298
20678
38195
115608
36204
114147
27585
55914
50243
24548
118181
31025
100808
35892
66390
34476
77400
59646
42688
38914
69634
78871
26671
68466
12111
54247
41173
47857
55754
100716
101979
36675
92717
99387
103913
79681
68160
84956
77082
110839
98667
104919
63928
95845
68765
99748
13834
11319
79318
40402
13220
19548
75609
13177
44199
15396
68207
32902
71017
79978
110385
56622
50512
35538
73338
36449
6595
40248
43966
53524
37594
94621
2026
25123
103596
48329
23720
62441
16375
11265
82054
62450
21763
99693
33074
65436
91421
71310
75896
96827
65290
79329
11421
35884
36403
6914
69911
57970
107750
104049
116055
98356
64129
98387
66600
60455
101168
34842
36117
51547
8894
14592
103608
29802
15217
57285
1314
67328
3041
103627
5114
44909
6310
40374
103322
10860
68589
87781
2020
111632
23280
63533
69238
117675
74290
90222
7663
41419
17791
111736
60595
109538
101529
104839
67691
94682
93975
2537
47748
66383
91991
12316
8401
82160
23563
15029
51344
57159
49727
98462
17180
11245
118052
10137
64171
108805
87526
88410
97673
29864
117815
34452
86942
114208
32838
22373
65846
77030
115190
51325
31035
116596
74623
48025
91482
49867
24832
25127
71857
11360
33415
36200
58732
42891
57782
107472
89636
92175
18953
71614
92321
5998
6102
99581
50839
48946
25318
45572
28625
69547
43983
73598
8641
111040
90768
23413
88692
69225
29358
64371
91469
26917
96698
15534
85663
42770
82911
102651
38523
21398
114576
36062
8691
44224
9120
97721
68435
50729
76866
34614
90849
1875
112377
50102
4635
197
106804
42780
29296
79237
108362
6174
51182
65254
66349
41353
64897
43142
58691
113068
60333
2109
52524
108045
70511
83744
99790
4546
56358
77330
65402
47514
67665
9596
47372
74773
81063
62371
79183
110978
72557
33013
74885
49039
31094
22029
27491
12933
73162
83095
74138
68294
50280
20225
36300
98018
30617
28158
66714
14098
96483
30916
17702
82241
27873
108084
83566
100797
28557
1848
74693
3335
32370
43555
29582
36879
6529
107506
67694
46183
36358
77790
54719
91570
98202
35080
29629
39873
106328
40957
39778
106968
79548
84590
114270
22168
93456
117156
80932
92918
116339
60499
42285
57321
48202
107279
56691
117843
97806
100467
112923
15185
21511
4126
2253
77475
1998
42435
22822
55155
80743
48404
6436
6048
13762
82023
108237
22556
70203
34093
86289
7311
2002
109520
77098
790
43145
84268
64737
89940
3573
53280
113489
86003
42408
51606
78002
51256
51493
23543
24808
115577
56551
59433
83937
85504
35522
6160
13362
31443
90749
88770
46799
19051
73501
111614
15861
37601
35352
75458
51273
107726
28326
98291
37289
52858
40347
15154
85275
59548
12550
34181
118289
42092
101534
23357
29950
36735
49197
20304
115563
85987
14096
3018
27355
21669
59077
7112
40202
40807
5628
109881
40721
29912
34317
15784
74101
89228
47532
28461
13844
832
34267
62221
38342
86754
62114
97243
116124
113636
43462
46450
22010
9698
95167
81038
16688
117377
67741
24949
77560
111620
82253
2208
99077
69204
46967
18933
75860
15551
10118
68381
77468
103513
29798
99093
43270
117802
42002
15436
72579
46463
83607
97865
8293
2133
70718
90838
22653
79316
80542
88131
84950
57335
3770
20216
72387
53157
60750
112516
3945
86240
46687
40582
8205
109894
5360
19391
4787
93532
116299
50082
111822
102521
46117
66828
109726
46053
27001
61176
69459
50410
94831
28776
61127
113400
8098
44638
12867
93514
89773
21215
115982
51202
49095
39773
52804
112757
58805
15962
4015
40445
65823
33291
64700
54735
118652
39364
2282
115700
17867
99585
7748
115475
36388
26922
25233
49070
42509
93757
58752
112239
10523
16598
82890
82188
22304
76535
30256
71008
47008
86855
96001
91493
15145
66209
54690
91046
10830
106755
43497
83883
96583
15089
60912
56717
61527
41639
92179
73176
96614
33994
117161
72353
61897
85910
46133
19584
88144
35889
17237
56542
51939
115940
74092
91585
25372
115180
102034
26731
91323
11216
38706
35109
50897
99878
64861
42249
796
36984
83616
37033
43891
8982
101958
93931
86070
25638
5113
61503
12372
84496
20773
48537
53019
35759
52572
116314
55974
72531
61256
78424
65965
8377
66479
37531
82426
15276
5977
51932
61632
58161
81699
28865
103120
110546
10742
21608
38153
11171
112236
62621
45673
35719
30061
42132
109118
43207
17657
70325
66500
24805
98371
97174
40194
16514
110269
48894
47324
47778
7159
100023
52637
80796
115677
64893
65728
42674
39554
76977
116932
85750
48648
52944
33674
86182
25770
63483
80827
100287
106283
96856
114872
106128
45048
19192
90669
56442
82389
26979
94064
53819
50425
67240
11226
34471
2299
4655
62309
75444
12599
74426
23601
70840
1661
24969
40245
16395
17374
76881
107118
27359
72012
84227
50862
81060
75393
79854
35424
45891
4225
24215
63382
89076
19580
84525
17440
104883
104933
24172
101480
15316
84640
47027
87391
67425
54623
116497
81142
43879
49300
59665
2427
90796
79892
36551
61416
26498
33086
108964
61674
77627
48491
65229
111534
55238
21432
101006
97317
64958
115767
58724
20574
13128
75594
57272
111950
49989
34513
64433
71175
94211
39507
87952
82530
80784
55619
71240
36872
114003
71975
20278
113299
91720
13034
28564
9854
70250
88653
25850
77471
49045
15757
36564
69692
56144
85518
89856
107000
12218
58341
17510
73435
56282
72470
112932
3454
18590
42496
4033
27206
55997
53332
17801
12155
76775
84400
90543
89294
11855
53661
63118
54549
36019
6629
90683
16767
18478
46276
44580
107127
107899
1035
48007
65041
51396
66972
65945
53606
77011
20279
90047
104619
117092
42384
11914
82975
11587
86168
45125
84177
66894
77239
98734
24621
29605
107426
64024
9683
1668
68994
57381
2994
34907
36089
101598
98170
75268
54027
24459
17236
97348
110895
84473
794
35826
56174
91213
102490
118187
26584
29452
58466
89914
19792
40113
10687
103103
73159
1128
30980
40701
114570
59342
53620
16394
53481
37735
88168
84879
24629
90548
4983
27302
29705
84851
18832
21154
36220
4055
91925
77666
21518
75841
798
553
84032
97092
104198
25097
108021
55795
52419
117517
113888
49839
92740
32524
6649
86651
84819
15662
17288
67874
40471
96903
46084
84025
109221
62433
99893
115847
11837
108312
12735
50201
56933
64575
45500
102060
49108
32356
21182
65333
18085
66589
48379
87808
8502
91519
26652
1342
42415
971
105970
54057
50206
64974
33329
24321
1415
106536
39132
66847
28188
40093
54097
24980
94104
116892
109837
80828
6481
103125
29807
18354
101068
34263
99839
8711
32710
56771
111442
65063
28536
59739
63588
42818
96838
22173
50352
51469
52365
29664
28547
118206
96620
12482
77211
39164
38646
28214
24917
59444
111969
42073
6673
65913
36806
82033
93526
30528
94790
5606
16031
77808
104641
108674
96007
910
47680
23491
92971
80103
44945
90404
44502
28965
59822
4618
18604
31997
73418
61598
55250
21347
83677
70186
15948
115601
88171
27905
114168
103166
43094
25955
99365
58313
5532
30458
29305
39995
27453
56275
65339
30195
117541
56772
71503
80867
6706
82582
62577
7557
86096
106859
52900
37809
106845
71001
13431
36627
40966
50184
58011
108148
50761
67133
106612
18179
102340
96665
17306
22175
93773
113975
15461
33034
43166
57916
110826
21712
112068
116653
29773
104952
113609
37051
61566
70377
109316
35401
25760
75312
29370
47520
81614
30774
1635
44969
93084
95037
82869
23348
64818
89740
11816
91006
48809
6631
59212
92432
66994
92730
59335
64681
30058
32332
48299
73951
11310
82884
67373
33640
11196
111202
87248
105252
35110
21652
8088
53024
1776
96198
5748
20026
36917
8442
67452
11621
55312
44135
46929
95058
18206
90085
46056
18955
60020
6248
30299
106674
31234
28375
33026
114466
34494
20335
40535
41327
44311
17658
41914
90817
28881
87929
91695
100532
99788
154
106356
78834
100528
35118
79336
113934
47406
82137
66803
16018
29904
25374
37250
69940
29470
66216
101519
32416
74904
65447
99290
54313
48854
102363
102865
73519
56053
23942
47271
8925
68167
53838
15156
114316
26777
11608
64831
7674
49371
3750
38944
68910
48538
93547
10584
115628
51647
54773
66119
109317
79979
114072
101743
80076
118547
60770
112683
74257
34661
108141
103048
110762
23250
47145
5843
89257
40124
73495
21575
66444
52025
63623
7741
95584
97818
92829
42445
33228
94928
77727
108447
113297
63870
46125
104762
51572
55807
117644
83191
38549
42521
26890
17958
81199
96310
14171
48836
77550
48026
56706
86421
79314
33264
50373
16944
67191
60076
5809
30532
26682
25011
36989
43133
102336
87541
85906
110368
105392
28846
8416
83860
45271
63457
87420
20302
28410
52453
28190
31021
23827
55707
82403
20686
109503
29178
90605
50077
75632
89179
83625
111418
89912
60105
9856
87759
24394
44110
99350
41999
107508
76697
106138
80002
83324
39766
19747
55749
6256
6376
18149
95704
13930
105399
105877
117061
1230
74463
4746
87365
40419
40674
71664
103171
54150
49556
15248
81527
14718
22961
110996
50319
14672
87474
23072
21115
2673
109652
28912
3501
46072
19822
17339
33502
19139
35729
57752
81384
21175
45757
31212
13673
84369
19475
116406
112895
15159
14317
8553
16999
58865
28365
19656
27417
99722
95223
32354
17242
85942
70744
30359
33758
100007
15854
41325
68304
48521
1047
105308
16236
72527
13848
24169
26202
14597
117219
32198
92606
36342
28618
18005
93330
76180
38301
29287
75292
856
36801
110133
23540
107909
94318
84742
30115
43511
31316
88913
40859
48831
89462
74266
52272
31715
90393
46826
15164
67288
76750
63002
73154
38766
50123
18908
88678
57990
57208
103271
101709
81116
104662
68965
53939
107557
101138
37126
92305
19305
97833
89586
35458
98071
55390
23648
44821
10124
87457
74573
70027
66486
55809
43304
81719
5923
13815
113959
68326
91053
82407
22372
70808
116520
1329
108194
2584
1362
23432
13547
99634
51889
28226
97922
10648
46441
42910
94371
17794
89221
68713
81647
54667
61467
17132
24771
31043
5728
91090
69762
15728
46993
115788
44461
31320
50331
92556
5033
55953
36578
12314
25202
107727
48338
54137
50224
45729
111491
41024
114335
58235
117222
101437
19735
92484
118207
99388
81569
23578
85797
50368
81597
15709
86383
58097
83696
107622
22915
10685
117750
55802
111135
92819
88683
13114
94739
13872
70000
114952
102843
32279
114923
46652
5725
86361
7327
14122
110606
52482
86112
114530
16341
27608
50382
64243
85952
14778
41836
58644
94216
87697
63281
50678
71370
15183
95209
63840
11134
52393
92665
85682
492
80338
115599
93700
39718
66207
77100
61923
116918
64497
106485
34571
83582
51807
79915
59695
25240
113343
10138
17258
20434
32226
76007
40215
8589
18715
93518
106543
69892
62318
16037
3934
100289
59126
40135
67664
34634
64802
36395
10350
25019
59455
52089
54925
95822
57127
6898
68548
37274
44468
49971
7178
88543
9118
13502
15339
82557
6944
8855
25010
27766
113477
117243
105625
91127
67283
20800
3840
28579
4224
47055
85257
24916
16653
66632
84096
80151
81025
84564
130
36825
59012
84466
40610
105581
80083
22883
40889
66088
22910
72481
8506
104373
60725
40401
55224
102139
94830
73734
34833
46262
78294
118232
52472
92891
29177
39446
57379
89561
47498
82541
41880
59313
34613
3369
95726
46018
82493
85406
104172
20134
6850
59008
5807
27299
16073
52125
8456
9270
1728
15469
118053
113983
36520
10344
72931
36833
45126
13813
89700
73948
15344
3947
2950
31004
87450
33309
8690
20844
76391
24327
62395
72945
22105
114001
7631
47639
42948
91768
103772
104751
74157
89934
50735
29703
58158
13679
105660
59866
59921
94965
92535
29419
59026
22046
74203
49389
62469
10440
106950
27238
112816
112708
90684
68831
51844
95425
74029
110748
14197
70958
1089
36294
26086
85570
86568
77551
63298
39517
69080
1866
114076
89439
18992
56139
7286
14748
22149
101336
60425
91859
31782
61029
60266
84431
22172
36839
38285
30325
96403
60142
58912
43506
61481
110493
110348
70394
88358
60502
51184
87644
4924
117416
66690
90589
37758
21126
84812
69035
94142
11261
72629
68751
93274
111274
78231
102477
8595
54745
89209
2466
33033
37543
77192
115238
27325
9294
33261
114419
4519
58762
77952
658
15260
105325
49326
69067
86637
34002
71095
108398
66880
33669
98335
102145
10637
42151
65399
98801
51730
48783
57426
94497
77238
70269
41664
68745
54230
48887
118467
91675
103453
102546
14956
67402
13295
70432
65637
63616
61780
16045
117235
70668
85247
107725
72314
61720
98306
61830
104065
21988
38992
109686
98505
56640
94806
13373
86868
82509
102190
41063
80742
14330
111273
112414
86735
26761
113790
110756
95284
58342
17890
2682
16630
83571
59741
19141
20862
70979
43442
105546
25974
96404
65805
5392
41949
47699
104488
18734
13718
8863
16384
40827
28819
72587
17458
8520
66247
32539
33838
89272
112850
81039
15228
19077
59518
7973
84639
47336
110352
47335
107870
81172
80123
6373
19273
100622
102093
75464
88503
72087
111447
34114
50275
11141
53992
54826
45632
26351
4368
51178
40823
104749
94897
39935
108166
33380
813
51652
67594
57480
114136
35024
46211
5523
88257
105836
99483
61045
9516
99725
21522
8771
39282
109285
32136
44057
48495
52656
46234
58080
81518
76010
104784
47328
22211
52870
54244
24940
1251
38202
17298
112288
29301
82097
103720
91850
44793
65458
57818
8337
748
79197
24503
8201
64963
47038
43745
39190
69290
106546
78890
115128
74265
115995
82410
48712
30668
59457
99498
77714
76342
72770
22549
97954
70952
26548
63618
77949
96122
76807
54010
49041
74820
94184
43791
90962
99895
58793
96074
10609
38170
115053
43554
8431
45341
83089
87272
107802
9277
17089
111567
64769
97427
101872
39501
98116
53418
45016
32330
66705
8067
6784
82627
88764
35992
14154
2854
42706
60746
72184
85136
31333
20005
10724
13010
72126
8669
22957
10949
91646
46154
71967
12243
115906
13363
23603
58032
22335
45552
99819
20420
49482
67693
92652
8221
107175
6383
104007
16264
33715
93102
13108
92596
39392
31083
11170
95876
79059
58418
105527
72434
106896
62379
68439
408
62705
5172
90031
102345
6824
67695
61423
83102
33476
28442
71015
37587
99551
56738
27928
83837
91234
91000
51972
70431
114799
94368
26082
47329
111336
42758
40920
1673
117389
104663
79734
100466
4476
44978
61063
81631
118015
111264
17769
20513
14119
74332
16782
108564
52664
21735
103916
6888
44619
104491
32125
20460
10090
81937
64114
88788
65816
52042
91669
114290
52359
49175
17104
85371
73047
113242
82907
30731
12464
83317
43942
11290
84788
27734
69220
83820
20562
92972
29473
23694
41737
78325
32827
70306
29547
70878
40906
9456
102439
49853
106570
28745
80547
103655
28932
36915
67946
28283
74072
46196
52150
61059
8130
72345
19763
96659
4545
82642
84159
32106
112614
42764
66373
24913
80588
67271
70428
59306
105404
15724
85189
63935
50087
3966
113801
8493
31460
82894
36977
99787
71373
99546
61245
65008
49813
115316
100205
51266
86556
44906
102505
102821
107099
89887
1795
68333
98890
9773
92239
17870
112345
100697
47466
28788
71312
16918
84137
50078
27475
39338
95355
82191
85137
99272
1149
49217
98555
15711
5236
55052
18921
19928
113137
100305
11470
104696
112989
65827
103216
93022
28652
110096
83022
31818
3383
25129
57278
85124
82300
10209
21849
69790
28747
25096
97372
30267
12963
114462
2090
36818
95015
11686
10689
33346
8909
106683
90911
83946
64029
107355
105901
25905
14759
113993
53249
59105
31693
88039
72829
111026
66687
32804
107237
36597
47976
112347
789
8501
65166
37160
2684
16289
79562
9993
23021
80130
56893
47047
68419
92880
31938
46378
9602
85874
35443
112195
76488
25777
92729
61711
85928
13553
99424
47604
51090
44973
91734
44204
112065
45539
82437
83182
58612
27948
47028
105475
94059
1920
51894
97502
22659
1496
75421
108598
51798
35211
59864
61618
111358
19327
90691
110343
42934
10213
20870
100326
105468
84201
108030
68432
99742
107553
75921
105931
46855
36296
61807
3646
63966
67602
27309
14682
69900
5879
84695
67366
108865
60050
62225
23794
71594
50493
99751
84392
100003
62364
93657
84670
104493
74312
3234
20032
53268
53615
109314
73489
102855
16299
116205
44991
35310
104395
49976
21806
65916
42715
69653
48678
75017
15032
71434
77004
82448
60100
109899
110815
65711
32039
30960
110440
86709
24962
16208
6210
104236
62230
54762
49370
68793
102158
15915
9793
84276
74585
82643
93470
63469
84470
5071
63967
9106
24496
48281
84404
67879
51468
43347
95302
81687
7347
29191
32896
116087
104191
56337
1444
27703
87246
103523
76755
83385
81153
28537
43969
36500
114401
94879
987
29280
25844
69304
59099
60781
33998
2787
84651
48881
11749
34802
19104
36811
11204
95741
1446
89021
83895
73666
70699
102210
44765
59663
22458
55461
24889
111801
4277
44520
58609
9024
35774
7144
86344
79969
60005
84790
78566
117777
17925
51261
3854
75741
115125
58804
41318
396
84800
101841
105550
51505
73888
72412
103936
30310
32947
81813
26741
35120
63384
107386
31964
71149
7072
48405
52189
43082
79835
34887
23209
45788
66938
98248
20036
64920
6203
8085
10182
73464
38588
96863
43156
67975
102735
50891
56134
108925
14878
54717
56887
31558
9276
106712
87890
79223
68886
57013
74562
20779
57632
87642
74872
75099
95263
43112
70503
52001
43842
10838
42085
106857
67330
87201
10492
10579
50300
84003
107763
8298
8319
63759
2880
3363
88890
97735
91123
25130
108806
61599
94915
11098
20635
46127
1551
3012
51958
50591
73702
97366
15860
105631
74850
65318
44739
20879
12795
80446
82766
112318
49737
19865
71137
72326
98513
86930
31047
28821
33841
36084
92916
44534
33199
14461
94767
56511
14468
34325
18458
79027
81263
89705
1378
99995
16042
70844
30048
80620
4339
61328
34265
11933
104695
78488
56902
15112
54610
88056
77937
14772
43339
47687
25616
72010
94030
42170
54361
62935
76182
26028
88443
55762
99763
102091
56961
63059
80060
39231
31886
30213
87765
67127
36651
79933
112648
93591
115562
47354
116712
65417
57576
3089
57839
29398
105313
9245
6007
50786
53392
88990
4369
50295
10156
74403
85610
76117
40870
13936
85536
19084
68368
50787
21546
46102
84805
100255
114381
79028
26549
96972
107901
41862
39021
63630
60154
63982
23415
113340
91576
74411
79598
40895
83641
98757
72567
97469
28544
100984
44546
98519
30638
80858
57901
35072
51592
92428
65227
57525
61577
22030
1372
99510
19296
44632
1685
109454
51397
71165
74524
69517
96201
25704
48916
31954
11605
62307
90827
22220
57882
6547
115278
23004
64403
35299
25394
75765
105641
107202
35290
69646
110682
44593
72954
31
103391
48581
21244
89296
71449
106615
55364
60184
76503
116110
96078
62903
8957
81490
104473
19539
74550
40334
114049
78331
13739
5592
117364
42495
6096
91062
5536
2929
106765
60638
113520
24922
76736
73903
82247
73929
525
46731
49274
63895
115352
16109
99622
18396
112571
30159
93188
73360
76230
118328
19392
94460
60878
69356
85953
42096
43521
74774
26536
66988
39075
5563
72526
22507
97572
112907
37478
29437
97888
115971
101504
70380
72912
107516
57143
30051
90220
118883
24136
32413
116111
65980
54774
30334
47590
66729
82662
60985
68025
50014
27726
49681
11637
106531
64591
24927
92886
114228
57710
56782
114739
14205
111186
69927
72583
10031
74596
88267
94840
92963
117842
99317
38052
41905
24911
35157
111328
115595
36575
13203
51125
100161
6233
50966
22981
23701
101653
65615
89755
105579
67622
36530
111309
90265
69802
59347
83412
43636
36113
71608
89409
85428
21732
67483
2445
116958
97281
66566
24348
83805
59101
106409
34354
89509
2023
11046
116576
79179
38011
72750
108888
2714
116380
13579
45826
78957
89546
10116
94504
106492
53495
55526
15009
65221
95170
10509
15866
91488
99910
47007
19472
2727
26212
38736
45116
25956
78759
21901
28200
117501
59327
13597
58893
48567
52695
87964
114066
88134
2991
36245
55197
117596
77685
14130
42304
91478
50426
54017
53820
3492
55336
40255
15040
12630
4534
36688
10901
61940
48470
53036
46681
55868
71795
32845
16189
714
83526
19246
38341
68391
48617
104426
91497
105106
17599
72131
13855
70204
11085
93490
51086
78227
56402
59300
56467
77505
55055
6444
106588
95498
18171
47203
77293
80844
77200
74788
109333
96646
4231
106212
37883
9243
107311
36116
73255
105493
18044
51895
116866
13409
94672
33676
39136
20749
102842
9663
48603
57154
17079
34121
16680
60683
115876
88163
82660
38692
27501
107919
86323
84774
113466
12303
41733
1254
81193
28350
108471
62355
118826
88216
82944
64864
30945
89754
113059
31158
68379
45036
49942
90205
4589
31990
6314
79373
66350
40432
35232
89303
101318
16870
112851
24937
36175
92483
73293
106575
93854
54945
48256
54748
30111
105519
16275
72986
7626
93618
60528
79254
30586
91887
10846
49786
74393
48043
74579
84489
12379
74763
21793
35065
86777
9835
103790
111859
89748
85410
34266
87002
18374
60462
45771
37299
68200
4585
91466
97614
83726
66337
114672
3878
99111
17738
116000
20555
55311
77845
16225
60380
75984
103424
84195
11735
72915
103739
114075
90137
78064
10399
55957
96762
5002
105516
103261
117259
14983
56594
26882
89352
38684
44999
83098
52636
30517
37179
33448
56303
101555
65392
2919
36013
61562
112715
109843
37095
31162
1198
7017
47683
60067
65707
32236
116668
38194
107511
4304
69177
43155
53715
10084
20349
24187
78554
7550
93723
37603
103409
107265
19465
82400
60028
34950
92014
77070
41486
43807
29660
100598
85163
114227
111032
92949
10760
61469
63030
33989
114740
101328
113879
75141
28653
62749
102337
66447
54889
17537
22032
82817
118006
12030
13413
78662
57262
23064
53378
79419
88988
4088
77574
96730
95537
65991
111937
16589
4790
111610
109315
30697
26143
19464
112735
87489
95244
102388
96202
114300
114790
77976
111240
62129
67165
7935
2559
91054
99353
97551
15309
48214
55907
31067
681
73463
54122
45045
54859
115490
70774
95963
17041
53147
62937
34522
96381
92221
44895
89203
21645
56291
15821
77017
28429
40501
47177
12457
15253
41470
71464
61734
63371
64331
34686
20462
118125
10148
88354
6375
113249
7073
2141
116385
50689
66826
8916
89261
98690
44670
32350
19867
85487
111111
92815
107358
80980
62072
42349
28876
115147
20147
82361
38450
72556
20524
25224
60048
61868
53105
23968
64562
38685
75365
84998
6811
96263
104772
69910
74207
11211
18485
962
90781
14849
12837
89332
94166
33437
47842
116584
45774
6366
47465
73722
55504
18263
88621
109156
52119
54657
70561
115004
20255
74933
6696
10311
116778
59948
74247
41719
29426
46871
13121
72405
79830
100618
103264
60730
51243
35841
299
72674
11533
91596
61664
104097
69142
69482
881
82261
113910
46679
35490
59862
77546
2884
33573
12444
77891
20554
94381
31279
30037
70756
78256
69424
5941
243
28748
115221
54456
69136
84744
56966
93831
29512
49055
6746
20123
82666
25328
39606
30477
41237
2885
32423
20235
53742
31847
112621
24574
5130
90623
25657
24847
49419
92737
88658
112317
8990
83871
5079
80765
75114
87081
79405
59740
53449
7271
55797
36911
76264
21847
37451
5959
20748
81952
65431
22988
17796
114762
81903
113253
111942
42831
67865
64193
91788
112589
61306
78146
35596
79111
75561
61937
15840
74182
36216
38660
110130
26706
85348
46553
31796
26833
24381
51677
69936
78055
72234
48205
36120
76806
109641
67837
65588
98659
47571
1069
24786
23153
56495
70001
14502
67471
106398
32543
56767
81045
5499
106063
42110
103620
116466
97724
12338
57336
30063
69990
45961
14063
31880
86347
16015
18575
56801
21206
105324
13161
23669
63936
41075
29766
28095
117333
66037
16247
34822
3275
60006
49185
88515
60302
18274
18571
12565
34932
93071
44511
100125
57200
66701
104211
34629
9809
89883
64145
88774
44022
11023
5323
42207
98624
5122
20119
34278
57851
108266
73261
51901
44390
98561
6681
88084
44127
13650
95555
79863
26616
73455
2075
12184
78307
25557
27602
96545
117301
24618
55254
83786
59355
11281
1571
18023
40530
10573
27448
42540
76758
34862
51464
33607
100504
35226
4383
45346
51937
109370
93384
27467
4793
10109
79611
47993
1870
34416
5792
8180
5853
12060
6556
116421
86278
68678
58665
52959
57706
76826
106291
94427
41829
27844
114012
33221
116028
18606
62127
21186
50971
29042
10085
106231
107229
24830
43527
32233
83393
39633
59907
47446
82573
19063
31503
86736
79493
91545
11444
6571
598
104274
63376
8908
1678
29650
31528
79327
78106
105899
113874
36997
60588
76945
111767
33720
115079
53092
11403
18890
66293
77916
52496
29082
78142
82152
67297
85824
39264
38280
45869
91425
41628
37681
92470
78228
86292
79791
63423
109721
12358
110681
104537
66393
1143
53945
51061
91339
10348
8380
84333
60919
87355
9202
521
112196
115173
47880
62533
46726
89752
83421
77690
49287
96338
103335
7419
94971
57854
26835
90698
36663
33577
93695
100986
23123
104414
2197
92121
84217
54246
56445
61538
110321
69075
44971
2146
34769
9747
117964
48286
23308
13756
15994
37022
115347
73915
105033
115389
1330
10807
17901
79780
52893
60093
47253
101708
48585
35584
62932
5533
55961
17077
19081
116528
103653
71660
50264
56695
30519
44164
102175
56135
78893
74190
16168
49827
86360
116955
9616
72056
24103
8655
89074
83533
76057
76435
7050
24788
37214
44952
9249
38985
8599
66721
80146
105162
6000
36223
107285
98510
92944
69914
42355
53663
57507
30419
11190
62354
54585
48406
63246
63776
80874
6175
62374
40988
75519
17724
6092
81750
38921
3824
91196
417
2478
71911
9309
57569
116360
68429
41576
98211
20324
76721
52901
68746
66288
26393
50018
109028
112987
53360
22678
25033
78173
30776
30335
86122
93437
60579
10775
48229
116127
52710
118046
52452
46851
112094
75438
19278
77531
111343
48667
26096
60185
86815
98458
23122
78217
7625
66028
101968
46290
71141
116196
43320
56598
42082
117378
26208
51761
116979
56676
111072
68072
25894
62021
44649
19291
43306
95851
81224
4501
17450
105794
82042
3718
70226
102053
37436
41197
79182
14180
33524
59137
109855
43452
11157
35990
25982
22842
4418
11847
10578
48141
3518
21447
50574
16178
77065
71837
8167
24198
50548
41096
64701
88109
107924
1474
56550
33967
2554
101686
30640
9097
13938
100455
118439
115056
106455
1460
84249
62820
17064
2348
51471
37433
40198
73259
10999
118090
13875
8131
117914
39726
24829
65625
106125
24609
51880
65588
78775
96796
73958
26933
112444
69918
10635
41126
32546
30289
41975
83197
8984
71728
87230
23509
87854
33200
45487
115178
37236
90113
25725
70642
80980
49811
82320
104631
18718
74793
56920
40308
72995
55024
57119
19709
58935
69983
22322
76485
101480
109268
67349
13847
77486
31526
79818
