47168
104092
37168
82880
51235
83509
108420
18237
23318
56341
23786
104971
66416
38353
48344
71518
46237
9414
52597
59517
83388
33028
100069
14339
1985
84379
109506
116186
70909
46748
57659
61003
37781
38953
13671
94505
89076
94922
52905
55853
27641
5985
14794
39806
73768
90405
79244
101880
60762
58343
83886
29524
67618
6851
21814
91103
81856
53287
33673
54378
13733
82813
49417
60990
5354
89633
107560
20492
38046
53279
31254
40311
95864
15735
92896
8908
52338
9151
95207
7741
63277
71639
50394
62153
82347
41206
69047
72098
97035
29888
81975
100776
66432
6763
64266
33323
38866
83849
114328
67865
95798
34536
52672
64704
68013
3795
30055
70864
63903
1329
105705
80082
1382
93465
66958
91553
65099
45208
40499
97765
16690
39652
87591
47745
17982
66150
16752
89860
29048
106232
85374
91539
25157
107366
56198
64152
41779
20923
61265
88368
14963
111853
63124
112340
44598
91776
16275
71949
58200
86956
95057
52078
21551
35603
64836
101420
88777
112256
103608
92350
111779
32429
69113
30766
52167
86162
102101
78312
23870
116385
43184
11193
40414
69610
96142
58077
20427
495
116995
13599
77699
117182
40176
109141
1247
80597
7509
55071
103949
83326
115114
21981
64825
108024
107145
79156
73027
28975
24888
69051
43821
106919
63646
63410
109758
17127
13933
32275
78085
38416
54970
81916
26423
115130
12459
87326
35497
95896
110827
90336
36403
82302
32517
34518
101820
28000
32250
55695
560
50237
31267
57531
3055
39751
46130
95811
105493
94602
115290
18569
103072
73705
98425
40389
5467
41564
108660
54848
49321
26433
45657
29589
71597
7116
28160
109083
58840
52361
40273
94987
68106
67967
104903
38764
16149
47407
73724
9622
25188
74178
11839
10740
61074
24870
87570
21054
72898
90913
70574
72731
113978
66628
22628
13508
110481
95545
70706
58666
48246
9072
86009
114049
42516
20274
65984
64070
90757
82163
104911
111140
101550
9482
109092
47010
65704
109028
89349
79285
42527
81945
14184
109636
97705
34093
64129
88510
75701
84604
113657
59770
90697
59427
10738
80613
37680
94610
12045
31521
90187
34214
108000
41202
199
73565
52506
10852
72478
89934
106996
116831
93199
19505
10699
86918
109018
98116
27886
98078
75248
47709
71877
83133
39488
38506
109727
10203
11483
101536
14773
54234
89980
110957
12126
60023
36451
76152
117341
31248
97525
10964
60916
1121
81393
29629
95958
27665
107316
112231
53057
57838
82142
112188
50079
66363
81369
65227
6680
80548
44052
88123
17756
2379
96114
13112
100722
2409
21364
113915
34734
25337
116292
93881
77955
66843
45743
91125
112853
58834
37921
87076
37173
38888
44024
23359
56694
64208
61784
14708
88263
77558
9296
7828
100354
95053
56740
67401
84473
64513
19705
57738
37317
116287
44432
82619
10384
21836
70600
115434
63499
96127
101488
74510
101061
16009
14243
29063
52164
110707
93419
4204
34971
108675
54724
17918
71269
92866
79904
20286
47632
102904
42664
76139
36631
95420
52988
101131
4352
42059
30009
63885
55706
76429
96917
43211
83739
104066
103238
39480
55597
62794
74341
57552
43262
29477
72362
117081
90560
52031
94257
49981
46778
58558
7330
9128
95355
39727
30407
30509
19352
79520
3188
103094
36677
106415
8476
75298
3322
111062
72134
113498
39234
18930
40762
64857
41546
6549
115012
5160
90103
23778
106825
33302
99773
51390
20549
93893
90741
79542
37582
18719
20624
38078
100023
111946
79510
110339
23735
54232
29165
82503
114352
104564
16822
65936
100467
48973
675
6008
90687
86706
83337
41791
107047
62578
28227
50794
44086
35421
30494
57947
103506
96752
47287
85692
97142
23916
63298
166
99917
48530
14959
92782
64847
28070
117797
79625
15181
92819
7244
21048
40545
49482
24136
28627
36513
21714
67745
72995
61858
62715
71969
43187
25209
45736
114599
88115
101151
68444
13260
114889
19683
77491
20730
11952
114862
28759
114262
20744
102674
47900
31818
43550
36828
66830
97619
50466
47154
114347
37210
16815
15585
102561
10844
23463
72360
12786
66655
70558
75646
19107
4081
102616
63974
17903
70698
91525
23258
23830
117257
76363
29360
44986
3111
108353
7295
24202
48839
18176
115567
14193
116636
5145
96524
89975
5392
96547
77390
9142
20701
38582
42443
83253
97346
61697
45669
90283
69518
55155
97698
13534
43357
109930
58613
18178
95492
21255
77072
42774
37246
53697
43349
16391
55986
57428
70250
12934
77429
61000
113573
35291
53583
17189
6047
46549
21300
1338
33919
117146
55439
61360
78769
28356
2989
51249
83546
110509
12358
50957
384
114171
20669
48747
70932
59290
46447
10965
59118
84818
52030
14
17044
65700
33945
67362
100222
89647
111960
108674
41257
109786
60798
32385
48758
1035
83193
20172
6867
69323
110272
67235
41640
35279
64567
103929
45772
75279
93167
97273
28085
88411
39325
47238
77506
69484
56716
15093
10094
103960
110148
21558
104435
35972
100261
1661
50805
42706
46879
85116
8869
101431
23252
102912
15423
56332
66364
83774
28193
58225
26865
101230
92559
44777
92237
8935
14432
114858
55773
112952
65566
20906
56905
65174
38542
69182
5032
82551
909
102061
72473
21828
78944
45670
33102
57257
17076
114102
43080
53951
63901
97729
47382
3134
104482
62563
114750
95546
61814
79021
62552
32547
110049
51564
91049
7455
3020
69347
110134
26410
82315
35008
105477
93363
65431
66948
100884
23725
46591
27993
30537
94317
18335
63635
113271
25910
91052
84687
69566
86332
48471
98406
117499
91376
26932
51230
43090
31546
77001
43273
26088
21824
11201
1347
27228
6719
103228
2079
39663
22430
91002
75041
88046
115904
112572
46287
94085
16636
58777
20978
110095
13892
6151
35833
3251
12469
111725
83066
96715
60030
97678
71822
55220
74453
61660
38865
16817
39004
8758
105045
59771
60860
61033
15347
38890
66523
11644
27483
95595
38215
94423
5517
5033
65839
74128
13250
75769
109884
111492
4067
29090
60775
74486
8276
101713
67755
54369
104296
46486
75283
64823
39185
35687
113422
95402
77712
96335
87008
13641
53771
14059
80478
49640
34999
91465
115794
114978
118103
94866
39437
14956
62471
51373
3525
54273
15700
13393
25983
40538
97924
25423
56448
31483
76458
79578
97511
33573
93928
52316
8405
61934
18327
75006
93091
81635
15208
98834
118125
22147
26573
1756
26033
38464
70749
45134
60995
56767
22948
4579
101243
81257
33368
95173
105483
18121
16954
104438
33014
107010
37959
55004
78824
147
65489
34278
38277
66230
86680
103732
45996
7013
29253
43925
40837
108227
95947
66662
20446
51926
57483
12580
97742
111833
91381
67224
38845
50939
92969
48456
116839
18586
21097
112547
4723
117844
93885
95229
87476
23884
13218
65978
35292
95316
94157
68463
118194
11092
8561
14850
109976
32790
17813
58499
53909
54533
84049
50485
113087
115370
69227
90006
75541
1144
87963
35620
59992
29136
73921
61542
83390
31845
99148
98282
86844
104379
77904
93679
70586
82326
53433
88260
42578
3560
102118
82756
75561
94550
86437
27897
71948
67563
49206
4846
30126
34638
110437
63925
116508
3741
40021
56801
37408
111361
81901
65127
19164
27281
101837
60157
66484
36938
85443
109692
86902
46385
92450
64219
89468
57920
39756
83824
2956
90733
18167
40401
95679
94687
15261
113227
9984
77695
109674
108642
92908
2523
115753
24677
31119
76791
104807
23096
40066
69630
63266
56288
110682
45942
39624
5570
109990
71713
13721
117431
37382
85784
80672
67733
13774
79757
55423
32909
46756
9196
11300
114361
97489
18872
78869
19398
89628
2183
70681
106925
54666
38036
11190
38731
5075
24265
109265
111292
73583
98220
49771
59961
113084
73293
38745
10183
11758
59163
29400
91095
10079
69417
101417
95900
20008
26357
3755
57098
117375
96349
15830
85030
4070
68637
30177
80288
88463
59415
11937
63451
91631
68067
61137
51302
76832
92738
109681
22106
25696
6109
26521
17984
60688
66460
16626
48343
62534
22176
36822
7281
74237
45717
54814
70866
4323
82223
67479
111202
11683
82369
85884
102528
85639
67997
42600
28629
80874
63252
94846
99878
69418
32244
95034
74061
59143
5378
79235
45946
103104
45745
8183
74649
16744
105523
5097
5894
116302
27577
51968
61806
58115
116708
84578
85582
30271
27141
35611
60986
107697
12578
113457
54183
111017
13698
41687
114060
20763
62216
54558
28125
42735
64397
68209
86052
80120
47853
16169
103255
89831
48550
30296
40217
15322
67117
113093
23113
2035
6739
86769
56904
85266
111620
77686
84759
16740
84896
1300
5143
61334
95444
36259
22743
107959
10401
32371
18456
39861
54705
39651
42439
73643
22319
65898
45729
42736
37336
100356
9284
56652
17223
23194
77297
44819
92921
78
28405
113106
22452
7568
67342
86849
38834
36735
84852
105671
53086
63125
9751
73514
100040
87687
50436
115305
98940
90905
57251
92491
23840
77063
37257
61639
25854
102108
32265
116312
87439
78326
104073
10282
92065
71001
107515
44410
57827
831
84033
88549
106362
58559
82362
37095
72724
42009
105283
46163
69499
87542
110219
44878
76943
67026
13328
104272
108594
10620
87889
92938
78555
117333
3379
50524
22992
22912
99834
108239
36866
93763
70440
101189
71843
54344
30860
81176
62492
52140
101778
80229
58161
96485
72091
42914
41323
103265
13712
65634
57270
31178
48626
51324
17224
89703
11154
68055
41400
2180
98467
88829
64085
6242
19772
29016
109950
105339
110257
27898
14887
104966
44098
105997
14265
9376
17804
85088
38653
88724
81808
96626
95944
73696
44363
22846
48012
71163
66433
75764
80059
99036
45935
87483
47782
16902
35473
7513
77920
86771
56507
49139
91888
34570
50423
37909
10071
86386
29134
94968
47887
38250
75405
106862
21907
12897
47307
99158
92900
111246
85188
44679
17064
2453
112020
32540
13197
91341
84621
25249
104761
47664
41101
35604
63372
79148
49539
57049
25618
72020
3617
46885
100394
67053
504
106272
86697
36061
8891
4256
117790
36319
59344
73191
43194
99554
64127
61534
28142
35957
52480
72744
14080
31776
61449
22592
65694
36479
9270
44119
25029
54598
112742
65546
56269
24698
68860
89448
23932
110460
110544
6304
86828
23753
45395
114904
110108
55244
16095
62830
115802
33094
56415
109023
27853
50570
1165
112589
23607
89242
62376
19239
63370
42147
67457
68826
81986
37067
72205
101204
33726
26945
115760
68502
2992
76362
42952
44173
24001
55875
5121
63486
59986
37922
26943
24876
32572
87394
14422
98879
81011
111893
40049
49388
37413
85757
70202
17188
9267
89412
87373
42796
47487
14174
59221
4121
30078
78612
93371
100629
54977
28294
88935
32526
2413
89120
73726
85391
2373
58671
42091
21092
7560
53807
103890
84503
38042
27444
90414
7649
40516
74412
71338
48376
110459
33985
9730
38033
77469
62797
89180
36120
85610
83941
24541
53954
78889
97817
67263
1374
81400
101260
78678
66582
58336
101592
99565
37194
116714
55859
92576
14686
80797
84929
62674
59915
6546
75154
13798
97647
59510
4006
93942
42591
86962
92838
68318
70737
100297
83765
53404
20704
84443
84732
55016
26647
57175
22087
19972
53327
73277
12008
26480
102986
69075
71807
10186
47380
4255
76106
24114
23191
24033
101608
90437
28402
37036
73636
78981
116020
82421
52385
61448
653
88376
16328
26448
8936
79845
91959
27820
25036
2099
50697
68907
86709
100380
115386
91065
53373
77278
58110
43803
2678
47002
43347
98609
4109
20583
103850
26804
30717
111014
70047
27240
96787
32842
39471
89939
49552
112462
101533
53618
94380
15438
99348
54567
71846
112294
116108
93193
43120
89082
108251
63477
39061
38497
99644
85575
71582
99481
48759
115578
43605
75592
68396
72139
93647
34190
66138
65665
16190
69778
35459
5132
95167
114351
9929
33832
76676
82288
82247
14236
6440
69644
37291
57132
93300
77442
44616
19974
54681
58506
89108
84018
36997
105647
57506
489
52169
115264
97499
61516
19112
90055
85010
86376
31836
40764
44357
62455
88847
55332
68379
71899
51255
25508
2559
82306
27440
67356
100943
60032
70123
110664
36470
15363
27494
116420
21646
33659
11624
36342
90871
62789
1318
53096
110823
774
62425
63446
80839
79231
5901
15078
18060
87093
27930
93656
102944
79667
53914
35970
79945
44267
106781
52058
453
48444
63473
39673
65277
35807
30257
64207
75726
5415
21
93181
109047
22653
97685
3098
97787
41099
63264
102075
62114
14021
108893
14961
92232
68376
9178
114603
42650
60488
79136
43457
88543
89451
10668
98256
109284
39309
603
90723
102393
41241
77142
65266
64131
13526
64726
104234
60446
47163
39759
106425
95406
67174
90215
86832
59794
107458
3405
61317
80451
35803
94851
95690
65364
41128
10453
53943
94243
79296
71808
91824
86647
110866
42634
109634
97207
113254
10816
89614
18567
19755
81455
105438
49049
38815
102531
3821
116715
25646
110117
109195
103640
46002
75363
29324
106597
4236
97442
51173
24023
76053
37399
98993
101054
12190
101928
12117
72013
21448
65502
105543
95685
38258
108381
39379
102022
59404
62499
50145
1781
39128
41670
95946
81008
95063
1065
73409
25411
47597
107654
73825
61462
96379
87280
53678
57074
85991
83283
77160
118057
77199
9862
79869
94719
7724
104649
77034
112980
108337
41636
111211
89466
66152
104848
24283
100755
77477
1569
98506
39094
45442
85418
108810
47472
26483
35813
113362
55287
70983
16208
81086
106820
78056
111803
13395
83134
67759
40947
105849
8760
87662
108743
97807
45625
1048
474
109370
15292
43514
110488
5137
3466
24694
50833
7847
60455
71341
47712
88881
71762
117827
46588
72508
70108
84916
38086
65603
60617
9388
35982
50829
47140
75813
64586
114249
104080
30506
28706
57581
105126
31867
52751
115617
21948
32136
72467
66613
27029
89987
15269
43226
49197
82023
110000
74439
46168
10762
31159
81067
116148
5905
37322
3271
42622
69052
87358
65773
101446
76158
47769
57457
70990
57964
14643
21879
115651
62923
107015
913
61287
115889
87026
74608
102345
60667
74025
4680
97242
3087
76891
22670
67902
28368
106656
68872
9941
42519
60907
91149
30696
30741
56167
4518
16150
44138
5626
95015
31770
57769
8650
55949
104867
89265
77741
42290
9811
106617
107172
42686
115736
81842
52111
9338
101166
63026
89182
18734
50786
2458
64447
68518
116596
91228
69122
64310
110534
4946
94621
107195
118123
57893
97961
92197
107933
17475
34763
30155
38528
57026
28283
43544
77359
80853
97229
56770
90790
52189
88547
13409
34937
66708
65824
103108
90218
39781
11888
29214
69770
112268
70654
51228
91557
102463
100759
37256
88149
15777
46440
57267
20102
65273
7696
75156
28422
42124
38097
3065
24067
76054
86463
58001
35771
49280
30962
73414
63606
88105
92244
92322
84242
96035
84311
101277
40433
18370
31566
74529
37882
36361
63463
74762
59724
80317
90530
65789
13352
26195
89775
24105
103522
33608
116956
118088
98132
29283
111383
44657
34294
10510
15137
32138
59439
14612
96128
74686
61441
26175
30819
27876
20370
108813
89218
4227
31735
2644
80969
13056
88933
90228
68460
102633
2493
98931
3390
77401
68076
1346
96105
69849
83148
37003
50130
65926
91895
89774
45467
44493
99843
40760
16102
28524
18793
40154
2204
45029
66106
70717
37726
96828
68629
13002
58835
9211
111802
50989
48026
76544
106102
112501
92488
77587
52134
42829
99228
50990
82853
47411
610
84692
82556
73258
29306
77450
36781
60554
103331
22965
20044
69861
64852
14312
9551
106025
63723
91627
85731
822
34489
38031
88672
44019
111801
59826
59841
42552
23599
70563
19273
87122
47006
3460
23179
70482
98634
20487
76431
73471
13010
103316
43933
27049
48265
111819
103355
52172
53570
39685
39664
3381
31732
104609
83945
40651
79410
41940
2755
24795
88072
78689
41808
45933
27205
19046
33839
57088
87324
63230
33789
43135
72474
94852
46510
77189
108287
82978
84888
72597
7050
108902
3892
108553
32205
93783
72630
45000
72399
356
34050
97474
310
68590
90286
109405
94656
111142
14975
27328
21130
61438
112262
86829
92277
99549
86992
71901
99914
69
36970
6235
39151
85330
78934
109212
21055
117007
1435
112057
57278
107430
79631
29240
40732
21091
101644
45429
51815
92602
21261
34445
62194
18308
61789
35182
80117
25125
112904
49245
41213
98169
104415
23807
19174
76261
18735
88853
38636
47628
17678
44688
32282
37795
86106
4301
70839
59776
31263
99780
57518
31957
35358
71699
17199
43844
27172
4540
81814
112338
22782
37966
57850
6128
7279
43812
107093
113281
33080
43384
32116
41460
97562
58505
114896
1038
65054
49148
56697
66549
81620
92517
13993
19664
63726
56839
100343
34392
57767
55498
114822
20336
42155
109311
39862
99717
23287
65305
24680
109783
3935
109401
97903
33220
22414
1521
5251
95098
99621
109229
9559
5803
58493
46566
70160
17124
92114
13122
19593
38650
72568
1309
60219
48366
94596
85079
27675
66696
43341
108622
90261
83556
42605
24098
983
17787
702
48612
68080
117409
45098
81563
41028
38270
47720
63628
53457
45497
19861
95937
16435
74467
54932
43573
16918
10644
99727
56573
96284
12497
79640
74929
50033
66697
116498
13274
9544
86242
16560
54840
922
65861
88657
44509
18953
8753
55167
31991
74256
27213
99925
45125
92157
35389
105331
67364
1454
44062
68230
4624
100409
112390
76557
85965
86177
55954
32770
78124
87295
36474
60129
33852
42988
68234
24663
82272
22574
9817
28224
72157
24497
47358
18583
62348
107938
22110
39387
70954
85389
3899
23369
11394
115912
29923
114425
56111
41906
36313
85521
22871
69948
66000
97727
66713
38487
48532
3336
26807
96998
91690
21352
107836
110519
47603
86046
16582
63872
28954
77476
63868
86892
63692
40316
57583
98314
55911
35625
74539
74267
65450
52191
108087
25355
16641
47933
93946
65279
38369
65177
43300
10483
53097
61264
63582
52008
5418
11522
44968
26115
9420
113425
116741
58514
74842
96934
13881
86350
82185
63639
46771
67878
76770
79594
110921
24973
62625
51631
17585
46137
37702
63873
83560
48966
39179
5238
9273
100194
76061
3624
87695
55476
26537
33895
9297
68681
81883
61219
80244
37769
66927
95556
112679
38623
24306
81526
57970
39514
89480
29608
63281
111413
68295
117546
117225
15592
36316
103552
7976
2282
69120
48233
84241
54051
71224
76823
58529
90696
23935
108258
32364
6819
27863
77832
6391
12662
22810
92304
100364
92763
56462
84281
60805
10860
99677
49142
30607
106979
89379
62392
17307
50539
68854
80667
62581
114011
77422
91079
36699
93556
94151
106369
47740
19254
60966
47318
108697
2411
36921
97887
106140
10618
71522
104427
92056
65883
52489
77321
35354
95235
53892
107803
85856
65226
112486
106729
77954
50853
20899
79287
42584
6859
93043
13890
12007
51142
113505
12034
99123
47620
112778
77679
96792
106541
103235
24480
112765
112809
28666
116450
51540
77823
105012
100855
66028
4814
7940
38264
48663
106474
13426
77953
97315
85955
108578
18815
42364
70598
26929
92777
85657
63378
30790
118206
34743
90312
22400
27463
55334
108348
8279
69105
6857
44656
81791
25827
21916
60445
115557
114377
3309
47722
105264
33511
74311
45464
98927
5247
97019
98920
41885
36002
90326
23388
61968
35187
31773
7169
91960
42112
87137
38968
53873
6697
112285
12015
55979
27036
108173
51496
95993
48198
7141
51171
7969
60851
47721
68478
92760
31494
102560
92544
24143
97174
17272
19265
54674
12060
27413
39285
58618
116887
4299
99641
29716
38535
68193
46432
113304
79715
44955
48329
11836
57460
80062
13569
43346
27780
41815
83987
44217
100994
40385
15892
85684
63764
11276
63589
41551
90778
28904
100542
20413
8683
22466
82398
23745
84837
69771
9711
7915
25878
41033
74585
91722
3290
102890
73590
17837
105933
44187
8833
83208
62419
94269
50120
6501
115862
71065
30285
607
971
3013
10383
92891
118171
87021
43871
95067
115100
30616
64469
70506
37713
109744
60508
23138
53730
76818
72077
38880
11268
89630
37216
51070
21602
21374
78296
51186
60807
98540
10516
88831
77340
54096
51451
13731
55012
87555
31788
57726
80504
69255
77731
42717
47980
58519
43562
95521
49582
95027
9493
16334
63802
75776
117308
98494
13576
4302
20355
43741
114459
95180
78320
94959
101651
25343
52040
83211
45078
112060
53489
67052
96001
27103
75318
36695
917
75843
107460
51476
85240
81457
33384
99270
98678
13675
110818
37688
90169
103930
38945
93121
83815
105111
18764
16084
114197
100888
16163
78475
76314
93955
32610
38498
20834
48904
72849
36818
17742
77683
27465
47940
16383
44425
68814
41038
30432
115954
25059
10640
20377
69540
37941
95709
25207
62381
1503
42241
34888
102858
811
109656
56902
25721
16809
58445
61443
94232
1212
82530
69549
103841
6720
35893
27332
41853
113695
101571
105969
8349
96941
35589
15047
83710
17763
46340
42590
105480
22417
75033
74239
43870
34816
8172
20372
38432
27586
25350
77672
28081
93540
76460
97689
23949
78362
67110
53354
68120
66624
4575
109641
25468
116928
100632
79500
4775
61431
112923
32514
47609
45194
7953
82318
79088
8608
65831
33425
11509
62624
29036
47462
91677
63112
101918
24432
24733
89889
79933
7115
32683
75125
32155
8529
79196
31279
87545
43723
10072
15302
65654
31039
41766
82391
9523
83174
21240
16980
56524
50198
113242
106942
39974
54851
82730
5791
39164
104918
34564
26684
110684
94190
15071
17034
117192
33565
40378
67153
69534
96465
61857
69743
4942
65286
71942
40771
835
10255
57007
27576
105473
77264
9399
56838
55383
23694
22877
5118
77777
109369
2552
44458
116978
6416
73513
103554
50563
59279
68610
75600
72289
54337
48629
10049
62473
91355
92029
5593
74700
26373
113152
61247
14502
56371
24969
18268
23915
23606
30399
9857
79473
6543
65314
35717
4385
39720
30063
64572
25875
69612
58797
34355
57387
48678
49071
95702
47973
34713
81686
100813
65196
41904
76219
47761
91387
29012
66333
45767
91715
24234
2222
96951
12224
62156
52065
92562
74852
66386
64022
101674
1831
91253
106304
109044
73598
91088
76881
34142
67367
61586
25103
98617
28449
57513
8845
101890
11074
17211
97310
75444
5639
80660
13990
105595
57106
50799
64893
85773
77197
82128
67185
1137
28999
34189
101284
112610
12714
107521
31121
28219
71745
96332
93519
97636
77564
32295
56479
96265
63406
23861
95883
82634
44146
96717
104755
3115
6599
53776
51766
41410
116811
51290
9840
18243
70023
80310
58948
82220
30171
59652
91308
33191
108091
17483
67128
12353
40656
40463
60199
13720
61145
112150
49687
5757
85131
7757
45251
88403
52541
113195
6287
51837
6310
111863
27175
42326
63262
78616
15852
42361
90180
102341
23926
47004
99047
84052
44601
111003
72682
5957
91449
8534
81577
72872
44844
23321
115523
71439
23687
76653
2937
59728
43971
87273
89268
92172
87119
28034
2376
78935
28212
38842
40576
115320
105479
29859
102064
94074
48665
8733
1673
90107
52857
97482
92801
2587
86764
92973
31668
23633
7086
101437
48091
51286
2673
75554
61114
64096
88035
6558
6696
27609
80677
60941
80652
50185
1235
57932
43132
112092
94532
49724
57471
12446
71908
15724
40683
105961
92445
43316
73861
15980
96291
20621
34973
28943
29368
51207
2266
95641
79581
50432
45576
35925
26540
5021
62279
46366
102654
3552
6037
38729
30320
33219
41566
95152
38114
83808
59760
92489
37104
81263
65620
48710
103876
52961
82800
65573
31224
29624
117114
2974
97299
8295
94115
95422
109472
84879
54087
105512
112548
90821
40336
65915
49379
96572
39513
54331
14522
88092
23371
111420
50671
103730
58045
61867
111927
20444
77195
84553
67183
35824
48772
60148
2756
80128
55077
87360
71763
48604
5650
114022
94266
8419
747
86599
42330
85223
16424
31807
73824
98851
86688
93411
23480
11940
3323
31350
111340
35734
21919
102231
104982
79683
58126
113144
37559
91682
32367
83794
89340
10522
79118
45773
6097
66857
81121
12373
18882
78084
47995
92467
60274
95387
38604
14590
92198
112276
112993
26056
60821
72441
67442
103344
95389
69371
49812
70059
18544
30788
45924
101394
10378
93276
10658
93695
13942
42064
51775
66858
42134
80329
343
103740
101369
72220
100880
22847
102424
61685
74226
91524
4195
125
36087
22575
107173
11945
93516
76949
107727
50909
23943
17641
111908
7376
88756
21003
83725
77478
88203
31048
13265
22458
101596
106125
114898
117469
49003
65852
18759
6431
91281
84922
5372
54110
60017
26456
70237
88826
39146
111826
36946
101616
97512
60937
56720
4631
115563
3781
19561
109144
10952
44607
116587
21288
59883
9223
58852
46496
64985
91092
19906
75633
52011
9135
66742
19342
36782
114223
80489
99564
101130
95221
15838
83266
56512
33088
32702
24649
50672
103150
92084
21990
38884
70810
58290
36203
10228
20040
106879
68737
53401
78509
85668
43801
9163
110697
4965
43286
104240
90558
118221
42836
27838
48975
92464
11913
31103
110993
53751
69044
5963
53838
116976
58154
58216
81201
57293
116496
53165
37348
11011
116885
60080
9091
80382
54611
95238
88744
61653
41672
104507
10311
57377
95336
63561
50967
18337
25133
116485
19307
50991
112193
57681
96145
58664
73854
106624
28801
22358
25962
94207
25077
116861
88897
62115
8963
85920
85549
16986
95823
83924
14205
108921
92284
42693
112090
83797
103943
65311
112026
51047
111638
87573
49499
51340
112646
90781
107646
8660
80605
9139
106890
73011
49814
11694
14103
86580
91262
22962
106917
4986
103291
66338
96176
51667
31887
106793
52226
13180
62413
76472
91386
58743
33475
105112
87775
112061
109208
14365
116785
1581
50019
71254
77048
101580
67670
108149
48420
18305
26447
102906
96704
21536
5766
114965
43619
37611
64634
45948
54291
16963
12494
20783
39267
95591
45355
100375
94988
28116
88084
2794
14134
12328
38140
88491
32029
79280
42750
92203
116946
57340
38878
12616
102136
68062
33139
19388
89026
49478
24658
43081
44464
18050
33627
10326
25621
104351
18661
9972
92248
102918
109256
85484
5615
116094
116357
68038
43688
96038
63140
52131
112657
15815
98728
4136
19768
80785
29814
46303
47412
5761
62368
3613
57480
79327
57040
39537
38124
65359
98439
55187
84992
117446
65271
15501
75816
108264
84295
25668
12548
105058
50582
11709
34121
76126
32084
112206
87196
115228
84186
84169
98926
16725
87481
31955
44903
47659
85099
87627
113602
66187
48127
5243
4205
33700
46263
74303
42900
57960
29641
17358
19491
48145
83185
115739
92301
20123
43826
24452
28295
40787
66735
81170
8179
72631
21761
104421
37867
11653
42615
16447
25541
101293
14322
33660
117459
8097
12898
110242
90145
39129
6838
51178
47348
48871
23912
102027
35534
41899
85516
88788
48647
103029
93520
26129
39675
15591
39037
8399
100848
107223
44070
26546
96706
79334
92082
111250
115201
98525
103336
91939
73320
36554
104843
42152
70905
39809
99504
72705
78468
20348
102135
44372
80819
14423
110808
73443
73058
79539
834
29645
50575
10793
2962
98157
37532
79302
85142
75221
20866
2531
8678
27728
30649
117690
107120
19374
16339
88517
113799
68763
103573
114489
45688
38317
108612
99781
107154
57093
55874
12880
27939
43931
43244
79279
58633
18868
112760
3355
36097
88210
97392
60484
97502
42407
84367
105198
115242
62517
17863
111421
111772
37009
31844
96401
72444
75376
72163
93515
40
60718
65357
8227
19558
109845
38740
79545
91962
57719
38546
20066
46419
67210
84827
82779
40587
71579
73074
18533
39906
76387
80003
47126
59952
109642
2410
25372
95038
8591
56011
18539
15169
9588
35131
26721
33055
105966
26503
57215
28823
93527
79656
61237
96965
24971
97713
95854
48121
9875
94083
106638
88053
35082
17166
15667
8956
58611
38692
71413
57934
9379
11699
82904
114866
3813
66389
13896
80981
42053
116471
23059
60419
32602
62741
71443
27287
69881
6930
66580
93499
99502
53095
49954
103616
61301
105558
13011
97383
111016
3703
84411
80143
104452
6803
21767
111170
88700
70153
111047
93956
58745
58605
81900
13968
29159
88339
83311
89271
20215
16064
5383
43762
46418
27533
67728
26052
69970
112667
26438
54855
110245
113349
7143
99234
56124
37240
18584
39453
33589
75429
78005
106059
32548
17645
111058
42945
86710
63078
103248
40405
33270
95408
104043
90546
72403
83871
53805
13476
1049
49343
43373
105042
103194
95677
24007
78278
33458
322
38507
58007
6837
37298
83017
28748
112112
9983
97105
6895
91374
60270
78669
63276
29314
40178
36712
106630
40283
60595
88183
58148
105077
107767
68856
102772
36944
50091
109621
33335
79351
49551
50900
53166
11128
65333
71493
77601
86877
32907
112945
30480
65438
103219
93736
36399
3691
89256
54404
63402
114259
41253
82469
27044
48216
97943
58541
102676
20170
96040
72363
69704
94829
55791
7418
46253
54971
106165
10163
19950
24874
41785
105690
115950
118255
4126
10171
9966
116211
97553
9582
28347
7655
36463
77032
108837
78086
12499
4966
63558
38224
85596
58307
31625
11416
107860
41623
623
1714
29341
67063
95499
33248
43601
103614
108960
61149
85172
18191
100026
42396
30898
63683
32796
103001
31931
52154
111186
83255
93972
69260
114365
49274
99735
97662
51851
98138
107271
14399
45594
7102
112142
16751
89089
17248
114717
78193
64956
73561
35815
14629
5246
38639
8109
31175
37557
76515
6844
25545
23302
75685
35732
83318
49247
98402
93971
57469
59467
102371
15993
53716
8873
106968
89799
64563
44029
1380
67672
72457
44970
43250
114256
114625
55863
21146
15559
84299
13411
3757
90539
79848
108183
72948
76915
20029
57437
91323
90965
80896
72528
99273
40403
87294
46962
31435
44858
20503
1039
68723
69280
81803
9936
9051
14630
86161
91542
42467
3442
47755
1889
104856
92990
69596
68937
79063
58210
26522
53563
15968
49461
291
113045
28495
89161
22664
22708
76162
13284
94868
98653
99020
95955
13941
49300
104396
55528
44416
61285
71708
92656
46828
48101
17589
91311
75575
8072
54352
93720
27519
43445
19043
13121
59521
28521
60789
21603
32228
66644
30667
82659
44934
53440
5425
106593
109637
99708
106947
11266
39644
81531
62643
97385
116744
96661
65294
57782
42606
100353
42533
109689
66943
34225
29661
85508
112197
29363
65901
18530
51658
58184
19489
32162
107740
116253
85334
111874
73339
6542
91703
83081
7963
51987
41218
43569
56526
51779
51023
8587
7312
33783
80684
48739
86435
106674
109350
48395
99
56491
116266
25540
52920
100105
85782
63293
70433
19266
68595
28159
79606
88951
797
3569
45117
93777
13211
2724
67988
114393
109858
32977
51152
42633
69816
108557
90897
24601
105957
13957
6618
42948
27038
111482
5215
109753
36125
24521
24741
101442
3462
105116
28749
60993
58063
45286
52257
28493
33756
49554
5510
88272
96325
7657
33376
83128
71558
108948
38508
78814
29613
106394
1335
54535
100358
25395
54915
41584
41347
39865
35686
8950
101563
24010
90242
29375
38690
59574
59634
89477
105401
99412
57546
107012
23659
49128
24902
70998
67929
108080
113842
18197
79380
41172
69820
17567
66483
45061
52190
27734
55330
104594
103988
53864
12395
95335
64305
113393
104058
13778
114926
21109
45111
47152
64835
60293
59778
16659
114852
6237
42806
1510
102545
41151
33083
28783
547
114466
15888
25231
20674
40223
20080
96682
80098
22586
109158
20053
75039
88347
53035
20904
55578
99710
112914
42304
63094
53193
50661
98777
108556
115303
14300
70854
84951
31269
15192
60344
14866
2456
64154
33566
19836
55519
109843
800
86331
70726
109728
39689
94120
96988
20465
42523
85028
42893
40325
102811
88679
106985
74710
49136
83213
11166
69199
34503
88562
2439
41543
37675
34558
12316
103845
36634
103529
62110
102738
78093
107951
37491
49983
25509
35295
88447
20180
1126
29708
58449
13633
42701
40166
91191
86594
57003
10488
99417
57058
65467
49639
90247
42451
50153
7813
68791
19962
12684
15988
15912
69125
68628
103180
104150
34495
30679
63703
44508
69094
82981
103964
59079
6932
72249
20222
22567
17861
91388
4655
58194
23342
45509
38989
66130
18821
36576
34
703
42622
58254
23996
28051
32059
50919
54304
91429
97902
5354
100508
57130
90237
125
73203
79720
87218
54506
93353
65620
2551
74642
101521
5411
105011
32310
55872
63840
52367
100933
70683
88366
56068
28768
104106
14938
50145
45027
76359
41738
82375
23357
57957
49280
2873
13992
