55519
64327
77536
71302
56390
6507
73731
44511
23730
9499
44973
31206
6963
75868
28731
95012
36527
57995
83040
84182
3241
91845
46479
13698
5567
16586
17043
58206
68120
110072
32963
44912
56476
63609
56896
37749
16610
71563
29052
2944
80371
54997
56627
52247
12258
105381
93260
3135
38357
93258
69736
109207
36968
96617
29694
61250
28384
69808
42027
106810
12209
109178
99138
42647
16981
29598
87625
36781
52271
96559
64429
66151
26209
88934
92636
29798
34229
32786
109056
28801
90667
68511
44420
21762
12078
3717
47394
70903
17133
63974
82981
37539
39883
94807
88143
8603
41579
57204
85832
11778
7461
1068
56137
97522
66404
72492
44269
51790
10867
37191
95452
63033
82764
36923
99887
60625
73820
54334
26772
84984
2301
37310
30651
15024
73279
2974
73212
65855
67523
75318
63099
38200
84574
53672
74363
90678
93190
21071
84785
56536
30883
37932
102798
93922
105305
7041
82323
104482
61501
6254
107995
8640
62014
104382
17185
994
16318
34998
39511
48701
101283
98868
12775
99289
87020
26029
38421
69382
48833
89533
65255
20841
53601
109752
7540
52262
70395
66637
57570
36467
29999
2890
78963
62071
20479
80674
40027
37011
19460
80404
82617
19154
73806
77016
870
12947
6111
57452
17075
22237
1328
1116
41239
25578
65546
45005
64810
50156
53305
62388
46222
81511
24005
6548
68403
19182
94391
79636
6843
24762
8838
61652
42985
40959
13436
93435
98099
24957
27684
100296
76284
89342
27406
105940
11244
93116
34039
64088
79103
92970
49330
67824
64516
50081
24439
59611
41760
4568
60332
19239
50103
33773
76549
110064
59464
21756
41213
82574
103912
11735
27266
87678
4777
86877
90182
20989
25473
895
37902
69495
75697
44047
32437
42850
47473
7687
87922
82817
79462
31879
59306
50382
20693
54563
88901
100765
12195
31048
79503
95255
80968
100279
4173
102180
48738
80158
79304
51819
38628
69696
89849
57431
105444
64960
30276
91726
83987
69009
9654
102674
3905
80761
58486
30761
29872
36841
4006
57214
20952
50445
27084
109463
7354
75516
50786
59295
10309
105364
103299
80872
85508
108259
45736
97670
77801
67093
19571
51733
98712
17545
76064
48966
70434
47347
59956
83544
56016
104737
9769
26021
96551
40413
99954
1692
45981
96394
94017
38289
37867
41874
106206
107553
66193
71779
27814
4095
83630
56517
103918
53312
56395
68474
35569
22777
87287
40470
98869
99293
71037
44372
95729
84005
4558
21846
93827
53548
59656
100800
50483
29711
18143
10588
59500
67883
51176
80633
54005
7956
49683
89623
200
65740
19491
15377
75293
106560
12351
1532
77810
107997
106892
49115
71347
43874
21174
105171
107492
98005
14974
39184
50405
62499
43493
7217
96338
89875
12912
37371
40376
69767
103643
96341
17752
10228
28029
68014
33760
62022
20330
92733
25922
31685
101989
23495
56902
2303
31425
94448
91032
15705
81633
104781
31826
79697
71187
50526
18508
87776
95505
102345
58286
21515
35225
50882
71676
34439
99031
92161
11232
35626
17283
20137
104844
97070
54122
45112
80165
38778
63217
89225
98966
70830
16755
6656
63543
90783
56823
99420
48448
22752
54709
69118
72110
104908
64913
50376
79287
40780
54944
8979
20970
89175
22550
39512
46992
15187
33111
22875
51841
92930
10155
63334
106145
97370
100115
55709
104595
21583
15572
75114
51597
41816
52031
101605
18050
91270
106628
148
25057
71021
33578
87799
39293
56176
49001
83173
12709
97785
21022
44482
69082
26496
54846
33583
29722
75855
98821
86861
23444
108099
34847
108548
13930
47455
78508
70724
2271
86573
38018
82206
105539
91346
86566
39322
66644
84614
24163
87404
73224
25589
40441
83764
373
106679
83439
4613
70981
80642
33505
96082
73760
110039
24729
110079
14508
21218
14
47580
50632
104282
57361
103105
64097
1056
85375
110041
6645
44755
9340
62315
59023
83967
52332
57842
46662
107470
13394
39702
30115
59096
47805
103817
32119
55909
85693
31271
74229
53785
102705
28255
54891
50982
40825
55389
24551
37399
61689
97055
101837
96240
24127
101904
37745
26333
36939
103456
73047
26833
72467
18869
96186
15356
70449
101609
13849
94352
37468
88641
84583
88673
73582
89574
2542
106253
32702
48842
82678
99166
56874
94703
11683
53550
93670
93428
704
49888
66114
34186
45796
294
28289
11344
12749
69421
74146
3536
1402
6849
1201
83986
26953
103447
52922
69987
48083
51280
85032
49995
106694
97489
71979
25579
97966
103533
14818
64515
74857
88368
65307
6126
86902
98754
91720
27350
96689
33330
35827
40544
54106
32882
85333
63394
98474
91851
36346
13225
71837
5310
11150
59037
25270
90719
94842
94077
15968
44560
98820
46546
69446
99425
85714
72154
36397
66900
39902
22292
88067
63270
43178
35078
30094
1114
86843
80687
13322
11551
58475
104903
10497
88164
46445
89312
30181
37199
87081
36537
84631
100632
49587
105562
103755
53482
108003
50478
11135
81099
9130
77899
45250
107046
48228
48976
69642
3655
96145
55858
64140
42161
27749
68837
103441
63279
59431
104347
77347
15995
70675
109123
86574
71250
4834
76392
19243
12112
67091
18940
557
107528
24459
96522
98017
102249
92902
85097
33764
40050
45316
47450
77905
55120
74648
17015
101203
93953
58974
106449
62621
8069
101111
90183
100399
80300
19153
62557
12187
79945
80440
264
2954
64962
51559
77483
100052
27056
36238
56792
43323
88611
64202
24365
109165
25942
60441
54993
68320
80423
32470
98278
103929
57717
16602
54967
36018
56610
93444
51474
39565
28283
82221
65782
564
47300
66572
80312
74088
21108
84640
97480
24021
41154
80678
25481
24013
66961
66500
9627
45963
64811
72501
92493
88092
1822
38867
84870
105672
72070
29824
54679
103534
90745
76780
36615
97746
27639
78701
21467
98916
54110
3992
2135
109744
26685
30099
45240
73208
90455
29865
80461
99270
19048
35226
102317
56566
62567
55430
77077
98623
84876
13640
76413
23051
27184
1698
93751
25012
2711
67338
27899
77335
79174
70404
55772
76946
600
9705
89162
31170
84342
62595
103626
68577
33625
3007
87579
71321
109287
83979
44233
23391
5588
36031
88493
55015
63246
76795
68181
96105
54929
102639
62720
40533
74774
25733
48412
94407
77809
94490
54214
92582
38866
46640
71184
43728
51660
83289
87946
19434
106040
77524
64171
47747
79054
92174
98919
44266
71436
53225
730
12009
21460
32069
7736
4843
69339
62327
1647
43872
86378
10160
80893
107906
38109
87290
53212
99656
17864
3137
94606
74597
58164
84050
45666
31039
52276
29357
5392
62598
15629
74306
96611
49515
102839
41261
85354
84111
54047
101418
1196
47731
103455
38456
103207
24147
11038
63519
86594
72752
76882
20581
26643
58044
83202
71001
101587
96431
55753
13703
84321
88805
41224
8535
12082
92166
2191
85730
11324
86922
54584
106745
101045
44288
84304
95773
34593
29947
43495
64765
105208
88048
40659
33501
18503
74453
93486
7194
70837
9089
84428
76459
78001
94373
20860
39332
89988
96649
55189
11336
17645
109225
92453
103204
20773
87650
12845
16809
88644
87321
45433
4801
108781
70715
29613
39637
10571
77017
7608
100195
98449
32896
34955
95138
63079
55119
66581
67134
79082
56471
65241
17210
70674
83880
23073
61510
3194
83265
63276
61344
44242
67463
87436
27995
28642
64504
24911
1816
14975
79466
99724
110168
8594
41898
86674
70326
82134
33782
27224
93468
8437
97129
65436
6146
69065
4115
90613
38446
59941
109567
48642
82909
62119
104000
53545
66772
83420
57617
14644
94830
73082
72898
33746
81634
95798
93157
3153
102215
24827
107740
83361
38250
45839
58450
44754
50014
63971
47891
69350
106140
75024
84961
15243
62250
72204
65432
29376
9603
32926
81944
2193
47798
56531
84598
90735
99486
79552
68159
10720
11361
109668
2579
278
27206
63305
52011
57283
14174
22196
28458
84060
5375
41203
40914
60024
889
44866
39435
7834
79595
23466
71784
45013
51105
89207
98429
51633
53943
73911
97211
93521
65526
33458
52861
1307
19352
79899
82575
11327
41881
88436
100456
81820
108438
16443
106327
20389
96178
95511
33434
28407
104952
19006
10990
31627
16011
49951
8092
62926
94618
64572
82601
17269
57153
27305
17958
59325
73729
96069
74822
88009
65201
78684
34061
34954
51150
41246
32673
78278
82201
32106
16721
63982
61990
10305
39868
97800
96017
20361
53693
1649
59217
62383
1738
14175
38743
80932
22589
22808
55286
75920
68745
57423
86191
51008
38640
33364
57576
51259
64927
3852
12031
13011
40587
57383
62332
96106
68763
60263
25869
52663
65352
95808
18728
95766
108536
86039
10821
69936
98852
54826
24405
66291
16341
46212
50657
43025
88293
12083
21577
108368
12588
100965
3390
13759
102849
22348
60231
66991
4071
90390
83160
72560
46043
86341
2560
90788
25504
64421
46512
55171
1609
46430
46635
97245
50852
31854
59755
26344
24266
47720
30930
65063
64074
52499
56523
43321
70248
42310
92830
93503
6923
12785
30457
96104
66119
73278
40083
62106
88863
76701
82507
33089
5272
105855
75102
53515
28891
31799
55431
70128
26901
20558
18878
86830
61817
54489
50352
74448
96983
6839
57730
75188
23441
30911
62305
49551
103813
74089
70567
34862
4647
58348
32469
8384
56268
28793
79647
50640
43633
5721
6588
57358
94530
25040
65475
31366
65762
76536
59749
50329
50197
105312
53434
87816
4030
100418
64008
46611
49742
45605
75955
101922
5882
540
61560
10108
28727
40965
14816
92204
9671
72678
5565
27347
67474
48218
74962
48174
89884
63528
40409
32301
30402
67190
24507
85660
63603
47263
36284
28141
70205
49468
67365
13518
64367
75315
42632
76261
82849
102191
14862
81566
25834
61359
93793
68878
50473
7764
89559
35069
77235
107875
33687
46414
88865
84968
82945
36001
68876
45974
96110
1397
76934
28563
13383
55495
100347
75602
9580
28692
68503
30926
3433
108810
30729
26771
56690
90288
17600
55617
12681
67154
58872
1655
90844
66832
44742
80514
40873
81777
107240
57825
16631
20084
26372
2147
67786
40900
99944
36143
57929
95603
86723
77445
25488
110167
42374
32650
84148
86081
85689
47792
98159
53442
17177
101982
87499
38809
88675
68424
45229
69159
87401
3212
64705
45936
42006
25180
54287
2430
5797
1956
20017
14747
48753
3114
58420
92303
60583
109386
8965
57029
8179
80520
20113
95958
23600
32172
5263
5553
92169
110118
41321
88583
59715
100693
26285
48047
37956
105711
40556
19430
48644
7391
87318
40707
103405
35161
90077
83672
55561
72489
22416
63258
77279
95632
68602
91639
10268
107390
94629
62939
65578
35139
50750
108512
103649
43615
83730
23932
98501
24255
1127
53044
80557
1246
14834
41514
100268
8377
90105
105932
80630
16581
64169
95537
65966
105425
90462
40276
51634
79406
51933
30019
62432
7502
14785
76221
15311
169
61792
95988
65908
100023
51846
105669
50955
39032
26903
77102
27585
17588
95786
60705
56237
88634
97806
76988
93637
57936
14844
2707
33715
109245
109544
87826
85566
48623
71689
58359
4367
48470
32354
102151
60654
76300
65761
85989
10007
76061
28138
50486
46113
59867
56249
28114
100625
63462
40998
84311
52962
51166
35162
3676
18703
88121
43741
68583
103274
16027
13364
81564
103752
33852
58423
88596
64868
86996
50802
55610
76854
72435
108653
13007
53189
40094
1417
57276
70811
8915
59007
80023
68470
63811
27485
22560
57311
39936
49413
44118
44635
21070
57901
1622
85917
26012
48088
21096
14408
70102
44270
43578
39404
49673
82211
109011
59244
28531
24713
27282
88069
52497
101760
7920
55619
43184
88953
13115
68627
98735
78683
52363
99540
88756
72443
47085
68387
78555
77191
44868
79965
105524
42030
80507
95640
96988
105697
40029
22293
19178
86082
29658
61034
70780
15486
81456
22103
84414
71099
78024
106695
29374
12653
42397
5098
73324
90948
102476
32190
83706
62307
86507
17503
17516
60117
40918
8178
47746
14415
24335
95146
10701
84197
105009
36864
45994
62802
25279
102693
4137
66084
11597
52094
27821
11622
98217
74376
85331
66196
54840
24315
21633
10823
49693
35862
26222
99337
94867
61361
55945
57867
64526
75205
104067
1971
94512
42147
71715
41331
1575
27794
34758
17497
77066
3297
71731
4905
43467
15913
47781
84130
47081
65807
55346
105361
47014
16389
29775
106418
26950
48271
23943
78323
88156
84798
72664
46036
63191
63389
85154
60764
34440
98381
57434
57862
75887
44897
84365
100942
101776
22552
18676
101870
82340
61371
81966
57686
90465
9444
11008
103750
107312
77137
29604
39119
71950
4840
82022
92068
100129
93902
86995
35312
75754
48260
28139
24431
65381
44523
76109
30298
41390
92752
94665
102115
49422
79956
944
1908
93647
83506
42301
71462
3559
90801
83713
106481
15973
28058
51788
295
47854
41222
24726
58906
105218
83503
92557
9516
86879
69022
26973
46491
19762
34361
34150
25730
14009
30489
85262
70133
100467
5010
94575
91695
105883
103836
41433
18588
60190
82802
107379
53528
86873
39305
65434
4408
71828
6784
82413
9695
29551
55795
5509
30852
27359
60337
55186
83732
28385
56054
60684
22248
52427
50972
51118
55206
99493
60527
69991
2474
40129
70936
102916
72944
33594
48384
106817
73185
64177
19555
80193
85024
74534
507
38285
82247
99736
75758
99830
55527
26038
29499
65219
46450
83177
107400
43888
93748
91157
105608
21067
67241
15295
67285
12723
84192
47063
89618
100457
20672
76263
55110
87002
107472
106540
82003
58119
53421
62009
5926
35206
106897
99968
96757
106329
88325
40203
35479
80879
93429
105181
15291
71738
48980
103502
66670
60958
99892
102290
13857
63512
71319
45406
29061
12565
47321
84658
9615
51370
28936
25393
49589
10685
81373
23243
2231
69766
64061
67953
53619
33352
72439
96926
105225
100377
106910
4488
51216
58401
19031
41160
55550
51640
59284
108529
77624
20766
85204
11870
104498
23810
12033
73879
3538
84117
14265
26443
94418
78973
73717
23924
60270
33144
79573
36168
29158
103198
27783
40299
34887
61181
100351
52871
24531
107153
68491
58186
107526
99560
103469
7151
98532
57474
38741
100542
73466
56366
61890
8546
4758
54694
30140
57980
11088
79035
30494
39473
43258
42287
103978
77392
19530
43667
38819
37297
74904
102623
38260
28535
91414
6373
7269
89749
106787
16973
90464
43142
19753
84610
101034
51561
14922
104713
100362
73090
25877
60498
108007
21732
39006
14311
41219
74101
4716
64374
57858
106289
35890
102735
90004
17259
42538
80065
81792
41171
67828
72186
92460
57262
90846
90211
10438
106720
21208
5594
73649
65810
51250
92237
11331
39219
45459
29288
39988
69584
65046
16662
76485
63266
51710
12554
25184
63975
104949
9520
2566
15017
8061
83178
68510
7760
85573
105472
44996
2752
90382
49527
94712
33639
9686
59557
64878
56913
50440
107268
95451
84036
91586
56774
82107
8276
91076
60449
106214
66209
97393
12638
17641
50259
99829
59581
26472
106107
59239
107679
48568
61008
62288
67115
62254
20166
76150
90079
66847
47860
101448
83435
36555
83074
98836
15121
84699
69950
34155
64853
53027
52636
42838
34972
46708
78952
33689
28619
7375
7659
16638
57007
11744
52265
29279
52060
44728
36017
43851
94366
69762
21147
460
64005
108690
86824
66232
100252
91735
109805
3594
68645
8152
47132
27834
94444
31527
62664
1539
78539
96236
83102
72272
46020
78092
5394
98447
6610
22303
24036
42891
95971
107583
33537
76002
53524
35311
53606
30918
78553
93079
23438
58411
61286
103081
43586
7648
51516
33584
40157
57101
107178
85084
83063
87311
34443
72814
96122
60100
34446
20451
74248
109913
103709
59597
61531
85222
41412
66921
95332
20230
107724
108847
14041
57605
11045
86893
82359
82736
12523
109612
74848
48931
49282
98130
7622
50109
40451
108884
61295
93123
89541
57077
27157
52496
803
11807
87497
35411
26249
106993
31728
81012
25816
23385
32374
28639
80682
35314
28942
43417
77837
27569
56755
25508
64485
10624
62513
29782
80185
14534
84308
41630
47404
74740
74738
12317
44479
83669
104015
50533
61574
61358
73634
2080
64161
90579
16719
63776
54847
90768
47004
80789
102178
56295
86061
47182
48149
95232
3413
49180
11943
93531
649
79584
60706
10960
19845
59561
63662
33518
18870
73985
64605
64620
52132
53105
79026
61591
74923
6200
7154
76292
97410
49819
39055
75093
71619
8030
57590
106175
72429
62681
49011
86680
106111
33098
1602
81999
40811
94269
54212
53823
44033
87111
4972
42349
38219
65675
16762
41971
69150
12475
17490
7309
26104
89557
21580
8019
560
84163
21177
87122
33264
52828
42939
102619
97853
78813
37114
39230
4677
1107
83283
52326
52689
71971
105985
106635
54731
28649
15993
91357
10016
91592
89188
28557
34506
78970
49636
42796
95789
6731
44596
78577
68986
21273
41439
10181
51649
79884
324
88498
78425
57260
41897
5691
38694
13479
6274
23542
100372
26399
71956
41100
86616
32885
17096
79757
72115
33081
50888
91558
99413
15809
12876
1409
78821
21257
96582
86242
29160
67074
59740
7967
84684
67331
67466
75958
23404
23776
3969
62062
1331
96785
53254
34146
60146
102715
33431
82718
73917
102437
72756
59848
71282
10096
62283
45779
93233
86683
31982
57782
106497
73452
30487
80099
38671
21414
73706
45238
74717
60079
72067
54102
89640
67970
66543
63553
87654
106244
87731
7088
58692
101063
12465
28157
102578
93512
47409
55566
16902
61363
69941
44662
21685
20694
61937
9182
12547
33667
98944
46521
28673
102001
34819
25084
35604
81958
72995
78480
101166
13349
10380
30039
16880
80908
31427
69604
87804
3029
41377
6861
53591
102241
52883
22332
44732
90716
71460
21561
86773
93571
46455
46714
38083
94344
107936
100223
16246
24093
83589
42432
13318
69394
10142
11406
3229
32302
23055
94854
31933
27227
87396
70511
30808
5582
78598
51192
73058
90219
62865
104101
67986
12914
76987
43806
5748
72029
1590
8124
75266
15568
4966
19960
23419
106407
22368
48549
7542
10909
28339
38036
47237
42063
87149
34739
87605
101529
55175
12673
54921
55390
65760
37734
12733
8988
7064
51984
76550
4921
64798
73646
28130
66282
100277
91420
86872
45344
57100
46413
54595
58307
104630
104711
16183
63765
92606
87468
77236
21254
109791
43241
84116
29949
7909
103226
66724
16155
20750
28918
6168
86704
24299
56777
69925
7582
68661
103364
102371
63689
100479
10060
20444
37833
83091
59539
49133
12822
62696
102879
71463
20864
8798
35236
87227
82893
88213
23878
23594
5246
6218
54438
99877
89809
31407
64234
56930
28433
28242
81803
3778
89035
56887
22274
92331
108275
62764
10752
85590
56098
74309
54307
6818
96403
101676
24172
2007
102525
81957
96088
72319
53322
2736
45353
21498
61203
87482
105916
24030
68308
90112
60998
5930
46703
39938
76333
26036
47887
7084
22681
78744
17618
53957
78870
20026
59510
81845
35036
78365
84310
105991
39966
15485
68714
52742
34035
45471
88352
12205
89223
21145
79171
17282
31946
50517
30711
100783
14347
95940
16301
74766
17693
33452
45445
45717
66434
58210
17356
51627
16478
16194
41234
35257
5323
65439
108173
83841
60689
85765
82494
41515
18451
62507
13183
21397
64523
97744
98637
43976
57735
28645
18279
82468
56809
10479
86867
78119
88989
98141
31203
60913
73569
15167
65702
24466
80553
74024
30957
99167
14607
2146
30354
102651
13021
76322
35073
98521
31009
1915
19339
85977
35887
86143
86270
14184
82626
84184
76190
25286
61864
101348
81607
5872
26606
97799
76822
22120
51878
68773
54723
105656
43041
97474
51947
54839
74154
3830
60151
69770
18255
80044
55149
32868
39163
33156
23919
15099
85756
38435
30020
27659
85638
64658
66647
71777
15800
33858
105610
95851
28099
51674
1541
48131
104830
59966
41285
26383
96133
57831
61464
52270
100393
65989
39493
21408
5809
89216
20912
109277
89816
33119
62549
69711
39533
2847
86154
80964
104598
75945
17134
109664
105759
106650
102141
9282
80733
25224
82185
13547
94568
23415
57897
23193
19061
88919
30195
34423
76316
5583
87041
48023
76214
15819
50436
67388
44216
58009
57931
101759
53506
81910
30870
76290
31868
75110
20742
22494
76846
87199
86954
51390
94758
9200
71844
34128
17488
79957
102787
25936
4650
8531
10443
42821
58623
90241
14372
96633
20282
19512
66797
97219
35290
9334
4543
41430
5997
75279
40344
79545
75391
68649
86676
24796
16764
17605
9285
38915
21753
78776
71797
14618
65094
104483
46863
19711
78617
28925
75345
88846
57003
31152
65040
61811
62382
97278
109878
90015
100157
54806
109466
74358
16382
23293
84813
104862
28046
4191
102718
81877
38207
42500
10318
23138
61092
108158
68300
95645
13776
14089
85988
109881
24809
53408
89231
86693
689
42364
38276
24297
47150
8189
5225
91552
8183
88297
33787
21626
76282
22602
77003
67642
13065
10099
78679
105573
51243
93829
40953
50737
59202
79878
49084
13289
180
31562
99955
44569
62068
21839
55322
25824
4594
47173
5215
49325
98583
66628
58403
48826
29770
2380
34490
61923
43908
36007
24178
34688
87839
83144
106315
7778
97537
50958
32577
67282
11118
86418
75776
67462
80646
72939
101602
61702
24291
70588
18644
70050
22400
94129
69594
30686
5851
106203
63659
39454
87252
64709
91045
5470
20432
92850
51038
26565
74323
77604
17297
8971
84829
79817
33649
66879
58798
31501
109526
61376
70131
79533
12540
43996
19682
388
51575
97766
79044
75997
86626
66062
71634
21540
78022
17083
44328
36755
49661
60101
77718
26326
39629
108987
15115
100883
47727
18498
6401
38841
104019
98009
86419
64725
51054
12225
54165
99393
61598
89593
43811
98391
105376
100430
105793
81992
19326
10310
8978
755
57333
102963
63006
98016
37325
81220
4183
23454
109257
77267
96814
94238
21228
53328
81729
66927
99009
83816
56037
24525
94760
71716
31691
4776
10581
5762
16376
44975
17808
64978
66574
15982
108217
52843
73025
5575
45748
64207
29394
89482
50595
7651
76523
93338
65519
43761
36432
29914
59658
57172
80736
27920
90155
34830
58165
42145
73992
39784
80851
85334
22440
37824
58404
64349
59146
12589
17781
69804
15765
69049
14634
53720
100985
96339
66626
68344
106317
106682
65377
1600
5616
41216
8301
39720
16295
36660
4044
81965
96705
63890
506
34623
28210
67888
930
60167
79623
16175
4240
5763
93969
7615
70568
73354
57312
11680
36587
62039
10579
17225
80439
54100
39152
55108
59077
78211
69188
55573
45934
22356
52896
108587
30738
72772
89074
16570
90318
35726
53964
78669
108601
11256
86444
96007
20281
58222
105901
89866
36265
78042
90417
31394
34676
27835
27492
20811
33006
39300
101057
105813
27713
15497
43854
22561
19905
33069
81437
60310
69242
20654
14821
101160
29989
43760
73431
90156
80901
67847
59282
76811
74967
4873
30484
80604
86321
34501
2962
98
48855
77172
6446
99294
59891
23875
95929
84942
21097
83209
98827
60051
52452
33544
107022
28753
27957
38684
38360
4335
2468
91960
87308
101335
95400
25583
92818
88342
105219
71331
18409
75042
76208
62101
37486
79145
5286
18894
62108
93414
64501
17648
99754
21450
77985
34537
90137
105263
26943
95227
102817
49136
30031
78440
31233
44400
43571
25368
109576
41451
104817
103079
101414
44135
29577
71645
10482
91705
71406
46145
76017
48900
49569
104917
1562
13339
74627
29779
13853
21729
74388
41020
44954
21243
4118
6641
106355
101686
101634
6480
1183
53827
43691
40623
54565
89491
1681
21855
63317
94879
61954
95710
7012
74121
56010
34314
68037
65656
61912
52902
92693
2404
57194
2448
101225
12888
60767
56844
29300
33047
31084
105119
65533
70359
69981
30965
100069
3742
43355
89530
47477
109848
33855
93675
60368
27250
25385
47930
3066
71610
75088
53685
106210
48614
95566
99297
49110
38636
544
58973
103300
80205
73131
92
24879
107631
8029
65104
97473
79849
71469
52398
24020
20124
60834
90163
61685
56155
66942
18963
101361
64391
2090
87814
55375
12551
18317
106416
40496
51278
6110
17202
9687
85865
78080
59736
44593
54787
57217
82538
75239
106999
66828
8514
36772
95299
1723
37799
99008
66815
947
71278
78253
23159
57737
1304
41189
70945
49033
7740
67735
21170
17169
35897
62794
54808
40393
59460
54203
52673
38655
38794
95895
76095
26662
58712
37655
19282
34719
9043
56424
20192
46711
43267
23780
55035
74192
89141
35943
106172
54186
31558
23958
23079
58542
76679
76044
75651
72205
2396
26948
52382
101657
75425
39239
10716
71238
44483
35733
34049
102992
26331
88384
88716
38412
75234
6090
48471
36808
54483
72544
45908
50956
61820
23814
63625
74307
20994
107776
26499
106246
29742
104082
10914
91646
93520
25914
52892
79775
72246
49400
70565
22071
56900
3521
21555
23793
57830
60172
98844
87658
70357
53326
59072
79331
26469
49457
95561
106954
54244
13398
92771
11887
106533
31834
51599
76902
50433
21119
76059
96754
85051
56461
52362
88646
47899
87822
26812
92934
72768
66640
63893
31939
73855
56425
81093
23194
32072
77902
72622
36621
9514
94327
22135
105193
97827
92094
39818
38838
54089
9850
106330
99094
47900
50929
71588
8660
10190
90692
95680
98986
53135
16122
102207
80863
30764
43584
5403
60601
99182
85883
59473
92017
87162
85555
99135
56895
36150
29417
100313
45478
62654
33244
1488
99428
41533
92495
5885
7617
56906
38258
69417
7829
68927
92981
43897
87874
12766
23015
68322
93903
84797
54304
64249
15331
72924
82757
37071
22024
26109
91095
3768
1352
67302
58670
11006
38073
41769
49709
18365
64145
105776
90564
7346
82304
20423
72267
74646
17090
80408
6281
67057
33828
23411
63517
24540
105872
25794
107737
30890
86956
25472
76375
66266
84316
906
67222
8375
38339
38828
39084
55563
67299
92508
84465
87114
33146
49541
86985
88417
81749
32425
87535
66748
31745
33644
50073
71158
70740
38168
39165
95502
37064
6647
37318
74584
58371
54099
46886
109996
65972
106029
4446
17243
6190
96126
86179
69547
84095
35578
13850
10814
101054
83240
66503
85270
47416
58029
61764
108084
46207
93170
90133
41365
101732
49576
30821
32112
95916
12780
91523
79635
7716
92227
1375
91293
100326
40064
4643
9452
14958
37429
93356
40483
90108
83817
78633
108176
50256
93949
36188
62506
34163
88303
61963
146
11328
18931
103877
40641
33774
43670
19356
9275
41564
92188
88447
103868
41042
10358
69751
55609
53005
67928
28945
62528
61871
103362
88395
83120
81743
77576
21372
93629
1659
80111
109110
78016
33990
1055
27606
13326
76865
28914
537
56923
83682
89472
74603
51492
107711
1502
31008
9419
47750
6296
74379
106430
56643
9894
54640
81391
97955
87110
62701
26011
87775
30954
37463
20889
38705
58900
28911
20650
54268
102911
83204
45919
67518
68646
77575
59428
76788
54927
69664
99227
28387
83823
98347
25398
16872
21159
83685
91423
48066
17638
62331
50566
15468
108539
22222
37831
20671
42949
29334
17560
102719
23009
51497
13512
29619
37853
12711
33925
42529
107251
2077
109481
107839
81445
96337
109722
59482
44724
93933
11334
102996
41879
5442
63231
30931
82166
7517
26786
104147
26641
39355
37000
77617
44751
24836
48532
75022
90820
31720
91518
26061
70684
79099
4506
91837
6884
101476
43418
85352
72365
74028
104373
30914
100519
605
65678
96934
79517
2996
105383
100132
56496
42584
89152
95082
70549
68483
66236
42548
66170
58835
102680
18292
62310
107957
74836
16168
31651
85376
4256
39759
83548
89764
53518
107510
64776
98972
9172
25191
8039
20236
38883
29781
76246
72999
18958
39826
26171
85982
49650
19745
7060
78116
40952
90680
75714
67543
107192
14723
20227
31712
25976
34947
68822
97442
91026
70987
21437
92470
62170
232
64732
79263
48936
96595
2286
5019
72049
66872
50285
106740
63321
72686
90101
99515
45218
30062
109783
45842
31508
102652
93460
101727
94176
79359
41106
29691
104245
27593
92489
27666
72948
31867
85273
27380
87848
83415
61741
77588
52749
71450
91570
78374
19505
56733
76540
83559
97789
108983
18867
83379
100666
73308
62590
84994
35584
8320
79045
25465
41794
78270
55708
55382
6133
33508
78086
94903
81772
60253
1339
16026
25340
9525
38295
66931
67311
21055
41774
2312
46821
8217
59994
77547
36419
41684
27487
106870
19279
66222
48951
79642
17610
36585
38478
29699
64336
109729
55452
36109
42652
102303
101595
78461
22143
93723
20913
97975
63866
40022
108583
95185
104307
36767
99548
1930
92134
104900
49365
94029
34377
31290
66649
82088
78895
14331
73578
22698
17072
25029
33540
99700
15071
81064
75243
13133
78874
25654
54221
52847
591
13496
1208
12038
20392
40456
4419
29110
29639
67007
70803
96428
58970
18044
2019
71987
86871
96994
83805
30377
12686
4121
59829
72719
78647
91525
95173
99698
46894
9329
20784
72444
104831
24740
78855
10287
27971
83028
72347
27005
92239
19516
7393
68519
45255
46366
42711
95844
56642
47500
58311
91521
69908
24256
11362
38392
21205
82110
17460
29000
66448
80935
7989
6844
82602
73862
96807
55259
19897
60375
28989
16757
97286
92578
21814
17965
75977
59705
77159
101845
51871
73030
10809
97539
13771
18062
49871
93676
67424
96132
75901
49439
41612
43076
24325
80933
68937
11040
107080
102270
109548
10034
16931
76543
82427
31229
38959
94039
5283
53229
9036
24114
51151
97731
108885
53452
87711
6944
87805
104577
98807
85557
68395
32567
83323
29848
96919
54858
41201
77259
74451
620
62998
32062
28393
11309
60556
93870
100885
44645
18926
29441
109554
102542
100458
98652
65324
78443
8237
41279
31839
11188
84056
49367
82898
50534
71911
91797
55872
1412
35344
448
89517
7860
705
60969
105919
99833
5073
105072
99841
46054
22481
9882
92782
37901
33634
101047
105253
28920
76738
50191
5651
17555
41402
86262
50895
106402
5422
37100
44515
31563
97965
81774
12996
48315
25678
65474
26084
106361
20697
58606
107990
10584
84787
68373
49298
62929
9713
36153
38976
38313
5771
25219
54120
90024
29850
5423
67258
38110
75532
24339
79361
18047
8785
92000
25157
104660
29529
85607
105179
70171
480
49572
52321
36710
95793
69149
47987
85545
989
93864
12611
36577
49462
60205
82753
1868
47907
94053
84024
42731
54868
40402
59312
8753
34403
55304
48658
107133
47179
34544
92655
22906
47134
13787
104543
52712
100943
39162
71310
92857
36175
68409
22840
101031
70409
4996
74709
18814
12283
16597
3712
48957
88128
93931
13130
29976
102277
9982
52241
21287
43963
73935
57922
35021
87104
21772
49535
75773
25014
49694
79781
108506
8027
89981
31104
82644
62642
46217
64756
29530
20206
33444
71803
33216
43712
56097
22569
83951
14240
84988
97577
47948
52969
97952
1526
79649
91859
13334
3569
284
60637
60535
69556
92357
2998
88913
101213
89731
35044
6341
75075
82048
96550
58478
40394
16620
15392
12672
95025
54952
105083
65185
46008
90728
48184
38762
15010
9252
62437
98416
104938
7855
52303
7538
7783
65184
13410
58379
82476
104123
78718
42823
106120
97416
3945
18447
47385
83858
100280
55368
34704
93594
33799
89604
25378
40975
52720
103619
106588
88222
60942
93159
82624
32937
34421
73111
106051
15172
79717
4815
10437
67455
76045
58363
36267
35454
84605
84677
40316
41738
50749
79405
104859
21661
19791
65135
43652
46745
25646
61242
22583
37504
16099
22322
106536
43107
35692
38077
87446
62981
14514
100180
47859
1751
86590
68383
12706
74486
54657
51241
62149
86722
63908
80108
18125
24006
85239
27030
67114
31863
92602
26266
53832
2609
7447
61587
95580
88459
78784
41863
105102
52069
31600
68490
8219
21395
1172
99539
23435
78588
47520
63516
60948
31004
14210
90372
40557
48272
91647
11562
86173
95774
10247
79400
84304
587
15547
35875
3611
48251
101202
78007
19025
104498
43288
43011
97873
38200
55550
62486
30982
32487
16403
33640
59948
27934
88073
52154
80873
41605
40529
33158
97019
21875
7183
53604
38958
16331
39992
8605
45001
24363
78584
41099
83088
84979
84736
83962
30277
89137
105064
37301
17024
25048
16844
69466
28207
101320
68029
19880
94784
62013
10133
37153
2635
29314
88794
24524
54214
91771
94810
24159
22370
100874
55717
91023
32903
27606
25327
64201
4899
25532
71461
68663
826
