61466
34199
84382
99549
66148
134
115953
48208
43672
34226
23244
94048
64305
89008
15962
34513
24639
55249
75404
30039
22468
114526
102299
69595
78200
44979
91534
32622
85668
93621
49423
97723
29165
57887
52829
32590
112839
32372
75325
22160
74522
107576
50783
98859
85635
94243
47429
89912
35449
83063
4827
79815
46076
50374
25398
32745
83218
51753
6402
81517
46367
113783
105153
38233
38816
107435
85494
14644
92343
54963
45686
19962
30057
85566
91975
83129
101167
25568
29717
86799
57333
60681
91374
8587
61899
97266
35889
65914
36361
37524
76435
87273
70649
70065
41265
92699
61791
35775
29611
71528
90293
58090
37423
66535
94170
18606
35090
79757
49223
55329
60722
6504
13857
63601
38256
8110
78838
13375
19687
67207
73059
3158
82777
46917
105440
82019
11505
67229
16531
104830
4807
114626
92805
11982
43319
81788
16540
672
58176
90492
18511
77305
45458
114421
83841
68265
93419
115670
302
68362
6413
65623
27550
115965
80963
7265
36477
58490
5750
71600
48751
61949
85915
39699
2131
76495
80745
89428
8431
92290
33811
58088
3222
37874
64918
72273
102067
78335
81334
114274
68061
26704
63903
10902
29865
44630
95728
35048
102233
24960
69426
87761
108615
112879
53950
101208
5606
23219
102195
65877
97840
113079
39599
26245
99647
51197
52990
74518
78688
2342
25910
27439
107408
70817
54131
17905
77517
100667
46095
13141
8886
36080
113915
39485
94488
58455
97963
83816
75047
72298
77093
20323
94951
27807
102091
101957
115357
98757
42833
94113
29583
41475
69393
7762
32228
68273
2729
55057
36123
77782
79112
20218
82660
22931
80229
54816
98852
40568
104116
61776
77501
24312
15211
32723
54794
3286
24774
19879
111557
105714
26237
24860
34750
93222
115514
21551
16475
84151
45229
104499
38043
47391
53393
83870
114031
35967
24290
58859
89065
100171
73856
115354
43625
98416
30918
110526
18120
91723
50245
60605
46687
24119
108477
101843
11656
84899
22840
76076
12317
10808
67666
46531
114987
43754
21311
10060
102899
109827
60579
6675
75996
62489
26538
34677
31877
42049
83364
48277
43787
88105
7230
14235
71131
22441
115154
77613
1812
58912
73966
55726
99047
75721
19612
43748
77532
17170
69456
31901
12209
14731
112559
80852
23879
46402
77019
26474
93085
365
82673
59170
11471
50636
78742
48284
15569
85146
61073
48358
98706
55674
91469
96260
22008
82814
61189
27594
51217
95269
63130
61858
47197
71048
108508
79343
70344
3344
9399
10544
99811
28195
30818
70789
67039
115698
115108
64663
56849
86194
61277
71511
38854
26486
107804
96507
94761
30568
80276
115111
110400
41570
62057
62290
58213
37519
96861
93633
108213
36653
25030
40244
29887
24992
18895
114599
2544
106210
40817
16836
75872
40062
54930
1058
50641
44411
156
111941
51486
76997
62174
27171
6211
3805
40532
59937
104938
33658
87146
25065
8581
16642
45372
68940
10205
72822
59856
87824
106277
48605
105759
95978
5937
12618
25841
82723
112815
33870
81313
22708
43983
67216
28205
92292
28906
90185
12267
13751
10082
16992
14896
15277
35505
62549
41550
53642
67266
112554
101798
59599
19338
54324
24735
28502
41474
55887
18294
36205
80532
42026
3418
98054
52854
88987
28015
45061
65192
32638
30302
41994
79435
51505
86540
14836
5059
33517
22108
50225
95103
114902
70502
34023
52527
89783
77399
18941
45193
89114
85484
22432
7342
92804
65771
69459
83714
58411
93016
78090
93863
89643
108337
3867
48252
63166
69375
101800
108160
1992
102818
109829
57170
22742
47053
25886
29631
111651
102377
2653
91790
90164
23671
29794
81413
111017
80377
18081
23092
89655
45394
87678
110577
85243
94894
80286
48416
73674
53933
22823
64935
107232
38627
75660
48815
93431
85777
4841
49268
15343
10479
25578
90274
110233
36040
11077
7644
37611
112761
57156
27913
99780
44519
19190
48652
111174
29027
113328
76780
61341
48558
49893
101505
9350
103882
25616
88576
81285
104552
114289
581
90457
46721
9846
99446
78809
27047
64186
87987
110162
68050
42093
70629
52241
85363
98846
3491
102693
44562
40241
51502
58253
84602
73430
7878
104419
15333
71966
76055
56608
22676
69140
68159
60308
115189
2200
10826
60101
106697
19774
101163
102161
52942
83825
59973
18809
52652
57152
7980
102101
55199
71867
90269
90721
41928
52685
7249
67696
61267
75871
2474
397
88700
4102
98403
28469
18589
98959
111004
4535
48723
29751
94481
54191
115076
5647
102296
70512
48825
52831
26515
25954
39153
53920
80566
94365
105383
385
97950
51219
23392
57880
31168
27923
76457
101278
107039
87128
94780
40063
1163
64129
62223
57995
47038
100559
105523
108080
70167
112286
46332
32566
79042
35463
30886
6401
12781
69482
111568
33221
26693
78195
72238
16005
61835
7418
24884
69841
16710
78336
79477
62546
95833
54678
90341
73769
50172
19556
13090
64938
67304
79967
115060
1130
67664
45005
27793
9916
87595
72172
15015
58146
55131
58650
106590
60976
3019
98165
106427
88389
114773
103802
92800
34877
38783
105067
30264
112909
17571
40007
105954
25697
96953
68709
2038
48478
4058
26389
108348
21321
75481
31943
65121
116091
64620
24121
26621
111071
92626
97579
32771
103066
34478
80959
113713
85421
115419
15875
81967
46215
38939
31085
47315
106636
5846
27915
97010
9768
80325
59152
73022
101626
28618
109768
46007
96074
23236
96287
10425
92345
62294
90359
26155
70012
25715
40315
112529
77979
96068
12292
96361
45018
108487
36770
116120
97310
6033
70100
29058
1212
111843
81082
101149
47071
69103
108596
102240
69497
35424
84633
90370
43044
24566
92323
80519
2843
33319
83781
61924
107961
88606
79142
99822
88459
4134
16806
7609
62157
72975
55084
76655
61090
64482
114637
26111
59685
74578
70590
79348
110318
74701
12395
74188
11187
16524
88024
20439
62778
41827
98798
23447
16215
70964
85490
114276
23138
79141
30665
86160
11513
14576
87960
20928
31069
67483
35041
50432
26323
10144
54587
50351
12883
79746
10377
18925
19433
40930
17492
15232
109352
23464
25291
29352
11314
99797
50627
62014
106189
90282
58099
49302
14091
116172
46232
15082
43911
26889
16907
7319
98170
90925
37696
30553
114388
91879
26053
95261
26792
103695
22357
68833
81687
78722
57851
82204
5076
30930
5792
82592
950
51142
90246
2341
91999
49090
105443
10352
53241
44635
50566
36430
14086
79637
85669
40377
58398
67878
37471
3086
18174
6785
39642
75301
26762
93842
95963
14238
58217
104186
88656
98297
730
18411
66407
26408
17726
43587
77978
19120
89232
95053
109311
61972
88773
44963
18547
45086
57619
30489
5742
480
33215
85094
128
100203
83154
22459
62817
38983
4615
57312
25370
26133
22718
111480
14293
22908
2485
106890
84092
35363
29471
106211
94368
24475
95816
99513
51481
27823
104870
89604
71496
3176
73654
65009
81936
11321
16003
81543
46914
75632
70271
31738
75840
107014
38020
40887
18729
41321
90007
87667
77317
20618
73472
31924
108150
19778
44798
52578
78943
76875
26719
28667
108035
58388
57846
16058
85433
85420
27013
37243
30587
36394
38533
9750
67668
36349
104317
49185
61431
113409
72478
78459
61224
23981
25724
497
20237
92278
50015
65938
61579
26842
7237
67344
89097
36316
86316
27234
15906
61694
67442
20857
100836
50386
43645
6616
42329
16228
83864
41880
101028
116195
62443
69338
53901
38712
73107
30313
57186
25437
15843
50857
98715
12459
70855
21394
38349
37153
104282
91510
60865
76134
38518
96206
99250
65586
19969
70559
55864
51720
22266
43667
110322
92306
25273
110830
15752
55469
22168
66110
63784
113085
34520
70288
49153
100866
57798
75234
24638
50462
38289
47743
57338
90495
56782
98888
12768
83122
72875
57546
110567
65701
115526
64731
50838
20872
10788
108785
114189
28325
93890
38908
106917
81325
115535
53911
30505
67222
38094
2532
16774
39232
7116
73625
19971
56101
107805
49878
104283
89028
70001
100494
19673
85747
53878
440
31560
109222
67200
12148
111345
65759
20514
110841
29080
33315
45886
2741
114284
83693
100373
25714
40074
44758
71421
63866
98431
114341
84954
33335
64741
67323
26134
54894
90362
47932
17447
20024
6322
29555
1399
71418
16884
26721
33683
12247
71183
73928
105220
6438
19995
25385
30272
31856
76285
78811
3433
86523
115182
11312
68222
78781
73505
107532
61976
81481
84656
18901
19923
106479
39773
4077
43069
48656
86021
89408
58026
84298
63771
46635
110903
86910
94075
86891
57704
64379
64634
93528
88849
27
57524
62617
111543
77041
92097
63207
111529
3223
58309
84213
79583
38383
22776
65261
54965
39667
45999
49911
75509
12130
10450
22248
2358
106680
39797
8815
95491
90311
50304
67300
44882
4629
56634
26982
12458
53024
74404
40392
6394
64993
84685
24389
15419
59164
56896
92269
81661
25736
52498
153
68872
72186
78270
107046
49831
58729
69358
82576
11777
1082
39170
103377
13219
89796
60061
82278
5594
44351
23654
15486
8793
49184
20610
54004
19625
45743
89843
20987
90626
12905
67517
106269
51146
27741
17279
69798
94949
34038
88751
106103
70325
92150
47045
39785
71711
16837
38506
66846
104540
72290
33394
53122
86734
20195
11068
58588
48234
20911
72174
54399
28790
67869
50182
39417
11921
82813
19299
28093
41680
24316
47885
77928
105062
91691
1962
93832
36497
34797
109338
59284
91004
46062
113475
39996
87708
44278
98446
204
114602
25047
112873
14109
20141
46187
2250
69945
98086
30379
66703
75907
59882
83854
66537
60442
35204
43952
102644
83133
98593
68327
17863
98328
53526
9694
85423
15967
40703
98675
11492
27612
13270
51301
73656
13161
12163
56906
93556
108373
43034
14270
103316
16294
85820
12740
56086
105775
6630
26423
98897
9742
15119
90207
71653
38236
41773
12637
83846
104172
58456
105265
104337
20789
111969
22922
48936
48484
68887
16394
95935
1963
85897
111817
7560
62532
9089
27114
105683
17160
34551
83533
105076
62245
52079
2770
42174
11528
98980
51632
15735
61558
57975
71662
109492
113743
42607
47573
69048
30282
109117
29406
86167
65892
61400
106940
531
71924
27887
67892
26364
53547
30289
43559
24682
60221
80285
15400
21572
71032
105063
19758
22051
113592
30286
112532
56313
60237
94252
103000
71748
74535
46683
4928
6861
95420
25734
112696
73702
102107
61606
19765
25894
30199
18694
74080
111111
110684
26828
61832
99471
46713
26661
104881
16546
17194
87249
32710
5379
54510
86042
36632
2939
91719
89698
83489
66364
94973
91747
108393
63622
4600
40763
10164
92766
86760
17669
17517
25932
53246
6153
108256
32715
33029
75333
43767
32612
91989
73629
6015
85612
32690
74086
6990
7347
22802
112612
49806
62998
26203
48454
64956
113043
73438
97512
80169
492
48519
17775
26981
18009
4326
113535
6433
2580
114647
1284
43704
33468
109746
63577
64232
9056
7507
40146
38098
89673
71272
113495
71738
86145
90559
32121
49051
51736
58023
97480
74655
84880
23784
50122
30471
36736
7478
100170
25904
1633
56967
9363
96342
96483
22412
14874
2620
105149
34162
36231
103760
20889
106694
14843
87541
98384
57736
68518
93679
5466
36452
25906
87195
59846
59216
19465
70845
31987
105431
99901
74003
90918
13607
25085
91781
96432
16341
83583
58710
41569
40228
58247
1754
13806
85674
108202
75242
91244
30195
30417
16502
31295
6112
35622
8160
43839
57054
55952
27082
40415
35178
72642
97152
6796
25520
47676
22511
89718
55025
114349
63074
114051
58326
95745
115030
96474
101021
24818
26385
59184
83450
93193
63228
80759
92308
67451
14559
27561
64254
5553
72762
72250
70506
83034
97388
36798
10631
104154
89138
67355
72786
87400
113412
116430
38180
37564
103806
32559
1804
94031
72024
6069
61692
60374
113801
79524
14384
86123
89799
22470
25542
76613
109097
108871
33166
28583
63865
1924
82321
32054
89398
89861
30102
104814
97254
27223
91898
22287
111887
54400
86699
102003
64594
76907
9072
5028
60997
75887
57610
67782
76117
9243
113863
81380
98003
89168
109564
91751
65476
85903
8273
31878
781
14063
48502
9746
89341
19367
73714
32689
42365
37616
22609
32669
2751
97796
81538
83638
84100
93194
89893
16818
113237
30542
61124
96385
107852
115602
14918
12978
43933
102759
81237
41266
85483
108897
78100
47760
96046
6610
51857
69368
65241
79572
50551
96874
88615
32551
104792
92273
21896
96106
42262
92706
22622
2385
42884
34282
45315
103728
84567
61403
1389
85618
106921
5755
110453
10467
513
4386
100882
26394
93112
81382
112352
96707
68921
8553
22646
71218
99489
24555
96280
106135
49404
22697
67367
105258
82602
57060
6672
40374
23800
4173
50746
65146
72105
3180
99358
91476
77533
21770
63367
82678
1000
1336
77415
57903
57277
29729
17307
108561
55688
16848
56827
113387
103568
61843
31935
8632
77892
27818
45002
80983
25543
110265
6600
107702
58840
22056
70322
78480
39038
49149
43603
63745
44426
38567
5464
101992
16119
17573
11789
65395
35218
17370
54473
81261
47896
7177
24169
52170
102485
115839
35970
29863
21010
105455
13525
105236
96920
61528
33869
111981
20187
35135
38574
17612
2640
66433
114664
18466
36422
22900
77251
105178
54692
70957
57507
39027
95938
5110
82145
8501
106556
15761
21965
35082
50410
93769
45411
13317
107949
24727
91236
43263
15205
25156
60130
71283
30727
62522
88855
98998
41971
50498
87996
13623
104191
22356
67827
45931
17945
92481
43002
22334
37373
44926
26110
28437
87068
97774
70334
77062
56424
110422
64777
33530
93480
70864
24524
48093
41725
39107
55370
103793
102786
17432
96455
94189
27721
37598
19333
85954
109620
2376
73852
25492
96778
39001
76789
83243
44338
65088
13998
56109
11441
5372
98161
92878
86019
63516
70648
86885
49408
81479
102701
36121
83911
97457
3278
33053
15626
8529
37159
44982
31110
18885
22527
82611
69715
91933
83960
55959
16014
43837
72867
29424
61911
97808
105279
15790
54696
65897
89433
13872
108264
66939
4107
50207
81227
36437
111356
22358
77997
33768
95836
57929
113393
85396
78166
114940
4227
84341
59489
94590
112495
97990
58257
81193
47740
78319
17109
111924
1821
20435
56478
36224
49058
110445
87308
81393
93133
11792
27513
21401
31386
17402
54683
89040
83961
18534
93725
60243
8222
40564
107608
105847
92638
37843
112091
53001
40680
116025
29995
109005
12514
3473
100137
8853
21547
5557
78824
39461
106100
101996
30586
70031
79234
75558
88104
85401
95099
72422
103557
100805
41597
1359
9171
79905
41656
78764
52450
62468
16167
44686
67783
47352
47042
29657
42725
42344
50469
58507
62897
74884
4892
106262
22588
62598
115367
69255
83324
100848
7340
101534
53469
22864
11659
46805
109099
70709
56461
70170
97753
30867
99348
71754
6217
19855
115283
87835
52132
52952
70427
104943
59638
75435
44027
72592
35216
35104
39178
32359
35653
85909
67548
40879
72636
71665
70128
18928
81716
67537
76707
42138
101260
83194
106490
91788
52845
7225
41979
67789
99965
102425
77888
25546
17807
86681
114075
84019
86368
54529
109997
16023
27727
99156
32539
18099
64957
9489
1782
28963
98043
66312
43595
67436
85570
114516
49169
49377
83337
95126
27198
89044
84468
79188
105228
44224
92267
22471
13916
29679
14368
54201
82007
68164
65859
80491
68414
108276
13773
73691
5163
21918
95469
23673
49492
1119
53462
95134
82169
48618
101702
30856
49066
2670
116153
29345
94563
42500
50655
3224
96577
110268
17733
87455
101876
9909
25533
87661
95283
93739
89929
96967
7413
19699
50265
60315
71794
81008
111251
47219
75123
112476
49027
92996
52423
11853
113057
58800
74656
100603
114651
75652
50730
53436
22286
82032
95960
38302
4126
19931
18351
20292
97156
93149
40503
105448
104006
99812
69642
91498
104622
37166
61461
85462
84865
46850
1507
11981
104801
85653
3786
96514
63665
39162
89053
88601
9863
87456
71046
3204
74281
13519
71475
52907
68602
35397
92980
7865
89453
63231
112901
14988
112760
89816
99939
22309
39299
20142
24091
88428
90767
48886
6693
4693
93039
115013
69762
91135
45415
81441
88864
15605
9179
10411
606
39978
95235
67465
40881
14906
63333
38878
44830
34638
55311
114631
55995
81480
5183
56592
71938
74038
11688
10262
12461
95306
88622
12974
96661
55290
42033
57242
107585
60036
5014
88447
90788
97174
23201
42196
85927
105861
102482
7308
71842
23956
85233
37721
58270
40742
3661
37516
13747
90288
110106
43734
5459
37437
98221
93062
55705
4121
29029
69006
17563
8710
53140
64734
94887
11724
65420
13472
22789
69079
55467
114695
40519
114054
50300
94510
3993
34570
4853
29062
21424
3422
44447
652
78733
68902
115507
77239
51571
94923
84269
112373
46853
50399
73171
72902
7056
34596
25408
76981
77482
52215
88535
26839
57217
65546
27681
87274
64805
22486
108796
106029
113698
85260
115923
94835
14778
50937
99484
88055
65212
10831
102170
102408
26351
104287
81992
116048
33598
19070
19402
91561
59827
44845
109309
4808
46717
105882
116211
94766
17659
1383
12455
43643
93134
68950
2147
96649
54052
27892
103082
41100
61293
100004
26384
54380
7125
40189
85165
3599
112123
65616
16205
41222
51382
37149
60564
54669
109364
72491
15017
50572
110848
64148
99354
55794
76972
72407
75861
72777
30435
100298
110388
36403
34610
114268
19831
62869
26903
84326
38442
52063
115658
38665
75818
80179
57169
42635
76641
100351
98164
112830
45321
38714
75229
39369
79540
108468
38408
90743
41583
95078
30174
32656
34705
115976
97073
28784
33697
1732
9183
95801
40388
3905
43755
84874
76186
49119
46839
2518
65239
92718
90200
55934
70756
85245
39167
9189
37017
16505
77874
59777
107102
99193
63323
79436
101169
42097
80225
54829
83140
69434
22664
61301
19981
78179
105464
81080
57065
94946
60728
112148
99196
82961
14715
37098
59236
71379
43337
30757
55395
32849
80266
46882
27862
11800
64610
38220
66346
9810
30840
92157
51582
75731
49597
86665
63387
35583
29181
110643
31903
94307
636
53778
104303
90209
28806
35994
57282
7107
100153
20774
96293
50097
64060
14997
20265
30598
93691
34451
54865
51605
10536
46152
65886
64947
73407
106015
108832
26104
44398
11009
83564
3986
15914
51933
25386
50554
104442
50303
20706
11715
46477
104326
18489
98871
18517
45908
91451
40494
91110
86533
67030
81872
42987
5565
19350
70127
74235
12814
74864
104436
109263
39469
47558
43491
88692
6404
6555
58242
73236
67867
82783
14642
99664
12681
31594
104268
32082
5165
47457
97696
111684
74605
104960
45448
4753
47617
51724
84795
75585
29869
27497
4166
90392
76587
80327
21998
8516
87355
78528
65344
39869
80775
69739
47926
43593
4794
59471
105739
85205
65468
11121
112052
43289
90842
9713
55403
104327
77609
32024
94545
69224
79155
54847
89418
331
18508
112980
68035
50113
54971
64967
33989
32862
28030
113438
65234
49865
83830
113235
21408
100733
52300
114500
93620
43123
83296
76992
54690
32233
107724
111430
24366
88988
2651
88784
6335
6865
88176
20317
69501
286
235
88607
21382
46664
97889
63751
1972
86922
75335
84758
106474
68210
104376
99840
111157
87508
47910
49322
5682
31980
51454
29534
79407
96895
76756
76459
101305
7509
7669
7946
60099
40502
91286
76470
67908
109884
5432
28043
6698
13903
24741
64321
90629
4478
81649
80787
99613
55781
38638
38593
44017
35221
40506
87179
4383
88038
4738
55766
66579
50024
28647
64231
79017
68412
72689
11035
16118
74939
16328
107714
95936
66991
101317
21501
43521
84064
42815
10727
42504
54721
85573
73556
23593
14433
6291
51414
106979
105403
103597
77254
79036
106852
105036
45038
83323
14585
79576
46629
108069
29886
87949
31352
37073
8264
18396
39856
112954
6049
57057
93749
38366
33986
74648
55127
47146
46178
115652
50998
86402
113111
54519
45660
10266
66233
52580
21397
42693
12586
106338
64447
85038
60807
36490
72173
24281
27987
68747
59954
81736
70592
13266
48639
50034
76762
27977
4131
98144
101394
32439
30659
38483
112804
54113
31400
23559
70834
83317
69166
97298
84723
108553
111948
72481
112795
101690
52096
42228
64143
98019
93025
32830
9231
30940
113824
112872
7924
60981
110370
78454
71541
20365
68664
13004
96423
98786
89285
13581
98942
91841
33347
89454
51925
5984
47249
74031
98302
70852
1393
82826
49689
110352
39005
53886
98367
4281
45958
107009
104953
49291
90026
8420
48814
67481
32554
23254
76566
29803
61652
65982
17991
104581
36793
60218
42626
11161
8091
54425
87462
23451
98835
30380
47729
68627
13661
19987
57883
80877
65643
87581
108466
68431
87679
11417
36949
68776
31884
52057
59959
41898
75486
76244
27853
11390
48676
91760
10459
87442
12430
20648
5219
20375
15564
68053
79298
57924
113944
104344
6036
111006
49479
111032
57972
82210
19233
67137
55835
70717
90607
83023
50510
72315
90312
17799
51559
9077
74839
99867
100821
28533
64346
99499
10111
35856
20759
836
8189
63212
36773
110338
110701
43765
46113
48649
67038
48421
69312
16629
27948
73376
1016
23287
111541
5612
105132
19063
1766
13847
8324
76463
96868
6973
61305
105334
1925
100126
91126
10126
68944
69680
52052
110716
47880
87513
30197
68715
47377
6812
87291
110677
88647
18609
75065
105242
61291
109419
93806
84420
55559
47306
77172
88923
45787
84533
43241
98470
50460
103522
95660
74018
93174
56598
103525
14338
62193
12103
47214
112276
85059
65665
21949
67971
106791
46777
105318
6064
106407
57694
35870
46431
3947
14225
29392
46711
41407
72384
115363
62400
35061
53683
103573
45546
55092
8995
23532
25519
1843
50433
105080
27957
99763
59128
108416
13812
10222
8346
37566
91052
11404
19936
76753
69164
83894
85463
9894
60876
6101
65329
67730
76631
31969
54820
16960
40396
46363
52898
6173
58908
19458
74285
43197
69910
39981
83464
88253
87579
12559
56432
50078
107865
33962
77626
86538
11196
113369
93478
5677
65556
55250
100506
111616
96807
81695
9123
72501
41645
77262
15782
59187
30936
93220
102216
28971
26788
49633
63630
7291
54282
80767
105621
42928
14910
96678
81013
23775
34890
61442
9541
40000
71321
105148
19044
28133
31686
60561
107969
64533
42378
94677
92598
15046
56529
1148
16979
2444
59700
110810
91501
70394
58387
36805
43769
22182
37492
20965
108251
107264
39207
90446
110432
21119
99272
27461
72106
3545
15481
88283
82797
38930
91878
31426
28493
59807
62604
88712
96802
75498
67258
61032
8375
268
78990
101068
55697
68850
43192
109282
33499
635
30468
73252
98249
26932
29455
60818
115646
79530
33829
106014
93523
40155
77793
15783
31096
102582
30805
52950
109982
79212
108046
52879
5229
55451
15470
26139
91523
32537
45808
31620
69503
76191
3337
42967
1659
38473
110791
8683
13338
61205
101874
31529
95558
77590
101731
8535
63578
104679
96010
37319
70119
51276
67018
13935
85039
48402
74132
49400
49728
24151
54806
91202
103832
31292
80313
53437
31135
61627
64925
80869
58421
45286
114825
57654
18819
111292
88997
100676
109796
4446
71603
2952
79596
45797
97775
94137
29402
101139
74658
100842
76190
57617
55220
8718
50790
94896
18248
35142
47394
62866
71410
13557
112019
18066
30660
89041
59101
10953
74526
7468
65577
53446
1988
111014
110766
1794
78266
45032
74868
100277
113564
35543
89479
93169
60240
30207
75041
31834
22506
108525
47176
42943
72609
95351
34480
65754
12611
90556
103657
52695
14797
39463
107695
57855
79606
12444
108346
106258
83031
68699
98098
76364
78012
101581
84363
74571
51624
33289
93449
11885
73647
67048
55176
37099
84322
25626
18408
24333
13634
78389
32650
8823
81696
52502
45053
94623
90151
65157
29275
69105
96027
76100
63551
103311
27222
32020
88161
87436
86599
69782
44038
71012
6356
17749
17296
38283
104121
79024
35651
22437
44674
30520
56275
83659
76122
103192
19646
49631
26922
49128
29505
84610
41259
76155
99426
88992
50202
74676
16638
5029
107701
60967
107888
1021
35621
54866
21699
34613
41849
63597
70195
55251
61265
67462
34382
29647
71398
76472
56310
33678
46019
74722
26579
77273
2983
48544
43997
27349
88838
57028
7434
3478
37729
56933
110433
79073
58643
107528
21901
13775
35783
67253
37599
75985
20299
69420
79037
92193
103385
4424
7321
90957
52282
115638
25337
26849
68021
70565
45025
101024
41238
35209
12149
63742
110771
48473
34832
79990
90640
96731
49995
4012
38539
91309
98525
62166
106860
105839
83483
106878
90630
14523
90187
103743
66733
82687
82963
12102
92830
81754
966
74149
55107
42559
37429
26667
87904
17836
114570
79527
97068
59828
104913
73379
29646
30594
12960
95644
31390
95315
52327
88340
98162
78534
89989
56438
110809
67422
71796
5169
86492
75545
74252
83990
90355
79695
16961
45433
68137
44274
20664
38434
58159
88812
21175
94072
39803
75064
45443
103642
40841
39164
44579
110179
105002
114153
112582
111262
21020
59287
75377
97347
32731
5688
3301
80270
108138
81524
71558
98570
71357
58623
85170
70056
60642
32660
5286
69953
12175
12220
69704
8555
85787
556
20302
2749
12124
41927
45262
88653
19180
82273
77856
53651
21683
82649
74778
85597
90638
38108
44837
101015
106239
90571
115687
80009
34172
108009
88303
5216
18686
12934
73474
54725
51132
39864
98519
37262
58372
91957
6360
57425
28649
50455
54914
16178
2161
13912
49525
13536
97250
77202
57582
15585
73710
7170
21413
71487
91801
36850
38044
37789
79659
42157
30801
662
10372
60782
20101
88081
44041
104661
28454
2502
49854
98433
1608
38859
113211
100291
95445
84356
102259
45992
75252
58693
69973
33491
26205
49476
55535
111764
84776
51959
30477
44645
109072
114404
112860
6843
18787
85996
95966
107990
2388
84501
107163
74089
104890
110353
98095
103276
92411
104898
2096
19882
25011
36838
50200
65065
28627
61999
28664
115708
54186
103618
57475
65765
105819
7649
13464
25074
943
44271
104498
33175
64035
90775
62419
29142
5061
100822
18371
8261
47250
16060
84744
42400
92031
95525
50737
103161
61588
87369
73420
65667
18217
18305
59611
104665
55760
33288
100322
80300
68718
13002
60445
69101
17047
91385
60507
74904
60049
75222
66278
103684
27252
65195
44383
61842
75772
59820
11058
89951
109092
24384
81521
67981
24990
28243
4603
108029
83192
57830
33578
89150
85227
90854
107380
70748
25702
100060
88890
8269
23944
46221
108144
105884
101753
41164
76417
102423
43372
52117
1919
65522
82675
35175
90260
20635
63918
26113
27635
92873
64654
45868
82535
65073
58126
114342
77929
18215
89942
100339
52336
110928
13755
97518
26011
52834
41281
103411
8065
89974
51869
110341
28111
105
33812
76083
97462
18405
41986
63926
107193
37912
110725
18781
44596
45015
8646
5189
45303
34088
96572
82462
51553
73978
75024
62377
55172
73416
53070
51483
8435
76776
40152
25720
53150
66625
114152
81870
25666
38697
88938
65184
88815
54901
67625
9301
73877
28621
42106
37883
41144
105048
30297
48149
90422
87785
46404
75193
59825
11664
95538
86178
7465
80045
81398
69272
57360
82605
54368
4471
98471
52582
53563
72341
69831
825
70082
65642
25390
98008
70136
64539
84892
79976
96553
76945
106175
105449
64568
116429
67094
59945
103463
66035
65738
22525
88321
74763
4650
64964
86668
48005
30048
19014
38980
94471
111733
19578
89128
55147
110487
84330
105782
42927
32926
6377
106010
114479
66548
80658
37705
26550
13953
41055
93148
115784
82638
21643
102775
63642
48708
63942
83362
44892
84174
48944
10349
7534
51592
80311
2451
94750
29488
102954
80157
37188
101217
46057
85553
26000
25916
67811
50451
90321
75566
35596
63974
115500
82311
82107
43596
17957
17357
16390
60426
64764
39124
82126
112613
37672
86089
94531
12393
33064
4313
14399
103017
53742
52885
16038
21714
46930
35740
61470
84130
111360
115074
66211
75571
38121
9178
4016
51644
7002
28048
96171
91569
16291
25304
67020
102114
31021
9119
105211
93905
81701
106151
18774
22199
103021
113657
60686
60073
49042
6876
27424
5671
24734
15176
13235
15138
49721
85675
42519
39309
87398
26770
50703
56007
3666
94439
69372
35660
111328
108070
80231
112100
79012
37768
91478
112937
99649
21058
43874
71620
13304
96178
78981
59395
26070
10062
22549
15256
58035
79191
106131
82745
17103
25298
115418
67685
12999
60480
2802
24474
5046
56429
105152
37745
102653
100598
19836
60069
49007
7927
27835
5980
60825
74127
75836
32936
82200
75719
15323
79635
76611
90568
70901
24979
80728
77178
91364
4619
41596
62652
17832
35174
104214
86764
63822
62646
109151
82291
58097
79290
86070
89002
76198
91302
53389
38802
15056
11469
39262
114765
58042
34912
102039
51283
18896
79388
90343
95742
44364
1770
100931
28376
8128
47590
25899
101762
26354
22460
92045
110752
65166
112432
83310
83756
19277
72398
106982
108540
93757
65547
42063
23702
85663
57740
13309
45842
110763
111346
79289
97151
97850
77933
77434
25929
49272
62178
58354
28370
53954
49646
62112
63717
88075
109456
101124
47288
83203
3115
101810
2693
88569
104252
75106
80607
109367
36149
86047
38457
1098
40183
71114
27552
46672
36514
2381
26998
9040
31997
77036
35292
100186
4546
9342
21542
52306
23170
32363
8053
60529
21710
13577
37335
20196
21582
86264
64716
40903
78207
49067
91832
77764
79592
43022
14960
19536
38489
5126
43422
62987
95204
21163
39158
101699
12020
11062
108086
81922
9712
28871
33089
10486
31641
51758
31897
66448
23391
14594
25027
46841
44917
63731
102488
14914
102911
251
97142
97837
69157
5381
33006
47130
20608
28805
96352
9267
31496
61015
65926
645
113813
77486
26885
28319
103640
88691
90090
35296
64510
22444
88023
81597
89402
99063
3103
109335
14443
30188
35730
18541
18026
107322
11152
57845
59717
90780
95130
78262
106074
105844
48855
77640
108607
25939
83347
89528
51214
36037
114819
80409
35494
31638
38090
18992
87027
1760
19721
78045
60197
38446
66146
32824
99433
21517
52062
60028
74992
104785
34420
34150
107773
85321
4246
73258
32508
106308
20735
66489
53767
8865
45074
92299
36573
20146
7691
99445
114081
81178
29441
31398
116072
75258
11030
69416
75414
73888
79044
4407
20123
45033
50497
108225
65345
66269
108888
64796
24776
8382
97499
70041
79161
113884
68474
8388
90834
102797
83718
95865
59992
70615
109644
11650
41472
36948
59465
36446
59524
4109
109443
7266
29386
81899
34430
38847
67286
51167
43666
90499
66942
37772
15469
45903
11907
109122
115391
76228
21201
27855
17822
25299
97923
91307
38464
79579
116415
53880
87649
25220
74594
58659
35647
16751
42586
66325
103747
22177
32753
24925
88875
70860
64692
68505
43542
16569
37674
79938
75046
45704
53691
78565
32682
22667
36692
71474
74345
66963
76439
91399
71363
66844
95392
110792
84419
106011
94228
71572
22603
77123
21506
44768
29035
56480
102641
94688
106008
100160
82021
98995
42502
99285
104129
37266
92809
15695
108913
109260
115918
9649
52591
14061
10880
15773
88891
54774
114895
60536
71614
115685
26798
66913
102213
96511
41085
1186
23878
107230
69139
73817
97422
75723
18072
23529
107045
31726
52152
85739
88392
63776
80548
13246
109910
65454
32768
18916
101396
74931
93056
65292
76728
21823
67612
35067
21812
114726
95990
22126
74204
72052
12383
27988
87228
66037
61597
45521
19933
39392
76852
102794
37845
74785
111097
103759
22267
23333
54248
7349
69983
4347
61608
31851
113945
86798
99628
58680
74909
58325
50229
105953
87218
92118
58534
90610
47568
44415
38971
68962
14971
74824
84743
2221
3956
76994
65915
63593
60914
84376
107577
68803
107861
97945
28179
49587
55953
45308
106686
17889
28635
45750
727
90839
1350
33646
75557
61331
20020
40316
9661
57116
67638
116113
47427
44165
38942
82669
72347
57942
12961
115346
12557
66098
98743
88882
78941
44129
19899
23713
100396
77977
57230
21451
10572
35187
29987
5027
60144
15416
111667
102410
94763
113349
115639
61249
6558
40925
106397
15379
7071
15394
103607
3502
36258
75622
19790
106093
47979
35236
62246
3814
14339
37943
74559
34160
39771
107701
62661
42112
61094
23901
10004
20261
106531
96467
68771
53357
27874
65158
71157
5361
51048
25567
49672
108848
89168
3662
99274
37600
92578
5950
88360
106639
48870
74757
27706
46454
44712
80763
82286
48979
28353
60174
48303
