92194
21730
53017
77935
87969
5626
98663
96622
58942
15407
25420
66014
4936
41705
54983
41481
55832
66585
70316
975
30901
28875
36548
92469
43021
87526
103089
11865
88219
29187
75045
92702
20291
36062
101706
76006
14267
50785
25258
28318
92403
12183
34200
50216
89579
100479
95381
23276
105436
44351
92255
93213
34779
64727
86920
30220
13733
36592
54957
30304
2095
39503
103670
9740
18294
89525
79231
103396
16314
38137
50322
72870
103576
15270
61375
76410
92475
96022
33146
33373
46177
56928
37593
88073
98080
21267
81449
45759
108857
13494
34695
7529
51913
4654
68269
72079
72554
94311
26339
11838
46762
94570
63188
38445
92092
63307
13645
23961
61796
105691
5583
36495
23014
38461
98551
69159
79113
22281
38210
175
18135
106171
96158
87926
10336
19321
104072
18270
68092
23901
48949
4602
43977
86205
55736
90201
2862
28012
44654
31464
33383
52321
55493
56467
106643
68749
106364
73670
81016
5159
82002
31938
100293
11421
38613
23352
82645
37897
62173
27690
350
39431
4454
107627
38292
13747
33041
21292
69531
61385
13248
89917
3063
78432
9467
58116
74655
69775
101223
20408
4557
48828
13242
16394
105951
87503
64218
8011
45534
75427
91643
57758
104746
16289
14137
41401
100208
5305
57916
51028
3655
57772
84546
95748
47376
46035
37357
9867
95706
33396
68442
43226
18957
61859
20653
9332
23117
10860
17746
84060
67923
5247
24777
88250
77638
43976
9051
80646
5071
75538
88693
17473
73675
73010
91384
43457
50657
10471
85928
74390
42955
75091
68120
48411
18846
69225
31154
67218
50621
42069
23973
35941
23519
14173
3819
50925
35263
41615
39371
43632
64915
77450
13669
21211
60631
17957
28990
78451
5457
38199
37284
25771
32473
54910
35349
45186
26996
8918
18672
6885
55076
76852
45652
87809
95033
71339
84624
68995
106684
107238
68850
41739
94492
49765
27907
12206
65613
74369
67603
43374
19301
18254
100424
17336
44314
34664
32909
47506
79427
35542
69803
6057
47476
5973
80650
87952
66332
48253
82267
60083
77689
38062
89393
35487
11095
14005
35699
40556
91211
1512
80999
75657
48214
102724
10001
46553
64534
51815
56544
95966
40881
84510
27157
7676
76019
92761
67607
62978
60442
14260
292
4031
45710
60817
52340
29311
42612
27451
49046
10844
91736
31750
89331
36147
18551
89600
83191
102968
65622
67002
3477
86674
101256
20228
35208
42350
55814
81822
77748
60544
108680
43975
25708
70983
81600
69940
34139
102927
5535
26931
35096
99760
77579
15352
983
41359
51239
84551
78359
75361
100642
341
36144
241
103152
10807
18653
100934
51906
53193
97006
67844
33507
103172
56041
67050
83173
25140
60036
97914
73494
35280
36665
76734
77406
49050
776
76897
26845
60800
54934
9882
22239
92780
60486
72978
64058
7135
47889
91640
11924
3866
86397
56392
35852
16509
11748
535
97250
70718
81328
67821
60691
36145
62852
3832
81490
108502
39186
70051
66395
82401
80285
35850
95311
6015
43216
106429
38045
100722
13930
29963
22115
50088
6153
68724
8822
76027
85837
58935
5507
48793
44064
79682
41805
7222
83953
30159
12170
77706
69559
86617
39250
65115
88751
77100
97499
92416
11211
44704
63330
84363
49690
39856
32878
10527
33773
107862
21735
33076
56986
25716
103686
27894
106352
9112
50393
80916
69197
56329
36994
62312
102129
68697
32896
16081
55362
97929
61185
15867
97762
81460
12989
91851
84330
84107
93789
72847
9562
19919
65577
85863
63585
60556
51957
102651
95894
4718
810
75780
77494
54777
7858
32854
70435
104941
37847
49720
9629
100471
82637
58447
66660
51324
41094
88328
46674
69043
99476
941
48173
65686
60051
76990
7020
106939
81014
77970
10686
65620
20269
39872
17338
79529
63974
82671
82142
48150
18144
98492
88940
12458
107086
94431
59811
1633
44910
29086
12411
74694
20264
107912
84779
61364
17274
36071
16243
73360
32807
71680
56877
107599
8570
30035
54044
33540
42675
7511
40246
32249
64878
100896
18363
6664
21442
10630
79458
19765
31544
5896
11381
16031
106158
46802
31219
42917
40310
6381
59838
83564
41400
104675
105547
52443
98537
79808
1145
104486
56843
9053
15303
41992
24068
14126
19062
10534
43901
14280
73490
23476
7147
102934
85498
46125
32847
101495
93664
18645
68322
223
73196
55233
97397
57130
74651
31406
9035
105000
89947
89266
45772
71971
39742
51969
61062
18039
31018
35614
71163
33744
72932
56615
42490
74367
89755
37249
55498
2746
75118
45818
23548
65796
55520
28414
32865
60464
8538
15738
19357
10323
85429
79318
29576
7733
46491
70560
103792
85467
41234
90516
78007
88949
42701
103244
69669
22528
75837
79950
11830
64406
92173
74400
15776
26522
25798
75409
91658
28566
99201
8754
8948
85012
8002
2000
67938
51192
10880
98243
13639
67932
80253
16418
76287
85597
106995
14987
51728
28004
66665
84414
66232
13354
89069
76457
32465
102928
71350
106496
69887
73172
35524
24907
37758
44914
70880
19156
104909
105003
38725
102625
55893
24698
48416
18459
66132
6541
61898
57462
25323
87925
105809
36212
74597
62153
29046
81553
66624
39784
90727
74004
30563
81775
70690
88583
12076
68715
67636
10481
95221
50508
28362
31940
53785
29795
51804
91981
78849
16614
54021
78556
32991
43593
23884
103832
28204
79817
9986
51621
36996
23595
31874
108343
72115
25914
102856
34344
19148
57815
42897
13919
83571
36308
58279
51310
70174
50346
38044
1353
32630
30141
100894
81606
31511
81952
58582
41108
48396
101426
36547
82990
32526
54200
3729
102059
98421
35332
62085
32456
81459
95340
23756
37513
37957
72077
108861
73650
1323
80956
12670
718
100372
103630
17535
22242
12527
33886
55708
41670
65037
37718
96945
22007
102398
22452
75907
82531
96301
26018
34395
22616
58544
82247
84014
51116
58742
6806
8615
85383
68009
1908
23795
17733
197
94404
82715
16336
91695
11102
100614
2385
6844
41239
106265
73937
4863
46451
35547
72091
69690
55389
14584
74941
85113
67571
80816
35557
103961
93170
70350
86169
101810
4386
30363
4717
17784
11726
3975
64811
48943
85907
83646
53625
44007
26853
10398
101805
27280
1635
43935
44444
50311
66098
59707
49905
38149
108277
94350
31658
15954
90014
41356
14994
84972
87411
75889
30944
69458
1618
85978
72931
38596
9930
39476
41041
77446
62431
48205
45612
55342
85621
98364
18136
92419
26457
95910
58918
18418
11389
76744
36700
53099
68272
72064
3871
95145
19451
51484
38401
53490
19598
41281
33035
19190
17849
41824
30604
102260
89358
24534
32081
100086
53326
43443
70276
29690
97645
54618
3336
86091
64732
81624
85808
12304
54827
2930
98012
10033
31105
11909
10079
85944
99799
104293
8699
2026
102538
64672
32305
22939
25862
12359
77147
35568
63147
79257
71902
12500
42691
84617
22426
12012
82177
4521
31970
33070
104833
56306
17735
2599
89095
87241
9831
38976
22544
100905
28449
96762
30651
73880
8742
46833
12561
20438
28806
23633
8555
104475
11593
76610
47868
101811
49203
87619
24930
11051
59823
31628
42208
91887
91119
38220
71336
24607
23627
96267
26200
43692
89722
52305
19446
4909
53059
51676
35799
80238
5366
54128
9818
50643
107448
86045
99454
91089
85904
18660
38824
16965
103996
23632
90549
84953
3730
106062
81599
17604
6523
33970
16441
1185
64748
107286
8394
24222
57911
58594
8721
26563
27550
85812
51771
19263
52372
42252
101831
57396
61858
25400
101943
84251
50452
19340
28692
56740
24354
50809
64787
106576
89502
3808
57214
11450
32908
18517
58587
3587
1600
27195
3777
41349
35329
56785
89884
5566
84739
102051
37410
34326
53818
35406
53180
49029
38072
24375
83745
37719
78232
57331
20046
89160
72376
10636
86686
19982
98856
48853
103086
64232
73796
64776
82320
62959
7788
5827
4841
4545
29038
61973
47915
22550
58171
38621
12386
14549
90420
70976
39821
11124
3525
8994
73717
57723
62621
3940
84565
21906
87441
90378
80168
107212
29735
16305
104936
53073
25677
31277
3129
34956
62320
96873
83149
60412
102938
9878
27133
22732
95040
91105
14655
63175
105631
6242
89865
83457
19041
90182
59924
10043
66222
67732
24492
11963
96753
91689
6086
69951
6108
8382
16827
84913
42469
35860
66645
66113
84557
56793
81289
69466
101593
10495
73643
19153
75083
51414
87598
47011
100558
76401
65254
96914
80174
20615
28400
12300
57794
29674
63381
2549
9264
74801
55540
21362
19377
70739
106416
27560
100759
23520
71066
105258
95341
70787
295
100958
75886
45480
60189
104792
102380
28024
17366
102883
11029
34513
28447
26876
69433
35611
9327
5263
33693
29645
76111
82804
7931
104075
95554
79951
72202
107687
82321
50038
95443
62632
75768
100813
13052
21717
744
17867
51237
39090
56584
28048
39895
27668
56244
79968
31928
98472
71878
24194
28858
43217
65434
5561
37408
19468
101136
71323
102106
160
70548
68374
57914
5565
2160
6916
2316
6343
72960
60476
62571
27631
55839
39562
10859
59769
2567
93506
97598
87486
19225
88375
101119
97148
73079
16277
29029
98987
57995
61465
35566
23790
11449
15937
100390
28544
55762
16199
14071
21407
75282
81990
68757
8596
79226
30017
8585
23760
2661
51669
8269
48644
33086
65502
52626
22581
28060
91506
44383
1943
28195
16425
34605
58604
102570
373
25645
1346
23584
12786
94487
71335
51264
85614
81863
20266
2271
18982
48665
30646
54107
10640
56684
92181
23758
24212
75643
81054
37122
46609
47079
16853
49990
43038
21929
107637
45189
44028
21043
85035
11899
84944
45541
79928
565
28866
2872
45347
29706
67057
107968
22044
2518
43046
57942
65901
5011
102326
51903
37614
104783
22189
49387
17741
28863
88798
49883
3693
4465
220
92501
85745
45529
57228
67700
70093
31478
2693
8727
78613
52198
50417
87063
49665
74967
58403
30391
2818
105010
103001
27896
19200
11817
82584
92957
3681
55210
89778
51409
91492
104421
65137
2488
23482
39252
77518
3280
93347
88112
81618
38013
4696
68631
82459
60165
103706
62847
10698
3557
7924
65008
97757
17091
95946
54501
49910
70626
85927
60984
75269
95747
15307
42494
34297
9365
95868
96117
39886
94035
73933
106235
69716
92460
523
25125
52103
50117
99961
2045
71724
5824
3989
1975
72745
35104
73093
105726
49461
85823
64769
52579
47933
52166
1440
15608
57155
15974
31040
70521
82591
41625
33099
96559
35512
89425
25190
90008
44221
48799
1877
98679
93359
87304
20890
105125
44647
74948
104311
27738
31942
71500
30773
32873
13426
40628
75845
58817
55466
5330
93002
70491
52050
96167
96330
40387
86530
13841
32769
274
67839
53719
64826
106266
74218
79237
90241
76533
96138
37644
50823
4045
22146
92315
7010
104989
30635
39039
92068
87843
70830
78516
87532
20274
27464
6953
6133
5704
60135
63172
1694
48842
20965
63985
53312
78267
93708
109211
69802
102104
16406
421
58740
68538
62950
53506
46579
79479
36352
28922
4294
13751
10373
79833
79156
49204
95954
4614
28842
59055
53980
83544
13399
16334
7030
69642
42192
70932
51807
92669
22777
96851
9208
76677
81813
24066
22905
105118
67351
42724
71015
42968
11677
84342
83876
5731
42812
54941
106822
25207
70053
61557
35858
31319
64492
58897
29632
102755
7299
6173
36468
16942
44345
22979
102094
59766
101260
61786
64227
4690
71180
8724
98591
75943
29637
68220
61229
99123
94307
94333
53729
67285
35432
78131
23508
92479
65016
96862
41251
70624
51265
68098
71441
50248
68170
88585
11236
9812
69397
32155
102908
92376
71771
95141
98145
76750
40732
74627
51938
17840
44385
44959
36511
51673
75962
8711
91602
89740
76353
17826
7859
90421
96460
16221
13547
3514
15709
77052
90256
91439
10763
31665
40275
6981
31273
60844
22042
48547
109053
98318
33269
79994
65788
24694
75574
71177
3038
74777
11363
57537
83976
26412
79348
84458
1932
85858
20205
28363
85918
83250
101834
54063
104715
102451
82412
105473
106015
95226
89942
56811
104389
22554
49263
81047
22276
10160
51682
57218
83488
20631
55512
64021
91085
1228
65201
47772
8799
65058
52334
78853
56698
30053
89315
61429
69883
6251
107223
53367
52931
34835
57258
79376
56319
49863
7966
39956
37195
57576
96119
72815
87168
15628
20229
97249
74232
29743
53169
108411
95596
39690
24864
88967
108147
33413
8324
33404
102765
80711
2663
57750
59296
77637
79411
79394
81840
57508
82444
30322
41688
37275
30395
15988
52630
87247
72318
51516
13500
20851
44594
70021
62961
17540
4536
7366
40859
72466
7639
88291
28343
5801
25560
13254
23453
32176
28929
94796
66977
20489
60816
21696
92954
8330
95569
12919
56458
76633
41732
77228
26455
53864
83884
15287
41442
15921
20317
88256
88107
107241
71070
105106
39763
92942
55160
48960
15097
38969
44141
108344
84979
75575
40700
103139
90971
13296
59594
81652
53043
83421
92180
76446
29333
19066
11825
73253
963
38509
66762
77719
107943
6752
87232
85675
88012
68603
47873
16365
98873
101894
80923
62640
90165
16496
43279
49035
53592
72530
60232
6392
54933
7677
98826
27520
35254
75619
88319
2538
42068
34024
81538
62015
24524
54686
45708
41883
92178
7354
34998
95146
21145
106021
96246
80139
85692
55426
102808
46724
99294
83997
4534
85717
35898
107837
60512
40742
7642
31272
4018
1012
30998
103391
93641
106549
53228
15571
83890
16332
6710
66161
85352
2767
34266
67511
29127
14579
57081
96530
9548
100507
19931
71666
1729
70450
74719
89650
62935
60831
101041
87667
69701
102430
93112
32167
53362
39675
47759
105274
71165
80411
59334
78929
88979
16348
1624
75371
39631
47681
44595
59646
46083
48655
94678
50133
87591
108646
96764
57244
29818
56352
3387
89376
30173
56754
33498
5903
55742
65322
2785
83082
98652
79136
25018
39493
30294
78855
19638
32316
42292
18432
78945
24344
20633
108810
24213
96596
91900
9014
72788
66947
31334
6936
54055
65527
47777
64668
68448
19193
105787
19012
29826
3089
64332
66860
3584
107793
36771
35438
69836
24666
8469
79352
66355
68478
60686
92845
53082
78385
92803
107902
33806
24484
75971
77499
17731
32149
93107
29874
101764
8908
82560
65676
19049
50720
54144
54951
20508
92248
28233
4317
83198
46829
98078
53035
45020
85649
89607
58618
25129
73931
42206
44964
103041
16842
104993
103329
9927
77796
37006
24379
12362
35686
5130
55014
72921
58515
54053
42003
78773
44744
83590
1322
64487
25693
52022
87362
5442
70364
40346
60463
10082
15302
73261
25336
55527
55384
463
68576
72999
24567
78458
42288
101254
67017
38940
85359
56977
30292
56355
101499
31532
74213
75289
53778
60908
51369
93172
78910
54845
38179
30530
77003
45776
51966
12028
73078
40958
98411
40686
79815
65059
82928
65487
25993
74149
55026
33262
33442
88586
24839
31728
68359
19343
73963
73870
71560
94112
6191
39160
13424
22353
30493
24183
260
5696
92253
108960
26775
103664
15423
83042
88834
3661
30399
38209
70970
92220
5951
94332
93627
16557
88176
32156
42580
45870
37204
57889
97351
28208
88188
60654
1893
16352
96832
100363
40439
18988
84349
25825
15007
102780
43504
70414
16634
101526
66373
17799
17508
105386
67190
88742
95383
24721
70243
59744
51588
44890
47066
13650
64525
72926
19834
19925
38820
91705
101694
28897
14483
17212
87331
67934
79841
100729
53200
42833
36470
86785
83595
66891
1640
11848
96913
26439
39564
42848
29032
11335
76856
37348
84803
32326
88728
12563
99879
51785
5936
21513
101560
21727
65817
72559
53695
15652
44930
37182
3508
54545
72292
84326
89175
31304
89243
101728
103332
34130
59401
49516
42888
55768
41961
97539
55063
77731
13346
79161
34181
80004
46980
29792
12054
38971
78429
100966
46500
41379
48103
50239
57062
51803
91575
14077
91963
9781
8775
20316
71220
72534
24551
1800
4838
100890
65538
106764
79720
32812
95681
9090
55802
1776
36642
80175
63850
65594
93603
67512
73164
91319
107425
46359
206
95988
27608
27469
66640
63830
35430
87720
64499
28313
87854
64222
67869
1316
12834
21631
97958
41948
15585
5977
60081
21099
15176
63196
30366
35460
36122
77559
72640
100691
88288
104412
15748
20141
19896
59932
75086
66667
77921
95996
43469
86199
105062
72230
45912
89039
7673
99775
99204
71951
105608
10553
9864
10353
29799
83907
87173
41390
79686
88612
57918
39799
90607
57119
55986
59046
21282
72501
67114
57007
25057
45344
108654
69899
27184
47813
14528
73392
85038
60360
81001
104573
2521
33098
43913
10563
11464
34152
56587
46785
63746
86290
97717
23590
44268
90695
44649
46809
39669
20212
4743
11877
13152
67410
76768
66163
943
71958
39330
39278
71480
9796
92140
88114
101780
47080
8462
43520
41798
11424
103363
10355
29618
26313
35062
79063
1942
30990
3322
93156
47322
7390
98840
43574
82539
16086
104850
84269
1371
106727
71807
46397
26817
18080
71866
29568
5983
10582
100129
2352
20052
762
36897
66654
7829
54032
94412
79548
90330
65985
71063
23831
47952
5060
24603
51836
12536
29982
58794
4698
99628
95816
84544
4748
22399
29510
90587
83735
88166
96350
89595
32170
55877
5323
63706
104734
70245
2867
28709
70154
4046
73445
22467
62962
61599
76195
17213
41579
40949
97012
39367
91144
53403
87434
82504
14127
98985
23442
1170
74561
5726
7272
25738
15455
30991
53846
61880
42153
4078
11585
36562
5531
93289
95426
99383
33837
7214
10202
108021
80883
14254
77181
75331
74154
104923
100832
5695
74158
6214
104430
15018
82075
87382
105585
18149
103369
23770
36805
74489
46543
79088
22676
86801
43113
103404
40636
61542
92926
55685
22336
99658
65727
92876
15681
46798
69008
64271
48934
8586
82307
12649
59745
33283
78050
64783
95175
71086
37376
96623
98921
68563
29672
61892
80714
94108
53364
7378
33935
91873
92626
24952
85123
89499
32277
26440
108314
100268
90945
79212
86721
48989
64556
23443
101622
53291
108464
3025
30454
65841
51912
44798
37753
49298
34451
41363
10559
74980
38497
32575
81188
31923
59220
43863
6304
28496
41629
17214
101781
37482
48876
54427
7179
24619
16519
42243
57816
108473
42775
8998
68441
68458
71665
53986
36935
10248
10307
16168
13389
57730
84280
7426
60521
46899
105780
87712
103094
95112
92863
39468
51767
93281
69384
102330
55045
88049
43381
63911
88274
4635
33145
17501
44401
39147
98555
91227
10877
95334
87715
68229
85206
22540
70711
104699
97319
49953
53659
17621
57557
1280
2247
76169
80119
21839
10777
32958
35561
50149
70069
107323
23881
22873
38197
104149
36223
39500
43508
94163
66943
73944
10297
104300
2255
92148
25634
12073
82805
60967
76894
40648
49364
4474
18253
50980
95795
16461
52234
101891
86144
102457
17670
48188
93407
5278
52735
84681
27187
86380
3984
81275
105093
65621
96924
78737
55463
57455
106247
31627
104164
53664
19570
8028
28296
343
28211
92423
71759
11312
46710
100128
6530
59177
33757
59844
3188
17142
54024
37867
108214
102774
82801
11671
91546
71865
33309
51458
88557
93873
74002
97442
2879
40705
70187
40214
21370
16726
16824
56696
37352
22251
46511
21527
16524
3182
61571
85052
92158
53240
14367
96497
70504
94930
61038
82357
94030
26485
26014
19675
93523
23052
66400
49999
57351
47030
91778
77130
3941
60608
56668
87981
49419
75150
89783
44458
84680
56784
58363
15207
39087
11123
83970
73087
74636
90105
78914
89830
25218
87447
5644
65280
2335
84740
28378
2517
286
72133
92663
83792
51177
54013
79724
60877
77575
9615
32011
35555
3323
43417
64367
87360
23390
38470
13102
59144
66925
92673
85960
64640
2514
2954
6475
42684
10607
2097
5725
86661
57454
93693
74693
79983
39601
65228
23785
95227
42557
69230
10739
15434
51832
92884
77625
102431
77866
7627
55364
7146
92768
29154
90489
11061
40365
28825
35034
73913
103457
41167
17453
95151
33683
22073
20769
84246
89476
76292
18001
78345
14531
31258
84259
17854
35983
57672
26387
18777
78441
47603
22494
93291
46964
93067
72856
60319
68666
18152
13131
33508
37551
56987
88606
65307
21736
8644
18151
79842
30986
97190
19083
3691
42996
101503
93256
25987
14336
100089
108243
106452
81031
2508
57982
93434
96486
49657
72280
105180
25076
87672
20211
51720
55618
102995
69488
31662
18654
25442
82221
89654
19593
41224
16632
105362
107153
30615
60970
68033
49572
77968
18826
61359
95666
24582
60333
49667
61689
53461
20958
75873
79147
39288
101235
22074
1078
100446
91498
29796
1986
9204
27086
81436
103857
34193
64820
89504
68808
36448
90627
63323
11457
34010
77159
89890
3294
21076
102758
97132
5993
96936
108194
55747
86901
74869
73921
95821
91597
1098
89966
78197
74740
8710
86851
47552
20651
101511
103517
5739
60184
102590
44421
108399
94589
60559
87831
43418
39401
70311
364
56893
77815
107812
94569
10577
77375
61980
51254
15067
77744
69507
75633
19704
33234
55850
6832
76802
27039
76141
16117
81230
46711
26889
54681
69189
48454
55271
35186
34907
4130
80181
42135
108461
30920
98357
66108
31195
7057
1463
37308
37154
73204
26972
12233
88601
99110
27345
70465
12440
100955
49686
50070
5005
38918
65119
93283
4752
96523
71133
48781
68386
43578
90471
38696
31470
62577
17019
40280
105847
32442
1677
35804
106060
107268
108880
108958
36377
107261
31398
46055
66101
55182
21313
42343
33402
100912
67754
3962
41310
52317
19053
2222
24323
39255
58841
10643
53845
57037
53882
71127
21316
89195
28854
90272
86519
55168
84966
6336
43661
24027
80208
44069
74828
79278
735
28494
90274
6803
69573
22552
27465
15211
102242
13239
58418
32266
26783
58639
17691
9676
37392
39968
51887
6514
47449
92075
94507
84312
83669
99589
56661
19230
873
41627
45400
71067
90864
20091
72154
67254
16188
3604
52738
9725
103541
66742
36481
42280
91802
79418
26096
101530
4177
86023
12754
54640
54092
63178
32369
103268
44091
66808
61903
8274
18875
20430
109049
17161
39698
20556
55352
12441
43642
68179
40453
74008
92560
25812
86758
103808
9110
35890
53568
57172
76999
107704
26947
68565
72002
94807
63174
12829
50041
27567
31248
51508
90616
66835
28620
99365
56189
35591
99582
74791
72036
3934
36202
69460
51209
51729
2780
38416
1456
73827
58435
86518
49837
62273
21519
46084
34821
42152
13713
42255
37575
46060
7166
102541
27636
72215
81749
45218
21376
33141
13726
79283
63190
71466
89978
37035
47338
82789
92077
39952
7200
50347
45522
38181
106120
47866
33417
51072
2994
60948
225
18623
37191
5664
95261
60902
444
27369
105121
32330
32017
60863
81748
12053
10628
104378
18816
101438
80093
32642
27179
61027
55171
32564
107998
83215
2468
84002
75919
8472
68318
33
270
91972
85706
27423
85721
4699
81240
5632
94105
15553
22608
103644
52857
59016
67456
44827
104569
5954
84365
35883
49214
17294
24368
92346
28934
50025
25458
21676
21912
52232
25219
59664
38049
42784
16283
29670
74927
79771
17905
104892
15289
28047
35386
51353
4969
104597
31912
56718
97203
14580
66728
14223
108701
77283
62519
31920
33796
89375
35691
50175
101297
27959
102276
14352
35089
60227
34464
34958
89507
103055
95796
11779
45343
80194
22891
13592
90088
79725
102031
80543
51931
35999
28870
50408
90365
102441
90629
24573
95335
87005
33341
18785
38107
25667
37252
39096
18726
77549
108886
92327
6227
51835
38034
46861
36473
69655
42468
15960
58830
32284
42360
48671
64654
21021
100895
13615
29546
44788
56119
16128
83795
73563
18154
69443
11983
101569
85424
102201
92231
10372
57082
45341
53429
27761
89278
102332
11712
32430
93276
68418
37333
62023
76083
44561
63280
73326
789
6473
38304
85880
58962
6982
109079
92269
23021
98719
77807
88280
2435
97197
15243
99010
77243
67288
24631
88102
3376
14521
76488
74564
1728
58436
80352
19327
102899
9778
77440
20856
45182
92676
96436
30182
52804
15582
79154
81875
13673
96879
30168
4833
13983
65123
60867
49373
4857
105670
63713
84833
77506
64570
67136
84851
65945
10702
101307
84010
13595
20596
79622
62527
53987
92011
52074
56677
80212
49110
106881
44118
13507
65027
58732
73800
81594
80306
21207
53999
26501
28563
27084
63122
88768
32279
83962
27344
4035
90226
80766
103504
39534
3077
63230
72485
13569
101429
15880
94531
47594
47461
4898
73725
23435
3538
85635
26400
20972
88322
76714
41260
90315
5340
53699
1521
4424
1956
1478
408
22318
20219
79101
9378
22868
60404
74175
72345
22597
2296
65407
5303
59917
19419
59935
37697
15369
45246
60248
14233
22862
31282
84601
101441
49552
83231
12239
57639
105797
21903
61048
83420
78568
53322
31200
35508
24056
71915
74556
96793
69050
47315
39387
55815
65009
38079
102037
65883
29223
106951
29371
18596
93305
68643
100158
83246
48575
99699
57694
30666
106525
96568
59082
27463
96390
5614
32022
105163
40738
69814
2986
74472
32579
27623
104575
102402
105786
18275
18671
47486
75987
52274
57946
3521
9521
5290
48504
35161
107703
74057
18050
21546
17025
59475
108694
65369
58631
9767
61750
23394
9916
13268
27543
55610
36276
12381
53711
62992
54664
57497
50569
104732
45711
96211
89754
81259
95139
101388
69141
56647
64974
27004
103067
62678
31235
36348
58744
66795
17172
77966
1944
10901
103340
91652
70280
35755
20639
87484
65044
26903
64982
59104
8897
79346
103271
46438
45131
31373
34534
65375
60977
7886
53703
54202
87244
7736
55381
17188
96337
13001
62522
37174
60484
87806
57687
108111
102041
85086
36885
39958
94274
77670
86215
27098
52925
99352
32755
67774
29551
25280
27172
17370
48954
40587
35843
5215
81817
89948
101350
83235
6158
66106
62155
41880
40550
76658
59502
11606
80570
8131
57429
78543
19037
70979
34736
56393
38384
63916
208
76131
34318
89286
32274
63502
52520
64079
6383
60895
64628
36427
99886
41661
57391
92967
105434
23940
51637
7313
91655
59526
67109
104826
15318
6972
91482
41142
41040
72641
10039
32957
18287
34019
37630
61966
35752
3080
92285
53168
101607
105474
31022
13299
47999
83689
40667
102084
94509
22964
45355
27988
80531
5094
72903
27385
25411
20337
53302
62277
40477
54838
28624
54490
38604
34467
27919
57114
6410
33264
63157
91788
1787
46212
17107
49651
60258
107412
19913
96896
66916
35714
107574
52150
5127
18132
55295
20045
18651
17421
61046
56203
53550
70351
91647
54131
46076
98590
7987
66489
17470
12835
17159
43421
90850
64577
31772
104975
10670
83846
2816
31535
5211
74167
30892
52531
98018
92805
62741
85846
103979
56447
78225
29255
67513
23652
101556
57839
53211
49382
1652
77169
46370
17201
55157
79837
8957
89433
83442
74435
28796
32947
60109
99066
25162
69780
31242
12369
12927
41236
40381
52445
67941
85179
51547
14095
86729
93787
53561
6192
91259
107296
46382
15638
83725
77284
21405
24718
97306
35101
55534
51001
30415
573
58038
78817
80437
10078
59099
9350
86289
101161
39921
5505
101396
76294
49142
71151
96180
3792
48321
55936
96039
20649
67633
81623
51968
24108
44464
3441
8571
100535
101327
33863
13417
85832
93297
103287
54073
88504
105395
84542
29481
21620
1481
133
20734
108835
62584
15791
44828
73009
30341
52582
54656
81052
72013
90178
59225
33419
3150
13662
47334
67535
89854
71050
32234
18217
100227
91718
19949
11323
46885
54388
86534
91364
88533
39608
16364
12899
70549
80598
23356
80620
77619
70056
101552
63154
86407
97674
83583
8849
73134
35261
33025
58771
65718
45651
47898
98119
37525
61771
86293
14938
61148
105102
944
53794
86999
102506
39764
53050
89063
93698
92832
22192
5559
59089
14711
19410
19667
48762
37843
69898
27648
40331
56025
103831
10802
24581
36769
100536
87208
34815
2472
77075
3229
41259
69376
540
25366
24500
52554
34688
35284
94956
33221
20098
22312
55301
65371
74775
51934
79516
20816
45971
62865
71619
101580
80386
1849
89027
100694
51858
91052
63219
66432
72631
17878
31626
10187
64948
20492
64522
79020
106819
95599
90865
27884
14116
76754
1788
52902
67481
106149
74820
28883
10692
57644
6467
87369
48274
82281
92003
95716
29893
86614
72924
56483
101308
103981
101359
50438
105334
108192
27264
34517
21425
107517
52280
58461
37657
22614
6989
20419
91688
2526
94867
101143
65446
58755
95276
69717
76193
106569
94168
84811
38158
73073
33220
107021
53392
93949
51884
70940
94061
13999
39258
9611
27144
83071
95278
56472
56403
77739
72829
12501
30043
66508
79552
76103
75281
80588
35758
13794
108195
32164
7882
90299
47163
103392
47106
39522
105550
71060
37107
65767
87688
90192
91346
52686
51808
33487
56535
22629
107264
52550
78560
35411
14886
22341
81156
65880
81292
107394
9703
44904
97816
104685
45330
23284
81470
71391
62466
12147
30344
77645
53581
40162
673
91577
77585
77510
73424
21509
18977
13560
86428
23825
51721
8395
8786
95933
22576
54042
8254
83657
69739
33117
98870
43591
6692
101773
34349
53253
59032
108042
34401
68937
98219
108226
75275
85967
12045
25511
37840
68444
39657
47744
22910
23160
29540
55123
47459
81547
105893
48091
69157
65435
22099
29759
2982
105096
16950
96192
47171
8066
109045
65287
46629
28547
95470
93219
62212
107199
108941
46407
3199
48907
7659
94990
74852
25194
42522
35453
57586
18377
78609
72709
21870
62887
55671
10322
21137
61226
82797
105717
58874
52598
16136
108901
62635
5934
72119
100176
59138
194
69551
32506
26559
31222
79899
82810
29571
36674
96920
60852
2348
19753
52942
25848
18880
26172
89930
56761
7781
96263
15059
52878
61953
20254
69029
95344
57135
81762
71780
87230
93104
33339
90750
62674
83724
1061
20646
17881
14224
41719
49130
64797
31831
6437
37981
98151
46285
79517
106747
56855
22642
71244
3006
90706
21053
71227
22201
84752
70194
4809
57888
72879
57085
23153
76011
94728
72512
38086
8683
90271
65980
83126
686
16021
95846
57169
101882
6175
48870
77384
100270
51422
41689
68548
80079
42460
26600
41528
28026
63017
62040
26039
106145
21494
104982
105742
42659
100879
98087
91057
92763
88928
96364
106232
48854
83644
41276
84916
16655
91932
82360
78371
68584
23340
6050
11901
103893
46246
42191
6502
100079
30963
103021
72151
76052
12806
14085
13879
86543
96966
79339
47472
60221
39427
2942
50763
17657
74962
12046
99087
43220
54748
55955
75163
69821
31824
29000
16854
28723
84719
100052
88448
59325
106492
89897
85427
34409
56983
54943
92765
22323
52244
59233
70389
98951
28506
94276
44846
3370
23829
109078
39453
64752
64287
40657
75164
91199
40834
80200
44814
71351
102558
98654
78738
11735
30453
80080
21705
35596
12220
1053
66997
26942
12000
64234
68731
37184
52681
71911
103984
37878
92190
108830
45906
24558
10281
59228
12471
82073
80947
23589
49627
26805
51989
84893
88544
85730
80284
107568
25213
100267
50370
72556
69827
52268
7229
2014
55145
15426
57230
5877
44035
60307
3970
77194
71130
72423
10679
23562
54370
70736
20081
42781
100972
26691
66722
38208
36317
51294
59952
86824
101922
101373
15173
37677
2202
37416
99372
28784
23681
31253
5260
82020
69054
88669
69824
10876
67947
32704
59592
14976
70399
14849
24642
101133
3837
54159
38244
69839
5525
3101
66563
35273
3947
51949
25097
42834
63983
46100
63925
56939
94478
20293
35745
95678
42582
36174
73854
28157
58256
44562
38475
31228
102303
65635
90579
51278
30891
42296
27587
35963
49546
25606
10601
2792
6618
17110
83823
37436
49861
58259
1002
91106
76694
99750
7262
63605
29162
50617
8035
58607
95119
23143
39307
73611
61916
77147
72101
36498
80084
33615
30600
830
81797
103409
103395
24578
68496
75979
35948
81532
58455
100292
21816
15980
6883
61751
81239
2846
6908
106948
92073
87361
104050
2589
50320
30811
106561
16207
104631
102629
2206
53955
74674
7017
97755
57805
74206
69222
19628
98997
67400
103117
69416
51062
1189
67173
30051
24944
34941
63944
18375
30923
38846
79495
68416
96223
54983
27458
19483
17243
106184
88346
5374
60524
37661
88729
724
102902
72868
16033
97831
47024
45103
29665
75834
22281
29610
83504
4493
89865
58581
62705
13978
99660
56894
45390
9936
100395
61330
75027
39159
