62596
14295
50577
74348
81694
26536
28427
54090
27395
57615
43383
52161
99384
61465
12918
88808
53113
33131
2547
3090
50368
11222
43857
88253
65803
42666
43751
8410
25594
36822
51270
69097
108264
74549
82787
10875
33172
47594
69165
56162
4336
32660
58624
29191
50128
47152
41150
11492
106705
33819
96097
2400
103488
47263
103380
83909
104386
36188
27547
93013
101950
2079
50921
33764
51143
95651
18260
91607
101906
924
66317
79787
38012
42738
91275
57884
78410
89873
108274
3313
64074
45826
104954
64750
90591
38025
38077
55773
40433
17212
27242
40806
25500
61482
88777
106072
1192
39042
62401
3892
64574
69747
19619
77131
42436
106287
12139
101975
24803
72249
15184
26748
77163
109171
34458
60975
78135
71461
76309
8569
105071
79844
28848
56657
91372
61924
64726
11520
78686
60122
35313
11756
48761
53184
52902
106349
16108
104461
26084
91878
38217
48698
74745
28023
83904
86087
35750
43681
19113
89703
23953
11627
69264
88291
70611
75184
25301
8790
16947
96137
80441
62314
55213
29559
67859
86837
106248
24426
103722
25808
1006
108053
33653
63375
104081
62490
25727
85314
48289
76931
31461
38105
25046
31796
18828
18919
99275
12311
18936
95723
23048
79100
95343
46119
64762
89865
56678
3004
35441
105966
12436
95184
105402
45607
50548
58033
76445
74934
101227
24749
13874
88834
76389
97134
70374
34815
2579
5686
91740
96581
83864
103076
54925
40088
89024
65435
98881
48309
14470
87619
40889
70928
100573
104540
74809
46022
17643
20126
2740
103726
49041
31336
101034
7844
70519
38096
8996
29181
15730
6933
66702
34809
92689
90742
98551
107583
90649
51443
13788
75765
40763
6212
85096
32243
95719
7746
28628
106070
30957
83523
7624
51707
36909
18231
27453
94983
29105
78439
83924
51985
8498
90961
45710
18834
66764
14936
97154
41317
25732
25688
42111
20565
59812
90842
73655
34329
37096
11969
36523
18770
13763
84236
105986
89790
40526
71647
105819
5753
95181
25558
65342
41281
60330
44362
62488
93932
102358
100434
89149
33150
30558
36283
43824
98489
102443
51767
15159
29142
95768
106273
72272
87380
45118
85411
51048
61453
82908
62101
64034
5626
58857
41566
59712
15945
26411
12033
59713
35754
38785
46328
106600
81650
25361
59303
51286
3858
71669
21103
87969
45663
19189
74461
14063
96574
11406
15158
51562
44908
53046
88596
4964
89320
104466
84825
67190
65933
17709
79170
43911
107919
181
98759
8373
57866
43964
6457
41631
60726
25843
62894
82977
17348
74273
55033
24093
20451
6195
28847
49230
95843
49114
86063
41382
31012
88344
15713
51769
81191
75729
17759
36802
96586
86352
16545
106238
47055
12628
22365
33828
4885
56164
78259
87446
13834
11869
68975
48907
58369
29619
96044
70177
41862
28668
44314
55456
57022
866
22407
64657
11191
17860
26245
66578
77704
18879
21652
78380
73768
29556
24753
19232
67398
85627
55125
5840
51029
3793
43771
9869
25056
77750
103303
12899
92000
12839
33869
44594
71870
4621
18477
43328
6226
55892
64622
12651
81071
71913
72372
102929
100811
91175
11720
17394
10669
58884
77972
99591
44637
39520
46971
56032
62039
87505
101495
68201
25490
40327
76661
71164
22185
73718
91483
106743
87081
92816
10754
64154
4323
68432
42576
70415
29711
32375
61195
14551
16640
47466
98231
84390
22728
58722
90369
22952
59111
11862
7861
23220
20121
39215
43401
23329
19685
80880
67877
92750
101133
107734
102149
24879
11369
46100
72311
37037
3691
32271
46826
6122
66512
16889
106633
26101
73130
57176
33443
21114
29912
4610
64189
97437
91272
42676
12489
25099
100185
88521
9602
9443
32104
103544
97589
12305
58029
70383
81440
63336
98680
5971
70692
42719
83789
26982
4800
5717
102652
95081
55076
65975
44633
98237
67455
53935
98184
71702
10510
65982
55143
28802
38099
58917
59239
24903
67436
104734
25028
19865
82130
29090
72128
89948
89614
87133
40129
14453
63790
69283
49724
38704
26405
26013
29383
100449
50560
5685
9897
34554
24344
99946
72473
75839
23114
27877
21692
89905
103426
86291
10960
25468
1057
30158
90273
10964
64239
96948
56641
48543
82767
96192
43982
41772
2302
32028
60259
107989
23999
40301
10848
97290
11506
62156
54379
50346
45255
26407
23486
3445
94298
78505
12516
12381
71950
77706
75134
89539
69613
17431
94178
14712
40854
12694
20644
73828
63473
91582
23052
39019
92891
54924
95297
40000
52018
25374
30235
102481
9844
77496
60581
24990
84483
6723
6926
71029
45033
56394
79845
51041
26527
27314
91609
70103
66421
10081
31073
16707
40151
23701
6484
9669
18192
52319
35103
87905
70156
98035
75517
80017
102817
98908
76705
100157
62405
33068
26570
91130
52840
103808
380
68099
71137
37470
41828
57060
90093
62943
52793
22542
14082
49815
20403
1484
50403
102255
2965
53644
3575
22199
43835
17857
42931
76602
81358
55487
15619
31311
83981
35912
55248
60325
71076
107570
75076
22864
45960
80595
8917
61239
107651
50553
27974
67353
104156
38952
16704
71162
84681
42315
51705
41110
109140
51933
61039
75997
63619
78604
41452
85685
104761
66759
50310
44429
8421
7074
83437
68299
76895
24878
9937
18297
78709
68110
25422
83568
32077
91563
39242
88261
91614
41471
51849
11261
32485
88167
6716
86195
90650
16022
47036
37079
83582
81502
55214
105298
84426
48051
13129
86804
86916
108674
34499
20599
81697
41290
15093
19951
88395
83376
101451
38976
98933
25278
5629
106551
14071
105382
105335
69588
55703
41448
17073
99398
30137
49152
46193
30903
79574
95208
103154
13356
21879
52383
47542
55854
81603
6332
8887
78826
79567
93278
84986
53627
83817
107587
29920
99843
96659
8683
11556
25363
35735
92589
13865
9593
77835
2032
29851
23119
39807
30181
97171
8862
24527
95468
97480
41175
9700
80587
55319
52230
75234
50472
39617
84409
11830
15099
92965
82999
65652
79419
26784
13250
11377
8853
98415
24362
43581
55848
83872
98451
3556
106178
88021
5849
101355
25508
23689
72039
28964
44665
51331
97905
83453
31079
60745
70167
11360
51157
97385
73048
57822
54462
50426
90289
8507
29923
54412
58553
37548
18815
5811
102522
33526
14707
3598
52795
50271
108947
52864
7078
86391
56588
6766
36237
22859
5078
29661
59569
33551
25988
59344
29312
10700
48256
47339
67928
99272
13820
26892
55880
538
61370
36368
2085
14529
97136
99849
12373
29325
76433
52257
71579
98386
24339
100511
95315
44890
83926
5642
105314
99549
79874
71753
43576
98310
90308
86709
48587
59161
83059
71023
47377
100602
6053
15203
32019
98045
2310
71584
87581
22690
85606
57862
92068
59197
92393
43657
52477
61091
65678
88046
38273
55201
61061
591
88873
89304
91406
64888
94534
39905
67203
85278
45851
93465
13219
49721
72514
18252
73758
28954
62358
55673
94863
68992
63930
86026
45687
18695
47724
20225
32526
22218
48814
63274
60466
93447
64007
82269
54974
3518
88076
14
60418
23400
77092
25445
40533
61891
26844
36428
54584
47678
54809
70703
56061
91945
55930
17065
56000
44634
72397
54504
43133
95387
44922
12413
518
25685
59128
92910
6480
47681
56673
81132
96140
14932
55433
8311
398
104259
85356
90210
68797
50174
30340
56541
8802
19570
24274
68497
34925
7803
14715
81996
95491
28593
26123
38774
94171
34544
73637
103445
74465
53795
26718
1744
85041
10438
101720
37278
48233
94376
5028
22466
11954
28103
103240
84539
92233
18560
68331
48641
72557
36765
13159
66206
34143
47215
33179
16231
93138
103499
41180
65250
101892
93706
94160
33408
6327
80590
16553
29759
59296
75334
44564
45723
34542
15949
87917
108968
48139
83160
29407
12362
37818
88735
78719
105026
107780
93758
104184
7856
103659
4031
18361
39225
59467
107488
85891
87016
13877
101430
1676
75128
31309
62811
25649
89857
8796
90566
64105
63334
82194
57780
9808
3910
76939
13703
98902
87452
22133
21130
33409
96526
36979
51680
5
104705
90692
35727
4760
52247
2325
69599
80894
84793
15524
33310
31833
35807
58069
53928
92763
64993
16232
26758
41800
67174
81600
78789
18020
95847
4733
45192
40155
44358
25092
4144
2983
86790
12569
16281
19080
77969
75401
87150
92520
1691
50844
104692
58248
77009
13235
73585
17746
25035
32293
11666
38041
63002
73796
62985
61892
1086
60281
99937
53026
53786
89515
1778
102691
50109
98225
24328
21134
53524
106022
69040
88961
65518
80747
45962
61480
79670
102864
99738
84873
5180
11081
68090
53455
109135
27270
95645
55481
16179
77557
55394
1816
55083
51126
15967
16089
75714
49542
89438
61621
59633
6131
7365
22725
106222
37618
48434
96504
61079
51257
96787
93191
71502
5827
25805
76970
91603
88755
88002
10873
15362
72784
9787
105612
16743
97625
73296
59529
76832
41365
3428
65757
9146
103538
99246
21320
90036
66196
61949
7294
45611
74933
68100
72435
27608
60307
1303
18832
53664
75104
103867
42919
10289
84069
5059
91253
69492
55139
10028
106855
21507
93787
92859
6832
76530
74671
39524
10552
13264
10354
102592
88405
71545
88485
108166
69846
103535
49659
50257
36068
63063
42836
6435
1782
83734
82886
92032
49923
70274
19975
11057
79252
82801
3277
37306
18606
29900
71264
29980
65660
63761
55013
85624
91750
10894
78526
23634
36783
106694
58439
10381
37522
36243
22924
66156
38789
104054
19620
9233
2867
1327
49154
11518
74968
61316
56603
79477
84160
49059
105200
69720
24802
79606
70130
54173
93977
56883
19778
15575
10961
28235
31425
61236
88264
25966
24726
75928
25577
51537
101881
107862
185
54073
1144
37610
36001
50219
20276
10540
87392
14072
58829
83884
68227
72602
15198
89462
86256
41053
23544
8748
106058
51773
106433
76103
37654
42695
91186
66005
40466
49411
46932
22575
78094
95661
88451
108400
101408
39316
104074
11763
92290
995
15596
106180
54767
67887
105120
84146
42018
87621
36993
57715
6051
70102
15687
21641
38357
43385
34954
88301
16918
21061
24100
57431
65841
43247
88307
57172
1599
10255
27320
71031
49071
78869
66186
14546
49393
95275
55724
30440
65197
57929
65870
102753
57470
56014
106822
25745
24041
88630
44841
105453
11999
92367
38126
22308
3037
87007
16240
5069
5034
46652
27393
52880
6028
64890
27318
63935
57705
48108
5205
20356
32709
91570
7387
39797
81347
43007
74785
39450
69706
23566
97184
20904
63879
38608
109179
62958
85254
92933
94211
101898
35187
79609
53534
16353
103420
7440
72305
1424
56728
10392
4594
77784
69382
93630
107404
46044
63001
78296
95899
102471
62864
6618
64978
59534
83075
85535
63987
44105
33008
57891
60619
18637
59742
60492
33781
64281
62737
22534
53179
32126
2808
11870
69489
14699
63476
15720
48637
43066
99035
87439
57695
103332
15888
55269
106757
50995
56333
28100
71764
51521
41502
4443
13341
5874
65373
34183
3168
100053
90809
73602
81989
106087
100501
88242
29072
39431
86776
30624
84807
78810
29933
61985
29751
97786
32168
88459
106651
99540
97610
57847
48469
2452
59524
99690
69042
92146
46994
78407
10221
84303
107412
3208
61211
71121
78097
65855
22525
98220
39251
61179
75663
104985
84520
81381
16012
59160
75958
93678
79538
26946
26371
48515
768
56128
66919
55362
71068
108370
13507
58494
69629
75440
16519
46742
17568
55413
101031
105420
58711
21828
28692
49030
108948
11660
26046
38612
92305
52512
99438
43673
104428
1002
24420
102536
15678
105591
19400
14040
90974
48273
104552
66531
71640
21635
11576
58845
2126
25266
13917
8089
42939
30347
56559
94943
42237
48345
5527
36774
3317
63563
44370
94512
59994
41093
41716
17668
6868
21572
94012
50082
65885
103074
58324
30231
21849
31341
19191
17450
53145
33841
63839
89672
51287
55048
48334
80971
78632
83835
9113
105639
103031
102787
26531
574
58825
94434
103516
56343
7796
104610
32597
43671
54051
59900
54154
12734
77783
67896
44097
16090
91050
30771
10977
95877
13324
54132
1553
8637
58907
39848
105153
59576
66385
49126
50441
43610
23753
96416
87338
60763
77569
74113
39772
65378
31687
90216
96266
63291
30495
94606
42735
23959
94399
6900
74778
1247
107517
30091
45057
12137
753
52835
21360
30984
1994
56719
92842
63586
27893
69876
102364
8025
49942
95229
82022
26117
61383
16909
55729
101727
72539
106504
103518
1233
68016
26897
72990
75464
108046
79795
36003
69715
28560
74878
17223
99717
12181
7713
52246
8239
103748
106739
102587
30519
7195
77242
17384
35127
20756
67803
4088
71887
89534
7303
91315
9462
67421
24353
6861
2111
55953
85174
20966
102540
69950
77419
51095
3491
47861
5418
89609
2287
95252
48606
1768
3794
22722
94973
37724
31391
8206
57757
84506
27368
61378
78579
102402
77294
64804
99898
85433
57649
105684
56996
36969
81892
63343
65439
97081
36777
2039
51477
91735
7929
23440
92489
29952
56316
61472
19271
22697
9927
62267
66860
29259
88299
78882
37076
10147
25116
1558
33442
52276
26498
40105
4104
25199
32541
61987
90355
3461
97872
18428
58405
27817
81013
19734
25248
106657
98304
89932
42135
49759
77349
38017
27549
61087
67460
34584
76803
103945
109451
12219
82406
72741
103341
105189
68871
90077
98348
53516
83491
71325
87288
82490
54020
62531
2498
81385
60316
3376
99082
53391
20097
40483
19257
94286
102764
289
64641
72774
102272
46626
80528
101666
52200
39736
46498
81087
101350
93641
64399
63
41178
91291
24192
2938
39384
61658
68765
63683
15017
38751
105941
100430
70137
109508
35007
1708
25651
33648
37543
69972
7307
91453
804
6991
31479
48829
52071
82592
81377
91202
4682
940
61877
24153
34899
48534
35122
15986
95152
27730
106477
108878
91209
17565
88077
53094
16149
29374
104751
34382
39390
68939
79758
64251
19397
77189
59615
3754
108542
14959
75102
91796
31200
65419
68161
19569
67427
30707
15492
84207
83064
29087
40024
27875
32505
81773
15266
1836
71274
83957
74676
1226
79120
76790
65661
73265
32633
3199
11901
12919
10958
30003
26293
63689
102918
57987
46735
35403
28525
47503
99251
16361
48226
97301
62915
18925
53614
4897
106881
99362
20081
20777
1276
48808
53291
83742
100905
15690
52639
27695
59625
66720
74486
72824
56456
21218
71775
86402
59356
81237
92046
8606
14077
98820
85600
100660
96989
61497
32843
52554
75785
25797
1275
8769
60237
10490
17393
2874
42102
53998
62794
18853
51057
104088
21135
77355
50795
84433
38964
19543
11778
1601
84210
80281
25010
82975
67172
79459
57357
5660
23789
78870
100646
81632
11470
2010
40605
89412
57458
72938
2890
66087
27930
43241
100709
60328
64502
72803
77618
105918
84832
19556
59371
43030
42138
12368
35368
63230
65959
103314
88613
11532
32061
91618
61571
80858
68404
86373
17853
843
91228
75553
79514
93031
7124
90414
34924
104670
79809
38536
10440
28250
89524
21860
98714
85720
97350
35482
36680
83048
33727
92785
109079
73002
11141
19244
81815
21197
3851
3315
83995
103835
108341
75510
100580
108659
54416
65482
22689
16955
33632
50713
17700
75615
64367
48860
103938
2797
12726
83330
101826
64690
40743
104230
52468
97773
87907
69576
17453
58554
19768
15008
108014
45337
39904
98894
107980
29520
42242
58793
4457
37658
56966
49355
86985
11940
81718
49927
25161
39924
4660
68908
93113
7275
82560
82533
53234
53666
4205
30996
81495
105924
97176
29152
1343
24832
91104
42900
43228
48387
98895
33805
80137
21286
78163
60594
109235
70072
57556
107953
156
818
97405
6003
99161
92948
36035
41057
29496
105821
19717
45706
109113
25621
67786
68442
105768
91128
108472
92744
98055
65962
32217
43555
2900
23223
30851
101770
47874
85625
92468
68882
71853
103767
88706
52602
7381
99213
83479
45286
92026
91868
107331
5960
56130
89172
5918
53334
9271
25112
42643
96723
87490
38285
75904
23154
106293
104451
104913
74843
25151
83796
96829
51642
32356
103692
86141
78921
108066
48304
55558
64148
8584
13048
96564
35631
80842
1260
39523
31211
70356
24644
76500
83134
52623
108178
13579
30116
7897
24064
93675
84864
53953
60901
50724
25918
36318
93387
54829
91843
104117
52249
11729
59141
103788
107266
37820
109050
11767
90014
70936
76497
32134
4522
57115
95978
19349
23766
29101
8015
8283
108153
102614
89204
7240
94600
94911
84540
78256
69943
58660
48219
98397
56773
77085
81339
74972
78800
45661
37431
92418
46285
45824
103236
38320
87096
66879
11512
51106
47725
107270
86724
30160
91782
88220
25546
8813
40150
16508
42196
56564
6207
90236
29741
45771
69030
14482
107416
479
34727
40064
10866
36272
10743
100859
51422
27064
101965
101755
47395
50158
90682
79230
18538
38152
286
63216
15175
58888
49648
18502
103743
73831
4611
80019
15539
61007
54011
101099
22918
48246
58638
103610
35511
1498
53904
93423
78278
91321
43096
17462
101407
9699
2858
30310
91240
1309
76352
15573
34623
39473
39313
55462
65899
7031
11970
36590
39396
38543
48085
49963
103580
27212
108870
50895
19125
83273
74169
90121
13182
55532
75702
9960
22329
60610
105463
31658
108852
39609
20748
30608
92604
51092
96817
75489
61756
107423
41280
69308
90771
3114
63836
28475
28897
60915
38254
1454
14957
60679
76941
79694
24737
80944
105043
83182
41672
45216
78431
104539
58689
25197
62085
25936
7140
28074
16410
91369
84275
45499
28486
63544
62968
63748
76132
16006
68119
99421
69803
34412
1442
30703
97160
73660
9341
35425
38127
62743
36807
84153
86059
48207
100582
92399
76821
63088
95955
66684
43212
96742
71806
22811
104218
86935
41652
33199
13546
103729
53637
4975
82693
74053
39366
7427
61783
23614
43444
67705
7202
9673
18331
15642
80497
38897
17955
28682
50694
90041
56965
37235
77086
93313
1644
92903
22927
12386
28804
26413
45129
23398
62022
78422
77393
102194
21300
70217
7965
36895
32274
19982
11434
106628
65318
17019
88923
33050
11395
102056
94849
91156
5384
55434
14463
29263
68722
60199
1190
52738
19278
3186
34068
17927
14345
91216
33767
83007
521
101698
51875
31404
23147
66246
29432
90008
48464
74301
73479
35751
36622
25841
42442
86558
29401
34848
86922
8949
10874
81940
4508
14645
64776
49179
42689
4965
44979
38375
98651
97400
44824
75610
83955
24612
63863
76029
76419
42212
2448
79951
33425
34918
88816
89375
85926
26608
85251
41588
106976
87634
33772
83103
60392
66093
28866
9625
71751
48990
54802
58111
28611
62981
99333
52448
96684
99255
47668
12183
10022
106183
62802
31140
79792
66025
101448
47094
9667
74282
13320
105287
5264
17940
77674
39352
4721
36958
49107
61488
15594
81661
71785
31426
40557
32439
12063
87815
71677
57102
108330
16803
62934
16995
15013
83618
31396
26850
3875
28902
95302
25132
72262
18556
52067
72300
41028
90513
11290
97479
32846
60937
17949
50833
84777
94678
106001
17584
26471
92454
10633
18267
18744
36936
1547
83236
91629
74514
61575
97496
90864
58338
17413
92749
105046
10539
11667
82256
89019
30797
33424
76805
106902
73232
691
72834
32355
81160
11069
95957
48410
82830
17131
91927
75480
56078
21963
3968
101244
17325
46530
98207
80533
22089
84254
81535
58965
79899
96057
82569
28516
33589
56663
1117
42645
57202
106994
30929
45135
94641
12330
27643
87628
18205
52092
6972
17352
11558
35686
44374
27785
38510
92085
72222
60025
66808
93875
38265
30465
94676
16442
67500
25058
20242
92312
72097
3565
53403
72109
24966
102949
75847
46731
59060
89644
20930
35865
91931
108175
29839
99959
53899
16598
38135
85127
73012
102334
40701
107237
37846
95135
29888
20317
95853
55458
59744
38628
22617
42944
88648
61437
109091
7852
79111
2231
107935
7665
36251
98060
75584
70718
100392
35542
28352
88185
90448
56816
21241
15653
41974
65191
108097
72785
107607
67143
64005
86041
61422
48417
92720
50357
85890
105861
69806
82680
109363
20359
66365
30723
20636
29812
44308
101429
97883
13470
108816
4921
82832
9435
57234
91657
59201
40756
50436
48287
83889
101059
31655
103769
94497
62836
31686
75946
67626
55548
33488
51338
19635
9243
70898
97221
6870
17889
4582
3612
50620
104861
101259
32354
58064
58347
37745
77121
23017
14483
99879
104179
103547
76384
54454
102785
19858
50848
103212
75028
21629
30063
97935
9953
81612
32624
69070
95687
46687
95385
70033
3520
47201
43633
54703
49061
4601
1045
47054
94331
51957
95911
34312
17911
13840
93571
76754
108152
59502
97195
81169
29136
46946
97222
102366
81044
66709
78662
102588
27055
40762
6580
84810
81500
91285
59525
67032
63768
58846
47911
52768
95404
93123
15242
13813
30240
54509
66790
2538
18555
17152
72614
28466
90198
11029
90518
2432
55886
61716
45142
74574
83419
78934
21932
10690
32314
25840
12798
26288
23632
3381
75246
5023
28163
94291
12849
134
27180
9248
96560
71172
59912
80277
73761
89531
68137
85154
42342
2224
23454
62678
39145
87442
15922
94847
90115
45383
89482
89228
92342
46783
75233
25631
82036
17084
66883
22280
107837
97403
16408
36848
100981
9773
65244
47172
8030
89816
47554
37191
4781
45049
44720
31086
93454
97372
5016
7964
71568
44802
90296
85109
12090
92510
28497
95602
39148
91359
107732
56021
29342
91411
2832
85182
33173
53789
9419
101257
14224
4478
61627
15344
103879
16497
12602
11051
84525
94746
79440
95744
54271
73106
51334
75572
18211
90575
52390
60991
4053
35871
49900
57258
43242
97520
1417
14292
12621
76957
4963
21750
70666
34558
100879
21273
71737
10012
14478
52507
77132
54531
72917
88343
13903
80136
14519
87859
19396
19137
75343
109088
1175
28259
68622
1369
97033
42116
4456
88957
58571
37049
62056
48629
24180
31206
51329
60382
39717
72832
79497
80748
66642
76432
40851
45138
108645
53558
5504
77054
69994
15925
38940
95915
25096
81877
103973
13666
25433
31107
58198
47158
54174
8793
104994
37895
42072
93395
21901
75870
17134
43282
39253
11501
94402
22723
102274
55695
84695
17962
26060
105020
82525
70215
26612
8355
99446
27858
32457
81545
92551
44712
31209
7716
99070
5785
54625
53852
107809
28442
56550
36194
31345
16067
92897
97764
65761
22385
38647
108149
38656
43131
12024
41287
68133
54788
33608
85803
28594
22869
58179
38103
45111
55339
97943
89170
49882
36728
66752
68262
73272
41404
3741
48522
106231
38490
78913
92952
83138
61375
73431
14558
73273
3623
80943
34945
11215
17512
106099
58073
71816
67667
7447
74873
16330
94081
54800
60327
107789
9327
32955
79215
45002
63635
84493
103866
31307
66751
105216
89810
59549
1402
93557
31094
22610
62242
25129
10268
99211
45806
86357
107842
29094
2583
66363
2616
79817
28278
10384
61106
90729
48541
13549
48936
90750
43278
80282
108823
78026
8344
80440
51268
2754
37462
109288
49560
9553
103830
91832
100233
95583
100267
87494
29001
67838
38984
81722
21976
45400
6624
76462
83196
16599
60449
104568
85178
17563
75500
94674
65714
108064
57686
64519
5777
17075
41000
10508
55851
63154
15745
37669
102326
76211
91119
9058
44331
76984
95097
31612
103598
102720
26622
62867
12723
100938
97277
47445
21915
51908
73909
4238
64058
38182
81263
104262
85501
10665
75631
49557
2686
31640
29766
7846
101520
52185
76871
107915
32411
108622
93814
9406
61385
107711
53735
10355
86497
5887
14100
91768
81232
80154
75386
66499
34703
20415
28761
34224
26040
61978
104973
9362
107196
85269
20537
89120
51318
56203
103754
50544
105609
29340
39649
78978
10814
40127
34919
94201
11024
64950
49958
62219
46709
54377
37600
70776
87331
39977
24138
60696
68306
70416
95211
40960
24013
78952
47613
55753
29199
49098
45452
26341
12472
81790
64348
103679
35208
108380
16641
18222
88663
44909
16683
60170
3217
23034
106948
47946
40519
49862
71993
13742
25228
59377
87979
43560
35623
42139
46145
88756
2707
85244
57406
42850
5585
55540
62187
15246
102897
68732
99942
50313
43203
91975
56189
99242
77684
51243
13715
9697
14306
81929
10929
20923
50987
86211
96136
25636
64925
102752
92018
27659
29316
63097
47484
3500
53632
92992
31745
37047
9461
40299
84158
106987
108675
87062
40871
56465
603
33611
95930
101857
12546
33519
60612
53781
103158
20854
50514
66337
59316
29719
77179
106176
71911
58581
30396
89062
96982
71947
85416
9570
71361
104095
24578
34198
6788
27332
64421
93601
9733
69857
100345
36075
6544
4576
47602
27203
37653
64351
49109
82950
85310
108569
35146
101337
77158
64903
87320
41373
42837
4577
41614
56182
3903
53212
16104
56774
23456
22486
54873
99443
48816
81380
83353
86205
59862
59175
72018
22209
20790
18026
33229
29862
59218
74149
17338
7639
19028
106741
3724
20013
85811
18016
58495
83754
55418
8919
104712
53700
40522
5823
68541
25049
93838
41852
97067
9599
43550
45384
23838
36788
88149
23301
64152
29995
16050
42241
64956
103976
48136
18896
98073
8139
78634
24805
35547
103735
1218
70741
106375
26165
85705
64340
32695
32736
31890
97757
88520
95402
1891
87832
27852
94855
92246
105763
98059
73092
83338
7283
44325
9690
43664
89156
63390
74801
32746
79034
13974
7564
85987
74341
29451
62731
63739
85945
47719
88741
67993
33141
67853
104298
25855
69582
50530
60274
96969
66746
62009
17002
47972
5303
105220
15321
66918
64233
65309
100803
3493
33846
59795
48717
17898
39171
67448
24366
73935
9494
85502
44981
105217
31524
62208
75187
33309
52817
56166
70288
67900
2553
105193
52253
63840
90083
14142
74841
55940
21648
23558
107117
19387
70350
5800
71602
108281
21089
93197
48734
86662
68280
21765
11519
26620
101502
64753
96502
62755
30822
30165
80055
28438
16815
19309
83701
85183
34053
107350
38427
88181
83021
105230
25584
52987
96631
28217
62758
104963
97866
84180
83184
83506
25857
22914
61417
43951
9892
27035
89436
32542
79104
82647
88001
4466
72522
23839
76695
71847
64288
81391
29379
11640
59556
33786
97276
51540
66676
102178
96247
1382
37435
85381
64735
92491
79783
65165
36190
73190
37380
88624
9182
91895
79037
8583
42057
99608
35296
87394
77759
45344
25088
75866
82301
25050
17494
64639
70921
74410
11947
41615
74953
85079
38920
28059
99523
28624
29091
61667
23265
5613
93929
37099
107686
65617
32070
79178
26114
72259
37585
7042
16200
4685
73844
56352
66086
14682
95964
42507
99979
107982
16539
24139
74047
7601
22398
92191
11146
96940
39494
43802
97444
36672
70992
97738
29950
13425
26342
10742
96003
96102
36805
10833
86045
30029
54122
5091
72168
78218
41318
48582
98604
26265
81563
10305
54108
17146
96698
32761
60120
74467
10565
36588
87626
9147
57491
89951
56083
55932
78925
8366
66553
39830
87136
14148
11644
84264
37109
88960
17808
9609
44024
48073
84016
102489
20414
103514
99180
15167
101600
62365
5786
62826
90242
96990
27127
2309
62493
35810
80693
77103
106369
57639
5030
53712
79101
23597
54939
51367
108368
13194
63300
24778
59088
107131
46984
79183
32224
64503
101459
1313
79774
54814
68368
85819
61997
105513
2521
18019
69930
63488
369
81543
8994
84656
40650
80830
105726
86495
83422
82420
89629
74037
75286
98419
9577
45819
20108
58286
91623
78390
74333
9412
41149
13535
94650
48370
35965
40530
41122
48872
13896
7627
42910
24284
64916
85751
47046
87796
79595
52824
44961
84884
9114
7226
98836
97658
17610
66797
38385
83843
39359
104618
41692
25543
76265
40007
8522
46468
69316
85832
15487
2161
9027
18512
31932
75751
104327
36410
44772
3346
10668
85064
19500
96562
78364
95490
7471
56932
11925
13761
58006
105531
64733
68550
42644
78980
16943
16065
15896
77380
85715
82936
93082
38118
86341
27617
9926
82661
87610
62922
65051
77079
28695
96022
47078
13278
48203
679
20074
7790
76708
83658
49225
22558
90274
55393
26657
27575
59825
26768
12528
62690
12049
5508
43491
73196
56609
15386
59721
88007
88611
22408
63057
76596
17083
27024
41882
96860
17031
43042
34929
3075
20445
59107
59119
23717
70688
39018
78714
21816
92077
69951
87028
3352
73635
47414
70433
97827
18124
38610
8136
81231
79064
65149
5334
47116
36917
8205
72049
99023
27931
14584
56788
15585
32609
95799
2241
31761
107220
10618
25493
51844
43553
67889
49675
102791
88449
95164
107864
58407
5915
47420
74306
64359
31058
44204
61878
68398
81667
95932
90374
95151
40357
109
440
81212
1702
34251
94900
98646
76069
88098
2352
43018
29574
82002
98624
56429
21594
18175
3805
52929
95119
32677
16370
87359
102924
57516
57101
62215
93843
102772
55589
77288
35297
15718
8988
422
39874
95407
681
98437
38378
32783
85663
42564
82685
11455
27957
14485
2980
28142
50378
46066
35698
73584
92496
53947
5909
49524
42084
98958
45899
9703
27233
34021
27406
70372
19054
66979
25066
49153
41487
63883
52571
27520
37378
94982
32343
106043
47838
70456
56260
29208
44035
53856
97558
20788
56387
72913
67429
8536
24238
52405
78027
26128
76856
40918
104518
6383
20554
22826
96613
17776
93249
48200
69511
59226
47222
53686
18199
59748
13484
7635
37064
65576
11685
29075
82759
42623
48366
43373
86333
98676
85928
69814
101136
58644
74140
89930
100759
81293
95430
76622
9091
28980
7097
50518
22858
90102
40818
51023
42989
44549
68539
62994
68574
98213
77927
12125
100887
99809
88189
54872
56339
26551
92873
33334
67781
61318
80688
7063
56231
66462
51134
14954
17837
59062
92010
54526
89971
51566
27749
10326
8095
84086
87042
50698
85149
56563
99590
74107
50812
46032
14690
107166
103213
106438
1100
61663
41715
46235
60401
20440
72827
97557
56605
6779
82470
6630
6595
91770
36686
81150
9392
47844
75787
72178
54159
99715
88665
50162
80114
65807
67017
99011
46128
67546
24448
102203
96614
102759
95024
85007
86368
88620
61175
106260
81422
76855
36576
108827
99578
100584
85518
84722
31175
48274
73191
103497
68176
12875
86514
42089
56066
11028
77193
64083
67592
107628
42543
80612
54878
27604
106032
27243
55443
20578
83476
34551
1823
84124
62546
5213
99220
99882
8945
29284
79507
91395
51326
91734
1041
96907
106424
74632
95802
70140
32911
100033
28184
93203
69205
41795
48199
60611
63896
106448
44031
9502
55399
18876
17193
19688
24771
21709
46483
56265
75975
97128
28992
83515
87561
39539
82573
100773
21755
68602
22426
87251
74579
81137
29810
108017
49277
18504
48519
94121
16177
29253
60363
4490
38702
103259
37026
98700
30110
61864
46284
853
12586
60223
5749
59957
102851
102475
68854
67528
35683
95398
96250
85787
42202
85475
87186
55333
107499
44320
13387
90888
85785
50657
89739
39456
104675
46673
74654
97651
13667
28631
31141
86299
70592
27715
80267
11550
7833
55325
9723
100698
15849
95018
10763
69158
92353
70002
58142
30718
47003
35089
65921
24244
65136
61500
88033
95486
50646
22237
8776
67834
40562
6873
105367
62368
68778
13476
69023
47253
65641
23492
102593
92110
44279
19597
16165
67741
49055
102296
16903
94470
42288
1650
5624
47966
10401
87747
12206
103308
4092
80187
91785
8650
84009
108985
76515
81155
41142
26018
31812
50105
43882
36839
64496
82458
93605
81201
37004
26429
7022
57629
68546
59425
60803
77572
57002
30622
12752
18372
85148
24706
3752
27884
74672
31884
70855
18266
83983
37200
69800
54457
24584
34906
106394
53053
69797
75926
41486
26384
100145
60840
16241
29924
26008
45015
39504
100295
41991
86135
15133
35345
45956
92128
21287
16058
86851
71965
28176
65301
81306
22650
96541
15123
105723
49063
85215
5108
41607
8497
78764
39105
27267
80951
80323
29045
86236
18100
99099
65582
55507
4664
100810
67586
21894
5188
24165
6800
61492
95756
61392
41161
100505
32108
32596
33404
46123
63532
27743
9728
72309
14743
52946
94590
86809
104026
62939
35225
104825
80176
60982
12188
35839
89680
108696
16116
79384
90368
43142
104878
58608
61114
40180
89480
15313
2976
79583
6980
23086
47155
56866
96197
108074
62796
14587
53892
5229
52728
37074
15957
61204
71699
102699
37036
98774
109544
35682
58384
977
39569
31618
101371
51355
103654
49329
7465
57300
53813
52388
66804
9330
49246
87092
104235
71609
71349
102152
25371
11091
46839
107586
79161
68770
38900
71790
60382
