55594
36051
8807
25119
38429
69997
88874
16255
96416
45089
17910
74798
58966
6200
21301
96790
80373
47016
32756
67387
106716
12925
2842
92468
102581
96297
100910
33005
94645
26318
59024
32222
9832
99352
107303
21248
58940
26844
46541
66902
93585
32332
92083
48149
85583
16707
108729
5428
49200
300
108097
34125
83912
80490
102794
56631
66281
44771
16718
23579
86908
106286
19101
517
86060
59757
101785
78994
82426
83976
71130
4837
40579
1604
67926
85666
24992
57318
78717
80451
102832
40018
39348
93531
6444
15090
32946
22332
75616
27162
98502
8472
31193
60812
105433
18960
68516
494
74871
93466
21949
62336
101309
8041
111275
91862
38516
9792
8151
30730
62105
62771
55790
36504
22228
47094
97125
100186
98517
89954
29535
55121
85306
34957
34659
101411
14492
8881
17399
82330
10796
79806
13102
77807
46768
54748
53592
29013
34385
59067
45510
59782
4821
1833
62859
51452
27948
90020
59540
84068
100828
76674
44550
38668
3749
46037
44163
95040
86732
41518
27818
72546
81310
99603
26441
38731
69284
5035
17540
18046
73913
10950
81204
60743
44081
31232
16596
79453
78441
84488
106985
92788
51417
3281
14565
104636
108574
66462
97559
53609
10720
56123
69103
13493
60954
89020
85878
97802
29968
74258
104592
47140
102216
6854
23269
104721
88998
111605
424
13252
27099
4456
60503
33346
10832
60340
30287
57104
4311
102854
13396
72694
96472
80805
67817
104574
111657
13508
86913
63
54983
18678
111572
13220
28543
88824
77872
68883
92787
106854
82470
42891
57172
10776
86872
99121
67365
95313
16246
30964
3144
37234
39128
68180
745
93241
95368
40838
33026
2108
838
48035
38947
15599
12457
108233
3606
13311
82922
56502
35258
75084
88804
85016
99762
89660
38629
15825
68108
69539
95591
5307
32964
70879
109983
81665
64868
64087
6327
2725
31154
54560
45081
88158
75797
9541
27519
50124
76807
17973
77793
70906
49689
100752
1534
103687
86517
26025
39681
62304
81710
46206
82077
72954
30936
105008
109753
49041
44277
111048
97738
72173
7942
59086
7258
87419
13340
94762
92612
106296
48925
33486
93964
109150
91861
25911
93435
92567
58498
84857
73277
2347
70668
23567
37370
7745
28210
13875
109964
79708
1766
52775
5480
62013
49347
54861
34705
42353
95439
48951
60468
18283
74154
60224
72441
72925
103079
76120
40551
96926
3800
91139
44922
85808
93488
68403
50765
52015
52206
57142
20346
67965
12105
79393
57867
98393
6521
75461
89724
13154
75971
74104
15232
86451
97065
63715
80514
67880
19358
66307
7774
68145
53287
8374
92125
55738
47048
66501
108230
64954
81803
34782
59046
16700
105626
5806
83566
30987
34336
72
89389
102446
8773
1439
9775
21934
51959
103674
77245
35930
29493
99932
36196
52184
30391
85606
106065
49157
3755
30539
24460
49047
43871
82834
89772
18685
106370
56129
106315
63186
24775
80958
100171
79868
83468
65047
94898
8944
46255
93142
94197
1360
38278
6884
30195
46594
50312
9200
49221
47924
60471
67594
678
105665
18574
70490
27757
93584
77505
59474
74524
26732
41073
64888
55659
26349
107074
16202
3535
11286
14680
63730
90583
38655
96588
20078
91292
54520
108744
110407
56238
13978
101611
45265
43148
21430
73478
103567
94743
95540
6195
67412
53554
69005
31448
40718
77776
17995
64072
91689
75672
49345
14733
37254
85309
44533
78126
47210
48812
54856
11464
29686
67538
55391
44727
55545
90132
102480
9737
63538
84197
30812
20907
73993
86077
99143
14459
100032
13094
92031
29671
18593
94140
77503
60632
36228
65656
97627
98740
1334
286
94979
29159
14467
69212
110237
38411
67859
37997
70731
78839
7558
5766
107738
50954
23914
80350
59622
11220
110729
45355
583
14521
51173
98918
82914
73918
51428
47416
52580
70054
75280
100459
19102
103149
25501
90715
64133
72606
74213
1077
102660
17295
90389
103643
54948
9564
12344
96826
54776
39193
64219
18781
33182
94784
75968
36860
4096
5796
70142
55677
24624
93919
83743
107950
27412
78739
2059
63473
106743
44577
77583
25711
6155
81236
40949
108816
51597
555
103132
92307
76323
43077
76306
90484
26348
69143
108631
55596
23033
38589
71970
39655
75152
111299
6993
3982
71965
77163
60281
25859
67927
1135
94642
97186
108339
72981
44763
4328
85943
79370
81431
73346
45904
65051
41071
45026
60776
68848
91727
109393
2045
60867
97404
84988
94613
96965
68407
14053
9978
55830
5370
6889
2662
52274
41325
20881
59895
110608
4717
67018
78561
53041
98548
24575
58095
93286
32532
44966
46683
83649
5813
65006
12025
67262
69467
81826
109555
75232
49626
21993
86946
38744
92494
29415
34814
98806
62770
38841
32483
28186
73794
1406
96067
6075
53499
97961
68469
16987
8184
6855
90391
72284
25681
28928
12308
27439
6183
16541
15009
89557
75407
55670
73280
76840
37547
35649
106593
7834
39637
64682
81897
30788
36311
38331
40859
2722
45528
3486
26747
42325
58458
53845
37799
105752
29941
69897
49568
61466
96918
68124
104229
44889
3271
109613
69178
25715
105441
27089
17644
93474
78085
20224
27481
91582
61671
31970
103398
32666
58709
95002
52200
47382
87167
82643
83362
41776
50135
88191
80232
67046
108961
21009
107838
100406
12333
5560
105450
6265
29199
21580
60390
40998
107834
28051
95834
77827
18610
45789
61856
89348
26455
65163
29462
522
85352
4261
57365
30776
47194
74891
97920
33268
73258
15381
47792
56675
110067
224
4560
1585
54599
18955
57373
40729
36675
57637
66052
80227
18763
50120
57220
64852
96698
572
63122
52641
29609
65846
49975
88783
106135
2740
8608
3040
32163
100750
86548
66971
42296
64859
107151
107737
3264
63461
97664
109703
54125
7227
106359
70543
67995
109364
46126
26759
40702
66142
53430
25814
103449
50800
23545
55020
16520
69315
39056
54628
65609
29366
109600
106962
87585
110671
91484
39307
80199
5048
60978
65537
32739
6822
109792
77686
29195
20425
20764
87806
59716
20588
72750
7037
108212
97566
107913
59813
99516
47882
5833
42677
38698
105221
39250
80554
37453
29012
21368
76354
40959
46630
3330
24599
13567
107179
8687
101543
13368
9212
15747
104046
103582
28987
37969
20350
90342
17291
86054
49854
110669
92796
97112
7495
26883
23882
24710
88169
66586
9463
73133
16811
97866
35981
74103
29703
48504
103420
38534
41873
100534
62707
96442
7183
70466
76894
47938
32418
81127
35335
25463
13525
68591
1686
41515
73980
55504
58562
50468
1642
67823
99966
43209
14007
30947
101794
49317
100061
81892
81748
22623
6724
65814
87423
108387
63048
79201
82463
58307
60274
87251
19324
87145
60349
49057
89661
66938
43854
86916
35301
19406
43424
82128
111531
73698
73834
110522
86519
89257
3178
54865
27428
87452
52818
30660
51860
406
52265
66970
65078
92349
23501
45777
67615
3206
718
40677
76174
62120
43701
31701
35942
74198
78105
62968
2047
1175
77858
77982
102380
51158
87999
34380
1773
91750
44664
44270
76969
92711
87630
56438
82401
18947
42340
21048
51303
49785
104622
18324
85200
97431
54801
73999
70287
103799
110943
14394
62116
78825
87415
22046
92284
34944
65456
36848
21961
103490
6621
73025
78989
105918
34733
3245
39425
22307
108741
30764
33344
67971
33391
19739
92780
100073
89733
4110
20631
39913
31313
57890
58039
104440
52036
101435
57518
95295
45499
32753
29997
107603
46974
37856
43422
1558
57235
97949
62935
95685
12503
6557
12798
67556
103148
109644
98302
26942
87332
84470
24073
43790
83099
3165
83054
55286
89759
47650
54760
101350
85766
59678
85618
40774
43195
86972
78277
79396
9175
78956
42860
108973
40842
47124
41854
71248
1474
86341
36389
58224
60522
72654
53543
82731
384
41368
30121
48086
5495
39282
59630
19380
18406
107129
22555
34667
17024
74062
82454
52084
84203
18967
89571
80094
32246
81789
15328
16601
66690
84288
84040
28338
83253
25215
23334
66475
84552
48657
41752
12098
75719
30055
8434
10778
84457
55114
49672
14593
70614
101461
32807
53480
100695
80484
63465
11060
102999
84489
63734
68489
31887
43590
26193
48702
7393
34077
7750
96731
106367
89957
78671
9937
104303
85304
26130
93560
61425
46828
93165
52331
14251
50917
72662
93397
105294
81510
4220
59934
15787
7830
91530
104506
13709
94654
62850
38203
69850
29647
70637
99785
93828
8333
93546
107308
77641
48321
84634
33957
26434
9142
93317
15569
79510
46529
4246
88921
42355
74701
16298
100543
84687
17401
36892
19137
93699
56998
56612
18525
13255
76457
88092
7544
103235
59963
105350
44377
29610
41636
37646
29907
42659
64900
92947
181
97153
69469
4899
89357
79411
105587
10884
47414
80859
18795
89384
81574
30623
103515
57851
111668
6609
60267
10823
38671
65325
34120
19623
27309
10191
5795
27889
33844
13454
105602
4813
105308
71858
27353
30913
53892
57029
48708
107651
95965
109530
63266
110891
96452
83721
31927
107567
13108
85231
34510
101712
8831
88246
40891
49665
56805
34473
82353
109605
19776
35400
22348
51139
108611
86257
39742
110811
108565
94231
9540
67248
94281
10165
92240
1000
16337
109317
94872
76987
36212
66479
77964
71904
68859
53910
96464
57955
15863
53651
59756
12828
104986
99247
97641
100660
33562
37550
88964
92206
104896
13761
85558
41283
27001
11231
15641
18990
54831
97206
78381
7929
59135
65670
76243
40315
91540
10136
83353
102976
105902
69878
42004
75898
31306
87354
3428
38595
94479
108652
91941
29034
32809
62396
23842
10347
41625
89172
46721
42284
59446
32296
21697
41319
3768
9420
38144
9877
16438
54670
42986
89279
19184
77514
80779
26055
53488
19982
101195
5998
27396
18218
82611
91263
77975
52935
60744
81547
953
84613
4492
37276
52560
5294
96554
47689
75597
17372
68817
30316
50804
45116
91351
94385
98363
75473
28103
93417
78058
41100
3823
9442
29298
24984
31533
53817
45462
76712
44048
40721
57411
92917
7464
111411
47791
31222
75586
48748
47622
51286
77650
107429
31593
92156
6274
76324
65559
22648
16846
30462
102035
102302
27693
96975
107070
1784
11138
50952
44382
86416
5004
48599
4300
33366
104598
24787
342
57505
61891
106639
36555
61609
84349
102627
92074
16289
102343
46508
53502
29551
39904
68678
16986
98563
49219
54186
59939
97723
7795
33766
73762
16634
48890
107014
2462
1024
25394
85062
88271
19752
47652
29856
95757
42973
79244
96598
12059
81016
25782
56707
69741
65664
83443
98121
94933
72710
82828
41589
81150
65342
29638
50884
3794
63460
73341
96072
25964
33185
76193
58380
102630
40934
89479
18871
6318
47021
59372
707
86568
18189
45133
69132
10219
37149
93623
20935
84465
8300
409
23201
27183
87609
103663
107946
23454
89505
7556
7769
100303
95853
102397
24384
85825
106592
82905
11374
49863
72201
24784
58439
59266
88734
87643
71395
102753
4714
96410
19830
105585
74649
51721
50773
4054
61277
6258
67901
67489
6704
63168
111147
94640
4125
37494
26859
11411
27898
76892
82035
81141
30490
63747
57023
8209
68302
4209
53837
45238
29566
75720
83846
106180
62578
64335
104477
19064
43464
5521
79637
31323
105337
103077
51546
42807
90910
64150
50000
39833
50031
71145
11537
49748
40698
62664
9769
8733
63414
97658
9261
56345
18195
41352
20842
102200
9903
22244
1200
3490
43190
97727
2499
31591
103108
89081
6896
15088
41559
88401
13808
100385
39253
105440
53304
7049
37958
109919
47003
102357
56666
4686
106469
14911
98879
45535
42756
6715
33625
79007
26623
53848
80173
78803
95306
80977
6919
34366
32709
95364
85094
61631
97147
76334
60345
26932
75805
32054
94693
55316
81989
85033
102857
39225
56779
20850
78935
47585
9557
53453
8828
88743
37812
108318
29059
10375
68377
65449
40446
14215
13499
16419
67749
71215
41132
62774
49152
81714
99416
60238
56023
79991
45459
90181
95658
42348
62677
19014
39403
25851
72446
59435
105374
35430
62884
14339
21107
51220
79261
109429
36560
76252
105437
9591
69354
28126
69235
11631
541
19192
71312
92889
20227
4068
2103
93049
37786
66766
59547
104500
17815
71025
46342
92548
55663
83373
48253
100684
102194
55460
46358
23390
55466
25428
99545
66489
4003
53881
105935
55869
42873
48555
79597
41391
58013
82303
1366
108496
92557
24861
41084
111415
59379
111174
44118
10877
86790
3044
58000
67648
3611
97389
65618
25973
26450
82343
49109
21713
65908
96109
34280
3484
95072
11866
29003
98791
71997
56494
90639
4691
38557
32184
88280
82988
21922
64354
75104
99237
6680
40699
91795
413
70710
89995
10893
55920
64047
103896
24698
55597
47201
62188
89556
22166
46279
7465
97035
72132
37235
27370
62610
93425
100788
75825
42057
22198
81869
35019
81136
104212
27760
61816
101010
14839
107453
21280
103378
2474
67692
81911
56861
82202
85955
17669
109251
65201
93922
19177
12775
96569
82752
69374
3353
26237
18891
72332
94507
58178
58134
17922
18572
25202
99591
52355
76352
41534
24086
72170
79021
49407
62513
45875
14824
89427
6969
19179
66817
64479
10967
54455
39827
5416
16142
100102
31964
73524
3519
38772
76550
30533
37685
76014
72122
223
80085
106759
61838
94063
30138
42543
87725
20347
48218
57374
21554
107789
95167
21418
65423
61825
89064
8137
101536
10787
52320
59891
94472
2927
41373
72631
86848
84677
13780
68930
88986
47992
34122
83340
22117
38330
51943
76437
100697
29062
62128
26061
67497
9445
27963
106190
79499
86229
33285
79450
6695
22614
78593
9379
50993
110783
9716
77033
81359
83242
63180
27080
83775
46373
44208
94301
69426
42928
108072
44732
55077
84893
106873
64959
7598
83105
46080
98056
105454
76242
18879
92481
61075
81935
28679
35175
70833
83702
33160
82034
98719
57426
13279
7788
29694
76562
45311
37426
29517
3941
24141
104946
93235
49142
10373
14042
45869
110141
20497
42631
87329
23919
27159
19120
15524
96393
7342
105703
38894
17650
25364
40272
41006
47644
54645
101701
102891
7125
45095
77459
39151
88547
53914
94153
38337
65412
58643
68935
103636
92597
15920
91965
70426
79984
109750
24316
57793
75918
42503
102335
26358
83676
49449
49393
32981
106937
50817
52606
9443
79904
64095
7421
81208
10049
75284
105135
11787
9593
17318
18850
10695
10697
78111
53900
92437
29727
70535
85142
351
9485
35057
59993
29569
99095
11615
52557
77336
92442
44638
3770
11324
54980
17439
28266
67720
95058
42788
55275
1614
79359
14998
87067
46660
89072
55352
45373
15676
108880
68993
3806
76117
31385
64906
95700
84519
78169
94870
42575
76027
60348
69599
103306
53105
82571
39570
110081
16280
4364
39751
65210
75292
73527
99350
8916
31089
201
80236
60355
29308
62878
108789
29455
93172
76199
103923
52232
23215
44979
73032
49508
39828
26074
45167
19709
92800
84845
99268
31536
82943
74530
100804
47267
4461
44454
87586
78682
54183
98586
73128
84185
75258
49699
52107
83580
20938
1785
106862
2380
97897
49369
79679
61708
96299
34949
105841
57949
61858
1640
104216
45175
54879
9976
8466
87021
13494
17423
68265
103733
22659
66478
19227
24593
69885
59748
102223
98135
3642
32462
69208
65320
6491
25455
79409
75541
94637
90182
6019
36401
36393
19449
487
99891
99063
59128
22221
96646
98738
85147
29322
51398
21590
34010
61521
37705
36850
1088
84351
72857
101795
55560
31171
86001
17907
98133
54060
6826
104334
84766
61765
68533
53383
101073
66044
52789
31611
18494
2865
23217
83447
88632
11862
109199
105952
2513
94175
53586
104047
110075
75803
79251
96256
86686
4045
27333
55021
36519
80141
41726
8833
4688
92268
61004
76863
85375
49935
18756
107839
77901
83059
50234
7819
82278
84976
44508
86147
5349
52463
109048
19108
87858
50446
78924
63042
6039
5058
58454
111598
85386
75666
50361
22668
68511
5902
48889
90419
34417
78318
19345
93590
85123
38119
97366
111771
27848
101679
41888
63007
101577
73487
63024
29621
48161
21641
90185
80110
8326
23479
59864
35719
63762
95643
74107
84163
31804
13394
85370
83394
90125
72251
6851
18706
52205
8003
69881
90299
16661
2149
65273
59175
45380
20025
53886
95679
7252
11255
73957
54573
15930
79010
3340
29390
77454
93709
95890
17771
81033
107309
38460
100408
80529
60537
104387
2694
67316
36590
103834
2524
7072
106748
8253
21846
13609
110757
87100
13134
99174
84249
824
28931
11758
302
53537
85446
63046
7877
96760
31832
60247
95987
6319
58277
44440
27136
2669
52047
23534
55855
23515
100689
110710
107492
18446
19916
73542
40188
57721
11602
51785
64105
2014
29427
93108
75492
24206
65857
5161
61673
2627
33221
105060
60219
28470
110414
55329
26095
7689
79744
101126
91359
51077
58847
90137
81093
103639
58798
29668
64895
30902
68077
38437
105244
98360
52272
68661
14802
74760
67642
33572
19921
77965
53511
89558
13034
66204
62593
68954
63242
79642
21416
77848
79469
95613
50747
27884
61196
11298
102040
9414
9531
93476
96715
56191
83672
34575
85484
12975
26706
40267
40266
19350
2233
66500
3841
40165
52833
71502
7520
64563
99542
66780
24081
4144
34375
32966
23992
19337
3081
64355
22922
40351
91509
66304
82909
35162
107785
44520
9870
61827
39394
74915
11705
29222
97851
56959
63145
94115
1281
80444
41226
62318
106268
92759
27654
25115
88533
23335
64164
81960
70289
95464
92453
24489
80143
66054
27055
66506
84974
72685
43444
91815
94877
8923
52414
74044
14536
31501
19854
45639
50065
84421
43538
35794
35142
109994
81609
45246
103625
28406
92090
81271
99488
72711
23730
84670
104025
111489
77509
19180
21375
81494
74093
52598
14302
83098
62181
92174
45433
35786
23676
56403
28888
2493
62611
17299
93361
76246
66619
98653
4288
45176
77972
18886
97496
15633
52556
71040
28434
48857
22990
57527
47139
18285
104746
98846
86805
39459
104755
17218
8862
102602
22087
70647
46385
106088
29133
14547
67031
13122
23158
59606
24753
7206
6595
20007
25590
82181
24465
93625
20867
27102
14031
88543
13352
52925
86599
94737
56064
80723
58349
25900
61001
56955
60815
46619
64502
46146
8758
55057
60807
65073
61166
50429
26144
59271
28166
64595
60924
72947
57649
33878
32269
65425
72018
52676
14917
83711
41236
38005
18208
34780
52780
2851
98839
57179
79121
19138
87043
23374
19255
91517
101026
22395
15639
23203
33869
19144
3320
34406
60738
62189
33739
20099
61506
9926
111233
81785
17478
36322
43117
43756
87966
57230
16623
102624
47771
100683
75844
75034
14549
53251
21355
44204
57075
44606
95126
23156
25546
32919
23297
103910
104452
61389
8476
89200
67713
53921
60552
1493
74819
86189
48382
45673
88875
73213
60907
94288
65528
20586
40608
105148
79346
15924
45611
58150
82183
104401
50193
101178
32376
80164
85031
66868
27057
110008
60423
102743
63278
96699
104698
47723
105930
68318
84475
83247
72949
71658
3593
89883
270
69962
78448
230
83865
56482
61789
916
64233
66197
92283
19562
76078
70869
69504
44128
71291
294
3637
73152
109100
91857
6227
90539
90593
60103
39053
80999
24858
108638
51181
34378
110531
24463
13739
96480
82673
13766
84177
83568
53299
20732
29549
78190
77028
2813
25494
92338
108107
99397
21605
20405
101017
80053
81339
32111
2841
75627
18207
51760
42640
53228
48860
8484
58865
94864
29156
87218
22491
38407
36857
33966
94674
30967
99435
72666
36671
73408
28955
71711
30594
5533
52824
110317
111536
98081
107977
106588
18442
69931
98165
89573
52352
80864
31017
20072
97320
18264
76976
51066
34202
30480
62341
2402
98748
7174
15299
31827
58955
65768
84727
100094
99590
96400
70976
27629
37117
27728
31996
54176
1012
86698
108114
39628
64985
54927
30228
27846
50063
98395
48349
86046
77607
83973
85678
18110
78247
39842
105854
8377
56322
90071
1467
5622
77645
46446
16904
14770
30611
89710
2772
55309
111791
45085
4080
76297
9861
26391
84973
7287
37903
20387
78679
23450
39263
37312
57472
58234
24437
72898
19971
104985
64249
31212
26162
59072
101158
35580
46299
77442
56649
68090
86660
39905
13672
44566
52723
35011
78860
89233
35256
81705
4433
97296
66973
50330
21292
89092
47766
1263
59744
95281
105032
109805
53918
45432
41097
54603
64503
66375
50116
101806
95732
91985
78032
45052
48824
37270
49704
102591
45706
75774
14546
4282
57304
93113
59602
92033
64585
71016
75742
38812
19560
105058
67109
84730
84750
97622
12537
76277
1851
58550
71385
85050
1033
85472
109719
88206
45767
85215
33717
20910
95410
67126
101941
29192
89237
24726
36596
12352
41337
49955
30759
37545
83383
36066
66732
22517
95624
24620
27323
5177
38687
77259
72505
31237
45774
64901
15996
36729
76992
59795
61538
91496
75140
7484
35948
86014
47779
60801
67526
86831
1694
68079
76677
103223
15398
51528
105146
79685
89501
87841
35277
79257
86089
25023
65909
60250
7185
88904
44325
97400
21528
8983
36423
25421
93382
50770
52582
48107
73064
82887
83101
97734
74216
68224
104107
96418
69250
74088
45113
16096
84581
99985
86566
95905
2697
8600
82511
89629
84067
6320
86535
86795
37281
43220
76370
23697
32351
70622
44559
33842
110466
92447
85067
51845
58073
21774
12634
103860
100821
82453
102139
2686
8627
16038
98659
40153
47417
79851
56178
14675
99577
109275
1037
100972
104596
3865
62720
22438
47971
110597
44423
27992
66152
40703
37397
51927
103061
1624
12983
78720
40368
21822
19338
11763
52349
63534
77027
63020
81546
73022
1638
25214
33590
107741
36565
38788
103530
32801
50960
7415
87696
25176
101911
74686
108198
50944
39376
1254
12901
13753
100117
67409
82005
78205
81825
45424
37606
107150
74666
68866
83316
26568
83880
71039
87697
65511
53496
71137
94947
17571
70582
52645
68461
81300
106316
26485
52426
17645
43560
85366
53519
67458
102155
49728
49995
34479
70435
15849
45255
26788
10674
76681
68240
84911
48792
70645
107134
41275
14317
65843
54024
12073
24705
44483
85148
27798
47935
37203
9106
95637
5932
18726
76902
106378
91097
45940
21749
74947
52406
20294
71522
51579
100678
8016
72190
64604
88412
105696
11214
71029
47306
68994
40512
84637
98605
90598
59992
78272
15329
37432
81470
57574
7826
52740
98474
9070
100607
110649
81642
59932
58011
56815
66525
108758
67305
46169
109911
19998
30513
55801
111056
34163
55696
41598
76152
20770
41991
8283
78541
24472
100947
99147
59853
66374
78765
60120
48858
47032
67028
29036
14738
53326
43425
65225
34799
60131
43416
23639
67312
39609
104680
83144
88997
101491
27553
20017
26672
98470
100931
6372
71596
10279
47351
38133
110023
42010
69179
7586
47953
57517
34377
54056
45848
1082
52220
102797
24170
63768
67816
81484
32292
109218
92424
63079
1488
103605
4635
93010
45207
67808
11838
37845
54781
103036
24535
33919
85591
33513
94099
34194
84693
3347
33676
14288
30568
87577
101333
64347
64931
33463
106861
87853
107030
45890
63038
58584
80566
1806
44237
16597
38849
106648
76276
84257
99132
107247
18767
5669
70967
48235
97615
23705
7528
13942
50793
32742
94357
34382
48058
24163
107272
33950
99232
69736
92751
39388
102492
106943
107423
54439
89535
3200
13474
91069
109482
97344
22746
50134
101717
9035
40226
102845
104325
28731
16023
41940
7448
8938
42063
83633
69489
97791
18353
91845
54594
80556
92632
72298
20772
33899
91674
79214
75227
55842
30325
97198
85224
82755
30428
99230
5325
76921
19110
21299
97587
57675
61459
38521
84631
25074
32504
102898
79038
49576
87662
7071
91987
98691
85133
98815
2942
105528
19808
14484
24025
80762
24527
92896
4005
65415
100515
43594
53627
105411
51379
97781
47845
103864
28798
58668
69984
92405
106267
38106
72913
10005
18549
52509
61760
42244
68619
7618
96591
41086
66311
35878
55736
10684
83484
48379
98043
101129
106554
9149
30897
55734
50268
42299
29466
3571
78613
12962
38228
12051
104625
19960
47951
61682
56743
60342
47170
18757
31304
23327
71956
90472
87047
87715
55716
81237
31034
29645
63828
52334
89099
46376
61774
64317
109374
47784
106975
40130
80021
60216
46699
74403
24315
30399
29445
63449
70222
88084
107805
3539
14130
42114
84360
13439
28828
17693
46815
75400
43681
109956
19130
93118
110235
17968
55612
63672
38221
83948
59796
84926
22291
87645
28431
90052
57148
11955
4638
56512
53301
3863
12394
94698
97502
79580
83298
9663
7408
83482
3984
8656
64592
60590
4151
757
59127
40592
49382
56775
83024
36141
105887
72770
74418
71736
85230
39793
45228
41707
92311
98971
70202
73145
108929
21777
38590
63080
38414
18629
21667
67334
94397
28494
42906
52520
22714
59501
40754
82814
53813
34815
5743
29902
45779
110694
9956
97910
31975
53812
75410
18916
88748
7111
68610
101472
97299
64413
4583
30253
101890
21484
2160
111693
94059
54076
77484
75297
82846
20883
9664
97991
35148
30579
79381
26770
25330
76917
27985
34606
18069
5591
35623
98101
15216
26969
51950
7008
18573
2825
96046
39499
63410
58767
83309
64323
50191
47832
75598
83873
28649
106594
9728
45744
1160
39041
21340
75328
27730
28595
71679
20278
75272
73703
16171
33286
5977
10479
9386
77653
104382
35777
88923
68657
9885
87114
78988
17979
91420
95016
20746
65319
41428
61967
78389
16921
62591
99231
50384
91584
29120
87919
57406
9743
89345
92678
79082
48828
109595
27602
15365
48608
92772
80114
57443
15927
34055
4790
82478
4501
26352
19024
66590
35101
86140
24856
3404
89905
32260
26037
44579
110205
20510
81202
110786
43518
80831
77357
13553
80773
103492
46572
71924
97534
96632
91652
28001
14077
96275
98757
66470
14940
52662
48730
69622
85445
37317
99381
97928
37957
102561
59299
42064
54906
70767
74571
31675
95533
74791
20188
827
66801
53907
62800
105821
70451
70015
57480
49338
93817
4157
46910
82060
102381
72604
96817
35954
83143
74392
73852
104232
78664
78704
19265
48486
25893
33519
75050
17280
70775
61939
98076
34492
80934
6233
97584
39163
179
90278
46380
19423
69547
64193
46205
5011
3093
24169
45050
31590
9532
10360
50987
35720
80168
56454
5636
36346
78281
106992
22819
55481
69453
80745
75499
89219
94953
27843
59520
105383
31295
64987
4823
46069
67149
2364
49500
8424
23657
93348
27090
87024
103638
58918
81557
93228
83284
74671
54685
46319
70846
45248
22375
89
17888
35886
71277
88370
103577
3931
18091
22931
59013
108278
45218
36664
83085
27182
50541
49339
53915
9969
80647
59839
49032
57726
84654
17072
65906
30139
29938
108748
52817
109112
20493
19020
74481
30022
106704
42755
59476
29917
95149
24295
102382
83401
39158
94189
80592
72965
54340
56201
33231
69650
3842
967
96011
10825
89062
94781
42397
78471
40781
53603
105387
16441
55142
72254
107465
24483
47881
47176
103020
68127
35378
90646
46162
82750
61414
96059
65249
58385
82852
16277
19656
8689
67025
89704
7701
66639
62236
14902
48578
57098
109303
7260
15619
33726
99586
74206
14455
12945
37118
61910
24976
24686
67085
87343
18210
10331
90187
51997
727
1990
15988
99750
37661
102642
55399
12118
95981
46527
62692
65331
87646
20956
22450
33881
31813
24281
55992
40326
96182
65890
61786
91056
50881
84920
18346
4549
71655
24215
66027
108460
102633
91461
18764
70175
12256
57231
93937
50394
88390
66887
88740
22626
19717
51297
97666
39703
90271
24552
13251
26416
56175
74073
110202
2780
67260
34923
49269
54454
38609
90305
34160
81795
108788
54740
29017
52384
39152
110311
79388
67953
40529
6894
111094
86589
13054
86851
80056
71887
49777
93805
267
84500
32449
82170
85105
39223
15508
76938
106841
30850
2314
93979
42370
31909
88003
9143
12981
6487
104287
99866
49332
82730
7144
23416
21463
49004
69575
86761
73528
51636
38223
46090
88674
32552
67726
63977
55427
66503
111223
88245
15803
91114
77644
24590
111767
63530
71539
76381
42166
14927
944
106960
62796
95509
13273
51153
37744
29125
7081
48689
19151
48714
11199
79385
86079
18592
42737
63606
102749
109836
108694
56703
75317
32377
96084
110600
29208
84919
86676
7914
16828
36184
1354
7323
49738
43144
68612
97405
19463
73505
20736
100062
18612
98352
29906
27637
52944
25395
42073
55652
38711
108835
33948
52962
111137
56635
77724
7246
86339
59873
11729
29081
36526
13105
85474
25935
1253
24503
71800
81315
52956
55432
16205
11450
59153
64983
5861
53510
49993
98233
24623
24824
378
105300
68624
63181
51356
108801
95005
55694
75884
24936
107281
93854
33434
55452
68460
30317
46849
104462
95430
20972
63300
89203
40831
1914
12012
109970
55982
10036
100675
74217
26179
45250
84797
110493
66775
10789
85121
57122
54300
40971
24029
28223
74923
50522
83265
58257
32218
109771
88420
32621
76258
97719
1440
13223
82347
25848
28576
110053
87023
16529
100641
37778
75572
39350
86144
40802
14046
23764
74205
53439
89052
46687
6772
55111
66092
62625
31921
72907
107378
49747
88212
65221
110488
109892
88029
5467
22272
38939
48167
98115
27936
17226
7545
3058
8619
26526
27465
55867
100417
20903
66081
43577
74445
18876
92112
96399
55412
27648
61012
33363
61881
27357
34192
98895
79013
103367
52675
59051
420
72391
948
26691
55007
22729
60873
89608
76778
10864
110740
90574
22589
91562
110627
13375
24225
55187
73137
64276
62056
53798
70137
74053
58813
29637
82490
101085
90799
9052
23010
947
71569
107660
7717
95650
79153
46965
32281
23109
97422
3240
47395
28549
21646
39843
71647
102384
32489
95841
63361
100357
42674
100945
10910
41980
73095
56168
58635
101882
93764
87861
72450
65705
8255
96925
74189
95478
21146
22097
72702
65223
80615
18463
79903
17313
9227
33512
94854
39865
75645
11944
95006
63370
7470
78170
52532
62955
33867
28334
37758
79096
102028
40595
108645
98318
10006
59816
52298
78708
86484
99709
17546
94241
45227
93549
86914
16791
84250
42624
110796
5379
10259
106094
19030
88887
27233
47092
44066
18853
34896
21835
49827
37794
14865
76567
14174
25603
41062
76513
71912
81938
108958
71985
68491
85460
1379
38820
7651
105939
24731
45478
44773
51281
46363
59327
15233
44076
95480
106440
12306
52720
111758
90040
20900
64924
59203
96173
6997
14833
1203
69809
109456
47026
49076
8996
56774
5059
86559
73721
59042
21723
18363
16323
8482
65872
17947
50115
104448
46834
86827
50562
48697
51971
32762
58392
101967
109044
26730
5117
48720
10872
34911
23368
43698
102699
17228
82566
56974
74242
34312
88355
73382
3073
56049
2490
39849
25134
60153
72466
19822
29692
39044
40607
111658
64894
8962
17556
60186
10857
79226
52921
77843
2558
38072
69126
67182
51182
41683
73393
91997
104579
52055
69434
16542
29617
35455
66059
4720
62971
47944
3301
53912
65721
88949
71662
81155
80356
16864
110721
56250
40864
79316
63126
21864
14893
52175
111711
76589
49440
110017
66860
103072
85521
88207
74200
35268
49174
49185
87530
24458
109062
91092
96574
44501
105124
18020
52916
107336
92578
41649
36023
31179
39439
35433
66767
43555
85398
5226
13327
68890
63134
72955
3125
86355
3994
18701
43170
74026
61541
51413
107854
40161
75724
66114
68744
38957
649
5377
98223
14246
18643
42815
42557
60013
58382
11981
11701
32891
16985
98179
20749
9155
8069
70346
31325
107167
92616
92324
49106
47520
43645
5719
58335
107412
84194
91914
50787
37313
71109
28175
6114
56723
33851
68063
109439
11826
5817
43355
648
42979
4977
22140
27499
32300
37518
4460
26462
111527
90059
18365
35439
102052
44856
98562
78612
89091
47614
2635
100082
47627
70789
8394
38872
72249
104157
83637
43991
35447
86973
69903
18342
111586
103022
12012
29298
39158
27873
95256
100514
82065
12035
78695
35081
100785
26173
94782
65419
70453
57328
99352
48554
54756
13645
82962
10324
82240
92063
1485
34973
85606
32476
31751
4740
85067
88545
33148
57121
94963
88348
78533
68759
68428
95418
77065
104404
13992
6212
26436
52007
74513
89818
92663
29176
96839
16610
52630
16231
105652
40301
3571
53654
38338
91108
57006
79708
104030
14133
64372
1968
1864
4548
28044
25436
37876
88083
55701
77690
29439
40099
23172
103085
81470
37733
67448
30566
8596
77431
36564
39587
100240
89592
33470
3722
34155
77248
92799
