108621
91819
97026
79341
22950
11266
87592
64314
52832
76893
21773
39239
11159
77892
84947
60972
10575
55794
32623
9956
98564
99345
10489
81404
5192
7858
61261
59233
56946
91429
78802
12104
110453
105542
54138
51551
8643
36816
10501
23010
98964
41955
101013
3618
87653
29549
102142
5420
83742
100316
16203
7040
42789
10872
75345
60689
43904
42536
44048
79592
14862
68711
57220
21636
59588
19014
69600
94732
29964
75179
110328
59720
57638
73300
48976
76092
92143
49933
72914
11188
25643
57948
18907
73813
31297
65040
97267
18273
33606
843
21622
27797
621
75569
44005
35757
30697
83535
90010
4526
102926
49873
12236
74194
69549
88260
24905
101045
52839
23220
78149
97965
42046
890
50133
83884
18846
19429
28522
28891
62685
52741
75969
8971
2182
36795
39946
57088
66098
1674
49359
40313
88752
53744
79080
65584
10321
13655
12161
80881
17158
38393
104315
16248
49565
94373
21281
57117
57362
8154
83156
74944
60032
83774
88880
14512
94892
58423
38589
2240
66987
73378
80161
15881
924
46572
23884
33855
49479
51513
79068
55245
99545
52622
99825
96799
488
13381
55815
41799
55299
26369
86726
47593
43986
98894
102121
80988
12351
62903
5088
67498
44086
47093
99086
81662
45544
95619
42252
41866
80187
37891
40567
9791
26861
101563
101694
87194
39123
32640
90048
13530
19984
62975
87138
1403
78014
12226
83604
55808
28879
96357
39993
64473
71829
40287
53050
98220
70129
110591
82268
49945
110458
17230
32977
99108
59632
47277
28735
107683
70542
108785
77318
85737
42285
85344
57017
65965
64078
62464
73363
17552
89270
71936
83158
59839
102624
27829
15139
98136
798
104419
20212
93923
29605
66566
56684
39821
6814
63740
97104
99033
45117
48205
43409
94985
86933
5845
93592
66948
104685
65231
67313
66878
71788
68406
36258
78164
90964
10283
67470
33938
28799
93129
59792
68240
73524
94028
18145
107499
35234
90451
26601
28317
42528
14739
53538
107378
61019
29974
29735
47627
70195
11974
79337
79292
99598
28511
46135
36099
47786
66913
26112
50803
79318
70580
18257
38399
104311
12090
103794
69280
101031
74839
41080
22974
69527
84255
7178
13148
49014
18983
30053
54609
42572
86173
102083
80062
61145
39799
80475
53643
63232
31428
31533
55194
105482
73910
81050
76437
103154
68706
39272
26919
96651
4339
31896
94899
94100
54850
29337
50731
64072
100792
11737
13362
425
42423
62762
18187
70401
109617
6579
48002
5021
37470
80141
71303
5402
21224
31214
63605
88351
48260
47333
107937
59040
12685
91287
21342
83072
41728
65591
65228
74575
63770
80608
78092
75565
27921
12563
45670
39095
2304
36003
32557
92937
31080
27715
81466
91323
85058
31084
78524
97611
106266
22384
22741
27121
107112
35685
31570
3733
87884
105386
47009
10332
103739
89145
2803
90284
100326
77334
49747
33916
108931
1380
52057
22639
67287
18775
71597
51623
9113
84055
76038
50423
85216
92131
4914
77877
25023
30633
71741
23835
67647
6002
91626
83472
33493
69735
33194
87973
40045
97293
38484
48433
5914
78407
76144
67609
104952
18124
70812
59009
68330
84841
65535
8711
92147
19680
89626
100490
42419
4364
68085
24701
68442
91320
21239
108684
50474
19864
26977
29124
81922
6482
107815
77923
36131
30491
88950
38456
55246
41009
67243
36400
10168
110655
87569
23582
87466
6378
8310
28230
73036
10934
38429
78718
10955
31174
106734
53529
71502
91849
79390
92441
96586
7043
49768
13241
56608
61335
88267
40816
10874
87193
70012
61115
79575
1451
104193
14128
9669
44462
100125
54695
97420
52833
28991
42033
85083
39458
12620
96837
25873
50533
19834
28244
96303
105803
23773
63388
13538
16721
14701
42832
87461
34798
105929
22380
2412
105948
10602
77310
84121
69460
27552
34434
45558
13521
73424
74453
363
39311
15297
38785
86235
4597
60954
45913
86802
15315
108079
87747
90862
98240
51298
3085
71529
54966
25999
108774
60267
45429
65117
51471
58464
104228
57458
64493
61227
11253
76566
26480
80140
46190
94057
81454
13728
12754
47315
6377
29422
85297
50085
104225
32271
98358
61237
33896
76674
24208
56463
7864
34501
65151
28894
37677
74199
66801
54776
13416
85838
52015
21110
103571
99124
83645
83324
102802
93723
49550
90671
60718
90371
37436
6067
54733
84729
15721
54878
34630
64124
14063
56485
101950
33649
107694
58353
68180
70682
33416
13236
17023
7130
77569
43821
83134
103694
43631
68280
72328
98675
80994
26729
19853
93829
45460
26600
51265
51424
5433
5440
83963
98214
59707
22358
53924
48231
94735
100188
60640
8206
40307
65100
26731
4236
80562
86241
48897
97641
34021
39664
23541
65225
24694
43287
37526
109665
63422
101943
29060
85622
15282
47203
9860
4755
16380
14553
82453
96556
68870
96549
54175
86582
90786
22479
5362
1609
50742
87578
82193
56844
55425
82784
97670
110273
52598
52584
57267
63871
21472
52501
3482
71097
106034
72118
90286
37769
88966
4230
56473
38718
99264
15497
106746
40680
73315
85247
76596
56838
86737
28029
47683
49331
18758
109306
35038
33735
38752
24625
82492
32986
1251
44593
56016
103855
13131
55596
38088
22703
3886
36805
67428
102805
74652
79759
104143
106435
5298
12048
9475
6456
46298
69764
16528
6387
41602
40920
61748
91425
74742
63498
79440
76490
98768
6538
25792
48093
59733
26054
90105
69482
48187
15779
26373
90759
34227
7974
58433
71888
80669
94859
108517
102608
93272
97049
104638
32303
89897
5643
1256
106679
108717
37577
76295
13200
6390
100331
18521
76878
99090
23851
81544
10697
102364
70376
26636
16717
21085
31598
91810
11503
50335
5913
21550
42230
100422
87571
71282
48121
56268
89963
76905
53281
57567
13379
32079
28718
6027
52321
2090
47391
87627
32178
52623
82746
1798
31175
32863
15999
93864
1291
16360
46238
91235
39429
10831
49610
96100
14220
109604
76149
32805
54253
26286
22991
102180
25273
105477
99858
100224
68598
8876
10461
50238
596
24252
104916
95647
103806
17591
93335
20096
68159
66838
11269
36567
26552
45442
45571
56244
10299
65330
81279
90214
60908
13623
96567
53313
46681
28869
90446
23985
62143
18634
82440
48933
105056
104217
14062
15392
51888
21785
78298
69615
92580
51453
11674
99393
109699
91641
40084
28748
79118
12296
27958
73445
26310
101037
40497
50745
38759
93850
103596
13230
69865
48698
92035
45313
30903
19898
11488
98090
6113
69503
43417
91380
24620
67343
32909
26319
66717
97092
9323
66479
77250
87047
73580
20615
5743
3102
42779
26413
94091
106662
2801
103683
16030
47260
18126
65724
44066
105012
5257
7318
44568
4094
76499
81449
22083
7910
89525
64862
23211
73146
22409
105019
53565
68956
58563
77309
66483
43066
89768
60045
98567
80928
109255
55339
5906
32682
76012
12915
46472
75451
19779
102636
28289
5816
62738
59750
7981
26517
90679
6836
2408
108189
36974
99192
73725
18344
49651
8795
3904
83479
47690
47339
97076
79009
12230
76921
108766
94363
44663
17663
3624
21763
20805
78172
29665
103580
67201
105207
41325
41349
74628
66361
18822
69869
12432
95630
13330
54522
50282
28658
12840
65760
3820
207
32414
35411
25783
35557
58530
87732
57121
74418
32199
56295
56350
91234
26324
19459
87235
64039
75981
66922
84981
103197
27713
33100
22075
14202
59138
40033
69899
7531
81422
80522
8781
6812
81791
22662
88762
53949
87370
51740
59229
51228
13839
6549
19156
73273
89129
15327
91668
65149
106052
24687
47259
46651
6403
33062
27573
90800
32204
35702
824
93594
23595
50769
88335
110949
89902
53269
46428
78205
90576
30048
6040
45683
98551
54980
11345
4517
57837
60606
16419
4260
24273
47817
77212
52863
38450
98230
50561
20730
51769
51778
82169
82684
45456
67947
103099
18532
88674
50064
4483
45625
56337
93300
84686
50951
13576
3010
61199
59345
55312
43132
64598
4509
72090
72894
31511
33952
97463
92417
31200
5424
62341
78012
27754
88301
77466
14762
95980
102637
74994
92504
49102
62791
95664
63252
13874
3628
94188
67982
65655
28301
23179
91696
64041
18608
85473
94723
46676
30988
64894
11715
40469
58667
17170
39483
25126
21053
3570
43654
78265
83905
162
90724
40502
105486
40873
26300
2838
78918
8329
101776
77615
62898
24629
6129
100823
20285
15416
85588
58044
87853
101120
78360
54400
59796
44529
93264
76229
5345
48352
71844
60730
14564
89395
93016
94919
58600
63384
71442
46883
9165
67315
34881
17800
69335
74069
258
22113
27298
106093
44383
21248
49917
40250
43913
61766
21911
49393
80794
12765
1822
104973
57526
104052
83897
26741
89232
14690
80262
68681
20455
62138
23363
86932
808
19806
93334
75263
72790
56800
56050
54684
99770
13353
4617
16048
39670
39100
71431
42677
48831
73435
25087
69817
1301
62775
73560
92246
60005
91864
39131
11645
78192
83117
30329
100780
104287
107256
32872
16169
34729
78024
71736
110605
75150
43212
3888
50434
25501
53582
11838
39747
35407
86236
72938
16285
41108
55150
48154
67383
28111
41365
18295
84339
35170
31394
403
74598
47890
17061
21375
55381
7789
2669
105074
63547
44123
80911
4086
93488
49007
70532
29351
65945
29687
74183
98727
83971
73309
76483
62305
59015
71611
15118
47137
68045
13842
7897
42713
99076
88061
41341
11941
49802
71809
50937
18912
74343
87344
37708
65818
92482
51768
76050
54629
57557
19820
5725
69254
5606
84111
36933
59165
102928
44008
70007
28477
91977
5006
43072
108175
31039
12243
16787
86429
47785
36367
68376
35648
35523
64192
69868
78511
64792
50948
9001
17327
77965
106397
59292
56663
28328
94234
17766
58468
69450
107472
77467
66510
72364
106629
35736
62876
17384
84891
27405
50687
28796
93752
43483
97671
55354
32326
36045
3453
85899
37994
283
28608
73263
32261
20798
38103
70800
38158
95431
7847
35745
34166
65717
54717
8529
10292
19725
55927
23248
70329
70875
61185
56440
13062
11348
49807
41737
27502
59362
93456
77439
83165
7739
63417
102057
59969
80581
41735
28457
81534
71930
88498
63348
79294
26067
49715
43540
8221
65065
30793
21692
37252
59713
75366
97193
70533
109585
35462
76070
95923
18434
36267
84232
26092
3419
31723
77183
40446
104033
77840
70087
127
17837
163
45880
110563
34225
91646
34105
51793
25619
66542
36673
32100
79391
35553
6815
48625
21086
61981
60288
34006
102634
63007
109444
108367
53000
35591
17122
88734
28279
27699
40977
31168
68342
39455
38786
57339
71890
84394
108615
1391
27465
41934
3162
91901
39807
80796
65511
85647
80323
4915
96924
6464
93946
83780
62968
96603
59756
36557
6621
47945
46243
37559
13823
94942
49602
14270
17714
17885
22834
34870
75808
91747
51850
12475
60124
38119
43416
17324
12703
73856
36470
82151
75945
5035
82190
97271
83338
17700
33031
41674
37305
105201
85675
5490
97729
20158
21934
58855
44376
58845
23774
77431
4069
74930
28836
83773
53772
101615
24078
49402
8295
37243
19103
69957
28363
74299
69881
77081
4876
103300
60310
46487
107431
19345
99175
39030
90942
37369
88526
78823
52079
25554
80760
33677
95529
43018
94855
66066
1530
82213
22290
58234
68863
4886
98110
44392
43169
34158
64112
94784
24459
104874
108083
74702
49522
83321
50991
12428
70503
86731
16164
50377
34985
2294
49507
103969
94078
21699
476
42542
28731
27819
99979
69362
8278
90624
13675
56769
15185
3646
102874
53936
70313
39652
51577
60586
90822
47959
41142
97665
39770
6349
104388
39511
14988
69418
49042
58194
26482
80503
63077
81124
77880
1277
77813
108056
94946
86457
39241
19968
1996
420
87712
12138
56786
66133
61053
58732
2207
33633
49916
26807
27500
109552
36001
56024
11514
28412
22080
7777
30243
74517
20889
36115
42822
74385
92531
103541
51914
10391
74634
22538
70423
22856
71533
96823
42975
72139
74467
22302
3838
106181
36392
108992
101817
61840
28984
9843
26986
34862
39582
75486
89452
40114
47026
67292
95160
36594
76733
73741
16233
94824
110353
101952
66038
61293
2766
1257
89301
72537
38000
54153
110205
61407
15292
13511
22903
84041
50677
14849
55904
46074
35199
74579
74455
97400
35303
87127
15412
99860
33578
90230
9892
91237
75318
4023
37186
100182
71405
6751
35393
79810
22853
82920
4150
50466
18255
2851
5122
10794
1487
53780
108389
109922
45516
91991
22365
2843
107276
23068
40720
3353
50847
78872
41865
13812
23156
109529
104206
103728
18474
5377
27698
43175
7553
46274
46849
26105
101371
101281
84242
53681
35182
54744
56864
39787
28876
86298
2570
48520
52803
32197
51303
59318
21766
73941
45878
104815
10880
78311
97234
30687
13952
98377
68478
30603
12297
23789
87403
48148
54056
98061
22800
5113
42738
20515
48548
32213
104641
47814
25559
47806
73901
32314
41246
65940
29714
59030
63249
670
6159
96957
66245
95807
74151
88490
17233
79525
101661
49537
11697
12014
41515
49010
103570
86082
68801
23375
47946
74845
80176
1326
14126
42509
24065
6853
106830
52345
76439
33980
8118
21834
82990
109249
98781
30171
101567
10456
35625
63907
1304
34474
28992
32701
62358
80281
28476
78548
103255
105326
66345
34719
72380
72742
95078
64129
13349
91403
80909
108162
108436
66761
35758
36307
69961
73084
12630
32
43932
68401
11072
16271
100399
40846
9985
178
3377
96363
17496
92884
72949
94750
94696
75553
34197
64027
66975
78514
59290
95589
76056
45333
86353
44951
79496
33245
17660
38028
88995
4972
59072
91282
24141
7754
47560
26638
23589
67524
49528
1342
66480
46586
39753
30617
50625
87156
38279
75867
17571
20803
17820
52044
63017
105743
3520
102047
58380
105853
65619
63681
80597
93475
76017
109127
16569
46022
32269
101708
1417
109940
66154
63335
9585
8527
15326
47818
27776
96526
46871
80117
87374
93726
39091
91019
52108
43670
66797
27231
69913
9671
4720
35114
41336
95015
78782
742
39099
10430
12117
21899
44103
12108
39866
39153
72694
47680
20657
13818
82786
80308
809
60337
18940
86413
59886
61868
74245
79634
34673
8797
52701
11580
77442
68639
100246
12197
73965
44950
2685
19367
82046
63407
96195
104905
78917
57967
44584
88852
65771
88329
72805
58689
103364
85224
63803
32358
15430
16984
37255
63872
61772
69591
2433
107566
96394
16058
108142
36005
34866
41945
50184
71925
37662
100872
15446
103010
23183
28071
82130
28934
43167
8640
54546
62097
54862
38747
15277
80622
31395
80801
31953
5911
6487
9664
11680
19134
9090
59757
85536
73898
32861
71362
78948
74946
7275
44338
78076
82203
64289
92496
102284
94717
46240
28030
20897
6978
47361
40091
66162
108572
43738
32882
12863
37208
54754
35601
82102
38387
85289
42652
12411
38331
15858
1963
88050
30596
22363
95699
41989
12500
58305
105339
43591
11255
102819
49749
29648
13749
108346
30328
66283
106446
77870
3423
69585
91415
17952
106704
25477
110334
17877
81152
58863
19548
100985
83246
14333
77092
109154
65351
51299
83142
15011
2626
10446
49291
47581
49324
100787
71209
22048
85125
28439
54177
33692
65031
61572
67364
61022
70086
81329
40334
64203
26405
71033
71713
14421
62437
56498
30787
45734
47712
78106
41770
95204
46745
29135
91628
71227
1159
100676
44395
52374
8167
32933
4349
86179
51425
7557
82696
103529
49344
12960
85283
4430
29656
15848
66790
992
98833
47659
108651
24524
71091
90201
105470
67336
99331
69109
54666
12016
105451
61859
96760
67916
74403
95385
94580
78114
55444
41117
83382
12901
87929
2284
73418
54269
73937
107044
64125
60429
81433
25919
88468
58482
49428
19006
30927
88427
66323
19681
23669
60022
46038
59911
90974
31215
13041
45921
3139
101760
3441
82180
95591
7113
73102
87503
73361
24464
78027
93205
45475
108002
80544
50037
78006
20820
23600
64557
81346
39796
16416
57405
7708
101752
41379
4549
92181
66140
92198
45839
43629
10289
82793
26899
16527
86374
17186
51921
110652
59412
42365
30890
60228
51164
46235
23940
45352
67561
15266
87838
10099
81766
54266
41469
75835
87899
44328
82202
80619
93936
69379
82548
63171
10480
54846
46329
31083
104219
14910
29139
92039
38069
655
84930
72397
27718
80554
107303
1922
42799
59237
107407
8537
89365
79867
13007
26221
30
94865
72113
55597
67940
78213
45350
87359
5772
86499
56653
56551
17263
59391
71019
19501
73420
46664
110680
33020
92971
72876
28479
77772
9441
41345
2464
7568
55283
30055
4960
56065
70021
16328
41337
103161
11991
98245
6540
38511
79150
99855
96715
103049
92202
40574
14908
90978
50724
2415
35162
58381
31220
37525
56641
29645
32397
33484
86667
27462
40093
84853
40545
10347
28690
55333
102552
79760
35969
98629
19757
41467
56112
57407
53326
98068
73429
103115
39220
23843
36661
93891
3454
3896
26610
7469
80417
6817
16859
40905
12174
30351
22633
98247
16113
28254
93441
8364
40415
105163
10179
98725
6060
93614
37162
55801
35439
37846
30824
73642
78423
32634
44619
47830
17610
105465
37051
20735
17458
60110
94217
28685
36626
29223
31883
91099
40845
102521
27036
82175
52958
16111
56900
9071
39619
49403
88604
92932
51391
23998
3176
56436
82848
64160
83011
17357
56226
24578
110881
86711
42397
62844
83888
36487
9183
20728
109323
4057
45742
52735
36686
46864
76154
42558
54600
70102
84847
62092
25750
34950
7472
105769
35606
4186
72745
33552
61051
95386
27959
62551
48055
9322
35210
29310
86993
41335
6717
61312
109259
95452
99645
23042
76482
57506
65213
1148
71374
109417
92407
81567
16843
10062
12555
39714
2958
5390
47052
95017
66353
68553
25529
96987
24980
29989
75372
95274
3669
72307
87664
53224
27101
3631
98749
9308
73933
101442
58421
70679
35602
26696
26653
73293
30658
28296
95898
68634
54595
29639
9369
53901
93060
89199
75517
37242
53179
51323
101325
54340
70070
83896
104964
22973
51229
102058
94402
14447
96909
33513
9076
58927
60220
7295
19086
76253
39257
16538
11415
25368
54539
92020
64672
4897
53165
52324
22169
58134
12975
13031
85008
90184
103700
37302
54822
55776
72152
72871
79081
17569
50035
7330
103486
67983
16367
55781
51361
52616
96088
104904
92543
52995
91867
7898
11324
90682
3365
72322
28394
107170
87432
94230
180
95753
52982
70271
12218
62872
16457
48338
49685
14725
55390
65247
74464
91239
19846
37595
95111
56430
10493
59944
47107
55675
25426
59393
77400
31921
108841
39424
48858
22158
48931
44601
73373
92479
21080
58702
97746
38001
72150
94789
57450
49646
97186
35623
77624
65009
100588
75679
67257
6626
21383
44749
11507
55057
70088
20711
76909
42290
66040
44666
48238
58000
71440
49146
39636
49502
93627
84017
1127
32458
27888
95633
90859
34799
109899
38879
71748
107529
12839
73188
67826
11192
92592
31783
12692
6418
102483
54698
110862
56222
105587
33226
11040
18076
58592
99083
61055
104601
34611
7969
22998
102960
63997
82921
73306
105705
109097
52572
82064
84410
20510
34392
81133
30113
58703
30028
61444
7134
71838
82466
16601
52178
84783
60838
37876
59173
108343
87795
99600
72214
12924
49290
62044
24119
46644
27744
41629
42618
36465
62816
63450
53431
64175
38710
1107
93438
9408
46886
96806
79174
110214
19364
48768
51621
81459
26734
57698
67057
61542
87299
29770
30946
76231
46557
72511
11227
24790
89944
41087
77871
91649
109445
43391
67928
89882
38383
8672
8395
71707
53272
71957
68139
52027
93469
45513
52440
16880
51385
57902
52749
35012
15599
69121
19298
27378
50924
191
86389
82547
84173
35123
104762
61794
85752
60088
21331
100068
94337
55223
86167
105061
12779
73636
73483
106527
7054
65028
12392
1157
5590
74562
21617
66340
46449
44909
37290
97700
75002
36028
59296
50270
82912
25641
40384
90233
1143
26878
73742
37817
32243
96828
84522
63572
18607
66320
52654
85221
73822
3494
25502
24462
92564
64261
54213
3506
98526
44106
101495
100481
59251
43774
9419
84154
76011
98934
103714
31991
22049
109435
17687
60358
20713
59775
42804
53813
60202
95166
35509
71804
48417
4202
72640
65862
3037
73899
83541
69815
13745
41803
101272
56713
37867
63296
88226
7009
13159
92005
5599
59378
110693
918
79299
107918
64989
59423
75924
34774
12725
108043
59601
78194
70010
102374
20470
89535
42426
94646
109114
9672
82085
92961
67401
30323
56255
22222
38120
14629
24416
83988
1264
43257
51026
30106
16719
3217
98197
90035
54657
64811
62545
58077
84718
2677
36070
23825
74044
20893
76894
104438
38054
55697
48865
3580
89458
102066
85136
52160
50689
69224
27915
57419
22597
80483
6821
53492
15349
57820
56471
47695
72283
59350
63975
101646
101673
14233
68736
39532
17483
29611
17340
77231
4224
35454
56912
67977
23978
44710
76966
66853
63507
66268
89026
15334
29977
41235
67452
43649
109503
52813
94145
60537
101852
35657
14720
37664
44246
77091
71526
69842
9821
40239
58566
95749
66529
45520
30468
20712
76953
96809
83438
103006
10339
101007
39148
71098
52635
97242
26347
95511
108915
2454
14747
50540
46383
94631
40911
39066
83849
15775
60372
77576
69554
80652
68656
87276
37929
45840
2239
14617
63393
39219
94180
36824
79533
36146
59508
43394
24127
87112
107061
18691
62702
27269
80719
37807
48736
18580
62894
78858
90192
108877
93464
52942
31358
88304
41585
21343
57624
94104
35381
25902
83927
2468
67644
109317
35061
32650
43795
58750
30440
8591
63167
87068
84588
56352
5850
76945
88275
17068
91133
4771
96995
58436
81388
32521
42878
58319
23717
91765
58039
79290
87241
101358
85930
68529
56878
16156
54286
96935
37191
87357
79488
73855
105445
32632
36616
85309
106037
17862
67035
34252
85170
95179
38195
91512
50303
45910
54404
79003
21300
46098
24543
51523
74982
77322
59843
4064
16334
19647
17307
108168
90965
24228
35014
80510
67966
20864
32643
105805
98392
69897
72768
72082
38974
67191
14040
96921
68933
11541
33676
15388
33010
86238
94131
66157
57103
5631
87624
99590
5624
4728
25460
76694
90279
69590
61047
88731
108001
57061
69963
15272
17870
106930
107624
57161
58534
29944
37265
70945
14834
58536
3782
85687
57746
24005
65631
12572
240
78188
30958
108860
21615
39303
32530
4943
98776
97197
84246
81309
77433
88132
39308
46444
8991
79191
104889
67024
96625
87042
16990
86700
63848
60008
78733
76225
86138
10681
57260
30469
56163
14706
21575
74342
81824
41584
643
66287
63253
35800
70222
21062
89001
90313
56105
54742
606
86694
94119
2948
3481
6308
8144
94540
87935
54008
15351
33527
83061
96335
72970
89237
62745
43728
20092
41125
33345
49518
58794
11823
82493
86890
54707
52668
50080
4395
15770
9949
28121
21565
91473
4424
67725
50266
45771
62571
53808
90100
80232
92651
27679
68215
13442
109870
107560
17987
21403
20718
101161
85880
26857
24921
63768
15691
34794
83115
101898
105112
57812
81633
22155
97410
103779
4926
80276
44727
68430
71309
7912
54219
37311
69247
86416
34223
96102
102821
39072
107438
34534
70726
108462
4077
83106
55924
42349
25136
54990
105707
75792
95679
9182
14176
58329
85620
71818
70413
76722
82309
92718
4870
70324
2742
74623
93474
24824
103678
27486
46462
73927
75755
83683
12169
87373
99102
78242
61686
61324
55434
25635
87749
105031
86939
40113
16161
78476
35817
106583
73967
38066
31716
59557
27009
81458
45599
89094
86027
75893
984
99206
98570
109488
80133
88971
6275
46195
8207
88035
58531
108388
36333
87953
42021
72442
36812
19759
78704
8616
56575
101274
103566
109510
23276
109345
7943
63183
16907
54960
4359
1502
107402
97073
737
85869
16989
63584
83584
59708
5454
83995
41275
47898
84684
6162
52144
101667
76598
78151
76007
44247
79050
12683
50061
72332
109449
17482
6757
76452
55842
67734
81982
110478
106551
33217
74457
9604
83777
29523
110260
81706
93329
63906
3556
85522
93722
18799
77386
6209
97344
44148
27075
61126
10890
57326
106927
92887
54653
59619
9579
29457
66942
44254
41393
34944
50800
4877
52259
54336
100601
87969
44857
8969
39045
290
80736
51512
104885
23769
46174
78653
101435
24315
77096
56174
95663
58967
51746
74658
26859
24696
96661
19953
54643
30467
70464
9857
48133
81621
53138
57410
104643
10203
20726
107808
50047
80955
20454
57809
34457
24715
26255
78634
40110
87259
57264
57427
46077
39388
27452
92228
21038
27232
97060
88238
28316
38646
7552
104475
13583
7218
32388
96939
78750
71608
44241
14735
15847
33687
13773
78127
29947
55881
37646
5481
10086
76306
48416
51575
102941
19187
108218
17519
74060
13088
54301
59257
53205
39130
27477
81944
52007
97155
12864
5910
3064
50072
16045
14244
22850
60875
91384
68672
78757
27230
103416
62543
109997
57037
22778
104162
94093
17580
86789
65833
35651
106261
22047
29654
41249
50672
43454
66511
67098
32322
31867
78668
33844
14345
42732
57799
84118
60415
52325
101504
31547
15658
28761
45130
27143
70732
79092
73887
36910
5416
47916
2798
5936
61468
1060
43062
81868
105998
3880
73696
79558
87585
48189
104907
89572
61380
17995
58921
41529
26486
69029
46929
29855
79413
110081
63193
48880
72352
26528
79364
57041
88467
76652
71962
9727
105734
65116
11087
31489
82045
13785
65735
61945
88218
103435
6148
51821
63926
60519
33009
11336
24727
28339
99952
36476
40610
107578
97883
12734
102182
26381
83366
27338
91496
43081
27359
84212
95472
46943
89605
108998
72665
85799
51033
32376
96249
27215
43571
48937
14200
58414
7591
67378
68242
51755
53084
107970
86909
63230
553
86897
25945
57872
7654
20214
104615
15065
77673
42346
10089
34426
33102
46161
28073
63068
71494
86257
31019
31822
5142
41043
20551
56271
65301
32948
74594
65844
54509
88486
18867
5985
29359
109714
79943
92546
55630
23132
34856
105673
18024
62881
97195
76912
80852
13575
17664
94977
81089
85861
83264
86668
57018
95011
20619
35806
13578
90926
399
42393
40195
91494
18392
100667
17083
1770
46909
84076
79574
47793
15628
109798
520
96032
109024
64823
42177
3130
13619
85928
42602
109290
67805
21475
68037
45652
10532
14259
54897
79238
96689
55830
45729
25752
97001
46528
11925
14300
90908
55061
56380
74756
107111
36522
106569
104345
49786
5728
52710
37822
90977
57517
39451
52881
87738
75605
81172
78258
4980
37808
75047
78929
12330
101537
48766
30634
92070
21064
72433
56231
69861
6347
10185
69559
89283
37737
88611
23474
153
103908
93183
2455
39216
34604
40488
97857
102223
7700
102896
68980
1512
51868
42599
96094
84046
81412
57609
5669
2299
23693
36765
23842
31995
80670
20834
110015
51077
50641
28631
54037
10135
82042
46707
7632
79991
2253
66549
12193
29495
45020
36652
50538
105236
21307
63469
12263
15545
53575
71279
105391
53625
23681
92377
2283
10227
54402
70480
77756
20590
65686
96516
92028
100132
14545
48318
69906
40400
54377
95227
75127
87415
109647
106244
66304
9895
54860
101227
29471
87237
93640
45175
19012
6500
93520
93626
68822
48484
27286
90793
35554
101333
2773
102671
105203
69108
51062
96744
51491
84514
86055
2285
90433
84075
64689
96344
16450
46368
10360
102985
108745
110305
42681
97044
4930
102232
37395
45998
67888
17032
9575
60944
31873
51695
87965
14461
90022
16764
26102
83816
19668
17411
72984
56384
75384
64032
67389
57625
67986
35086
105340
47603
51702
69377
65729
40577
64491
22622
88314
3094
34832
27803
69107
33300
58631
103613
95590
96188
7544
56781
84753
10132
67489
79644
64403
24685
572
50437
40667
73609
11051
109698
31698
13199
95998
86255
29309
24013
33973
80183
58478
89646
13478
68848
52013
48791
70620
75408
32200
73860
35954
24463
103160
92734
64839
77055
95074
32188
11853
101578
33878
100880
68018
21802
93940
107850
100045
23032
11588
16788
63262
71358
250
2432
0
9260
71138
57459
103945
72158
2582
74209
37132
58028
29273
76913
83830
64955
338
24970
35752
1007
104027
24158
9728
84747
9230
94655
59965
41964
32225
39992
79321
98331
67833
52814
25649
91346
92781
93810
6170
31170
66931
27823
1488
98405
24140
41188
40331
91155
32475
71706
108891
9647
86397
98259
52017
4083
107016
41283
26021
54207
98666
16411
12735
33983
17085
109410
101719
28676
5955
61791
102409
880
83738
89777
57947
42411
54161
45630
58635
45353
31984
5993
47518
60798
347
39092
62446
22336
74784
84226
41632
67938
110357
67859
34046
101998
106867
17468
13917
642
83619
84178
35306
61406
101327
49887
73568
79798
22282
43921
104441
12617
24219
42149
35092
93764
42979
6908
14006
50319
97042
30302
69627
19690
63390
5011
15033
7816
55528
87199
62938
108238
100519
102111
91507
88677
73380
105984
76892
76365
58583
4852
20835
12922
62238
35034
93524
42781
90156
35431
74674
15976
12328
56577
28987
71810
62056
58964
26633
19125
7920
21355
91731
66416
47870
49506
104851
99543
73123
98880
72351
51101
60197
68118
85780
13824
68252
95638
82222
16131
38440
87280
27649
66411
16417
102435
73975
73039
73460
4537
2795
109951
46907
56228
10500
58173
17040
20609
81139
37322
73507
73843
106382
79583
89414
3131
54808
38949
54963
62122
67373
109882
78010
106603
4945
60752
64486
12293
26997
27775
91163
37204
92234
45173
99196
92791
63690
85401
18430
104029
91398
26984
5407
60621
29108
103765
69664
48178
23583
62078
107440
90764
42172
5370
48485
43068
77513
74484
74697
74910
69574
86754
45379
46055
35268
89015
73280
34301
61453
69652
88529
2287
91470
72141
87091
83043
110345
56975
6539
95309
68929
17187
46688
37149
36410
65265
2945
47453
76171
13555
70223
110664
57949
50287
27421
36329
22672
8071
21657
16002
23015
3567
38528
58526
388
84337
71504
14092
28598
16279
91490
89379
23518
89278
30930
169
42236
53603
97095
73045
65787
7624
49032
12674
18882
7673
74346
87755
80879
49509
7249
1517
98160
48047
95536
61201
20107
13437
5666
10696
32407
60862
32751
18843
68034
21732
65047
26463
108216
73638
38453
107252
30278
14823
92995
29982
16438
100483
48414
65365
80763
88685
107090
13385
24449
73183
63265
68886
58758
30900
96420
40715
90087
32888
78625
60568
61855
103672
32978
75712
11457
40718
2143
41778
39551
100161
20988
84716
43447
23006
65577
71971
56305
98466
29922
27686
49137
73513
95653
28263
29219
85858
103993
102405
79122
51136
12930
84648
58390
26384
45668
62331
106535
73690
31440
7062
65552
79282
44949
83085
27626
66527
92810
80916
62784
65207
50964
32075
19829
54488
449
234
96618
28505
86327
34242
15451
6916
35749
25398
106026
85417
21066
86122
75209
11917
86422
94026
18008
25222
49975
64534
65691
62484
81457
79025
54368
20880
94626
107395
19455
69289
44333
105006
64893
34344
97264
62225
72482
9666
62832
5915
98083
4603
19705
102968
63799
13271
47615
48241
84698
79239
52469
91735
8477
103310
32201
1891
54274
83629
70198
93424
92414
71702
75205
94398
7280
74080
5464
15192
53877
50329
68335
19645
32094
87405
8673
42619
68362
36354
65520
34072
85155
81416
63289
9307
100462
62768
24308
807
104715
44546
99740
71887
7979
89073
66141
71563
985
59579
18090
14450
93156
15711
20404
38112
8733
8880
60203
43296
62718
12210
14984
16217
74806
63995
14161
79131
105100
23473
64780
54506
44870
6848
34428
18213
87321
58972
72301
55054
37623
71083
109575
56829
58189
65670
81884
100859
108755
71805
29821
35337
14346
53117
71404
47325
11766
5836
101897
46795
47866
4562
48049
25913
101832
15856
92519
29604
13832
467
6769
34546
15587
21292
85668
34709
96018
15011
2325
109702
21259
66800
43013
62583
71099
37006
98681
92187
101563
37036
85691
95423
63550
45634
89992
4696
15471
28986
69819
22925
87209
44881
24351
44006
53677
41239
57408
98934
103128
98606
61266
91612
70886
94266
11162
10759
51978
44074
59298
83025
86452
81169
47471
34767
11090
88002
40982
74560
32684
43521
100565
100471
55756
104955
95258
17171
73374
69273
46409
11113
19164
47762
3754
60336
39153
17663
101860
80636
67822
81230
16061
48916
109429
89668
14783
24951
73370
62377
18271
10033
14708
36555
77790
79997
34181
87718
95010
65877
44816
49584
29537
91368
108586
67224
35603
25322
3749
84429
89985
83960
63438
