49866
81387
24020
58204
543
79137
34440
100144
15976
25404
71117
5976
89153
79037
102186
69057
25230
44763
4359
95663
23083
50198
51706
93564
67622
11618
14804
97139
75392
53874
18860
92775
47930
90365
45574
17246
28791
87336
53291
49489
46724
68562
85410
92539
43999
28642
90790
15302
76343
48164
1621
24839
24814
58701
53249
3004
80570
60641
43719
69100
79432
58514
79459
66838
89876
64967
90528
45587
74175
10309
39145
20917
35795
63810
43810
11718
65717
16309
104335
101775
78562
99288
18962
64842
99000
67756
12987
18490
89899
75935
9472
102804
76155
52569
71299
56299
30963
12426
16415
13195
57535
20197
104473
100388
96262
57031
19242
18955
38496
101671
49574
96116
51665
37984
55842
53286
23505
46211
79890
27865
52767
29697
68739
41776
87499
5828
6945
91428
43372
44352
11004
104546
86837
52424
62449
79120
58657
97840
41931
66572
86222
58867
5000
34352
52467
25088
27688
55774
33564
95035
7085
100492
69575
53376
32423
24132
84467
63277
68458
17832
53054
77696
90375
91052
21497
13337
39483
61357
10602
39304
18314
101524
30986
104574
49430
6135
38532
78269
74496
101239
14068
25535
96358
80269
93367
102526
20332
15486
53662
32232
23299
66752
82488
104099
69333
15273
81061
63133
34450
71181
38647
74115
91587
37395
14664
12944
19059
104651
103463
82058
42902
39656
66989
9084
4165
79031
81311
80880
85995
60344
77286
38119
93649
27262
49993
48456
6833
63671
92098
64023
25911
52391
32076
60863
5308
63800
85151
4145
17613
1004
66124
62736
94924
34397
6403
9779
70394
41654
38134
96553
52449
52274
47572
90547
54149
50554
20480
95906
580
47864
52960
24003
103139
36023
5603
97261
75064
33891
67734
36819
89102
44241
62912
67077
48211
22464
18917
567
321
34651
37351
83675
99015
52545
71699
87680
6505
69872
92319
2538
88198
38837
69411
91982
30729
38467
34974
6037
20991
10193
12160
21250
27052
19315
40035
53238
51580
64652
15131
61514
52121
68001
37041
102184
2448
42072
82838
93346
15658
47455
26360
70173
5802
84693
88426
9467
14852
64883
71429
88020
101835
103668
15771
3082
80663
29519
80465
44334
18209
10500
79354
63668
95645
50018
8735
46751
39131
71334
85031
104355
77199
77112
17718
6697
9010
99549
37253
58123
60642
12744
64849
82756
73425
5148
74515
35361
33369
29260
10808
41345
84506
54476
75655
11688
83881
28050
92709
80404
84093
66718
62225
92726
64084
78365
71477
24899
71582
64744
79203
16330
77713
97128
15096
15253
2692
77955
34519
74590
32615
61966
65302
26018
91221
50955
15617
50192
72587
33261
22138
13072
53937
5988
48395
1960
8956
58330
26241
76118
5913
95367
57821
8397
88812
67512
30103
24445
5688
101853
43660
102137
36354
47617
82745
82902
28345
49174
8752
7218
88332
16142
84245
55501
43742
47817
13159
98529
12012
8131
67217
54033
11391
84542
11113
15134
48878
12381
46059
24118
77047
38653
103250
16003
96254
49390
1489
75491
34783
30293
54021
67527
85870
28159
17233
82241
102188
30776
65891
6453
35370
49935
35974
92473
959
88585
12683
73168
40177
38361
91390
4151
42337
46502
61466
98981
3384
44797
91036
60956
95328
42690
51487
40723
61750
13318
97366
56611
37793
29680
31773
60820
15645
98078
94439
40622
100755
62718
25154
8678
26498
66084
54583
35050
89283
96687
79610
7718
84574
26522
35048
2040
15033
12039
74055
55089
69840
51062
19647
7784
2790
84808
11088
16203
98546
10972
45837
46062
22831
60192
50168
68575
50852
63699
42646
67275
102590
71099
81068
57506
96191
78287
67336
84664
1585
36328
78513
46013
75195
29822
53792
59831
76639
949
45838
70935
51347
45537
85084
40957
103018
90005
7093
37443
52190
97980
218
17643
14029
94549
27893
18376
6507
35579
43906
93963
99863
60785
71513
9174
62275
37713
58074
53954
98444
67233
1258
100115
75343
74671
23621
24074
62183
35973
98584
32593
62581
10565
56836
27435
45733
14288
11473
54050
24548
7503
22769
86521
40336
28424
26859
47511
84978
48725
92408
506
57814
51765
71498
20987
26651
36755
52469
27914
93718
75936
43702
84595
42425
51797
58119
29542
84268
41215
53451
75260
62216
33958
35263
44958
11246
85471
35595
14941
54016
4411
77607
98327
36560
89718
101063
99842
2392
6095
45910
103691
51613
11968
9742
39582
31970
63862
10629
5837
3484
8741
64596
87289
24333
28625
66135
101511
71121
276
5555
64041
100579
72896
30474
42823
95817
31796
63970
74405
28809
69769
28763
84082
38838
63919
69808
88746
104337
9563
36240
64956
92381
20288
56686
28182
53964
99007
93275
9583
56438
98099
7587
80549
52313
96449
6006
37512
56120
19816
11782
73121
73279
104331
91138
83075
7602
11561
30444
7463
74573
71859
98859
62265
97251
82719
96808
91519
2293
81025
43830
68605
2423
6543
39547
22160
89200
104374
67013
45878
102271
53245
58762
85357
14218
97979
27041
84688
18944
44479
54932
35150
8633
54110
101591
84586
86937
14336
62452
14469
45484
74576
11943
23769
72813
87447
90367
83871
48697
45337
8086
98921
21496
6025
45359
39135
47064
75697
64491
82880
73990
87034
65710
65866
76138
78150
25297
94645
84637
4769
74009
94919
68441
46987
7666
3549
100647
58444
69175
27545
93480
11964
84814
57043
68698
86980
79878
89788
80420
7434
47668
89365
49712
66733
100193
57002
23531
36590
80372
70667
74058
78083
47505
3887
65864
5192
55863
85482
62077
67902
9966
28540
16070
28730
41770
53733
98562
85050
66772
22156
25586
14317
45324
30238
97040
99215
96839
14528
38845
38180
26503
98907
34191
7489
7015
58406
53657
30191
20255
28392
64224
6571
104267
51908
11261
66972
45621
70984
83081
83190
87467
3037
19391
53199
33000
52281
35746
12795
82351
38945
57611
32848
64911
31938
92882
44340
94655
102768
96153
3119
29220
45262
57364
57939
25194
94620
77665
83279
52680
22176
92554
95694
47472
8161
48902
103676
62999
42334
74187
76148
74340
46816
13910
33806
51581
79600
22334
58893
3945
66807
31364
29021
91607
33893
81565
99622
21096
23705
79213
12710
18034
69833
93260
71614
70541
45116
26303
21451
40466
86033
7754
56795
15440
14358
61986
11299
67936
86694
21499
1344
91738
35435
63641
26578
51677
47824
10671
23010
20465
5185
41379
23208
102838
48442
40497
22348
5005
24478
5910
24769
50222
95154
15176
20850
65886
33649
93443
46117
60296
343
79772
93126
27132
34952
50745
37025
33631
49340
88503
100490
975
9439
65809
68528
61551
40512
64223
77008
100760
43125
97483
36965
25269
99247
13959
94603
37771
49453
79909
17254
70608
88917
20632
61579
78710
84098
96232
43997
33125
58440
91324
85289
86970
103675
70974
742
41378
73140
21894
48105
8114
17345
59188
37833
17810
89804
91278
103049
33574
82049
9532
64173
61715
55806
2549
72009
96439
48305
103899
34541
51370
80207
56229
18026
79073
74922
75344
34221
73035
8535
871
1031
69805
98744
86507
55817
38842
78586
39122
49630
6422
27263
10148
79480
16533
36508
66388
85831
97241
787
28887
12837
80786
73989
19843
49484
7560
23022
99144
13794
21357
36269
55776
35364
89863
72611
30130
16828
90012
4105
79144
27127
20908
40069
69159
88212
76595
74884
88449
96515
98812
13246
52614
67726
91229
28943
86116
102003
75350
60154
40764
58628
14534
101519
40152
62017
33810
95641
12988
33169
99585
59719
47388
420
32206
102623
38208
36651
5325
13331
84281
9728
97095
69934
64232
83802
102557
38038
25508
57634
50111
82217
35931
88990
6772
100717
86846
95914
906
27938
13056
94647
22655
87582
76914
70477
93624
40644
87618
5171
37177
28334
19571
71173
82220
12069
59951
58788
94727
39699
93575
29008
4409
85164
81607
44713
35008
89883
79116
53549
3501
4884
26457
102863
17372
44188
9570
38812
28428
70899
7711
96109
3489
46010
45081
94318
65857
93132
53518
90115
36496
72104
11872
66195
9653
56469
33549
63114
81332
78961
24582
71933
103094
48103
33051
28660
42664
20552
2345
62094
11430
43726
56823
46546
30232
82188
6064
91016
33121
66373
93579
2630
46656
35407
20397
19258
22099
72563
37644
101645
77438
98071
67035
22076
14784
53884
10092
99995
17428
59870
79052
5111
87868
83920
4120
22610
96036
66571
120
97827
57708
39910
32105
76626
32082
92394
63411
49983
20554
8279
63029
103652
35344
13431
13648
28196
24876
73505
55852
100363
19649
15269
103025
13421
38198
46927
89853
103867
103395
53081
51656
6753
50732
34515
81710
80380
60916
66468
102450
3892
6621
81069
36975
42065
30677
33211
37503
80142
89362
72612
1959
28565
103238
95148
72394
88270
74033
57304
53162
48444
24562
61697
4846
65014
32286
41894
94858
81263
89747
21243
85286
53935
27769
60804
20275
18167
28119
9654
30502
87537
39966
76767
89014
65294
70441
45208
87082
9798
8394
79813
19367
10302
26750
54234
3073
16711
23090
98288
92208
19151
314
66674
101442
104555
67794
16740
69987
31114
64167
73072
72614
12433
2273
55293
43400
99712
81355
61023
103879
51617
70958
31313
94337
80842
93551
36128
57856
30256
97441
89315
91641
93392
2856
92235
2987
59130
91238
61504
91030
80461
8963
63528
39151
15986
19990
18734
90304
36195
14949
101857
38492
53468
7228
99869
51764
40940
6650
15213
79646
104433
69118
24537
40947
93603
28602
56967
76646
14579
4215
32946
22296
28775
55911
69573
23319
57020
101543
80559
26083
32259
63652
88
56937
102031
45924
67390
31261
54123
15651
52248
34531
61220
82809
100575
61910
89011
57106
30962
103263
28594
34730
11572
103648
50032
13502
33031
68973
16705
60026
30230
54347
34470
64771
90644
90327
91944
78403
18181
23246
25567
6233
74247
21213
86768
53030
80882
32351
97270
61611
86364
69700
91116
6404
63646
31950
63140
4335
51195
16831
20420
11072
58678
72276
11929
37568
14809
82947
24919
55319
88465
65949
45510
30790
22462
19136
5686
32158
36985
59885
74208
62803
78175
13006
87279
4950
74448
99444
54067
186
6067
58006
70529
45069
97200
86516
96765
85881
84986
6588
81421
79707
79078
93332
49582
99130
36790
32588
31884
67581
102081
71049
91775
1722
3221
18334
97864
86558
17184
38077
96038
42550
71475
11181
22371
27011
53697
70986
69066
69184
1003
9930
22154
49859
54963
23785
27506
62810
41744
30032
69550
41563
29746
12533
20716
103398
41989
32533
69871
91522
85779
58709
37365
61423
84989
36387
95998
55691
13020
50562
69303
27355
78331
67450
14905
57971
26608
4667
24607
2393
84361
32103
38989
87800
79241
21823
18625
22922
89140
88459
75113
18774
91336
27607
94878
68318
3977
97199
77856
40793
101547
21830
3898
21236
91013
92516
16952
89926
62599
78293
87605
36393
32355
73356
33034
85285
102967
1351
55803
8323
48113
60028
68357
1718
24260
21170
44196
22760
34880
52220
87695
10748
58008
68050
72127
68690
93057
82701
88932
51597
18258
3277
39742
38142
68284
53746
57220
5872
89963
39266
17886
42426
83711
62155
92848
45983
28583
33675
35175
95415
42128
64483
88778
68011
59817
45494
60384
61390
59525
31616
82177
77986
14807
101400
100518
39311
5906
31438
25037
100119
5037
49507
4906
4974
9913
62657
60423
55197
25064
59005
80927
55376
12915
11294
36134
102946
26434
92270
29536
66073
69627
7345
78591
57916
64678
87956
83866
68848
39982
73171
91622
12029
102114
84393
14430
69102
68143
1708
56040
31442
71881
81811
22482
1535
76390
42415
77476
42627
90429
60190
18169
94231
64156
23461
37138
96338
20941
71166
48006
85136
10548
96328
68604
42881
46109
65523
22742
77002
61441
95625
2280
48247
9877
14660
94295
2110
86805
87793
39364
91488
49943
15510
36237
55508
59279
84388
64182
16085
5318
6170
30038
81672
36981
103901
14108
51270
26843
91855
79187
48975
39650
38702
45323
85980
2033
72490
38103
72777
69597
78140
6218
56243
75937
31133
4116
17609
73245
59887
60381
94353
17690
64511
34041
64716
66999
23328
62383
97760
15468
101586
32565
47049
85351
12120
11447
88883
26269
22306
41181
421
21888
27166
9545
43477
96265
66295
33253
92249
93498
53492
13892
100782
50067
34986
831
92844
26109
86000
29238
62663
1316
62798
22414
54721
84130
997
21429
40968
75971
45974
73631
78613
55334
79851
4263
15075
85559
101632
76599
92172
59448
34936
21360
89463
19110
92687
72052
44166
19573
97089
74291
51651
85829
3498
3372
76493
15298
23044
22591
16344
81828
25891
52270
35010
35818
69800
19036
76253
102694
66997
93502
102874
72985
81760
39731
3002
90823
28056
15588
15564
40945
67780
36249
54693
26501
30771
88021
75550
52386
15071
11481
43648
31699
49170
63916
30626
38214
14538
66213
82891
68968
14242
7975
65656
97175
37955
93970
22185
75449
68254
47778
28112
38719
17803
76324
48886
36913
10486
98552
26720
40996
99551
33728
42026
65418
86068
21446
5454
50083
65082
17044
91689
38580
40534
6291
3832
31386
46884
64991
17225
84003
40789
41368
33265
79184
88115
41158
72410
52951
43320
42201
93263
22384
4930
28423
76147
75720
21749
40640
39871
42229
99123
7523
95704
15476
83639
3017
85244
24669
27016
22661
49049
28062
37851
86625
26757
36999
61160
67949
66212
46484
605
27251
80650
18908
43219
4727
66494
76448
24212
31296
20743
52652
88650
1828
2965
53156
80758
99366
41730
83686
51922
43240
56709
74131
52947
30461
54105
76684
51507
26686
70145
74076
89810
35270
85341
51740
30679
63322
61257
22497
72891
60808
20671
39795
50841
10836
33054
61680
56658
90353
24900
13262
10826
76178
61842
57157
41108
70377
83159
93403
3696
26089
103422
62626
69003
30147
7930
38335
71425
60636
84521
53837
79983
34945
20153
81762
69011
104539
8679
78701
62278
20785
32852
15452
39008
3924
95479
85374
9607
19770
19543
92982
73664
89041
64408
36185
48915
77569
64667
33159
5639
66060
2633
37145
60759
10553
19596
94666
31292
22886
86294
77948
8410
103952
54628
83527
17762
389
43712
59410
22869
50398
86249
71677
21469
31646
68829
79508
4002
103497
48957
64044
36745
41663
96929
73016
23085
5636
3849
99373
86102
23578
96217
83733
17716
58085
27162
26326
61354
41587
65556
81992
69903
30525
100805
31728
10318
95772
48889
75123
69982
83299
14305
6950
104006
60714
52827
92939
103011
28487
99540
13873
35149
47268
25341
89510
85371
103455
48237
98957
3932
58472
31331
21287
2992
72660
39179
60966
28888
4697
24121
76338
15561
91041
80945
17780
95342
90486
88663
48425
46463
56008
25393
56410
98483
64887
81717
93118
42675
47005
51276
39428
78862
66436
24813
57117
90360
4639
83319
49963
52414
41535
13436
75632
97096
10935
55261
100162
645
41220
46645
51609
20995
44332
39633
17724
58156
41908
51286
29821
42271
11387
5485
49635
71024
4783
38960
36921
46692
91970
78383
29781
53550
60876
17186
84220
58738
84372
13188
49019
8001
60229
13286
45448
74422
4808
72510
50947
47319
42004
60953
48066
85523
86475
71974
16322
34850
41478
79034
19566
5363
37782
55723
68347
11906
59085
17880
18813
100438
48102
21493
14613
74195
89715
103324
1019
18432
80893
66226
71649
27714
73375
27762
62733
70631
55133
80457
95452
64387
101914
61879
80116
10634
15441
16700
39351
75029
37515
52732
93719
79752
19117
17460
8629
60159
26541
613
15751
2904
39487
63680
100257
30358
69992
42833
5230
59744
11644
72142
76701
8414
46841
57214
6615
95535
102667
70142
70496
35218
31176
92862
52873
36736
83046
14396
70990
14763
52276
50830
29739
29133
23808
20244
80087
2552
64692
47080
81637
62889
69084
8099
28523
102647
98168
88148
59175
49073
92635
5608
44233
94448
42770
102476
6502
11714
20611
3121
56745
78630
47202
3848
47341
66775
90269
40651
77970
99378
88191
13618
41265
23945
13548
25460
50531
68633
67463
92817
64280
21047
77359
19296
84333
17106
80652
20748
20566
4343
10163
1597
25786
34073
35332
94974
76927
70097
84165
25615
91655
97489
21558
29104
103302
60728
39610
32919
34468
4185
92234
20427
19682
30022
6296
100393
58052
98792
53424
61161
55629
45632
44885
23503
56233
29200
9834
101033
33709
85213
24945
73702
1795
41174
12635
65246
71934
37941
16659
77931
67875
89214
18762
10985
38216
66425
46828
77013
60674
26067
78943
103574
56633
48349
73830
36602
3044
70987
26983
13430
12249
38525
71016
19735
12650
78352
22510
9651
94754
97606
9824
53066
19449
2542
63152
37174
79743
57487
66168
72705
66241
81204
69685
76747
96677
11482
6939
1094
11378
63068
7662
87550
49149
47417
93992
21602
588
39027
75495
85465
93214
15184
75616
14808
48961
53448
9823
89622
61445
1521
73562
4982
9856
740
51649
45250
75556
60262
203
88623
37751
36878
14132
11400
60136
100936
21947
34241
1753
75754
71388
70620
17101
102949
75089
49896
7906
91053
53118
77421
20899
72643
91869
79694
90686
108
31081
28550
98537
1741
9077
14557
89394
33371
82331
78780
23040
62852
31743
68946
33354
9498
89042
59650
75681
6014
9340
77403
102493
55951
9448
35695
61865
10414
47756
65974
89115
98275
103478
102075
51332
41772
18178
97791
96326
36144
16509
55575
13234
84727
4518
3767
4336
36989
17172
998
64536
44734
37104
34480
42838
3084
34661
45944
94181
28844
49670
37982
15041
29250
86416
95173
85023
62872
75006
61444
49480
2083
47697
78005
65767
42894
2973
38891
67907
75075
40531
88390
47335
92147
96149
61487
177
38614
87893
4563
13024
52487
83959
42863
96537
66681
58143
61588
61085
129
65065
81113
30037
31949
70235
48632
562
16665
9388
100954
35673
35523
96353
86515
94971
55912
28243
72221
95132
32256
66647
81615
11098
52923
5651
3345
54460
72388
83976
62580
6737
11535
34516
66967
56634
16057
12768
28175
95687
73937
60576
26558
48914
2287
65633
28461
70036
23356
49740
6656
96586
49984
13925
6268
83821
14431
41913
12401
51598
69486
44510
36892
739
87654
48120
104431
1616
90462
75943
98448
472
68061
5460
97807
23453
12365
66737
36492
10167
4539
78104
5412
51232
44985
51137
22593
87919
21548
60404
42071
87805
73931
79092
32868
72177
59250
22904
1405
30349
103888
55720
3615
60236
53830
10820
37266
51964
103092
10978
58210
77643
83637
6852
60649
41130
66001
100053
19383
87518
35954
16861
68615
75309
57635
55618
71715
91423
28751
44147
88151
42513
30320
42306
17830
75561
38125
57954
15173
39081
83784
72974
81945
94772
22533
67843
83433
13408
29063
47025
5371
7819
70469
97963
98060
14247
84988
13354
41660
13542
4135
74895
45975
4644
60453
11979
29534
33450
7689
1874
87246
41675
93089
2316
27900
31836
91413
89009
37473
77404
22273
25673
25768
72623
4001
1066
17564
44725
89023
59200
64454
83924
95248
81357
36350
99787
21216
76531
101991
48312
6410
101797
88035
64318
70965
46800
31920
53789
83050
70756
75324
47584
52081
15959
75792
18380
46802
18429
30202
61949
47219
64234
16710
66496
47934
48119
56055
12531
57287
10026
13809
104390
88521
90843
63241
11287
65095
8947
100085
71766
2261
37293
91830
24401
16909
26680
55703
100462
19139
45092
5210
17736
36706
98380
9921
44944
3605
16668
25171
58405
11135
42616
93865
4693
13670
28673
24745
73007
97600
44666
16032
16074
73817
24842
72976
38999
66141
70711
84700
18981
14171
12939
77343
77632
49438
13948
39620
51902
70390
22481
102201
13837
25820
50132
14385
17411
91426
67510
63591
34596
58782
36486
48228
82305
23666
77193
2736
83300
50618
19792
99210
65889
45920
27004
39153
30020
42422
13796
37561
35208
81841
69200
79730
103696
1544
69838
23129
37885
84588
36180
53664
5897
97165
78400
33565
49466
60086
11470
31401
32894
94185
54339
60014
98449
33234
97780
52455
75951
30152
49603
51100
91341
62133
22263
16250
71132
98669
6552
24851
54154
103533
48650
4034
31754
37314
96639
57138
53666
47099
4140
46646
36030
48076
46755
91909
52558
94489
73959
83345
102176
61266
102568
83643
28042
64139
101969
6802
40778
10912
9246
37547
8035
15287
2898
42347
80340
100126
22235
9962
91089
100148
14295
62239
42138
24242
3650
100731
14343
57810
44516
72483
60211
104445
97564
35077
80722
26731
47869
80982
713
27100
2016
91639
100120
6352
73228
104067
81850
22770
94438
76267
93414
20803
104407
37792
75370
24129
99357
31995
77219
66467
44085
98758
50744
31574
100737
648
13860
17276
57088
86311
44707
517
87535
51005
38037
84911
94088
6882
33605
37789
89536
30488
18918
4011
32647
31537
86085
72347
54609
84468
91357
81019
37146
17320
78771
67453
88245
64350
70398
4700
87794
70669
7810
30382
62652
52986
4373
53239
76980
26059
66224
82458
45231
71768
57449
101754
50973
96703
34919
52613
16749
72060
64655
79093
9711
46229
78301
52373
62365
2230
99679
25516
21676
44061
47376
56621
3136
86134
29707
69054
14552
14724
55975
1104
67169
11276
73499
61486
79291
33702
14901
1369
54887
101801
13545
39102
36303
8587
18340
73167
22617
52913
14211
25815
4742
13769
77551
59497
98337
68951
27933
4282
93011
23003
16000
98538
98984
10262
74086
95176
42583
57170
47662
39880
82534
38041
11067
48293
94843
68781
59464
101921
55124
25389
79654
97955
53146
66729
18397
59986
46736
76770
87591
81961
71873
84583
11353
14781
46086
47694
31539
103432
40043
1938
79548
102251
16093
66431
24254
43799
33050
8497
81092
13449
16924
95349
51888
40608
47019
64704
10910
42970
33194
65655
58747
74104
72426
97003
74978
94866
49375
32677
79033
31570
68294
65887
54804
32409
10114
13304
76492
82585
95512
56986
35767
28877
51770
91560
8306
89224
83267
12057
15682
46349
58650
78863
29890
54032
54226
20123
70292
32199
11552
27301
79303
33061
24623
36226
6024
91448
54186
100530
77034
15444
30400
26266
92481
61324
27161
64719
11703
63148
93783
62747
40391
80761
99463
14717
88545
87091
16489
42954
4123
71406
80644
4055
85437
38235
31356
102445
101466
44826
83062
50766
67446
60270
67743
47479
73107
94153
36618
4148
50990
57998
6214
86200
59868
93888
44513
96219
27754
94232
101408
81706
93427
40719
25758
20452
63523
62097
13325
626
2952
95728
84726
23194
35837
77283
99528
97551
33753
90720
84120
75144
37702
43419
47753
34671
79317
8812
92736
73307
78715
35138
58627
56295
43206
67133
56151
29730
69071
72564
52223
15890
77646
59939
42962
25901
100255
50199
99436
91264
94794
11885
83333
103526
101734
40367
84873
20885
71306
43768
14050
4780
79832
83209
18328
101993
51291
59641
64048
53973
53029
34322
89834
12215
14378
48216
71831
82385
21715
86979
48563
4362
70626
97728
36727
92032
45238
27155
48519
68112
21232
377
30990
43968
85307
59864
49939
25681
84244
10419
25124
63266
68270
9316
80432
69022
67801
3087
45291
76619
54649
1839
71693
99425
60502
40023
42828
72367
4297
2368
88683
71890
13924
94760
77063
9349
91182
92590
37416
14287
13025
9394
59207
33726
50092
49954
24182
50876
82953
29965
78282
45769
30166
26120
17561
65396
17701
12437
25322
69817
99061
19537
51834
81286
89348
99397
21536
10960
7351
19696
80238
21276
49597
37787
5470
34841
92081
76165
66049
56710
86734
79539
1190
3765
81798
82699
21550
5605
55946
92943
60548
92521
70187
88876
55644
50738
51548
29338
66805
72684
8440
64358
22611
35327
1803
13958
15716
83542
88409
60608
56577
37639
78355
81349
80683
99491
20880
72315
103885
75380
59655
8717
88484
76608
46589
66193
85206
71275
44264
25485
57301
43852
18090
102088
17197
54911
59873
62589
61621
86241
8278
69892
50779
26901
68068
73155
15927
43786
18025
48417
57765
11893
35342
13927
50615
16531
61558
17167
31307
76242
99192
13637
32030
43785
10403
93440
32780
71908
104192
40486
37090
68446
30153
47448
83489
1360
67960
17312
26200
58254
71648
91010
86711
54441
57024
21124
104530
64592
94446
57999
5975
100269
44599
25836
33941
77620
12443
36294
39072
97242
1707
18337
52239
89281
12949
39074
91439
88741
70231
68981
79873
46603
66827
48354
19644
89943
43843
80987
10147
2657
82767
43218
87134
98261
24733
48340
43982
23016
50472
94442
75996
71177
16821
69328
100830
90583
89021
12467
76824
87159
77130
76429
14959
26424
32845
39333
27683
17979
57920
39463
88536
80258
27353
52773
100245
71417
103777
6350
51107
40613
5375
7744
47750
42468
15351
54127
77221
10028
102106
37408
19029
20800
73260
75093
33508
8669
42808
21046
36424
73799
102110
11638
87055
37375
104441
11064
26356
89701
91787
24486
5604
56645
34550
49498
75469
3091
92835
79074
20501
58010
21305
47407
46111
9795
5019
22889
75979
102052
98320
4836
48816
77326
39924
24773
31160
96562
69013
62804
48893
74255
52510
95474
19818
78892
73495
5671
17182
5351
19272
101643
24723
52261
49296
78951
14133
41357
103070
50509
16292
96197
21534
90874
56783
29687
30269
103747
87112
84312
22336
41229
18166
92626
74335
59100
44714
40871
77974
45909
94550
60796
47153
9395
46856
47850
36659
85197
68572
92771
14630
15340
101580
59977
22764
49407
56532
8489
32893
10368
73068
47123
56593
70897
53188
67528
26153
24409
20360
85573
90683
81678
19744
86110
19960
47660
101039
67857
48153
90064
31642
65761
89349
3654
92902
71973
50700
97969
9895
3310
80368
94836
31727
80796
71341
78167
40346
82500
82798
91196
15488
63600
31909
104647
87383
94779
43176
51234
96433
10679
26867
98095
39030
3356
190
24006
51345
39743
43115
22457
99751
22703
1333
74758
20036
58677
809
64364
23495
20873
73821
71690
96420
17499
34228
1792
29584
67489
33825
73324
59259
5768
85183
12664
64923
73653
66493
40691
41105
69446
15728
36243
27673
27854
52800
5918
16550
96071
6432
102930
72639
83742
44208
68144
87377
12850
99652
43166
43007
43528
104409
37108
23892
64610
63555
2279
72722
77836
71998
58960
7898
7483
103121
51941
39609
51602
98409
39876
94817
44756
49674
93825
100348
73350
86737
36665
14154
20126
25702
23542
68172
80789
41820
59763
9517
55148
83577
47082
10962
99125
84322
60685
96894
39968
25732
46427
18400
61725
102839
92040
74680
57497
87316
60142
33433
99875
78905
7333
16653
83781
31614
73829
93897
34183
62243
83712
72310
90128
37911
102772
23128
58198
22453
3167
38800
1197
88956
29558
37935
34403
30760
86307
100900
53410
95994
26656
78922
63640
88326
17359
99952
31629
101158
22218
9679
36330
41045
26223
23794
72729
13134
11435
68987
23024
51805
83873
74325
53076
68842
99018
86779
23854
104032
93541
24398
99449
55122
82941
28814
45196
31507
18269
47760
57290
28573
69040
21988
46926
77230
46154
76030
72999
53479
63797
45269
4792
16223
92257
52525
11183
12800
2327
44810
89296
31217
15822
98952
9925
57761
38707
80718
79817
97018
92766
92989
94795
71509
58037
81107
92932
29249
90036
71229
55782
23043
72139
39454
32820
242
79906
16024
49960
5914
55577
97617
56130
44893
97915
19481
28059
71671
70912
93056
18934
22705
44101
102810
68991
58294
62466
65631
71421
12535
81108
57778
6517
78781
82581
77224
57844
48997
82877
91155
290
28415
73929
102698
634
31841
25853
46271
73886
85303
86439
61228
84657
1255
58071
59261
95709
84495
6246
31798
33455
30503
3231
53256
77307
73578
67689
79523
58954
33381
36334
30693
62295
54828
63103
92504
101790
48771
70937
5047
20532
23067
81557
95478
72869
77555
33195
39224
55832
4380
24443
64994
67048
4633
59213
30896
36273
7302
57492
61699
23264
64627
35493
4305
82133
15727
74725
36276
7843
27094
65548
62417
30292
95560
50550
100915
78753
8890
64302
86994
6625
58748
36616
94879
103384
66665
44165
23999
29756
439
98089
39536
94810
94572
61627
27387
59201
70252
86868
50746
100339
57228
16278
101664
104058
15535
80847
37312
34622
88597
100543
918
44543
64428
48363
17739
97778
21762
34491
15064
78635
43263
91212
63309
6929
94314
104368
16459
99835
56449
26920
38085
46832
95921
49842
1167
33346
88214
5275
99946
55653
44931
36792
19580
28217
58062
80228
97138
14969
89908
9784
88292
71561
29081
53714
62156
32851
84840
82926
28081
10230
22856
41175
29896
104250
56571
31713
92398
99031
57702
35478
22833
79945
56713
3383
45296
101699
86575
1735
75241
64424
10803
77186
88055
88553
51122
29637
16934
54972
49908
44817
38107
89436
94130
41145
61596
1047
95786
88644
100545
27787
34726
79143
98536
80288
44824
1410
89036
45005
18148
21090
72845
91304
85142
103309
26163
71909
64405
47611
104008
40137
59320
73342
48418
91675
14056
38218
68706
47128
49945
44223
20816
87627
90637
101489
91098
70578
56766
58028
71887
34407
35557
70269
8422
57633
91594
33959
32775
99619
100190
92568
14160
5180
56359
65460
13434
1041
29905
29663
54632
97756
65408
86231
30728
77987
81391
2840
16687
59962
38090
72591
70234
37813
45929
94785
11742
19991
74083
6052
52511
79588
101975
82292
54308
103355
45171
89385
429
65258
57670
68192
615
75201
73420
91663
63960
53060
93350
85194
4338
43590
90861
89756
80047
63734
62576
95574
28281
92895
96927
37722
56480
58594
73282
26727
34882
58633
18920
33082
54995
15701
24342
49107
28980
32394
24158
99346
3986
50598
1988
84644
9691
62823
32412
71345
8199
3478
83607
55082
19807
4891
38942
80232
6564
65803
24042
96082
51066
51205
61463
10134
13122
28483
78213
32790
83973
64068
28470
75421
28139
46269
72346
60583
72970
2429
27399
74193
91755
1308
27835
86587
3862
28657
88466
23288
19259
82336
73358
36615
83206
73658
25299
23322
20107
102386
1990
73354
69424
24331
26905
46668
39003
100436
95596
63450
43245
3327
65017
7328
101821
93796
51132
62700
81238
13217
10069
89410
33043
5567
26414
54440
63656
98815
3230
9596
14583
12156
71506
93377
38308
16973
27362
13168
59239
66166
36428
34196
32187
39046
79513
85526
104561
85106
40951
53246
75212
48557
40495
35940
50230
12498
101282
82319
17019
55347
82428
55960
14064
30578
87271
33537
83362
86173
68004
8245
82835
71446
72906
78641
33533
65015
29507
82093
78345
71072
23378
77266
35866
59450
26466
11
87686
67229
49541
90911
96136
52560
25427
75290
20450
52434
73816
94987
86382
70816
79273
1565
50505
31513
8602
21672
86180
45533
46622
25973
55136
90565
77263
82055
99481
85585
74953
38900
66720
93587
70795
17819
27858
76964
66446
4267
51311
53097
56437
103588
71431
51313
80097
16338
83316
7950
94334
44049
42548
69549
38438
69879
39546
64765
98475
88207
82713
10449
8652
70906
57849
80667
2509
53073
46296
41955
48521
98823
4314
83805
71853
21212
99830
15697
92012
102672
36385
86356
87824
60177
19317
64323
12791
62713
5383
21301
27631
26450
46610
12603
3773
30782
60775
37403
20124
103512
84666
76552
30944
8171
60950
46729
14876
100415
33087
18555
64963
79899
42461
28040
6541
32205
63710
44977
76851
100229
57166
86719
10459
11717
53233
89459
28606
103783
35418
71276
50671
76348
77443
62040
74307
34327
4677
91564
13201
66157
86986
3740
69689
10429
81423
50691
93834
92968
45940
9245
36274
46313
94721
104127
13833
83552
42402
43261
39480
19051
9454
97737
99370
1219
42503
55273
83194
102843
62234
3174
102959
14609
60427
26282
45897
61239
52813
18417
66033
98381
3592
99315
21898
44318
23902
52928
38199
41431
61984
823
86799
60738
14054
35815
95105
16731
86777
6509
33074
35679
17322
61367
40049
1767
7765
17096
33856
66923
60094
101997
72780
46214
48720
99128
96188
100999
28694
79028
49636
10164
95657
80956
70554
88368
68782
25306
27313
14424
72863
30191
85933
79679
72549
99190
95375
47026
28813
98378
10276
4516
887
51583
83960
27387
80852
77699
46047
9353
89977
86203
20141
103858
26598
74010
4452
4943
77346
84150
1558
38605
38466
81406
45000
47811
32019
38221
27107
103249
67104
52429
25125
6214
6291
82024
37297
22650
50780
35725
96335
67523
24333
19029
22181
44688
18307
27314
57169
37968
25760
56047
100309
51287
743
12649
103308
24324
9133
49248
81791
86437
30418
