103810
48580
30673
83211
73156
106757
28597
54086
73476
58692
12258
64051
98008
60381
72671
93440
70021
67146
29273
69151
3430
3480
57074
74757
55186
15219
15623
71316
42288
21787
40311
49720
90635
16843
16367
75413
12622
95817
99336
32419
32691
89270
1076
79697
8117
34163
54076
82265
6421
16907
84022
58255
53565
56414
5372
104108
68319
6554
45274
66804
27972
9629
101752
58762
87740
27008
3704
25038
11299
93355
5066
17371
44711
105627
32494
25626
52811
16750
37720
33565
79734
106291
2186
60239
4969
35674
31178
109542
64008
67050
34241
108154
92897
54823
80931
14645
15065
28940
68488
29754
34218
17282
41875
72822
101147
104086
97590
33788
89610
94275
77408
4399
45147
53369
102269
17775
27843
109812
10400
32664
18882
88829
8405
35544
45292
102638
56931
17548
71606
94712
16765
80933
62853
109116
11795
94117
61625
63674
46115
62937
12343
47323
81618
21002
77865
74516
97412
4084
26605
68780
76149
27198
108685
61050
68480
16328
24411
59208
63611
51366
110997
72149
101173
85765
59158
97185
30046
25919
22304
11435
65579
78374
86041
57759
44238
76205
78966
7631
22645
68021
99845
17428
16078
94450
27579
19320
38873
86674
72895
100961
75019
52195
96902
65770
73354
79352
46729
70502
4979
73825
76572
89789
30189
60639
51008
92099
35057
103964
15480
3825
41923
9935
89155
75739
10481
36403
70511
8008
84954
95712
95666
100992
67119
107359
95576
89259
89751
64942
61160
52700
19631
12145
18874
90482
62739
39391
65895
21218
47705
58379
45420
66108
51180
67979
81246
68264
23798
75198
53658
44228
51489
982
59576
29764
40973
6246
93644
5257
7693
79930
45231
6145
110079
4239
54100
33868
70123
11110
52320
46203
762
60725
61446
91297
56998
78728
3894
2805
3362
91991
100760
75909
32879
10792
58242
68134
63026
20387
43683
46984
83574
8089
109652
108916
71681
43515
100613
89003
95765
88536
107874
17334
66231
10898
11239
1527
107551
22912
35880
14637
10492
30953
86042
15833
49529
84790
44049
79560
71731
82049
76139
52754
23916
83045
96630
1045
73876
84236
53569
42098
104284
28693
93552
105009
62587
41883
40769
43879
16889
94624
48518
57722
14399
102328
35992
36722
45449
54373
3086
16110
58079
52786
100699
13976
35818
47473
86471
12579
94313
89580
94626
64246
35271
51774
27601
48247
77972
41333
2279
38791
108629
54242
6381
31366
88093
29235
65989
32352
99667
47506
36762
76995
10749
96877
99728
2748
86182
40583
26102
80204
34503
100817
87593
8511
57929
12995
40853
64280
14694
12410
38904
28324
33946
15495
22974
40249
108752
69429
39019
50340
69992
22660
67770
7235
72297
14802
75885
4340
93028
6724
42952
88004
830
77146
18702
37028
47583
45531
58974
9065
83897
89664
8758
51988
5646
1533
41963
102869
71130
59233
94192
50035
7615
47108
51671
71443
46092
3274
84051
71501
26969
442
32819
104300
13536
102670
67636
86636
23106
87960
22253
68311
33078
19611
86133
38393
54386
4572
21057
46251
9322
82944
109703
84313
43544
2527
59154
17533
55219
99002
58824
23691
100657
44194
107996
27084
91535
67779
54419
63687
8635
40199
95117
49957
81501
77297
85117
105686
58739
83862
74946
5460
55972
90399
91402
47404
102995
87507
649
94090
73098
39421
93504
63004
59122
16038
111148
75089
109411
50859
30421
71573
81729
108179
102459
19795
37347
4975
101013
87296
34797
101221
94365
80131
57750
52070
36600
101811
51310
83181
73837
95540
4998
98887
103146
36028
24263
70594
38219
1187
28392
7063
46769
6527
40661
47686
52650
72854
78526
96390
54682
67483
33373
86719
23944
15560
5613
94382
106181
103730
75565
90153
79402
68018
107236
106641
76320
96725
30602
91821
2105
44640
91279
15116
72599
12344
47369
13356
49774
6489
67372
56485
87154
101187
508
10451
4131
96389
31468
27370
55744
57628
62813
66830
56167
84682
7410
89811
60975
67971
31168
66404
3723
41942
36239
82435
40718
25569
7964
12244
48909
17333
73687
58581
106701
36326
2758
70893
77018
22401
106917
61703
72617
104468
27173
17039
34761
31332
68558
15882
38595
79654
13096
62332
111501
30571
109214
103430
60410
96174
29713
30998
68910
24155
48178
23571
16060
53885
109206
24146
39816
71549
32251
57179
36194
45465
24094
82948
29425
45501
3813
53523
60582
64223
86614
8088
46628
59862
40491
87530
106688
1657
20392
25102
109041
106649
70533
20032
38082
74734
58170
10758
58106
81655
11353
94366
34436
75903
20363
106672
70924
91275
56707
47395
110853
53073
83492
14925
28874
32106
30221
81254
68513
42195
94241
41599
95866
98096
47675
23802
40473
71338
20798
92330
44012
81489
57717
74131
14445
69703
43539
44475
28897
13352
101382
59564
1749
105890
77026
58383
6461
101685
36003
85461
80292
31872
101471
26704
106510
73132
53988
98575
87855
14390
18566
82127
33545
39373
61199
24258
8949
95404
78837
105014
73836
34960
90732
28631
6951
17524
79558
68492
100989
46800
58889
39776
34248
46997
20877
61559
74094
37317
48911
100993
104062
88495
94270
82135
74005
76742
57410
84060
528
18287
56553
65418
70993
59965
109338
98250
3804
108271
54606
96936
92557
89566
56219
107731
6273
53785
309
81450
5027
40658
110189
12418
20287
41974
43819
95822
65700
7071
105520
38043
39175
41604
92414
44503
34443
57672
23677
105141
50782
91933
17435
33111
38182
9839
52058
97290
49033
9384
41508
102743
107184
30137
56708
48946
57056
39448
6501
54256
69839
63052
99406
41284
7506
95175
58229
104622
41543
35832
57143
89156
8757
37845
92296
30217
69065
101804
52598
90479
53048
2244
37219
20932
14169
83114
63985
45667
99693
48620
14260
101594
45356
94859
110157
14462
47827
44423
73969
42586
57470
93032
67087
106396
51288
62908
20941
89020
68046
32526
22561
78795
28248
63859
96469
35865
74235
81676
59657
8582
96875
39115
11222
58724
55110
1921
104715
1568
106893
65834
110246
52721
23805
87735
98070
88156
53860
5398
84449
2433
109675
45748
20609
85572
55241
72881
48633
106447
92202
41414
31757
92210
22675
22588
1091
87744
32641
27074
29008
18827
35856
85477
77564
17694
10004
46005
39118
35340
4822
1247
26044
64995
105043
70426
61221
98009
106540
97657
64484
8121
64608
98793
54864
86683
60016
32281
53876
15292
774
62186
14500
62606
4479
40349
33846
54326
109382
94700
40532
84214
60687
66139
82653
16672
6503
13662
99457
92103
92053
54023
105936
14600
28811
48987
39406
12727
20690
76840
94243
6178
32493
9834
40375
97677
1348
92073
33947
51342
65179
4851
108708
99019
48770
65129
20106
100451
62955
104547
89823
51072
29218
72970
50893
65762
4661
55586
92931
26551
35526
12013
100434
93152
54089
36226
26739
42024
108523
76568
25570
67858
37684
92168
85595
12523
19255
49324
94988
83057
109811
3584
73599
532
101958
10250
19172
56149
80614
105226
102820
8342
9067
50659
59314
76224
4982
63024
6702
105789
100646
80185
33393
106889
32317
8019
83330
86481
56377
2323
37316
83454
9669
26749
44937
70012
94582
44869
89205
95010
4105
45266
588
61245
30413
83775
80250
55883
24873
28377
20104
72398
84613
6253
106732
102846
103189
65200
27489
69364
42164
106350
92500
34745
93356
13397
100360
64512
85024
27911
40415
2036
79372
32492
66172
79725
2768
24507
91613
44642
74202
51492
78335
63677
74505
42992
36590
34265
4216
12431
100664
88490
98128
26177
50653
36594
87598
24524
80314
78597
40556
91501
90936
91635
9557
62387
58471
107963
51202
110098
85610
33399
67522
50949
96041
65839
105444
60786
13573
23270
884
34120
101282
21518
102119
24827
45457
75678
60030
15874
41489
103806
39723
98398
38659
56171
10709
42307
80613
44556
58163
49636
39651
79376
20023
6921
94568
55566
85728
37507
23155
96981
31877
48920
88274
104629
48018
106566
27103
36453
13944
34333
24732
7122
50515
108443
53912
22710
7472
44766
58017
155
30484
88265
10664
95090
95329
58210
29718
54888
107000
60109
52347
98297
88494
103090
25251
66508
29221
92378
62237
47573
67160
89313
68998
93016
88997
98756
80844
50462
3231
12710
18236
55483
63714
97566
28118
58190
12734
46827
2951
7578
80310
102699
12372
24361
97347
31
84067
92561
49393
95754
103196
27270
37900
24784
65958
63595
81451
73526
18296
104541
26823
1738
66880
108353
17880
32816
50655
98276
45042
105603
47704
50449
28219
43393
68244
57583
69571
66595
73293
40389
59382
104789
21158
2990
44128
67201
103076
23428
25289
92817
72872
86615
4309
69287
87628
40362
108936
61334
44388
83442
19966
16717
51823
23644
42303
100720
10100
78268
105997
84286
18128
83449
26654
73564
33518
93023
74488
2505
87320
38280
46711
95523
2491
516
39535
15485
70213
67010
35227
27266
64710
85504
30488
110026
65093
25582
1938
58177
29328
84575
19603
1389
30618
95259
86516
54844
10390
19180
58359
67893
39342
94091
38980
101211
108412
28557
61266
84850
45302
34867
18785
82617
46014
74846
92495
49550
19655
38025
36877
79934
24446
47981
60964
96484
24296
105656
63400
95311
96496
23934
107187
79740
80088
39452
71403
52095
8554
7030
96989
87580
41133
60322
19868
53034
77917
86021
37355
8351
80416
6365
32393
52425
92870
31871
26848
107482
85081
49906
107757
75897
59052
29535
6790
13327
62400
10199
74511
71029
41855
72627
86937
44436
100363
110150
49109
105924
34458
28558
33929
50391
34282
58421
27206
22610
49391
72181
65612
78063
51243
84250
52316
92637
99203
2560
55946
102041
52514
33246
3083
84321
56037
26648
71675
46209
30018
28680
52614
91873
45018
94164
58062
41908
103621
34890
61040
1364
10378
89745
23337
18831
53597
69229
4313
103906
23329
47175
97497
104510
91207
24346
100958
61513
102766
5373
95476
30439
101383
12094
92987
82507
52231
50573
106595
78479
789
27546
95559
38735
32866
87651
221
45015
32910
8431
61185
17283
15369
83884
99869
30936
20196
66940
95191
22670
21408
31556
92518
15741
90108
9712
30848
11958
104372
76856
77397
47174
19886
106558
49690
97882
44319
51521
23743
82321
95827
43719
18218
56664
88351
110543
56540
60978
62918
32590
60347
33261
55373
32275
32383
82514
103825
53377
45883
24102
22900
38078
43942
6177
92173
104727
17518
45639
109089
4476
61403
70925
54244
10084
35335
103209
73947
76479
89091
83813
66421
19977
93550
93007
103546
68954
39371
43570
13697
102224
70935
108044
24926
10609
110462
92013
34059
16685
89926
33881
80227
70090
27221
19979
19572
100636
67029
15213
1218
106890
1241
8978
74404
4365
62354
2742
61953
52463
26422
58187
83192
17025
1085
24325
41017
21536
77352
109699
30861
97355
104093
36597
108724
78517
106580
33517
94455
42317
80645
42598
82939
72155
104503
86194
3661
81007
18597
44404
77533
13401
58225
7393
45593
78348
98093
63649
55406
34142
107516
31059
104565
19237
68052
13040
42415
35275
33562
98405
51308
3256
94429
20693
63030
4533
101189
43258
37060
42629
36973
93891
4024
65068
89200
19465
39483
43005
35412
82914
68711
21246
71887
9
108318
76681
91104
21098
23001
34128
35320
68552
16129
86404
111203
10439
34958
15670
28014
84886
103998
48122
104860
88970
15795
84751
52532
91266
17581
43180
64206
43718
66815
45324
71602
60539
28071
44973
38288
21425
20352
28339
17296
68993
67425
39366
62446
41711
27009
90853
24136
45614
6620
47608
111320
34997
28638
55801
83920
2160
53882
33690
33862
92683
79546
68875
77126
10705
96134
8378
22325
27121
58854
72347
81098
15777
12207
22448
107604
36901
7330
48904
94471
35061
69546
1541
71694
68060
56738
10928
15195
28974
959
50628
3038
17718
47544
11504
38937
62885
28328
91484
65314
109677
543
26924
72498
49316
48697
33825
73527
89592
23152
64349
81982
19674
25255
28690
97118
102643
69630
86227
7671
60532
15436
40430
108666
31256
103038
61813
91749
24197
102170
62823
51176
51838
27313
84230
84071
55508
46556
32266
74849
82168
769
83358
29600
75875
73448
20587
77794
22526
100572
53806
45494
2680
2515
77928
51965
69785
58168
81061
20639
92261
5427
57107
21554
33426
61684
7821
24825
52725
26834
81700
51803
11176
39672
45100
51995
42115
15435
104929
72281
74520
50945
69176
20268
107304
12070
97461
99303
105225
96047
65653
33238
68277
70842
15115
9746
47400
35211
108919
7205
79917
80901
69239
72925
70133
106683
88583
12323
86559
64864
12259
11030
68207
40566
59077
30942
77892
13142
88749
36380
60063
78478
12002
37067
14861
30085
32433
55767
34585
78563
78998
74462
78439
26255
33482
48729
62326
93909
104046
56856
81631
91110
19279
43192
62246
66514
44630
105864
34062
92807
95187
84688
44783
58754
101651
19798
4107
13689
54628
18736
21803
49404
7996
11956
32355
102143
41026
45592
96675
35983
42118
96836
40976
68594
60098
106629
25406
42696
85025
10561
104773
80128
25078
41225
28097
94397
95023
45048
3493
76359
3576
39173
90196
49215
55758
48524
68779
102057
10912
43300
48766
11615
1460
33425
34807
102538
87412
24911
49075
14210
1494
3215
34402
51735
98840
35094
66671
44484
78198
89768
71817
47871
109462
27189
66316
87769
26247
73690
9967
65891
2947
84690
44294
66382
29372
55372
39680
51580
72042
15052
18290
79310
41558
65378
97538
39000
34047
10740
99509
65574
18861
68227
64060
107214
81998
93399
11515
80849
19636
3191
36727
3541
102364
38737
88641
64461
60472
30040
75692
52975
90309
53132
67848
59859
17451
86318
19196
12415
3363
91121
89336
55456
12517
51201
87305
34636
68598
99613
57739
58901
87899
1759
43196
29162
73547
53604
42625
41161
17589
97727
93017
56401
7766
24458
51345
31365
67635
99005
102195
78626
20806
105377
9571
71270
83253
9134
60451
60086
56862
109920
110399
89070
1157
36400
84648
109810
64682
97725
38488
89609
49457
27856
6442
75807
76445
54079
35291
26359
63656
104809
99965
71164
26089
86656
82024
51406
39370
72023
86185
84680
16815
27591
106250
25415
19486
71859
13870
90709
44178
35334
57469
8767
55659
56353
6491
99647
73454
44111
16640
14649
9608
10788
9735
44987
3974
79802
90466
12489
20934
80017
23598
46608
77670
101411
105477
43128
109069
91979
87303
36999
12712
70377
47905
3009
17859
63070
67536
13203
87326
38222
60091
105706
75407
105164
3163
99383
102196
100008
88202
39945
50555
23799
54716
301
70124
54718
20604
60383
59924
82938
17383
99108
66022
101677
57433
93350
74429
16986
68237
96769
89709
25751
4748
82244
26717
28436
88881
7527
55811
45538
5651
42049
99596
98280
76722
55214
3100
77781
72755
51444
75719
52500
38302
40221
105947
16074
78271
491
110592
43527
105683
22258
8235
66091
67074
7962
74579
76686
41675
71711
14563
2179
62253
1294
53452
9490
71961
63078
60489
59493
60967
50709
81453
87332
106553
81736
47984
108274
20851
56052
37005
16059
81614
7913
67612
82184
100060
77230
91382
45104
68058
54889
108895
27415
78581
48114
83521
17514
79816
4603
54511
49503
70672
75318
87445
46580
4129
108112
87862
17357
63113
77257
74008
65879
13381
25902
97792
4652
79522
28038
7470
36059
56404
22724
101916
67152
32313
103883
68071
109486
3371
63406
45325
14668
82828
6179
39206
103901
94824
105669
34497
91990
45350
90177
109081
69698
99371
53764
35093
20659
23157
70453
4917
29660
53468
20011
21462
1810
107571
75985
92041
79814
60368
11082
74174
30629
24353
17304
54687
73674
85109
15362
31838
24383
22594
83265
78298
29984
72244
39876
50792
73085
92133
97643
26786
40599
6248
51279
58799
58645
1851
36848
20633
38724
80411
101683
109837
56145
89152
46422
43199
59664
14755
17932
22603
9775
71244
52747
4347
32426
84799
64462
35579
20607
5490
85911
74997
70176
72353
99347
63328
38466
59563
6190
101662
50845
24823
2146
109137
78609
101519
28882
99653
46519
91412
25515
62000
85563
14744
11834
35846
103872
35917
87602
96820
7116
65586
24209
52996
11336
72801
31705
56106
14586
55442
45602
107954
66914
7383
64483
83461
65214
88057
1935
39548
23702
82801
64835
84190
36526
86557
82628
8638
83502
37721
48574
51051
1576
56258
99178
78573
100025
60729
26369
90997
26885
10405
29216
51381
75406
39844
71618
46026
17901
66088
6777
92153
72492
28140
92995
20406
78841
62068
59343
3193
96758
98230
69138
82231
28171
17077
34516
110509
43034
69211
84425
16374
7127
96850
103178
20057
14971
5753
90868
73163
35180
60785
10298
80838
52787
61263
81054
86308
37149
87778
13822
100731
75434
12197
82207
76128
63349
52659
100232
23181
57883
105802
52531
89058
82612
26531
95286
73340
73852
33296
20894
57677
16395
54153
94186
26940
46654
67556
55229
44539
38519
14655
58523
92076
28934
30805
23591
2744
67066
66164
25364
91657
60011
31303
58951
15460
38304
100757
106393
69343
12609
25645
11948
61957
6311
64035
100481
46046
6227
39176
68035
18818
65347
91659
77708
23072
23115
108534
36612
62353
23036
57353
95165
59461
44658
58386
68901
92678
82552
43366
50610
53389
65221
73596
30661
19741
57219
102687
20290
104562
50656
76435
55005
34341
21045
74815
41216
74080
63906
34190
18049
8564
3902
63230
89788
69050
10445
1206
101295
11727
35139
76311
93352
62034
6929
13537
11766
107447
49203
33904
32238
50046
43602
33728
65327
21936
98281
50632
38504
18264
21530
57105
31184
68850
88416
8067
32304
79362
89153
74486
66211
86036
42131
58557
60859
104952
22536
36767
38868
88466
78991
85334
53493
65009
56154
63324
97917
28013
13458
22113
104237
13639
76546
42999
99112
31504
102031
24774
9323
39463
61979
19627
105438
20462
89804
1504
106864
57154
22462
8373
65005
90178
37108
41384
109527
110666
26733
10703
21986
93170
11367
46808
40514
17836
99655
32358
54095
56869
32577
100660
17578
48131
52905
63244
54858
86069
49672
88412
23836
108201
91146
20009
45357
69844
63789
49501
37561
107898
5596
44863
57134
67076
35779
107650
44091
89104
42139
93642
15921
110740
28978
51667
57975
27545
76746
72642
21359
13463
80657
12827
54489
51962
61846
13995
107238
13221
99226
64865
102741
90061
41752
99049
46944
40495
69177
18770
48551
53532
89772
110642
38544
110103
46110
60520
69334
45544
50892
5709
58765
52332
54343
35699
6884
9340
91134
63414
9319
73735
70230
40807
52891
81144
22875
77603
7654
56063
56742
105547
75635
98715
88225
22965
57284
27745
45123
67371
36012
89927
14100
56964
2510
19145
30802
85244
106340
38995
11307
97327
56879
77847
7835
20948
80436
58366
46819
26948
84240
9946
93314
93142
3927
81748
14290
30490
72639
46318
44624
16123
27907
98064
69197
66322
104798
108622
19988
15500
50505
81532
96385
108745
36866
77164
71466
47564
47289
3643
80876
67000
92898
85847
70491
33188
14626
6262
80467
25006
24978
56697
48803
100107
69816
33897
12018
64934
59637
110933
48746
100693
35339
33900
7678
95325
18052
75672
108664
97045
39418
53933
75686
86110
94841
54222
67212
98249
67413
31818
63342
23980
30560
7141
37551
7564
36656
31666
110008
28906
12376
75093
100177
63055
42721
13881
41979
10119
79280
101890
55838
88055
26075
1883
68080
42235
4099
24220
6818
96119
47876
94502
1532
79389
93674
25897
95967
35306
20591
26342
69488
26645
65238
102117
40024
27525
28819
45715
64471
85663
8630
23445
79888
75432
107056
28126
23082
37180
93145
110134
38903
94514
101473
102786
111636
47860
50204
32366
57823
94818
41583
43054
14678
18393
28045
82409
101919
101782
108312
79632
100498
22916
60149
60545
106406
29172
22229
95855
109865
90308
40996
103091
21506
16210
72732
102660
45728
71289
42468
43912
13649
25128
55666
97357
42918
69194
102356
57333
61466
108068
12368
870
95048
64869
93793
97332
40795
45906
99484
39627
58081
68296
44287
61893
104574
65786
106785
87889
60976
13434
19700
1911
78396
30989
68674
80281
76540
55959
103834
190
87581
94714
44015
37146
102304
38484
68645
69821
73222
77789
57872
29618
52465
105491
97800
20475
8111
89675
45045
55919
89842
42659
41389
89693
64839
12796
94131
49740
149
30995
98336
108364
34118
97385
94766
34471
86523
77587
101702
74540
46195
49091
89575
48646
74574
62787
78029
70233
100092
55247
79325
102852
96064
20584
62396
38164
85734
61875
89255
91363
100889
11903
52366
6010
51379
58070
42911
6533
27908
91706
74963
19818
52230
97237
29828
73602
94277
41760
12797
32161
72460
70414
98553
38822
1037
53299
105427
44395
92450
98344
70762
71321
76179
38895
96594
47914
90249
44291
34392
28868
23569
107682
37878
58376
101092
38695
42835
12151
61260
61808
56334
44470
33044
36567
83135
87164
21336
46813
17193
49785
96212
525
43367
23781
14762
65365
48994
40710
2592
52830
47843
88872
25771
22641
59000
40826
80214
35809
23977
104447
22975
1825
61479
49757
62279
79580
64149
96909
42378
71841
53194
10884
80466
90344
33224
81810
70193
100911
82626
71932
87981
39489
96688
91463
19067
2302
79800
90827
75547
39295
86341
30627
77573
42574
10772
13703
80979
41401
88921
70451
49100
59252
88079
53451
61831
87258
92061
26588
39320
100125
49701
110481
23956
107565
107870
97445
84676
45053
39717
38095
26254
51099
49563
24117
105387
30860
26778
36920
28829
23306
58315
74738
25437
107444
31052
28179
34184
17757
87413
58712
107164
102023
94152
32690
29179
14608
30889
80858
90657
15725
66719
2911
31317
50724
30547
4695
51485
52279
47708
78431
29685
108025
11941
81657
44881
74231
5741
79236
38975
43375
75313
58594
41234
65077
62317
54663
103677
97541
1395
24167
63837
93210
97061
20517
36209
19397
93671
24036
2169
86924
84642
84403
7795
101117
37313
73457
1369
53603
9346
9252
2473
45004
50935
94207
72124
109466
83995
40181
49936
12404
98168
41093
60805
77503
35982
17123
56849
15739
19954
108463
102724
99262
15218
40225
7444
9662
6675
89919
70247
98409
21594
62495
1552
55467
91969
27267
30361
52301
83166
5982
33128
105262
10414
35540
82910
94800
109982
20666
38167
50091
34931
49794
30304
109383
42944
24298
50055
28705
94558
80958
31416
91345
59228
105346
45033
31596
45855
105561
111528
47909
65498
65124
99045
94751
46176
86236
4690
94827
82241
82042
45057
37088
25911
47380
46402
61880
104478
93614
30150
9936
91518
29260
43937
34855
13663
88533
22288
62004
45816
60554
24819
104225
54084
94703
12239
15698
87848
14616
13798
39921
11352
90349
97220
70844
101335
46081
23246
69225
9150
38362
14029
50070
33401
58883
29675
87050
72193
1403
89188
46407
39999
108253
71128
48353
28986
50170
33032
106333
16664
21420
43216
20838
12719
56067
82695
45725
111814
54003
48197
35393
48050
41847
40357
59650
6250
85606
29739
11391
37631
34735
56920
69292
24893
15686
30169
74018
69891
37713
50135
63937
9160
96356
82139
37968
44706
62963
40691
10069
58794
8329
60314
40991
67815
54010
45577
73907
80489
99446
87232
27958
12586
14429
109361
48533
14591
23285
16091
89360
968
59367
73322
51420
40746
107931
37566
10763
44298
20645
58952
90105
24321
16763
61921
102162
47826
79648
22881
20480
35507
103625
108665
4012
99393
26242
1097
76225
77995
34813
12022
107175
104451
38654
68005
23430
59296
55835
105636
74646
52345
51952
3914
51252
87328
96144
92583
3039
70328
78702
18106
28698
42683
48479
98397
32744
78473
33300
12224
74244
81340
77289
85835
28310
43057
12203
13277
94832
48890
62072
66895
107201
82573
67329
1631
106283
24108
90616
107552
59737
25689
70857
5562
33584
57233
45307
45265
53794
48032
97465
52560
40377
2769
84961
26217
62329
4413
8472
49440
79807
11321
2908
18080
12628
76519
39333
78188
78858
51812
29995
2842
14595
66420
100228
90069
97872
47453
100703
56741
88035
26065
54053
109651
74670
102868
48713
25348
22228
80715
1671
7845
14843
45921
47104
5369
79784
36291
84903
51120
84252
4472
98517
101977
65600
102345
109497
2377
2802
85171
72776
1675
11553
9175
23659
25210
20041
73460
102903
28277
70076
19757
79481
52543
15584
72999
66079
35869
53661
7165
20876
109660
1976
27553
15494
44429
85050
51680
48641
99915
55714
91758
90158
96564
71799
43345
101599
31383
25066
43361
52680
81483
9141
31960
22579
72236
94811
102211
76948
59173
18013
67670
72319
28011
5139
86129
2305
89784
80093
63375
14814
39499
3707
6036
34990
39675
33149
83555
14450
19114
104673
3369
61010
69993
110136
59490
21620
23269
47538
74797
22080
99925
59376
34467
43713
89053
42259
88098
81429
74530
5819
105758
22329
50240
50178
57044
76868
49896
75674
85254
90426
45980
89192
151
73090
96217
98903
95908
101722
91303
60353
450
85895
95775
92444
72362
29782
38698
21911
21343
86685
14852
77100
19363
55411
58783
85699
86359
21730
57624
1025
10835
69468
14391
101551
102282
67725
83287
62557
36508
2366
33336
67364
54531
5034
22543
32893
33341
67890
108668
23148
57083
12695
40686
38755
62519
81800
100789
21167
43647
47037
27812
64088
808
91913
91572
24279
9070
37260
74829
26312
9226
15049
101015
102245
94666
39498
84858
39091
16613
89958
52462
51088
52502
6727
90181
79211
74390
41399
8245
14854
15721
97599
69723
50407
90062
16293
17560
69963
39787
83173
90110
90182
34134
16506
3524
90578
77992
30185
60017
110393
18141
62867
50989
87363
57116
46453
21743
23812
9602
73627
7735
105063
38490
58672
72806
44568
72563
17903
58041
108655
22278
50335
80699
2662
5619
71087
37095
40121
47086
4779
69325
65961
17965
35396
102390
89409
101706
39879
94194
9400
99684
102947
24055
8864
101770
19389
49982
39482
4546
11664
78613
44220
21303
93471
27274
75302
108621
104733
14929
52559
42504
95882
66990
59916
36229
15865
3983
38714
65220
52435
56723
56534
83682
46140
86578
35884
2819
65100
17134
74771
55089
70821
10557
70370
84025
91691
28228
90494
10857
95064
46691
39529
104421
34746
14171
63071
82233
72845
69848
2686
27771
68491
45229
48940
87460
34066
47264
38165
21308
18318
12119
95852
32174
32011
70283
9572
10063
86743
78779
108690
100416
89504
43225
1954
59689
38437
45195
12471
74735
55961
72307
17387
34094
63948
99559
59949
51544
29819
61881
80041
97236
10652
368
68193
43484
32871
6121
57593
96891
59874
88493
53725
13971
32346
5593
69385
4258
5296
16655
77981
26330
33513
52714
55940
35321
106008
12310
20357
63715
77109
95423
18230
20332
27594
94473
62488
53464
1478
57770
94339
70808
65201
81186
55610
87896
63558
27166
90801
1961
12023
73895
87044
89513
985
47756
17191
73532
46102
49516
22181
109728
51078
103965
93041
20325
33090
67613
14018
96107
44559
51238
28776
25664
31788
65128
6034
80369
49189
83756
83205
54348
95167
71072
99534
38291
2175
94358
61529
2322
26682
111170
63441
35045
45978
53490
48143
26184
85422
74990
15257
5475
99840
59064
53430
11114
12449
59485
21898
69105
82861
109426
68423
48835
5764
20663
56635
23062
17086
75531
79318
12959
80622
16136
34089
70619
103029
37920
36647
92689
14663
50195
25264
138
38620
93742
20320
64421
28604
29364
81654
80518
61257
59185
11743
79291
69518
77562
109696
44840
104595
10254
1781
9016
58514
63519
48448
85561
31240
72360
56494
10826
16968
14530
58793
11021
204
71685
48074
31020
102819
59679
96796
26526
1764
32076
64399
35623
57263
56961
80201
11724
17179
839
41186
38897
89190
62139
17271
14904
78738
20001
84978
89886
50048
60443
48441
104068
96333
27862
7405
64055
63592
107890
96795
21070
2438
54393
18399
78653
33269
24359
46106
24747
63183
55377
2796
98040
8612
26329
56890
17921
27793
89318
69527
55364
89567
36671
77609
72959
36737
104027
92845
71184
29892
43510
87969
1059
80656
108109
75066
22836
104955
62015
8415
38718
108966
101712
13272
89831
34126
40317
40577
40911
46438
77763
85329
107423
101981
35505
86417
29454
17437
85865
90376
10834
39271
96453
93273
103907
41095
104030
62257
84726
39856
1534
23442
39913
100778
71425
18417
81189
61344
43341
32903
11610
26078
86191
28390
102544
9741
55109
15253
33370
56474
99490
52354
78938
9803
58380
10113
104410
98883
90056
27969
30250
68747
69701
59061
45545
23395
100707
68593
69646
54193
27257
110983
73424
21693
82760
26508
72422
86823
62069
17144
88182
11603
21012
51021
99530
6012
83434
71448
96145
96032
8094
109056
89955
12473
49980
86792
52358
13923
98767
70761
42044
42797
20239
23046
86027
35626
20940
107194
3217
101588
13526
20171
30529
78785
55286
85257
43989
5827
12210
61152
74373
73390
74871
68102
108087
9377
91433
35746
69823
8475
91246
80927
31236
38251
104536
51601
53689
54279
77701
54660
36024
55409
95662
95922
72955
2495
102247
25810
12342
82806
107750
111361
55228
92206
89256
4542
33902
1332
107015
67377
93467
77624
10518
85676
11252
104581
104810
67451
79185
107725
31330
16241
61830
74604
97229
72062
5668
93254
8075
85935
42697
74388
42807
22451
59773
67512
42558
50125
110798
58337
61298
55178
16841
82692
46507
7093
45039
80080
82454
68015
33845
86399
104509
86283
5091
53395
69206
99138
43520
29903
60551
58299
108601
98271
9567
106219
102333
45036
8306
66729
69489
81384
71551
23245
52587
96117
16819
68267
100394
36154
101543
17373
89293
18065
30925
28794
104678
56713
35220
75344
32312
5013
28602
21448
18675
52352
94763
90254
35520
110048
103731
23345
64366
106591
59902
18435
344
23583
74427
40157
99988
99967
99751
11976
52039
59082
32273
104897
14789
28136
61226
12377
85310
34616
63966
40521
46108
358
97583
61414
92431
91327
9725
64980
23750
88987
58680
15335
24566
10456
28064
52857
21980
45561
31089
73755
76697
43261
53899
35519
72048
95657
32877
85616
57314
81342
8917
13314
23664
5030
8047
95757
21747
25325
42764
75306
39135
8723
55075
99922
478
9635
987
61364
14542
90338
6002
74076
1884
37244
47406
88492
46525
14152
48782
21213
2922
74549
8219
41219
9432
43866
93837
49730
31364
19350
70517
6862
103341
23135
94311
23276
90009
4316
104092
57646
84241
93710
42946
66325
98982
76680
53125
108605
102312
67210
77009
98089
97067
15352
25371
71432
17030
37689
37228
63846
22163
73272
44113
32989
4405
7284
63795
107434
92574
51861
7366
57960
41365
27534
34114
62502
76569
60303
103153
103117
60573
87937
26140
14280
104173
101164
102603
8444
22409
57711
88415
24952
36439
97712
2309
93469
95445
75147
23045
2734
108352
67169
5421
37360
62443
99554
74998
52909
33099
4375
81900
56752
64094
51819
66722
37413
36037
50952
98591
13748
56883
68399
11320
46299
31652
68274
52469
85482
83676
88790
104370
22639
13869
36397
48561
73598
26109
90385
48014
66828
2756
34617
22929
233
15941
36458
16469
2851
3409
56075
60273
47664
89425
78025
84913
69942
54140
80258
11879
64830
85323
106913
82141
109573
46920
76162
29171
73377
12518
105079
94936
105993
94592
44392
102221
63704
13989
104698
106063
14331
28507
98717
16938
76262
25127
86689
93058
58109
32043
97605
66884
5141
3604
29070
26336
93609
66212
27324
73560
84578
27718
42471
10121
30513
9784
8842
108805
109293
90199
62160
76989
57172
89586
86362
38457
85685
25383
19187
88711
107470
2209
47783
49366
103719
75242
88381
69951
17240
75474
21574
69285
86556
42745
83275
82935
79081
80902
55489
27672
47512
7807
29182
33958
8328
47422
77217
92283
54225
28156
92180
14635
21782
93947
3519
15056
23978
65390
103793
22229
48032
54788
22566
105325
104516
3542
85699
1252
95405
53829
65397
87715
72531
7542
34278
36058
29445
92040
57675
71144
107574
42683
17677
74813
71469
8302
91024
100947
94705
8344
29310
25996
64234
21306
107489
47849
51759
87797
29085
19502
20594
83566
77324
76802
7149
13700
57033
970
84417
73127
86022
85406
63908
94308
62374
10557
70224
62866
109040
14977
4213
1100
25428
28690
24797
99774
28477
81974
34944
108039
108207
88589
57044
24489
59588
4916
21369
36946
87297
54343
40606
23108
16071
62543
36428
43220
83813
37864
91631
52187
83138
47314
107383
50764
93058
92661
15336
79076
12152
57045
3781
28498
68765
97964
35531
19043
15674
58113
251
12033
70746
92326
31456
53213
12732
