67240
75850
209
68851
29731
82387
106384
75240
87028
63530
112853
59656
106218
37043
40920
88149
62621
56117
82633
21639
111175
105769
35088
61009
6916
96378
71871
88610
13136
60494
104898
11620
112255
108482
21652
112506
34810
64043
20936
15240
81825
98971
54343
102451
35437
107768
23336
13184
94594
52162
896
21840
5237
101517
112015
77561
59871
92702
104559
2826
2766
1572
51038
58167
36835
101274
35967
114415
94468
23993
99958
104732
32400
25216
66266
57659
62513
46435
36920
75223
96348
40889
54243
104187
87358
46725
25682
47369
116612
107905
96768
106232
51463
76077
35237
39978
62474
46632
31609
25954
99279
95154
13808
64700
113473
107710
39078
100777
71254
6221
66051
4722
110219
80210
32197
34348
11169
31242
41028
59898
48819
23353
26943
34576
2393
47165
66295
90575
21749
102419
76293
69375
56311
20550
14264
72593
15210
56872
1500
33569
108244
71317
80279
14313
48314
2492
66278
65549
106830
37037
17372
72300
51265
68403
108426
62976
54659
32134
106554
26901
53427
22568
66106
96365
51530
88431
41597
78071
16729
105125
80961
50179
14544
35094
35990
97797
3879
10540
39324
116884
1563
1911
62856
4505
64423
86937
92605
84662
35794
5151
22782
14220
3009
89384
37169
57591
35410
85292
85161
104658
28192
26839
96711
11049
101278
95737
44143
11045
52387
24629
33831
54997
18838
18612
95305
83328
72145
38338
76001
44030
3556
114173
9117
55307
73309
77689
37657
44086
78978
115710
102295
102846
50438
1565
58937
113515
75002
16540
73101
1205
86894
102674
96666
97088
109750
9156
59174
74492
28576
15310
32039
40555
80896
69073
39496
61798
94697
21284
82571
100357
46006
25377
108613
55109
79359
77445
18115
104536
59046
83453
46507
53648
54520
40388
83978
73331
106698
67764
70816
70994
51961
15058
47956
2530
12837
36753
62458
3285
108531
65235
73568
4430
29086
67012
99851
65963
92173
56073
93816
51611
68091
73419
59378
39853
76446
253
32495
81107
33130
70173
58965
52169
6324
107862
116986
5985
113551
78840
4543
8127
107643
71764
72476
63819
87245
28957
38749
72769
111565
67982
47843
90966
92669
51256
69117
28398
7376
35210
111954
57529
45117
54779
92495
38146
44514
27234
61357
46938
12706
49053
60749
104904
32697
51184
31004
15934
16771
16934
117004
98537
32367
26552
96760
102051
45662
112497
25934
105529
31323
30208
109575
105582
19535
109987
2230
40010
52420
53417
61333
26712
63732
95491
438
35752
86282
99221
81850
34907
61596
110348
107861
916
77613
102905
82580
30915
26937
112545
12012
35635
114827
58224
31432
54818
83861
81445
115148
96234
49068
94246
21307
3350
30535
82478
4592
81210
70198
28268
46195
40933
110763
110185
114788
46429
36235
52598
98974
59133
18656
8218
105679
57755
12836
18145
1056
48306
52765
36968
71424
25575
101433
101559
103285
22370
106108
77494
92477
85041
60022
47729
8022
105689
103834
70850
81553
73010
72288
8442
51544
30226
24247
97073
112310
7723
104439
114603
74496
13410
113216
106973
43749
103651
115529
39096
107091
85286
77574
17207
69101
17045
23876
31061
53928
68999
105226
72964
65422
47476
59723
101528
42225
117142
6600
72054
114859
57191
38762
17996
86998
13167
7310
106449
21925
60248
113584
23557
33056
30472
95565
90613
96256
5537
110122
16043
56438
104179
109758
8863
23397
105520
54638
65683
28211
16810
51596
64587
80893
74651
38197
91196
88294
5104
1938
109945
6537
27223
35
95043
103163
41872
54645
109227
10474
84543
105841
102826
49145
103884
52946
38952
109244
100411
46418
105695
46453
3191
76956
258
34664
102701
86880
107232
92840
86270
22790
72335
50901
21933
58791
67500
89244
16439
865
19897
96970
82548
68672
99815
40560
42696
91951
53211
87149
73569
71875
65026
89232
99794
26567
67074
8597
87566
105082
70408
103675
24509
71374
4450
18525
67906
8869
21457
1139
90691
52872
69175
77843
34856
104096
91427
48234
30259
89259
18616
57224
11061
95164
6874
77067
47134
82892
19144
50877
62633
20780
68923
83102
74137
76680
30937
78540
47867
84983
90041
87425
14854
41161
77223
90864
11258
45940
21318
98508
61581
5594
14028
27289
27511
97480
93221
112083
30239
13600
52251
40179
34391
1975
51448
34828
27732
71574
75061
37308
14572
110779
89058
45157
111374
105290
56314
43427
9856
94695
73259
26208
45274
104455
64886
69212
93566
49815
52681
31118
15904
70774
8908
38250
25805
51491
50379
67134
18352
50181
67036
47194
71038
52769
31828
41144
60621
12986
10472
37686
2199
56847
55346
32069
4941
4817
85795
14189
113541
85371
57204
36614
91435
66484
81403
68899
47469
57070
13622
125
80232
15439
18436
33917
103370
5920
80556
77701
113767
68846
8656
94566
27750
19820
9680
28591
66471
95134
49328
50677
92596
44490
31856
101198
59955
57060
17303
97263
20066
110903
21156
86458
24945
9216
4102
111348
48929
15295
66879
48439
86866
39476
103041
81836
77363
8064
108721
64247
35515
27389
59149
71112
54461
30820
79692
65921
64483
63482
83282
20539
11588
93243
25178
52013
37826
30600
47018
66650
6121
100208
39672
79119
70417
80647
59837
31409
65012
45748
57723
102802
23921
113768
101474
87155
75345
103468
66397
47533
25345
102790
101379
11586
35267
100215
110968
50090
23734
73019
17186
70068
45579
27941
65785
90965
11642
51632
17416
40805
109001
27736
111604
55455
47267
9509
26900
33727
69331
93851
107945
11874
97988
94865
96316
67684
101620
61916
22195
103974
100716
64078
85114
42552
9341
71379
8757
29696
55414
1952
76979
42086
94086
72464
58690
79706
11025
61938
73696
29206
62644
116341
33410
2721
79185
85226
12856
6444
18505
21641
97866
111156
102275
2452
18462
48489
86486
89172
15715
94333
8830
61176
2951
19500
59126
64759
103382
14051
14027
107073
56488
95719
43114
103093
105926
2140
34384
6117
19968
16836
12324
60552
106172
19454
66535
57296
74290
5669
109186
111581
43263
106081
57104
88239
36941
58428
19631
38743
68838
13364
16393
116766
44153
77825
12647
81890
32043
6979
94603
9066
54224
4246
96947
72612
45789
96789
82309
64914
59718
61567
103620
77522
31563
115907
111128
15776
64031
46546
108188
109917
83594
68163
89454
1395
30536
28728
19239
37988
114360
29656
61887
49442
43394
35787
110488
62884
70867
7060
25550
107957
11118
50711
14363
116091
78047
59032
77496
37723
97944
58657
106250
67033
93954
42600
61800
22311
24741
48129
90120
12322
95571
11756
783
32338
81648
7508
75519
107880
115284
86069
87951
97677
74845
94046
5559
4856
113178
6080
14562
81842
95732
4908
71678
86019
28812
87740
80892
34320
62392
52421
23461
17020
35389
47262
84795
52331
8778
112139
5655
84421
15004
38596
28749
68774
60325
42995
18684
71527
34951
75915
4489
78640
14226
30780
80299
3902
102862
81998
54304
79513
53150
62551
113408
40240
98692
115947
106648
65489
14233
26959
53624
24185
15487
105687
111655
60581
12186
101663
923
28878
99752
82125
1486
2409
109864
3194
41767
638
18679
51292
69734
6491
85862
93408
107947
1023
17637
216
40500
59926
55003
17961
73539
56704
69933
44856
105210
60193
28475
34343
105717
37761
78366
90247
18552
27391
30146
84517
6837
57585
34422
92987
89901
75883
38530
25105
71775
76437
103849
57861
24782
110331
44037
79987
51409
1956
96170
80023
17168
416
412
12970
60512
113756
55323
49297
91126
25899
46795
5848
90831
89237
44551
48429
12341
47212
33028
107782
87410
53766
24091
21542
57339
64164
62882
56575
58106
20979
116460
67029
62044
48592
85154
25664
114800
30525
57321
61148
4637
40433
50679
64159
90476
66898
115859
95985
88740
115121
20465
14745
44196
24502
74989
70654
74467
22872
112950
35160
65068
95285
18500
82655
55769
95048
85387
13954
112629
56579
17409
77396
110284
482
9684
17527
56285
85323
252
8388
13093
65119
63429
27820
107925
51380
42135
106776
30629
31330
83987
19267
31192
50573
40323
52866
81791
55644
27909
84541
70317
107139
54429
98394
57012
90942
78277
20615
94922
56235
13925
14924
56341
55788
68693
76121
32489
65003
36337
95855
15205
10074
5113
49718
64170
88644
95381
105949
60912
90471
99374
62060
113886
174
55075
63939
51480
58776
41445
80753
93429
110385
107860
22936
32554
112272
15976
13014
95740
115102
50094
96877
114595
109251
103985
86587
35191
29509
32841
4873
50776
98898
68600
112418
1600
113453
80671
113675
54155
86599
14758
8481
108902
114795
36405
45358
26508
91681
38136
17918
40123
54847
90071
90375
878
25714
40326
23171
73169
45189
99366
51935
22553
63034
91882
55391
30429
58689
84212
5443
2914
50663
73718
109334
111670
21673
110144
52027
22376
102319
22745
104941
88009
53677
60274
18301
37508
85612
41476
94380
16276
94795
66939
13605
110721
17588
43693
77826
50511
2541
7716
10485
3132
52044
40172
43149
86490
56171
21584
104917
34917
8272
66597
20320
69400
114319
3281
45687
109029
87473
104390
99828
35023
63021
10942
66613
55888
106252
109155
53143
10284
35671
114636
77874
108682
111786
91354
24282
28667
59689
67131
21882
7733
101099
81479
115746
91546
63121
90084
83219
51599
86780
113578
4667
100951
15306
35586
63544
15044
34377
59875
15041
97888
46612
10487
106223
51331
39757
39098
15876
45921
32369
23085
115518
9202
41263
82194
15161
70479
77863
113203
112568
27998
1836
70142
62259
86978
70057
52777
34305
46348
105932
95611
100796
14817
99116
34104
67143
66513
2590
47875
102617
114546
29124
103539
854
94131
43442
31133
1808
43326
42356
48001
100740
68705
75774
102720
48420
93650
103943
110560
1255
79070
40591
20141
20544
5675
55804
7470
88624
25795
34942
6453
58652
96384
25259
28929
105758
115
108334
115554
61114
79728
95107
99552
106938
54441
47858
55531
8219
31414
32611
96457
52101
85236
46623
38339
57811
12035
10767
33375
56670
77152
47995
81449
32349
96603
31223
21413
39832
84957
77587
40631
49864
86129
102962
28858
95343
24368
42806
105700
16655
45759
11197
71186
34403
62298
93870
116236
4324
102091
114326
88350
86014
74178
10285
64764
40321
15570
44042
106335
53984
9561
113119
114424
19970
46851
35738
59042
14842
94768
96728
29661
61849
36236
7478
27805
106328
33620
13034
2112
87348
76225
54536
47500
95270
19585
27882
99784
9545
35066
2519
39951
9068
18730
57991
1931
84013
91133
52867
105527
10265
96960
52029
21924
60407
37764
50081
56926
74997
1628
97394
72544
64985
25810
81604
96333
35399
50411
91671
37609
37801
115852
10037
105736
18533
18954
76655
34466
64382
67451
71126
108466
49407
79271
13518
84588
47907
5856
45270
49919
30958
83523
83045
2122
102525
44818
66212
39093
72028
113300
47148
97178
45606
42532
53001
51997
93201
81686
69305
87688
3929
40821
109741
106505
89880
99987
83165
89481
90221
50732
84346
4164
10554
17119
63045
41299
92007
113345
56960
36630
58958
69885
32185
79641
74464
85733
99582
96453
21903
64050
74724
44218
94631
103044
108311
40678
30501
72929
69543
35792
106334
31778
56777
99002
99079
9559
53925
35312
34782
72350
66348
54242
16499
72768
40785
61944
22387
56649
27422
99707
72740
12184
88219
24731
85189
43960
65641
114874
49541
86157
59641
76676
36857
100909
46728
7655
110497
52889
24254
90608
87105
94737
98251
97085
79272
48780
55034
84689
47513
85240
115360
84645
87714
4366
88825
11771
99859
42401
99660
25104
61738
31622
110196
24037
28959
90433
90307
5991
50836
33094
88076
80863
41228
13141
65370
107019
87409
76429
29567
38988
43409
51434
52071
64922
50164
44058
73636
51947
99786
102695
108675
53085
28865
52699
1094
88302
96832
29048
45413
103894
78243
39484
83399
39817
38787
61714
106031
6310
107863
83841
7266
86139
33084
61935
21689
70188
87685
2822
97855
27688
4734
66467
91938
112694
76991
21732
84360
3636
95197
113477
112269
16641
112336
64561
58336
40314
41659
69820
18874
84620
18354
37185
23710
79277
13604
40875
114352
5979
55891
114864
98594
25299
9132
79333
26755
22328
81614
12634
54557
64370
50408
37239
96177
70347
87841
36882
81010
27661
73817
113550
106723
93881
85000
106686
93088
67562
12875
12473
99287
21986
1851
74550
43544
73951
44628
81031
14503
108266
98687
21123
91519
33894
33533
3406
113628
21786
2170
10641
78209
61466
31458
54059
38775
101444
2904
21582
50332
22340
54230
74504
46499
23786
97639
104276
82477
95148
61432
112242
99599
3077
104938
10811
18376
41922
37659
86774
56809
52621
107076
110287
17689
75671
43999
1717
88378
16433
71805
69361
49372
72983
40467
109289
20751
27946
38607
39878
40943
47559
55257
1220
10984
30948
74097
99566
96811
10395
47706
18239
32258
80426
12528
48432
75473
21132
40945
90102
41943
93140
66918
110263
98273
78698
71387
41127
77704
115911
40002
28729
28284
115009
45664
11304
9981
86550
78858
45317
58976
97340
2982
43865
8648
643
58945
28848
55864
109722
57541
24163
48949
81780
63134
1492
1587
31014
15580
36046
111399
94139
76838
2837
65110
99543
65334
84362
111641
115024
9589
110265
71585
37088
91027
64677
6284
89020
85660
103084
64821
73039
27855
16690
64575
111346
108448
60954
17071
75424
24574
12288
114872
92719
85367
105617
115049
5457
109007
55397
36272
12158
29420
33637
51107
23722
47863
17802
101048
87305
72201
38275
14214
25337
29540
24839
78154
34633
22587
63166
77593
49839
97870
67938
14105
41147
93811
25252
14082
72601
104257
109354
44403
112043
73681
89518
33806
79121
44429
18039
79446
35424
11562
85126
64041
32450
93947
92074
9982
80988
14865
72137
88057
96447
39459
15591
106124
105556
97755
63313
64667
45805
21389
2239
38049
11309
43256
82314
33791
6561
10838
74161
107185
27180
38792
43035
113740
61099
99451
37178
106711
54670
43047
76972
58840
5615
73072
92798
104747
88335
19451
7534
98254
60401
48784
43652
5487
49937
30124
14230
74027
66651
83097
38478
44564
2370
104399
2512
8660
108058
20654
112714
32818
106254
79816
42729
88256
50682
26544
61127
12640
15173
71989
56883
45735
38165
55394
91409
107071
30061
67851
59337
24636
80481
82284
112350
111821
31956
45777
106571
20906
25370
27523
74378
94338
116691
87788
88066
97014
113081
53394
97548
97099
67010
115613
52862
66037
101908
40482
9903
13123
99126
39512
6581
28455
113340
91203
108317
107928
9189
51626
76742
98009
68121
100366
103278
9739
55431
101891
54350
75518
46432
61662
88094
54600
59809
81372
19679
70017
93448
100556
58645
54980
99921
64450
97999
2173
25881
95840
101073
85183
112457
48355
91416
37016
94201
10389
87771
53231
8246
107099
38316
7719
45927
57299
40989
8641
39590
90945
18096
53079
13883
4835
98760
49364
15672
16171
26370
104720
74267
6495
98681
56691
82204
20629
37429
2252
16311
45873
87381
1799
108520
100482
62453
113934
41235
64291
18960
60957
48259
108283
46672
33937
34417
37885
89984
109934
42735
38798
2059
83649
18784
54559
104687
40936
77939
64145
111230
6632
11867
58616
56496
77267
40876
67394
55468
74950
11896
58576
58635
104320
4089
9843
91554
9841
54641
6348
84938
16182
97891
46048
62984
40349
37342
114943
17435
80191
59227
39012
104634
41644
56626
45821
109291
197
68259
1338
50477
64840
95609
63984
46735
17711
23725
110825
67137
53107
46853
48641
19710
32147
90576
42591
79755
58431
24323
22190
110733
20946
55330
69442
28748
19067
48938
113919
21128
24763
31585
99086
31196
107909
103739
76175
110831
14095
11728
104813
25953
1951
107513
39367
48967
45920
84119
65606
17173
48870
18821
24195
72472
21949
102926
29721
59523
79803
27287
110363
20985
93509
41335
29514
68789
30918
47318
18889
1929
25287
3736
94877
70761
91273
103197
67591
45990
62200
29655
13927
92502
36229
18786
2291
18391
15055
39195
21797
36358
22778
3231
40324
16524
123
82090
109168
37729
112415
92977
80488
6169
83234
58395
112279
21094
9638
45282
37871
14636
71570
21235
12359
36446
103104
107081
2146
77810
104662
14914
114071
84163
5339
103142
5219
45076
29628
28583
85960
42708
36927
78624
39074
97710
111479
54327
96014
87934
33596
75257
8909
17641
42816
34596
69788
36489
98942
37312
5316
72223
71997
92863
59882
56620
4353
44243
96089
30591
107627
25198
86
53960
87700
60483
48745
100117
38526
89599
64372
104019
21027
24737
7311
73946
27566
34221
13484
107757
23985
27830
25599
30100
88966
4116
53905
4540
12418
107883
78242
102873
77971
70942
60558
114806
63856
24239
93229
100040
109328
32286
64197
62657
32547
99909
33054
83435
66922
88547
86352
49643
38905
11224
63151
19328
98390
61304
62683
74703
81894
46592
22788
14985
96115
13330
76661
3436
22032
14072
74426
99054
12225
31615
45311
11162
35778
78010
88178
25856
34825
55581
9930
75991
88477
97501
23954
68176
101785
111938
110455
98843
39173
76094
11517
83722
85011
49517
85224
51217
97128
24922
40430
53451
4013
109530
62095
42438
68466
53875
17461
52355
24311
21100
70282
23726
16850
3661
87565
30789
5343
99726
95160
67553
4499
24672
87225
42111
47409
54815
48892
62663
83269
27307
53082
98540
53463
65922
50275
83658
70056
83739
30872
89179
35917
41434
44178
39965
113279
82818
53990
99546
88789
75286
79024
99405
32811
54604
12821
96356
62413
87208
66209
15250
13443
75232
108068
63230
95871
50526
86703
84571
25990
20471
110751
79860
31380
7440
4269
59408
6193
37806
50903
11414
43763
55195
108042
116319
85012
45502
32357
57979
12848
25961
38113
83088
57828
26128
64292
24460
100532
48888
60858
79101
101643
20101
85112
47190
22355
46525
98444
42005
91232
10979
100752
47348
111900
42439
39439
7164
93705
32468
114118
5389
54987
79407
87453
80037
73675
110526
43801
46648
61799
54233
52025
115450
68895
103462
21250
24342
103656
12613
3197
114851
43440
80190
13199
10083
36752
60678
36333
100374
81491
36706
60047
12560
50708
112848
87792
12375
71308
70025
97878
10947
67431
109584
66519
42391
75964
111889
32307
38995
117077
28000
106271
74197
74448
4367
99180
54661
21371
74038
71416
95423
65399
31857
31418
91330
31282
115535
94192
23343
96302
59567
1258
72468
30947
99968
6350
35416
8995
55066
50447
56826
102797
69272
40127
94562
25751
37425
26456
86699
19980
91173
65087
24039
7646
70529
41184
114606
113176
13711
53651
35616
29615
1556
38162
112228
34135
8325
113168
72875
59605
12087
77050
42783
114765
3158
45341
7778
42972
29728
5822
94317
35830
89310
1055
87211
70727
13495
35446
96425
26154
117040
60497
31376
47526
65249
91771
86806
28467
99174
65823
92405
87239
19335
71674
6711
27504
107246
91676
42122
77299
8571
41713
103229
60871
68674
99577
85491
69266
108711
108164
68045
66494
9428
42291
91242
40399
75687
60051
100497
105686
11443
73268
53985
47224
27991
59703
68477
8366
42862
39147
81098
104034
30504
66146
52482
6744
45027
111744
48034
31097
16843
12907
103107
55260
102126
116473
77948
106543
34060
47555
79763
74288
71141
16851
33762
56278
22648
27983
41737
54385
45469
65775
115687
63561
98023
64799
115229
85537
27996
49194
59370
3984
108292
14202
40139
75297
96114
74978
73617
44105
26533
28240
41508
106049
64183
89332
2459
36043
103279
19369
74573
84714
51180
27767
94224
8502
101728
88383
95228
80015
74176
92995
58577
71490
8330
115279
37703
28371
13247
12658
86480
81138
63563
11747
73295
112177
42432
70409
101240
100450
90722
32218
40422
4902
29801
44450
106927
69091
44975
61811
1609
15042
90455
4840
96878
53345
48837
55341
32107
94583
73789
66500
79319
83554
73180
45874
72595
10762
87362
48197
95618
32436
31507
63588
75945
52289
19138
117099
108097
16650
74239
70697
70085
112911
57770
16138
71286
84290
30832
50034
65812
70743
24094
15479
108723
113862
50614
82228
78614
50314
41942
20092
21099
58427
92684
101114
20798
426
10155
27726
116965
106430
99049
106932
9179
105533
102684
103561
104357
46811
50650
41831
94013
111408
90301
52197
19459
52741
105349
81382
15590
33309
116937
20860
110116
16952
68141
69072
63738
70187
21012
91029
23328
11145
29363
84050
25356
43592
29760
982
29572
52967
58254
66252
26659
58161
450
29133
41765
10072
96592
106628
9119
29448
48781
93342
34670
42811
49546
65511
5142
44010
59277
22984
106558
11824
43062
46215
36384
25750
73116
62997
10093
88844
94673
55359
80272
28989
26157
68422
104406
13528
41822
42821
48198
18848
81215
94409
112266
39988
58424
53266
97765
2411
60190
17354
50744
42753
63963
82245
79929
27917
55653
77531
65946
13389
57835
17150
100422
11542
18128
28561
20295
110290
65436
46093
105804
7361
40344
89277
8655
105876
42551
22818
26483
10199
101021
29132
1846
56191
61294
77115
23610
100307
90435
51307
106001
70484
104803
78551
70844
41898
50681
112146
113252
88140
54388
27958
54381
43879
46427
101103
32304
11002
81227
71592
77415
39365
19914
47499
1879
82700
3782
5712
46458
9802
72908
92045
83678
104520
38484
110840
53306
81214
57957
111301
55267
77473
103799
8817
55227
90730
88972
96954
92824
112615
76595
35762
101675
5246
92084
95922
42459
106764
102125
71375
24036
51468
49524
29360
34498
45945
34841
115467
13354
79266
51603
84767
24422
96495
36321
73279
104820
28505
89219
102710
102308
54982
100235
9182
8199
93882
103003
109768
75400
104998
20429
10482
18234
53397
4801
50445
109918
42331
14006
25598
77345
24466
6639
89026
23311
54194
5702
15285
11070
32299
48243
89188
37488
115341
18558
97929
44767
4053
57381
35518
32440
12541
94895
28476
95485
78118
57660
69768
114676
65865
61592
110572
108382
102590
105254
17774
32406
26339
5821
30422
99096
18849
52550
102890
6476
47239
29225
96849
3917
6214
98697
3268
40154
112
102364
71571
26428
36883
23066
104286
36449
17729
84252
48838
90548
110012
60442
50582
5145
51356
100219
55071
43945
96094
106446
58021
100275
111073
35583
13246
21223
67973
86985
89376
77479
44253
25247
113503
114868
97674
47658
65300
106078
37346
80583
58317
103614
75419
61983
13517
39296
55502
11649
12601
34436
112410
36540
88673
89508
69464
111474
44831
13114
72599
71013
68218
62059
42579
32486
96519
46240
90607
57520
50248
23575
37467
25224
105864
26125
109613
30436
60033
48481
87996
92342
7396
38374
94340
61925
38687
65421
79524
28215
6266
82607
43355
101356
101396
72273
2294
72409
109444
17882
105343
46540
80656
90308
31074
98144
1967
99464
40264
6813
22554
114260
103397
76701
99528
25534
66977
9353
97496
27161
91720
15367
2911
67532
47231
99439
59899
89647
39626
16274
29911
76831
35092
72741
36149
23878
65673
62282
32614
95825
35571
94431
12938
104400
53241
43994
95191
2732
2720
86947
50247
61377
104270
47122
45991
2987
42672
104027
115547
78675
4538
39618
53598
77588
26672
2604
28962
20155
24192
113205
35299
83996
75525
68871
41664
2791
116818
63880
21758
83917
85262
80096
42139
116135
101971
58816
30544
63281
70524
39918
17683
49307
51861
113860
64948
45526
97741
58599
19934
47335
74443
28614
103987
44197
104473
59009
84699
16460
9646
7429
104041
68676
16025
85410
82290
51130
3289
64213
38783
17979
87880
50267
49588
31750
104250
22899
2909
113902
101736
103741
103707
100159
115059
116262
101723
10086
113280
100377
84348
28469
49
13764
86924
108521
85418
6023
34509
19769
43249
25066
53424
11256
1397
23603
81118
44411
96564
39682
20795
86851
72683
109327
53295
62949
42176
77051
42503
86230
35526
96162
105295
93002
112488
502
102117
56260
59293
109799
94188
29198
96066
72733
95459
42916
98581
14740
9819
108281
66305
70211
101173
84078
40966
50843
81336
65444
52165
8090
7126
26375
5736
93187
67233
40746
10321
113837
55433
32471
74089
59802
36758
93198
84322
25300
110341
33117
29241
104890
16218
51882
94434
63858
24321
116020
90038
100746
38647
55792
87349
116234
55286
42617
101481
42950
80888
1444
73901
58699
29947
79213
72427
33734
58012
28548
12718
88628
18317
106869
88722
111383
27052
77066
89118
74102
90499
308
55843
73862
62042
72553
12477
24458
72618
70254
35423
18058
106631
24632
49463
102177
100253
112093
36318
26888
25174
4237
940
114348
87119
23386
96695
18932
114237
79360
25119
23078
53160
45710
24058
72046
9570
29034
23522
42263
92687
84521
14521
43923
1858
75613
60988
8970
80475
9434
26459
25206
18693
100862
69894
36211
72502
38031
63353
52603
75587
71262
99133
98990
71228
51392
82955
94530
110433
55522
49165
87670
41392
100507
41
76574
93115
51891
73469
21134
15312
49633
6878
80547
100793
32026
19320
13362
5637
97318
17798
94336
103932
23360
7639
46789
40974
109103
47678
64971
3412
83877
30973
4623
82285
32383
53360
65587
33976
30276
43350
42637
29488
65365
17027
115729
43297
81752
27243
41869
35084
4247
56778
6831
92372
52082
31509
54552
38815
99772
92876
682
57172
83622
108632
7757
71812
91993
55326
57197
112762
51477
47756
58638
85489
107242
109300
111876
80505
86278
108177
101570
104069
41929
68653
68545
33919
77485
34833
111703
75106
47640
31991
6439
16307
102432
52330
21583
62729
41205
103764
402
61594
101585
106832
71689
53829
41055
35499
74546
54218
81050
8555
20974
93919
111783
89601
86030
3300
39792
56169
71518
73701
41423
36976
107624
108045
56712
44763
70673
113193
112793
46038
108429
77340
6057
106586
22758
106248
34369
2652
87649
18398
88233
94216
43614
115061
108729
53392
100816
78550
72540
26081
29418
86029
113802
60650
44041
56080
26122
68747
33936
9261
56571
98081
103267
40176
36881
22196
76236
76759
72576
5844
81860
20573
18647
95802
34042
16627
4045
8848
43142
9557
12155
29836
88381
58812
59937
14044
50389
77423
59139
19456
16122
27325
5872
19799
87035
27809
94433
93561
95796
80763
6896
108486
39624
12346
81143
29768
10634
97749
8281
43636
43351
11444
14646
44671
78147
37691
36075
44851
40268
98505
55758
55106
2320
50604
79533
97211
85870
60790
115051
91164
54452
113821
4995
90854
86313
115661
71132
111395
98558
113978
26780
40708
99967
76331
116210
75995
85205
28958
28443
16170
101522
20492
108947
46328
74408
43478
16106
78315
110438
52626
6553
52655
68162
50118
55049
106204
34785
54866
90157
43046
25270
13826
20702
61712
76155
61753
35760
72971
25605
54740
69785
70402
45827
34940
70489
35927
65075
91335
93789
228
42306
109981
108709
34765
4557
7019
79606
32132
103831
14586
107020
95247
96616
5695
21320
70722
34787
80244
106524
104189
9359
54726
53555
94693
90804
46132
32622
93656
88772
20426
7559
82004
100737
68323
23695
54953
53520
36401
37921
63407
17975
16715
48335
93307
25384
47275
99251
70472
101458
45631
51138
43358
12191
87058
49366
20632
104645
59629
75898
63808
8714
25907
7268
13744
39963
53642
26507
70475
3358
56604
44526
37568
17096
48401
113199
112577
38989
38913
45214
78867
2506
85659
88883
10096
75735
63647
29596
15993
45987
75717
77617
63641
93706
100069
114803
93171
35654
112077
22866
99871
3239
107304
76501
4875
82442
364
91875
33867
53912
31843
14101
67299
1964
42527
106463
77700
95461
107858
60662
23068
15225
47293
80835
15762
100875
114310
79594
73891
54101
71343
9925
100682
47527
116880
19814
33710
29500
31495
16712
116913
23041
106476
112907
33254
87392
112795
48068
74871
45597
44473
36558
25917
85820
56797
89004
84828
100648
5518
74304
56862
86146
186
84241
25710
107689
45122
105913
91506
7712
89722
71799
7062
12896
68745
69004
98052
77221
54262
110157
35440
76570
33398
81668
27130
103512
88805
100109
78098
69930
26515
44372
104895
42108
24181
50494
28485
98538
20834
24912
113973
35994
41643
111035
77217
115071
81936
113339
83786
73633
35961
71498
45737
870
79406
109733
41881
81882
6459
89968
89510
68088
27652
109224
41961
55745
10357
55022
69391
90898
37469
28968
65403
28986
60451
47497
30723
24826
104629
50003
112591
2929
19439
81766
88439
34659
66377
14739
100193
27671
14787
974
8297
100785
95550
16583
10847
99186
116761
48362
42483
19948
74787
101388
761
112715
19969
55110
76819
42910
102054
74349
115623
67730
89381
43118
108496
98742
77845
52876
61755
55372
97645
65873
73897
53469
10533
63774
44920
8877
19954
54395
35955
72493
59462
41340
18027
1961
66928
8267
1301
11355
50458
22283
89046
95524
51821
48926
21971
31973
82022
73572
60273
8293
92881
97094
16881
88461
63536
71947
41502
51383
16299
21661
46202
41326
44464
97589
48972
10214
98556
2977
10189
24840
66239
60083
83166
35695
39356
61675
33020
20351
113685
34162
71544
6116
84737
38763
50051
28993
50262
64724
33376
12299
20478
37884
59099
20317
77630
17193
84701
20831
27800
34392
7074
24684
103369
36499
63472
50409
39614
102239
101273
81265
17790
43217
96938
28811
33087
111342
20336
104437
37057
49310
72650
74454
71041
86991
88436
93994
20413
19960
59340
34606
52513
39623
63152
25957
76441
14772
103881
77030
82804
11363
3965
45124
110674
81019
59577
842
25520
24991
112984
9993
47915
101116
9817
63090
46553
40089
77500
60395
7115
109295
54577
97367
29458
2095
56634
82596
69708
74491
50227
96131
61922
101277
61828
103603
2788
54205
6819
96510
52341
102264
22467
12975
69230
93730
12524
27444
106466
48423
79949
11648
50106
39562
70827
66525
82214
3986
61417
83753
9544
59973
30877
5839
116948
103505
90412
41356
4104
105867
114566
44120
14107
60847
6103
22810
105563
113614
34424
83667
69299
30128
29828
38784
48663
29427
64812
79844
99438
63631
53067
28407
69680
7354
35772
44577
86839
76064
45060
68646
77248
5408
100174
90104
13285
107103
94944
38877
39912
31896
93346
98048
95799
23537
43581
32390
107164
5561
32972
66442
28537
30127
78528
21858
43267
51447
7464
27712
22578
28709
539
46571
31099
34241
33010
3410
45595
18362
7112
94288
55231
67456
113573
62090
66688
39860
797
36886
53355
100171
40702
90761
107994
18615
83907
111118
86799
36030
102041
2205
115215
101879
48156
96710
38745
69191
21669
101248
100496
4687
1216
73409
88312
31701
4865
20525
116911
79776
80860
47438
8141
66609
72523
93621
62061
79547
95425
86263
56184
16089
96939
10418
60699
66551
104615
2438
27625
16617
100964
79324
54108
21016
6823
60531
48135
46973
105323
98408
30284
92421
69916
100923
65653
42204
90234
95140
114297
88193
42756
64303
55897
3107
99714
6999
90052
25385
69534
76919
23209
37987
81490
46222
35747
44113
11627
28383
5028
89532
108192
95586
13116
9309
59400
106403
108767
38823
38010
99918
40177
27200
7921
21439
41641
101223
81805
49903
30643
46444
76076
35097
89695
66686
75067
36895
14862
92602
54324
100454
31637
34998
8735
103202
77565
17171
63430
35171
38093
12516
82431
8743
112970
92370
81375
17678
30071
96525
90468
56041
40782
87923
24434
92398
40468
106512
80055
116461
58478
69387
67054
34732
15183
66311
70706
34220
71531
59841
50937
79000
114002
75702
68173
90177
65871
99657
66071
78142
14816
59507
61182
30452
74536
35872
109158
56785
33940
74361
22002
22170
47405
49861
25958
7451
41802
33514
3720
102685
12847
17695
298
88747
40529
87687
5818
78469
56270
96058
20115
31116
17522
83196
82083
33684
81770
64496
74034
30407
96751
83042
623
104609
88223
20163
62796
28499
66568
37718
80287
110043
82177
48842
41773
17322
6952
78582
852
94439
72352
21466
5541
50862
76532
23680
80308
76196
109319
5167
49249
82971
15142
55345
68137
113470
17347
5933
3228
70988
36048
34590
31289
92389
72214
78589
82789
85344
21576
31010
80124
55818
110435
88540
43770
34699
22082
33454
26395
15178
87999
71127
13254
114443
108834
87278
101925
11088
116803
97658
72982
59093
40429
23839
52677
87206
89466
91310
43784
92427
46538
94816
58039
25357
109409
10297
97878
115604
3799
79305
86184
15351
90697
50092
11753
68608
10238
107647
77746
19547
63738
108142
108281
80581
1300
46027
41281
77730
111626
37420
86763
18327
66031
3805
11675
107573
36646
13084
91050
112937
39106
10362
102088
30492
86500
11718
82534
59726
28240
23735
49275
100713
75627
13660
15535
69809
87635
31533
103353
55065
26055
67551
96239
116428
103756
85765
33288
104900
85484
56845
81470
19756
17047
75847
