62925
49309
48092
9154
37298
38534
68880
37775
66993
21691
29430
58966
60014
53965
60394
84580
51004
67839
21214
3369
44919
10742
78729
48837
44146
31704
20646
50501
34930
89977
81571
32863
39230
32656
77302
1320
34397
62626
24473
6261
45805
77475
62749
67840
15688
61915
86183
71815
56658
66410
71387
33758
32406
15962
21962
16619
71647
14701
48785
35927
59294
7178
26621
39592
74289
78927
87812
7985
82886
29273
1413
37446
3019
53004
71865
1759
38638
6411
22336
27325
51740
6685
31973
16322
76250
16391
20302
47756
38145
35017
3493
25587
37156
33154
55589
38047
82064
33707
11244
44738
2669
61723
85964
4449
1477
37076
652
51553
79083
16031
67913
40265
27167
4673
61751
51686
66189
5658
60508
23361
56071
1432
42716
31702
89293
22088
82884
26358
38465
17438
12634
46745
10388
39432
33882
33089
67722
38232
33624
6752
67429
40101
41482
38505
44260
73400
41160
30371
45581
77092
77738
23111
55779
74474
60921
59249
53394
45184
11181
26128
53367
49450
29747
57741
40517
44772
65712
35489
73310
40894
85444
43204
19264
88263
25312
40765
48017
44097
35088
26258
25560
52106
41804
36624
82505
70645
74064
50920
18239
42260
34100
69912
8938
45434
29246
48000
4610
74312
33033
22912
929
53695
56390
68787
14586
36851
49307
85635
59930
72850
78461
53114
49433
78053
56886
54503
31462
9611
52112
2252
54934
44359
19194
57946
78854
21831
33517
73728
20597
11779
72587
27511
8764
45651
12818
60430
64879
50582
7953
71240
27430
20457
48726
24597
41899
65714
72148
79745
41039
74975
34603
69854
20209
31598
89383
2615
9284
80232
11544
3826
86648
51420
72226
204
55729
36864
59169
53079
67768
74927
15286
54066
83183
69763
45765
2548
78506
18577
3104
50112
58086
11829
85088
6893
16257
52857
66078
7081
88885
65324
36364
9530
51747
82961
89662
8289
69531
33474
41819
70014
10634
29185
38415
38690
36064
19702
89127
1505
73296
54813
22405
7933
62454
84496
78455
74541
12502
74867
60222
50697
58534
17892
41356
83587
60955
142
65851
15611
18117
18224
61895
33214
56233
9283
10695
18861
58776
21096
54454
73573
5258
58917
38696
26889
55440
86276
81472
16989
64040
68521
73450
5333
89317
73055
34036
58493
50772
59980
34593
29336
26269
63626
5842
62593
16096
30765
43925
5045
9961
39986
69076
64581
19594
19700
49134
65367
22589
3284
10087
89442
27519
76255
34614
9583
58024
13194
89169
85199
49363
88670
1735
46410
28262
50591
68680
27648
14945
43661
51996
22615
78653
81965
38976
34935
2047
36977
46633
86322
68397
18287
85001
7338
58850
43739
22852
76095
14829
11184
48368
55115
83960
13099
40935
1478
60937
90598
58515
62672
7585
5843
2438
33421
46824
56999
24555
76741
38321
13336
84786
63514
41074
37476
50109
67669
14003
30511
81480
18169
35422
31938
77810
44397
75109
82549
68069
27047
1471
89595
6977
13913
49910
1696
85114
46977
31410
74469
52648
55074
38624
5572
18143
12806
45959
21753
49998
10156
43393
50536
85237
17178
63326
83324
58625
58125
24061
21402
45814
8996
20128
35481
59695
49874
1830
42206
7805
89882
69419
73789
7696
27290
7646
72343
88557
44838
48055
18562
25736
78832
23897
44243
63652
36675
74493
83730
8037
68923
74090
41850
54757
27241
59417
64504
57190
68804
16379
14395
42101
34161
58119
68331
55125
51973
18804
11737
65436
86956
63867
3010
64959
2365
80719
73813
85101
42085
53120
21016
9622
53892
31409
14039
31074
14433
78723
12758
24102
60004
61885
63207
15594
40374
54324
33013
33235
90302
66351
75939
75941
83368
14628
702
80921
71326
29419
47715
16456
45482
32430
26735
58284
67109
40634
58354
38645
45084
6398
23831
35688
85416
74894
69236
64196
954
36108
66939
78183
41954
30508
70054
23163
83830
28661
64368
62062
48157
36990
40252
54951
5927
74949
33540
8569
65243
18854
17789
22874
54257
37010
11970
25677
69021
17556
43475
17843
55310
5080
35966
70353
71295
12141
58234
77164
78231
25627
39434
48761
73710
19246
72599
72840
46254
24386
38626
30667
70641
84176
86754
74208
67977
55392
28296
25473
77887
78868
22938
85540
69450
47483
84683
53024
19477
24063
25052
79916
64974
46842
7760
11084
52818
80330
44746
29891
7657
70350
63673
28659
57950
30315
32621
21301
49899
83797
9750
67348
84144
37802
17469
89058
22578
33045
16417
26364
5143
63884
16699
53758
51038
22911
49791
25318
63945
75794
49706
35579
49462
3149
35830
12155
15959
29340
17362
31636
73399
75026
74798
75207
49788
83929
88498
42904
44576
49871
83595
2939
62756
72822
74333
20869
37357
79061
45542
45544
75007
58304
37917
35848
28202
15700
81959
54792
85734
74787
8801
9237
8345
18825
67032
78368
6584
37910
62451
2720
24468
78180
23818
41316
50737
4498
1146
36980
56367
50600
46814
7458
30322
77177
70467
15313
23269
59371
14391
49034
49298
85269
31304
60622
77072
70461
51066
37474
3577
8018
1738
57883
25810
79052
45811
61907
46930
41842
86696
77550
20824
31999
25262
40675
46175
46487
15671
52716
73637
20404
49110
77569
27576
76948
4435
38962
67276
85400
18476
2895
84440
3025
27770
80452
25813
22547
32585
57574
47683
26253
16679
15694
21713
27887
51545
67917
76984
16352
55964
48131
66301
57275
37047
3297
82881
16102
43854
11361
89114
39076
73816
34999
7538
80652
82289
1440
1891
53230
22324
74436
18067
510
24497
48209
77441
89906
62369
25083
53500
24802
45925
15759
26176
47770
74622
42204
39211
22325
88242
78956
19744
89343
49719
83653
41380
25876
3239
68506
46085
50543
75689
21466
66182
60156
38848
54208
33217
32999
54009
50539
57846
14024
17917
16741
76402
65262
39454
5637
16685
86273
61593
21038
45350
39829
88752
64146
21655
4321
8907
10894
74965
8464
76263
78106
87218
89787
49006
16479
15443
33101
75634
35470
17297
33516
59896
5745
87674
81519
13617
68624
7054
25098
71354
8758
58743
46294
29888
17067
51395
78882
60038
7991
16542
62312
49137
86756
76639
771
20117
56292
50981
63369
84873
64593
75392
48873
30544
33351
14217
48978
78272
34844
790
47847
34693
73692
70822
26244
60976
83410
60922
70244
15529
1488
48969
86638
50521
7578
55643
57470
33274
14435
23758
25270
51865
74806
51593
82284
5414
25917
77027
1265
47917
30952
15048
42909
65168
34345
33987
7874
11881
27695
55928
83975
84810
65866
37478
31831
35452
37785
44023
23674
50405
78266
48812
26279
48745
86134
66507
87456
67532
38503
30652
70374
83796
49747
47824
31240
20102
89581
4924
43410
10173
17523
52071
69572
26180
24705
54085
43361
67861
36470
14636
86499
21520
4855
36098
7673
13081
55495
65232
81739
15993
17581
77405
15782
44876
13517
64428
40091
6612
75337
64603
48763
58392
45105
68300
38300
31365
86534
70942
79877
43780
4253
47061
19776
21787
12998
37425
63210
29263
14335
42755
7814
40745
64380
29094
19263
6379
74968
34934
65071
30354
1485
41581
13547
42177
67144
55634
61104
31132
34521
59595
31472
9119
69521
23071
47028
57373
76694
13046
8142
88331
33260
32413
77807
89357
4825
18772
25931
40397
915
25481
70450
20044
15560
77091
87064
66067
14038
86570
2181
16807
34059
9854
80893
68263
82588
50013
66222
22672
75664
84422
2811
60210
23056
64947
83991
2248
42425
53540
38966
74721
69636
949
35187
5396
60857
30869
76286
75460
5309
48829
69264
44108
63939
89242
47826
18966
46882
20386
16236
66088
46551
80686
58482
27165
31413
73884
19642
62835
56486
67582
35872
37620
53286
25955
38470
77733
42266
23180
84937
21106
449
43042
46637
62962
35785
36766
27709
1221
7545
53343
66828
69029
85005
26943
54982
64598
73429
29313
85967
29121
29660
9739
41663
55027
12242
85299
32484
82005
24052
67381
80328
43372
44460
41459
82537
903
54041
62746
74076
21699
27575
78397
75736
60876
13873
4668
10442
38731
8618
1037
38520
33268
12306
70512
16873
6454
63782
47621
90641
13904
29392
38324
76328
77121
42448
54541
40994
65647
18871
20938
18648
57616
77101
17248
83941
11447
32966
55662
1470
32445
33485
84868
67210
67200
7857
14623
90145
71203
77266
56265
42811
601
51930
14674
37484
82089
52863
24170
36728
38999
27741
80984
77747
10094
7497
22195
64981
76258
22335
81424
72911
43518
27305
31139
10751
54873
72802
29844
31398
79588
8948
44223
5444
72224
87976
74080
5979
30174
65029
72937
37440
29742
9774
62787
24539
54756
82343
71878
80058
41044
44021
68345
33252
89273
7307
16859
33772
11597
61204
27682
67086
20610
18429
79096
51659
23639
43562
76894
49869
57834
86669
7613
46695
44797
69324
39671
9151
74707
81061
34097
1439
52370
38143
1992
49939
16709
54808
23130
16139
36287
34454
58442
84336
40574
39385
41760
87940
5020
60925
2804
14540
82349
72766
10167
69116
49102
39179
6556
30520
53694
12775
38169
10683
6751
71392
41903
75180
67320
66483
80890
86826
43454
74304
15043
53919
81185
12604
3102
60227
8646
9625
30042
16907
24012
86109
14598
29396
52602
89294
42319
24781
36894
86687
39967
5932
8399
80046
28528
76407
36426
78082
43501
1777
66935
79001
9043
31193
81651
83536
69798
7860
56492
58379
55174
87725
58512
73311
53159
54875
35571
72065
69031
63143
34522
1277
39160
47116
1063
85441
83884
67589
28174
64683
75756
412
14037
13300
43829
18616
23863
37099
89486
37637
39857
57781
29618
32220
57652
41778
6709
35660
63452
37869
53888
53143
67406
6108
78398
50009
73361
36387
79884
6574
31917
23468
68642
19721
9090
65549
46885
68075
14175
81464
2574
71876
43681
84686
14541
74215
75319
63671
70596
66193
47741
43054
57430
18780
27940
159
20733
40150
70261
10646
79829
6895
41543
81533
6862
12643
74733
83882
43546
87641
14840
962
48974
9075
35474
67629
60900
54770
62182
2356
28069
33050
37530
51742
19711
27437
42028
53070
39994
89177
9859
69960
87005
61834
9204
31338
13435
38579
62244
8191
53884
27715
58467
27004
33404
22463
27452
71284
77048
42197
38247
84023
80895
75823
28175
83455
63309
41625
8373
41344
67597
8110
72623
61354
38937
75383
29303
84309
62788
46047
20243
32866
58895
49770
15460
54619
2267
54286
66109
10185
18260
53320
70935
37346
22289
2840
2695
60582
58020
82347
37507
18620
10885
17217
34764
84316
65895
49424
31589
88785
66015
49590
51226
19420
67190
12948
49915
44453
25584
80701
60025
54025
15964
37741
59569
72501
15975
61994
345
54656
51310
74548
48162
40420
15227
29270
46987
44889
74978
16895
2101
76636
49858
12979
55685
80803
11411
24404
50620
47733
5088
79410
5228
44252
82766
28921
9590
42720
26991
38742
75139
79156
61130
77178
34051
16805
53894
2296
55475
32021
34024
77965
71095
10206
86670
42038
36673
36243
47704
87564
24416
58618
4099
90362
61465
87337
56651
66469
35874
30922
24831
27864
75681
44943
30100
21868
49778
33221
19557
76515
74918
18686
10747
73879
7687
25721
37716
62673
32214
19815
67996
5911
19234
66609
84293
29840
1932
31765
36727
86064
55538
74262
36297
46706
57540
44701
62178
31465
40846
42761
17696
65400
5622
54644
4564
46204
61340
84789
49780
20401
36437
19278
90501
22627
77985
32643
66409
18388
82794
50667
5832
37203
79616
50838
86770
59830
43493
74679
57241
13603
57531
64689
2137
68673
56048
27465
25080
32059
89167
17045
41103
70523
32596
23966
88823
42551
86150
13958
66117
18810
85118
34868
3561
27485
83528
80915
75859
10326
44813
47548
71511
26623
36752
84446
25678
51533
14026
77491
31217
84896
335
54686
40659
21250
64144
74411
65183
56019
30139
80223
64609
56831
84666
85252
63537
75863
33995
48802
59905
14096
2417
53908
28695
16563
42279
1541
67428
17798
70770
15103
21519
7180
22770
63034
47468
70859
16172
38727
81598
3782
21491
37999
27098
87765
9408
6695
25387
42455
84562
83511
5211
83847
42969
27919
21808
78282
39846
26362
50606
10677
82444
53284
63944
42636
81406
30102
59539
10444
39062
62997
70861
776
70653
46365
25445
26725
83916
32128
40529
55975
4608
53891
6571
54067
23040
19965
68768
24556
71015
7060
76471
17901
57941
63713
66760
69632
85866
23767
1533
18757
83313
18417
3445
1720
28210
80007
24316
38233
29514
52154
15826
55244
72817
3840
30552
35522
60779
82902
86133
20245
45658
36708
84059
41225
34458
54379
51654
23882
52065
14367
9327
68882
31443
87439
22076
53127
47478
24526
57835
72761
33696
78389
13964
72507
52862
75959
30525
90490
76634
35583
47024
76707
2532
48954
59477
53109
87922
36307
24542
59496
63885
5393
87754
55733
82035
32642
40153
43356
90025
82763
47085
55136
39974
23780
82350
71692
57947
29698
10440
50559
22646
73280
47319
71324
85753
32794
28650
31582
52334
73534
81429
76697
2188
70328
20623
46389
46246
54143
54512
80142
4989
34088
893
32144
36085
42457
59082
47382
2508
48615
51156
10320
64129
14483
35248
72902
86704
13137
81903
18425
85287
18248
75432
60623
14722
56371
64352
64525
423
7722
86699
33515
36290
62725
86083
3837
67173
80343
76446
49069
7191
84886
80367
19403
30612
73185
86470
948
16553
317
39060
86894
72421
74448
59268
40174
83169
58697
54142
74380
495
9319
37187
1928
90201
87399
63494
48589
55886
2463
64686
11255
22755
45751
34319
33441
42226
63303
75418
52941
17670
46963
84934
63624
64728
35804
1365
48927
24567
83651
44903
74603
86789
56791
45818
71721
29307
27138
57417
74982
56650
50390
44449
18728
76499
23907
86261
70431
80018
33974
47127
26944
37236
40445
12154
38687
45246
58451
7079
31674
3518
37719
90323
89427
77993
2836
38485
79429
39128
7293
74408
11511
80054
81599
22554
36349
29406
7261
1346
65441
4031
75856
2044
28269
45179
10616
30325
33386
31708
74432
70063
31449
23032
17058
86942
55210
84073
66856
14723
32575
6378
5380
29294
19707
51364
72483
30099
69168
69351
44380
55503
48610
18045
69436
28602
44341
82189
36167
26692
46942
61326
33076
84945
89746
80187
47485
59847
55064
53302
50488
30972
17079
82077
28388
71650
69593
37812
6533
52972
18137
76048
65888
74508
19413
47585
62559
53281
41340
5351
7170
61570
82165
76372
17672
5796
61301
70509
3087
80179
4426
11414
11631
23902
20417
81081
65479
24572
77542
37717
36489
24237
69024
85484
54396
59479
27725
83314
80949
13897
37508
10883
38719
32102
44775
88080
74483
13304
47935
71500
70142
17772
76395
48079
49890
20004
52633
44986
14021
15669
69477
87021
22924
50079
2098
24472
66238
13667
8816
79509
54433
68218
87600
89714
56634
76750
89965
80144
34671
17000
4954
57078
70785
20510
87389
82788
11939
19449
56038
86264
61510
59132
74331
72514
33141
3434
38508
38478
4041
34814
25612
15342
11137
36524
29937
68678
3153
7996
45625
86167
36093
1803
35418
49361
63131
53676
1751
9243
65588
69037
22692
15541
70607
35355
17985
42001
81080
43741
70472
54760
3546
20217
60338
22667
4983
2520
82665
11289
4433
47286
16814
44999
81133
5880
17990
21455
27685
6520
25610
52460
22798
49783
36472
67535
70771
29675
67240
79022
55459
83055
24353
63918
9966
54492
47257
66296
17225
42964
85641
42890
7610
11761
69670
72653
16430
30907
28970
76917
57711
51739
38697
44060
64895
21625
20875
23063
611
448
36887
87366
53925
88459
66473
2437
55364
22964
38153
17342
83394
37856
61829
38659
72523
26534
29357
32492
14443
3475
10408
54384
14154
42915
44258
1984
1273
72718
85014
28063
16082
14826
84758
63592
84308
34700
7382
25162
65948
82692
57692
37092
78343
78254
63586
35271
56465
76457
66984
48335
39531
44048
63100
53784
86080
60513
9
37162
36759
54833
37247
70626
33511
2374
83541
8167
2071
82696
43119
25783
61847
1172
20433
61972
39635
28593
23234
40899
54462
17054
81981
24343
63469
24640
7447
52465
41070
60268
10323
78519
81498
52582
28500
44555
59030
45703
51366
55187
54291
62771
85870
35802
31218
67354
53031
26705
5953
44703
56370
55449
32213
42662
32175
17609
71058
45195
21501
74638
23772
10195
59873
61588
69367
12271
28129
23752
12497
71232
59273
78685
74885
41219
83815
39951
65374
47336
37627
15109
83120
480
69991
12322
49243
30201
31024
86104
35182
70393
30950
23396
45087
27740
13722
26036
10191
10328
85523
73610
34645
5453
20700
9916
53981
35281
77383
84923
48466
86574
21511
9695
18513
24594
41504
13976
73448
48557
61958
1282
71683
17942
22750
40283
49032
43508
55567
85727
32701
81476
79245
86184
10777
41724
62221
73393
67291
13806
31182
14012
63364
46363
85326
68429
48932
25683
4410
52139
48251
29977
31851
48020
7732
42924
78197
89239
28745
60000
54705
7364
69640
79190
55028
42617
88273
31056
83144
57699
59011
75623
28722
47699
66499
5731
71176
18010
65528
74272
21781
62515
83609
88864
69596
35367
38722
23449
66161
17220
57124
48041
52043
53822
16444
49050
59738
21072
18197
15200
37486
41342
54782
17394
50091
78478
37149
43771
59886
68264
53366
72350
13815
46761
22940
79441
42076
54299
60726
18232
67264
55110
28421
81083
79991
73537
14982
23721
48185
11997
38046
52096
22872
70179
64291
77373
31167
55638
75459
89358
43807
405
53089
40457
51729
41806
51262
79855
45225
1403
31274
60649
79767
11369
87203
21278
71105
37170
84400
31501
80081
55365
64463
61163
21119
81518
82320
90471
21623
77922
53609
70364
84774
23628
44525
7654
82828
84989
5371
40180
50213
10426
76163
80381
68403
2768
66415
65615
84556
17714
58473
9044
7543
71658
87556
80633
82890
7473
89291
74605
47986
71884
14287
40715
18496
4980
77977
50583
59525
27803
48521
34068
67332
76815
83449
85831
69752
59690
38270
36105
40309
90728
71760
24938
20746
1034
50121
2557
19613
19325
40886
39851
75368
36955
3966
818
26260
53359
58194
87378
22232
15315
17417
72834
58703
82493
15042
74879
22161
61131
78211
43891
60601
9125
11339
36680
6246
75493
38915
28733
27656
75972
47462
59210
14560
74029
18864
76221
32928
50150
25982
9883
36125
22594
56928
5688
81009
65822
62252
55714
84599
10500
79805
37111
56750
87588
45928
7791
26034
22999
20588
2294
32601
20612
37437
26763
88806
15044
13775
28250
15570
56180
74221
14653
62223
55666
76238
46123
63966
5341
5617
82845
61708
76140
73083
55065
78977
37079
27590
3979
33291
15036
37700
52838
54045
47841
70661
51779
59134
4074
80987
12576
31556
76687
4644
3410
72330
69982
54682
20032
47220
49302
15515
68144
6512
10704
21290
32170
68363
74288
84072
36016
18442
5513
22326
41206
38827
19331
11550
12022
38452
38930
48265
72227
62981
41615
79295
80918
23504
86022
48843
50744
89459
66340
27868
85129
67309
84668
48450
68358
46238
65230
75797
64756
85781
1573
64698
80664
81883
72533
22313
81833
7219
48671
71286
46523
5010
55211
59684
33203
4349
81214
69170
19705
17275
24431
29214
61705
26616
3599
89518
79397
40802
86642
72011
75051
2277
66056
28028
12967
80712
17293
86016
89874
17622
36217
39559
8391
81570
64420
3183
36417
22340
29042
33541
11882
700
87334
42962
20693
84665
65770
86558
7994
63141
33854
24953
70344
45572
52671
14479
4959
51291
53772
12695
76622
29309
23950
39865
15708
5659
78852
55656
83613
58656
20619
10265
68865
40963
77327
44714
23047
75393
87070
85578
52133
61091
10020
24399
59020
40168
51290
78589
42967
65831
53468
36265
7252
31564
72858
43028
74704
19954
37596
33666
39947
77935
61271
21396
75805
24653
79085
40746
15393
76254
77033
5146
52451
23570
4398
39130
22116
17580
48106
30880
59651
24265
61901
53535
26029
25448
67537
811
72787
83947
4880
2942
18342
58690
57799
82985
8610
30050
1271
14358
20180
46492
43320
77440
61255
45595
13994
61585
70568
9123
21376
79311
56977
64960
50829
21879
8299
88976
38147
324
43606
37166
47782
77659
171
72251
1930
73690
44168
89635
64501
78919
23264
56478
22758
23411
57779
9921
2542
78500
24407
24442
83680
28281
38653
79506
2918
6560
83419
47095
72439
72938
80069
29451
23948
70786
13006
24060
68322
49952
11060
22315
19227
71338
66822
84004
60652
81612
80451
19770
79400
43069
72561
62119
23044
70630
22525
14844
7834
70679
80683
29682
48130
77151
140
30327
31560
23634
13422
59587
56410
50862
76220
71582
60531
48559
47911
51063
62638
36866
87013
56025
76656
15447
11714
51550
44776
16605
54754
86432
30092
36143
75282
78283
21587
2011
75851
36352
9794
63682
9957
31720
24725
37039
89237
45256
79171
59899
52744
74058
58946
65098
14114
61965
39808
73894
7402
88029
4571
11397
9580
6288
6589
44711
16144
78820
21756
50175
40293
33793
81232
3621
79115
69913
77950
78701
76061
88015
21077
1783
22882
13728
77846
41165
64149
73054
75216
13041
82612
61661
69549
68576
19356
59659
7087
50942
1987
33525
1713
10799
51010
46380
9581
58820
30695
62476
1899
61502
82223
24924
81044
70363
37494
37340
65123
21738
31619
22067
80839
60701
20317
12377
59135
38472
46091
57604
57301
5578
72958
12166
31889
58059
5417
7287
10119
27670
82217
60033
13086
34359
22539
73351
41596
53776
39939
81820
87728
9532
13828
44912
47222
43598
57589
27249
16380
9979
87764
85532
31742
51964
41906
80542
75504
10855
3602
2648
35005
26957
74296
70476
25936
38018
28391
54660
74972
52171
37469
3421
20846
39790
72476
9410
37333
57204
28452
65206
3969
5424
35960
39226
58849
60720
73446
65460
57266
16622
30902
84270
74802
69041
13811
43690
61528
89085
50106
40877
8119
79380
535
87808
24023
12488
45754
9053
25768
73413
48351
37482
11235
80289
47083
5963
25249
26790
73085
40145
73342
75400
22581
23722
23545
53379
86485
21473
42852
42901
28561
42842
50785
49710
58592
43167
19871
22843
75997
8220
76646
24927
21705
71613
27907
29210
74121
8937
4838
85038
19800
65998
30633
6009
49215
32351
53126
58310
81233
58959
61207
78016
86286
51419
65456
50849
86267
1453
11929
76318
40794
82834
47838
28917
23719
87372
14823
2934
23375
51077
37893
10211
7016
23770
72620
4197
67458
5512
12801
89087
11492
23593
42797
61999
33587
42521
12609
57364
10395
45617
44543
51266
2325
7343
27902
5825
52055
30562
30701
85322
25371
78033
50965
59877
43236
73946
36640
12876
6841
28272
24467
73408
19703
2442
16233
84472
56517
32571
27814
58269
60990
80830
86102
90550
30872
83517
22797
69084
29837
77765
29628
26954
88106
65896
74587
71990
19046
1336
71382
22913
10765
27112
31901
51349
73359
74938
74197
8582
61172
63557
28332
80400
39465
23982
76601
21646
2829
3465
81019
75402
23049
72744
28338
53623
52472
81069
85059
75373
37543
13966
71200
82356
26971
74899
72647
2269
73916
69858
32449
61438
69007
72981
56978
27650
85836
55183
51777
82776
79724
43206
86382
88193
31458
1703
79369
7788
70836
80826
14079
61022
54569
46690
31862
45289
68975
87004
61247
36423
41322
11636
68589
2800
87894
50078
29564
6675
56860
90178
52150
68824
305
28035
46684
56897
80951
48485
62591
47087
72352
34409
80484
50083
76326
80654
32658
82481
54900
56282
16481
21908
77376
45878
48733
44203
446
8134
6826
31880
79395
49322
35198
53475
51926
79621
42046
74722
83670
37007
67148
81700
59253
65825
62867
43978
40462
2899
69842
42294
82979
38229
64039
79574
90485
4113
15404
20202
33979
4226
67877
17821
74200
36944
8164
36395
71237
33105
18347
75530
32646
84860
25104
7515
43088
44930
17253
68393
48179
1545
25974
19768
73094
66250
12093
55981
57985
59898
83133
15017
5301
10396
83860
73538
16012
11359
41403
26254
2350
57454
33884
36403
14095
21569
68180
69319
62893
53977
60561
85751
19090
75175
86326
81661
9427
37798
43774
88831
25311
71205
84127
30714
15767
14812
76746
12489
62513
58212
62905
45558
19593
14268
4311
84479
24194
18486
87521
68771
44474
66307
20096
5844
24632
36
73872
27599
16092
225
53047
23211
34457
80796
40798
9708
20402
34627
20565
85017
22929
34098
84553
262
5858
73135
51021
24971
71375
51853
49680
36271
28597
57585
48241
84647
17307
59218
72721
54815
21449
5690
9081
57349
56954
4719
23609
61085
16485
40510
66784
63987
71088
87071
59520
26766
79535
29962
87784
28707
85769
73437
3200
64797
34381
20845
66805
76530
77651
21676
77347
8105
54083
23684
6343
57620
84916
80404
60861
13641
40480
62569
45872
27221
85810
7652
61978
84132
82757
70118
85093
4563
25230
27082
25489
69675
29527
46199
24269
62901
41059
56018
12011
80677
71202
44173
84382
37699
20187
21992
68662
34145
57122
75204
76949
17227
37402
7573
86378
21229
37899
65365
36048
30000
31562
67076
50743
78577
89619
15549
76754
60608
4058
44116
77641
37017
78502
69
84048
14880
87090
38543
88326
27910
61012
16136
84930
10380
21888
24806
27109
52240
46035
31844
49277
89489
18894
78837
80560
47920
340
53030
25648
39746
52478
4033
10791
25053
73007
7844
87400
21849
13246
32198
34377
26130
87177
51975
4267
53150
89544
44850
31235
21724
29835
3700
4549
33384
89130
54513
19064
35067
71794
49568
22372
31072
5704
25707
57791
62870
44289
58340
23467
50337
50386
15938
54739
18054
41712
27440
19468
25558
38927
32192
87809
65201
46022
72327
5891
20773
23922
82244
74834
66255
41275
75897
472
79228
32185
9485
77230
11180
38614
4510
68092
9275
50052
41154
66393
68208
60185
50707
9641
4483
35873
16579
76073
19567
27457
43082
71750
25282
32015
82486
56061
69265
73087
57582
20578
47944
36616
38219
46646
35128
16066
73139
48688
83897
89833
76199
56572
58866
73124
78181
14157
24500
33430
1449
17030
21373
62938
27443
21361
39668
35144
52269
27950
6087
78987
61168
55637
17915
72299
55569
80464
57584
30857
75763
47077
68470
53297
37143
55860
9008
47316
45275
65341
23766
16794
77656
35531
17050
72540
87566
37240
85145
42589
82427
43901
72002
60498
18600
65707
10685
27148
56119
48595
35136
24929
74470
88808
25621
29631
88399
330
12213
49560
11913
61677
39020
23590
7841
80207
66319
32234
27337
89575
26104
49311
25004
77546
6044
23699
55940
55761
1568
24561
8257
10761
39443
66085
77808
36150
19068
71010
85851
19811
53130
53647
33743
80708
62804
72922
1536
40019
10140
49803
22869
39167
78662
15903
14059
60284
65845
56488
90300
74559
4244
74145
39283
29804
45329
35122
53038
57959
55795
52484
36413
87026
33352
38607
74875
44651
4331
67153
38432
7829
21029
4019
23339
39819
42152
42793
78572
45488
25373
20936
45185
27131
20324
25611
27921
626
54435
53407
60493
513
17439
67724
23786
58650
29332
6945
50040
20278
31198
85
15894
83458
59573
77862
67199
42841
36086
67402
31427
21143
35140
76733
16463
63457
66542
23369
3880
444
67659
1540
6794
11262
83933
49521
55312
1539
50986
30833
83173
17029
47929
36303
43989
44398
32901
3974
14582
15651
78049
89578
1781
55328
37014
52711
81305
60312
25360
25986
2543
59204
61420
14957
62249
47539
70436
90309
36517
48402
2706
37024
27924
81129
42562
18649
31861
77073
38480
60466
82045
4652
29796
26649
23912
3891
10469
65113
55314
37248
39896
48894
55621
35447
81701
47916
50252
41802
39651
36216
12150
459
4443
45375
6865
65193
85774
61880
32753
21730
46568
19645
85922
75991
9772
37463
7851
4764
51690
67456
35129
40950
46051
16663
26688
79908
42571
58694
32784
51455
537
8361
33569
15396
65294
77508
48099
38133
16204
9163
56616
88859
9235
54230
3163
19537
53724
30727
14296
74534
67552
31265
23551
11391
31858
76517
38794
67670
10096
26832
526
35958
66791
18447
44624
58888
56698
88879
21265
66771
63446
28214
25049
14158
76925
9529
83746
30647
67857
23420
16836
1641
3722
67911
37517
53052
67340
31425
14386
13972
45944
12405
25452
61738
43969
47586
39036
76842
64961
61224
76165
3690
20253
27546
12183
43290
27690
75441
35550
20710
28505
49496
62742
23489
72334
74088
49090
44766
83769
39932
38707
15623
86032
57977
83433
26587
47566
16714
14239
82604
40795
38783
70499
60609
12167
45540
68390
46443
6389
62860
29179
66919
68973
5921
71285
26543
11763
30903
71628
19097
50410
27627
18852
47850
2189
6277
35412
33087
14272
28374
65278
79086
59260
19044
40536
19950
61205
16152
53000
37180
89346
698
10052
13721
71190
10021
34209
31991
83123
25000
7938
61308
56675
9567
50478
58314
216
53142
42861
26059
19231
12480
38471
49757
62351
57727
56244
51104
53433
74821
35169
86520
21186
76493
68806
69586
9015
143
38137
10339
14542
75355
85536
47966
10716
77930
64438
17124
84206
38001
61715
48818
12337
14691
18386
60398
32014
51882
27536
12542
11177
24651
42800
63898
24853
64917
2671
41786
85331
75480
42224
29911
43796
5800
63076
27091
52825
29472
67971
48074
62797
89154
73968
14862
24811
18223
49685
53657
26929
64180
76070
13309
2245
46282
68339
56916
60332
81615
84750
90265
72898
54544
62580
55890
4595
68933
21693
25833
34644
17226
14224
75575
83782
9431
61500
63437
48360
34234
44676
26800
61430
2369
38852
2009
17867
57962
295
87826
82854
12174
76134
82079
19358
16255
68296
74937
60862
28882
68214
67172
22961
30787
61599
77534
67278
21134
65402
1189
66104
86968
10301
4256
29657
16626
34873
32058
84397
57264
47573
63938
43034
59113
87248
19023
69382
941
62069
85988
43615
62064
60002
40742
84907
76820
72192
53313
49265
76228
1119
22418
72986
47147
21213
85341
5675
51852
80440
82215
36420
66957
16582
53643
6238
28393
77449
51391
59472
47976
77673
69537
62473
86081
53107
46441
61020
5115
81622
82583
71770
10708
83187
45684
18156
68382
68152
68997
69386
75753
81703
84342
19106
25805
8676
20262
13753
22559
23584
3213
59118
21677
33055
86319
16658
49704
55079
11554
44166
66061
62811
84122
77521
10404
19763
30395
36709
70416
68374
41809
83829
40633
52198
84253
14759
52736
35361
63720
38619
1073
29366
24273
59928
28531
7357
58238
87712
3275
8844
11011
33981
70876
46348
75785
63697
8465
69585
82107
62813
47001
81251
67789
53388
82930
87810
11552
12289
12046
1970
17662
65683
59959
67555
81699
35741
43751
6230
45547
82113
7743
86469
16785
64271
25176
79302
21741
4552
54117
18412
55837
14270
60840
61120
82765
30303
62185
19120
29095
32159
31552
58214
13065
89284
17548
15610
45735
40937
36141
38889
62343
46982
59236
74337
49188
63265
88840
58796
6629
47908
69762
65078
37332
42415
5581
7373
72513
17268
16448
47872
74129
63042
42529
76336
48465
50420
24333
11185
64426
72068
80395
27943
29869
721
52387
72240
84962
82232
49151
65014
28569
37683
40482
35396
39667
66022
86176
82039
64446
23675
24082
30816
84738
49443
54402
67416
36091
3107
41479
73249
56832
32263
68989
41168
45408
18902
46499
78117
62272
10368
58961
85989
21923
129
49987
34175
20802
22600
35767
4706
58933
39094
26832
71264
20171
45684
42886
21193
12763
23685
30994
83816
52084
45297
9745
38272
289
45469
32086
32599
84714
66838
42167
46282
46437
48972
21864
47623
90642
72011
16009
70193
32617
60843
81699
2583
10459
5427
54506
30530
59337
73398
87570
77645
27852
35274
47809
65671
6289
46423
26913
13785
51092
47828
29104
60835
4714
19274
85998
39858
25114
47313
64319
84905
51206
51193
65289
25784
49649
65134
49335
6280
86038
30542
18309
49489
50273
373
65658
42948
2853
26054
66532
24257
67418
41897
23684
89561
86917
68992
61747
20986
69909
79915
61978
61715
16230
43563
53085
59899
68086
56822
80057
61267
49452
59254
8357
1766
58101
50000
22943
65830
807
9254
11477
68627
10655
87704
4227
53241
80428
79768
68831
59374
30448
7525
3570
71137
67714
71017
40467
32755
81141
59321
87558
59401
11166
64003
55393
49852
84391
31264
85702
38025
48006
58622
28407
41710
68657
20766
65696
