88085
65891
6129
53086
65950
2168
89339
57041
26820
29885
94106
79127
3827
51208
83861
38418
91829
12837
737
45684
68933
98370
9164
86457
76606
93796
21904
45078
10536
70169
12170
69332
69038
66459
18820
74272
48212
40516
49809
17804
29159
16985
69592
81996
18610
86475
3912
748
21474
34382
32326
17454
91671
36587
91466
64666
20091
13472
55538
98023
66507
17743
46635
56794
81690
14818
35002
7410
59492
18505
94920
44263
30614
89040
4610
51952
42350
15239
86918
52101
93097
82839
39511
88082
93595
38745
30009
11366
71347
57016
26996
76760
84065
43256
11965
42008
97324
11518
29990
87838
49875
95809
62549
50025
81274
58756
36276
20592
96291
28888
62959
80100
47072
68671
89634
78094
85186
8309
91851
1839
12684
22912
16131
61541
50739
95233
46214
23962
64084
60411
71623
16796
60537
63734
73475
53198
97832
75431
30745
70020
21831
28521
50222
12249
4192
73321
85598
26983
48998
16004
68327
97751
26545
66350
67621
20660
80881
16104
35520
8866
4740
73325
36281
13102
62855
20415
46505
92447
13011
75028
82243
17205
47789
60831
75552
74611
22488
50453
2410
21070
30435
20844
93967
93178
69507
26462
54340
36681
16138
27092
26010
44890
71277
57793
89886
57537
67072
11415
83452
69898
22884
11082
9928
25151
12228
52564
79316
55441
45109
21939
36361
16850
27542
65622
3620
13663
80370
45141
35540
84477
11225
60040
93382
9829
30427
2362
67855
5549
54102
45916
49316
69845
18730
57771
41166
82533
34401
40247
24661
8301
62508
14679
19056
76643
51802
19160
470
74368
41785
46151
94203
10320
47641
22753
28659
96533
28324
39747
17521
71342
71806
48382
26492
13981
78122
31786
18180
49089
57079
22885
45214
75918
45117
86505
31498
21581
58987
41479
40967
24801
82574
36225
80236
13193
36606
18881
42396
69661
65668
15095
79024
32894
25502
15830
18692
803
1735
45615
16411
35722
76196
35314
95994
51816
44275
94629
85187
85396
26344
6786
70460
33466
93411
11349
40834
70849
69649
61179
25404
53502
39635
12743
74810
29724
85100
17195
41949
38485
37734
80015
24815
6401
65926
67073
58238
82889
73815
62277
65780
23049
83269
12656
9716
8875
93763
53893
92446
44973
38171
79909
88662
13755
34783
11529
95231
36608
94635
20441
64839
23214
67229
85108
11563
22085
86571
8163
14332
6627
22048
57465
69567
29324
41697
82246
59298
34299
50086
53733
52123
63769
5467
87340
44119
37753
90242
20865
75883
60118
39611
36065
3066
73023
86073
16713
92515
43638
74274
26963
7348
47625
33210
91895
98276
63910
69188
55368
15611
43955
72609
49466
80081
53630
38154
49242
4152
6323
19303
40239
71184
6068
4175
28586
22520
29719
90597
7219
13166
7602
24007
84557
70305
45459
93736
39073
22371
52384
47806
16591
37703
80536
51063
60661
873
55568
39099
31902
3666
6390
17773
64075
14030
70916
3451
85879
27641
68906
23589
799
96630
82620
57590
53045
26894
97137
75548
2144
50825
23276
48473
58856
89980
62743
42347
65279
25276
22893
4704
5439
21328
98013
32619
26089
46805
81539
11738
78997
95300
58465
10530
15967
7697
17894
39647
47784
89022
10315
12646
51836
50071
73118
72253
80895
56633
27224
72170
47730
58788
95166
54470
24151
23460
6421
18285
54651
60725
34068
8579
80564
36837
34757
44885
21699
63583
39336
58440
51392
46203
31000
73656
67083
52659
79785
72721
6033
87977
27337
4138
47096
98950
73604
11810
89101
45041
88563
76904
73830
16332
62154
38030
36416
24005
6546
81011
55036
47516
20083
14286
17164
20926
93121
22490
40646
62722
98537
10738
66448
422
57608
13287
61824
43797
57626
46098
3614
45776
87598
40530
14339
13576
2534
90015
79682
47778
42022
24716
94274
69155
44002
30383
79918
59305
34886
489
8322
30185
93353
59691
97491
94710
38987
14739
41619
75302
31150
78103
7383
32300
94678
63689
30678
72242
35853
36848
56933
13437
17507
6194
43663
91857
61141
20060
86980
73713
28670
39121
28274
2633
69105
86016
50963
18750
78440
35256
4513
35804
20122
12455
65925
97179
37039
41540
70578
98027
66325
96811
72818
94122
50112
24680
63590
75355
97071
13723
35527
66451
17727
14496
26255
58482
7303
91325
20770
18301
43562
60962
30888
82476
74354
37402
91113
2808
44669
57749
65409
15662
59073
25640
90727
77780
14731
39704
91624
10182
40104
18498
6573
65648
82904
31971
33367
43279
45579
12598
69304
32075
63388
26511
87432
4285
9015
70536
90997
30951
17094
41794
64670
80275
89413
38364
69825
23495
25896
2329
34596
46910
82042
71985
94870
26068
52869
69134
75430
86198
86967
57443
79703
94649
27034
86812
34070
57056
46683
92509
82171
14389
37378
59381
46334
45697
81868
72095
28409
94396
80314
5747
91761
448
68312
44703
18156
95018
51789
65344
61314
23813
9727
19283
24566
79571
47988
92555
56494
66314
26811
62219
7035
90557
9800
6331
60948
29404
8935
89540
57760
62435
7895
85287
62349
48278
490
64464
46429
48697
12665
32399
84882
28258
30397
12621
11830
64295
38210
34130
31475
37361
20372
4770
50074
72008
48973
80725
59293
74222
97295
3603
32344
38087
33695
61743
66342
11539
93809
8526
17931
88522
93761
76952
80858
64733
17619
24016
72362
59466
53488
85903
10295
94182
93764
1500
26888
3929
86375
53588
66659
63312
16249
81461
9371
92813
31094
80410
53076
12998
74968
66033
96340
16301
57174
49802
92874
86575
72952
64246
98010
91528
7610
85072
45472
82599
17285
85350
61937
34649
36063
89264
98455
16700
18973
23935
54019
79222
19106
90238
53340
55658
5514
97423
59368
76147
47998
32377
75823
38849
67598
63040
39175
64646
46149
8677
60975
46407
36470
9686
80206
18558
19442
34437
85092
39229
31967
50248
9343
98873
77217
35467
5546
65323
19936
49555
76233
53947
78385
82555
88325
73115
9382
41405
5262
71066
45712
45054
90123
43607
86082
70875
50042
249
35376
53366
58380
73220
75833
47231
90530
57732
28044
90711
7194
26563
12500
74745
78919
9532
96393
429
75488
76372
29550
7784
14979
40729
52524
36325
53394
29841
59869
29417
77294
69599
26320
55261
20371
4141
4492
74628
18573
99250
93429
15075
18903
34354
39912
32760
66366
50870
62317
89081
12040
84382
63851
42555
66766
95815
16028
20496
41021
37715
29603
62290
17625
57931
54475
19458
69307
74098
5996
30660
45992
59244
81798
69100
5239
35274
9925
54234
64329
17131
1420
82580
25326
77145
72320
11956
78487
18986
45658
51488
69841
33420
66739
41673
43040
57019
56032
25325
81959
12947
93522
81759
53063
16684
61855
59771
30267
92761
51754
40101
12308
63872
11666
89952
32242
81989
41698
49175
80248
33046
90210
22431
44657
20131
48359
39718
222
97403
22741
92592
56518
30026
81181
2639
47719
15414
44390
58181
85778
16198
77327
13326
37998
27634
39987
18877
15037
56540
16256
64364
11728
41788
49145
1750
17832
68515
47023
16334
66252
63623
74949
63964
7375
57999
2065
13492
77921
79423
30733
4971
52478
19696
16981
75859
85353
31282
82902
25692
52633
72351
70516
45703
769
52775
59314
29255
75940
39913
14955
38164
63848
6898
50535
27315
86607
57398
33165
7626
37114
2535
5269
17203
71559
93268
59723
60708
47008
58957
28285
51544
14675
41767
93519
243
53418
93746
34417
45037
71198
98034
50129
69252
10523
81799
54063
70364
36318
27795
42721
34890
61237
35461
1126
61249
95703
23241
11640
94884
83753
90663
43556
95750
25073
57368
42417
48297
53356
18008
78
13825
61202
33574
91375
28
95998
15567
81506
19924
53835
12091
43720
44323
80462
8770
32211
33144
23682
14103
32523
69415
6720
6693
50141
49373
86678
62762
56250
92398
97746
55703
60366
63131
33619
9082
75284
47130
69781
42563
95823
34105
19143
87754
32957
41940
20438
53048
88903
90982
80878
7644
37841
12158
5132
24479
6095
11208
41713
86933
8215
3733
88717
62027
86858
64478
43268
33317
43451
97994
26946
56580
25776
78442
33769
11132
44239
1777
93958
45379
72326
64590
70954
65670
66964
59084
48675
98917
22162
87350
61523
33810
45629
86325
9056
86343
85850
12623
44995
10574
22149
28856
74219
83277
77562
23987
90003
86148
93280
8455
27153
95069
67345
82670
25328
40776
40072
19209
78277
30788
29756
13648
40078
46987
26868
22001
9010
25282
753
26592
13501
11059
44203
90747
81457
6226
41083
19433
4666
88162
20127
75695
42650
77852
70665
20722
2732
64180
22997
20251
98274
23605
90733
70925
67748
33100
20253
18286
94242
34020
18491
7736
59382
26970
33662
56382
83085
48083
33033
27954
51011
65735
19017
17331
71197
51099
22271
15290
76828
13091
42017
72646
10427
57238
85239
80856
24772
39142
14201
57356
11608
53946
41443
34281
72040
52034
6731
90294
64383
68538
4302
52280
71454
22340
80607
26701
83946
97607
17961
52780
17871
67258
10495
2743
63844
51964
91686
226
91535
56060
39353
49560
35460
33284
91387
94900
23296
39853
25962
67420
62598
4541
26358
92689
38371
73959
78863
40580
87542
91480
24142
14163
33944
72213
14532
7259
93611
24202
42655
22604
48624
62815
39786
69097
72017
53379
7227
82053
32667
50435
17426
17993
39955
27181
94990
13449
40924
72601
32729
65034
45723
16265
87135
36423
91175
57087
73522
66920
99309
51893
87918
73010
13027
75637
46319
68086
80231
78272
56842
90712
59174
27332
95302
51307
47812
23830
60086
69800
87780
82677
42147
79624
51489
5828
21703
70880
71663
67267
9846
86105
18702
23035
20712
20061
5448
26543
48009
64287
95337
41979
8640
72961
18856
50421
19942
30176
14290
49669
38840
67537
38512
83987
80711
95009
95775
22073
46317
71630
88962
29047
30777
74827
52436
1220
93677
56545
90674
44360
83189
7865
40474
33625
11508
36157
60960
95355
8024
45487
4533
27439
32312
59643
81568
24286
47148
20920
8907
82674
67742
11934
63740
56693
6528
30566
32942
15103
46318
7256
33964
56266
51515
93276
36178
87109
23948
18593
43236
17874
25189
23415
95748
20694
77525
56214
3071
28821
10248
64761
57408
78852
65905
24586
76899
32960
78491
84144
62178
61344
33364
90650
61545
22814
14766
53314
54613
53029
25077
42491
56640
17061
64587
68196
35221
21416
63827
38053
61279
32476
19682
42919
55537
27556
15335
72049
63062
93762
8061
36534
37208
18435
11223
1545
5508
97214
87565
34898
24117
45528
22250
65516
23483
27045
13331
8352
31254
42642
83905
54465
80049
88141
70850
36105
51901
89992
52328
30732
49574
6174
52128
13430
72038
82835
34028
58123
59408
6620
85231
97135
24930
14399
97520
15941
97354
51753
80948
43491
18151
18576
33546
5630
80988
44406
14884
93789
412
57942
61422
80796
81556
19963
1831
58103
97067
81825
24233
73540
78564
14024
45836
69120
75877
37545
82858
77039
92757
40754
18000
65086
35550
51927
70148
5569
65032
73018
62361
92385
12272
67033
72911
18600
68178
16120
49826
6618
99303
54606
61887
55412
66220
31546
19206
37784
29250
13756
77865
8826
42064
45326
40184
56084
10358
8802
6952
51169
44609
96803
49648
71475
69835
28732
87787
91965
9304
94180
2348
59072
45200
10566
85746
87055
11624
29050
45344
91222
34803
83131
30541
94803
37722
59658
88041
27752
89857
38615
7203
32329
73042
46954
71035
27494
64211
82138
74715
55109
70842
62999
30563
36297
56859
44951
65536
9549
5170
31251
4451
44857
79733
13042
53476
39038
93150
5871
63307
87450
39705
70823
39995
25948
24820
62288
51821
1385
94863
94277
57776
2538
24335
58018
44010
6207
48800
17787
77499
94921
39234
89964
62344
45904
48011
96462
49489
40413
43332
80888
54035
41935
28104
68215
59291
25013
55058
38510
82253
48118
39279
96067
2248
98623
27925
55317
32461
58821
50245
78326
43574
7794
62575
80474
9894
12439
91864
21803
65039
2126
88001
51961
27290
86127
34250
85658
96038
770
19325
45201
24727
32128
13394
42083
29793
45739
1463
14461
36902
90010
53260
62746
69827
40885
88767
96870
31406
31224
20753
61764
34637
48924
58633
34652
82487
65339
8812
91293
86272
31275
42583
53773
10398
70860
18662
45260
71404
74529
44035
59551
69361
46541
50240
92248
8913
11136
14323
87411
62903
47930
45437
52622
63362
73234
84449
18067
49815
37394
86830
77919
79131
24638
78439
87315
41340
38694
13904
3236
73363
39335
15971
42570
11102
87152
76738
40522
41379
17797
64938
25820
51044
19856
21277
64984
65483
42504
17112
58703
55108
75360
67921
34025
51305
93999
44071
59153
60429
58366
47877
85954
38254
4747
22523
6468
14575
56582
88440
60788
34083
62415
20947
28084
44679
39258
73750
14203
29271
30845
15675
2412
54079
67111
74973
34490
73238
74729
86501
76612
48427
69735
11255
79882
38750
76278
64361
24980
62617
69193
23015
28376
45381
12733
19740
94569
8655
69271
20337
23287
75930
89946
78744
10077
96048
59239
66713
19076
98675
12007
5932
74598
68791
8704
87984
65119
33261
17965
81232
20673
18257
63431
47854
91500
17942
93367
9629
38133
57532
17313
85338
91843
26787
39624
96416
60624
85486
51401
610
63780
92256
57825
57037
425
46737
56619
8515
17450
13460
95370
19664
37987
86387
86372
19876
82257
68023
8592
75761
74243
46350
28161
2629
3644
9477
3010
37954
41814
68585
12183
26005
47670
29932
46539
39672
64321
806
88812
2434
82310
46180
20267
13524
4117
60029
91938
29827
63130
70395
96902
42410
66427
17597
19731
41784
27882
39815
51313
61061
32810
91917
16398
84319
53279
439
3257
81286
68440
69516
22321
77981
22945
83980
80864
78711
50030
47197
65079
3904
67784
74044
42247
55289
42259
6253
70611
44285
89677
56733
69008
81765
75862
10988
35053
40001
14503
1110
21264
95497
11877
55733
29487
96594
78793
3609
79457
20245
23474
14941
45662
63694
85437
23210
33288
71190
11278
19578
33622
55351
2286
99209
28317
13418
21082
28153
64878
84339
30420
72130
91632
77874
24786
79747
80528
95517
42146
37681
55677
75329
78456
62563
30754
73359
59859
72196
87175
1639
60748
61875
407
20752
91711
11173
53774
13817
4577
91794
86169
4462
30090
11135
31770
52663
54159
5966
97663
14580
11781
82968
7551
80051
17596
9966
99
67472
43199
65158
88481
72087
2905
22837
24161
31497
88503
91333
47044
78043
24812
53611
32335
94819
92280
48746
32928
72811
54537
92648
91987
22704
6015
89437
8390
41482
5749
51959
167
8023
26490
13653
5779
17864
50354
10379
89793
93213
13413
22949
72413
97695
5892
26604
79594
61519
38817
48017
51637
19714
72935
58938
75657
52943
53818
98610
62024
40634
25624
3813
1656
78196
150
14845
56968
20973
63403
92170
60799
15761
54026
95539
80124
27761
49520
85345
551
94330
8401
49655
3670
53093
86626
94321
61797
56829
3526
85940
24004
89807
98591
29915
55233
76674
79296
73104
74112
15512
22018
23753
70493
4187
82189
28637
58422
85371
5910
2913
85890
61559
97887
59155
49728
8192
87145
18807
15840
11530
34077
71674
13320
13926
25172
49847
52172
22019
56787
49743
71472
35154
78413
38528
69164
79471
67599
90329
44176
11314
44743
40514
95660
46074
63337
22665
57994
79053
42541
6611
27093
62852
75074
58249
53161
20050
49795
8269
32771
89154
42926
51097
16020
87943
83057
73599
86580
36799
22880
28072
57206
30497
50083
45843
23250
53085
40843
72346
57342
28668
65397
22024
30412
2751
85543
90847
69630
43072
68669
11967
56690
26276
37340
42657
83012
13105
64593
78761
16367
38177
50213
84535
29300
27179
18793
97213
17951
18520
28593
49199
97901
1016
15315
15788
62060
17303
32819
52958
73906
95730
5930
31451
60949
45775
77841
16292
65164
42925
88928
65064
75498
69326
54618
64368
27905
20477
26821
31519
1033
84839
16083
92132
42009
35014
47635
70684
24442
84985
95461
41139
42180
52448
75116
30341
12184
36783
74298
75269
31173
51983
3612
45416
2695
20342
76088
98211
41398
98365
66915
96224
24147
39567
17585
33915
3311
52285
42493
7939
95747
71174
10528
5799
54972
83575
73287
32896
47584
11842
85681
26197
36796
81518
10139
85355
4867
90480
17218
35811
309
47425
28154
16418
58063
5855
74138
67402
40355
41254
55031
87790
4387
8918
9048
8674
75679
71070
65120
57639
84845
67618
94397
75749
18511
886
6575
81081
56396
93998
66320
90009
81976
74064
22339
90305
48091
58357
20717
12782
26915
47897
27054
78378
11566
6139
23555
77820
30553
68493
85046
84305
32610
77434
33196
87737
70799
82007
54920
28086
77829
11900
79243
26082
79485
79348
81703
47498
26179
97992
46363
94415
14507
85695
17893
84240
63935
53494
89741
37327
75715
46892
14549
86270
84353
43733
12164
15814
2047
46450
29349
46394
15121
51286
91224
22292
24789
2424
92705
13809
44675
47047
8531
41102
84174
17010
31351
5390
76521
40607
79720
81234
80487
35729
68111
97547
94505
94568
57747
96008
93042
78337
20644
13741
98504
15961
47483
77465
11333
42316
37865
94402
23263
39650
51892
73554
92207
26960
14869
76639
17567
5879
74412
54151
17844
84784
83266
17950
42736
93841
68095
36198
60088
83891
32197
34444
73940
48970
84166
61483
16943
83011
31706
47122
61214
93701
7593
26952
39047
74309
18031
64896
89138
70628
26873
56680
60323
95970
28366
12097
54890
43550
79657
82002
66219
21102
45936
62661
13337
32796
82518
19394
74097
87042
34795
91703
14772
14791
12611
31685
68035
78672
2304
41424
33815
87390
64319
38739
64869
87718
10176
4211
77684
87457
6088
84849
83249
4431
77060
86116
11454
86656
74480
82909
11477
31358
51268
19487
12519
12801
5381
2466
37719
5351
95510
18013
3165
21779
50669
98368
97544
58227
69986
74792
40281
81667
78565
20873
15447
66670
48888
32686
78642
14127
45759
82846
5087
1946
67595
65680
65565
57226
69464
51972
51873
9934
24917
30952
23576
10916
24953
37487
8492
82966
31068
69574
5287
88787
4877
77672
42041
53302
96591
77246
39577
57998
87170
93060
90871
58742
66331
80200
28054
41971
52863
81566
15271
95796
36755
21922
62410
74619
79537
31996
69631
10137
88322
29372
60179
46812
80055
11340
31779
35880
47642
85270
29935
43462
65465
72561
31030
88677
89345
13680
87527
97244
72888
90688
77493
4771
40049
60354
81300
95223
10869
48708
84031
92378
89454
72084
3303
77373
48367
42389
31772
41156
35671
50947
47884
44423
42830
59737
4730
93488
32439
94477
26899
51833
62301
86022
73671
90725
94124
47969
95309
16324
63331
50507
69091
22131
37189
84990
85096
39517
40762
49144
23093
53353
80923
10258
91898
31972
77589
15553
55684
88399
71263
43209
87460
74824
77008
34088
22819
1036
87931
17484
27119
16087
3336
21439
27871
24243
25926
77954
47249
56330
11301
647
49918
78681
52554
99140
12278
61808
65973
38031
81400
89211
32913
57467
36897
11089
47620
48487
11114
36992
67813
76416
28591
89207
91664
2517
31364
95607
88281
58882
30917
15689
30628
53694
81784
25574
51062
46329
88072
3837
77766
22775
37467
92321
4488
7296
83941
78868
62917
2840
94810
95079
90100
48217
36302
16340
80481
98238
35768
59206
42111
49822
33909
75315
62628
25609
87046
30097
45902
39053
39754
20320
38305
17175
24423
24893
28212
33231
56954
21536
35457
56129
97941
9876
28091
26825
59622
74106
21347
67698
49496
50471
94793
18455
33437
30111
72760
32794
79510
8608
84452
19708
56329
40123
78980
86715
95226
5255
97033
1382
82273
53378
49707
97970
17650
87712
36494
13798
37153
17227
58173
65620
40301
16572
31024
48495
17846
41704
56091
13122
57085
40027
85526
28481
43555
2747
83717
96223
47965
84487
20952
70193
78002
27247
68563
6440
40258
10314
11379
88203
60544
36243
73964
14093
51008
66802
30890
27842
36542
32417
5062
40013
89637
29450
83979
18141
64577
17671
74802
93124
31657
37393
34176
64472
14796
61959
72907
69291
48802
74461
95211
62064
48220
23374
17885
33478
76319
79414
54981
87888
13235
78411
52713
70570
54173
14437
12835
17069
31470
95316
90920
13168
17166
87810
91961
67876
90948
55532
80003
46523
26771
18640
11359
93795
31867
75408
41878
40445
35115
58070
16528
58859
41356
67841
75743
36419
67486
84001
69439
80269
90605
38295
3799
31749
18863
78053
82756
57020
71770
9883
4289
27087
81152
17539
83822
48423
29337
24022
9980
36185
86124
34118
3217
95885
24944
47414
54693
92518
89596
3218
57322
91662
55517
94820
34461
67936
39116
29999
19814
33962
56100
24175
94622
18572
27251
5911
40670
75004
57152
51776
42791
41954
88608
71733
59537
73633
49385
6305
18456
57921
24993
56326
85051
54600
94905
52646
78581
86615
71915
41202
37202
88987
85425
82256
24582
40653
24355
18258
4069
24327
59556
42420
79786
14874
48147
88459
60431
48173
90465
62772
8598
648
54497
15713
85033
58763
45428
36066
13573
41058
48259
29568
30254
24287
39646
75997
39399
79381
33757
64209
32464
38984
81701
32739
75797
24125
58665
79804
43305
28877
62856
72435
71696
98911
51857
85920
34679
77989
29773
19153
4196
83016
2763
61872
21165
72527
92354
19409
68162
5475
5328
57564
31148
87895
98822
33077
80671
36508
92431
93596
95914
40654
3147
54057
95110
94736
33129
90181
5963
87934
59702
37663
54410
17826
65240
75440
4358
39419
51132
71781
23218
54519
45195
32418
93943
57845
93452
42802
72333
83457
77177
17781
24073
10857
54706
96905
89440
88093
51648
55775
16703
98477
54692
48723
16461
43484
88012
26510
43226
3838
24146
47166
6561
51125
22318
45264
39636
28026
97766
69346
43695
78209
36964
81095
15259
71808
30515
86608
73389
62399
12489
42397
29507
11011
91821
76624
68469
4466
67277
31105
21586
67034
31586
80484
2247
24040
4521
81441
73085
33220
21369
10156
5046
38457
60311
73337
5647
90069
72774
78111
45948
32339
73209
79819
35290
89758
62864
40026
47765
11524
9210
1944
71140
71580
72914
58702
64091
21350
62373
73668
65590
91658
26600
5490
63410
68475
25231
27789
79536
33563
61996
96712
11476
71625
17689
7621
16175
72045
51323
72608
84097
72967
60360
58156
17486
60625
45520
3948
40419
87892
93597
34674
87655
51602
8268
76699
70374
61773
22750
78249
18229
12484
76783
11054
68534
43722
28678
67735
23528
54407
78066
56987
96666
40038
40409
69942
94389
9710
13560
79936
87613
98312
93920
95715
46001
74581
88135
19996
35784
44034
43152
39884
59007
86741
55863
49481
97938
56392
10688
81656
65043
66129
35892
10670
83505
68285
2539
89712
42685
63132
48556
61427
5568
27600
30531
49201
11187
55370
926
39791
83088
35500
62643
82675
73753
13605
78547
55633
76127
38049
76406
45622
57566
47219
12727
40797
15135
87723
53218
89404
79357
40203
23990
93489
33057
82443
64115
51265
26397
40860
74519
84047
58076
45335
33888
13614
7167
46435
25123
49585
78255
5152
43523
57546
53329
18228
80624
28872
19648
50027
52645
22212
48519
15377
20817
90583
77109
63094
74965
89128
70242
52470
92754
36695
37856
47012
58350
41722
63631
25967
64096
66944
94287
65894
56064
52050
6193
16600
63811
25093
41391
57618
60647
95222
95038
63992
42892
32770
21649
80251
47169
90203
73578
83777
51522
17788
63901
69179
48403
69465
43356
77561
44251
97869
31183
19882
41848
60304
87272
43642
91194
8741
62189
18030
48164
58578
92045
55043
5621
77653
15045
83697
88019
85566
52952
63472
59743
50097
33337
53797
96862
65964
35498
63291
45620
80824
29436
45607
20614
60437
87311
76752
17924
83333
67198
42112
20516
5358
86954
28302
24170
69977
2351
66945
45225
65147
83794
65702
5642
98799
59768
56539
83308
10747
1599
11432
74313
90485
93643
16
91747
12192
21641
6108
2784
51453
52891
3175
8842
8049
92188
35925
17438
90860
86564
30592
11448
55906
52198
28916
11905
80755
47112
7909
30504
31575
62298
71736
5600
74094
61692
21977
56178
27880
62976
35564
57743
67600
94620
85286
79578
13161
55923
53188
71873
2792
67740
12847
62520
36940
71858
72887
16459
20584
61227
66256
17980
77301
8064
84640
96368
91419
97646
8381
57914
83620
89221
62180
6409
22433
73611
64625
37376
20388
41362
23308
11593
54539
49541
84906
46337
83975
9154
30235
62125
92206
68542
94324
54608
13691
97133
77416
48468
84515
82479
31477
56480
7439
80597
82397
25691
34029
23305
87843
47270
58560
84744
60216
48247
29779
10109
6833
59774
77692
69595
96628
81020
42128
78850
86291
28277
21802
89524
78259
27911
72565
65055
35070
43923
86474
49497
63576
98314
91792
21579
47427
36871
72189
90413
19656
73654
2452
66908
32202
69151
31264
91909
62386
73882
40404
64980
42188
65256
3808
38217
82666
20820
4594
43997
44555
36712
45981
73497
77720
38814
92888
9987
12386
74123
84314
77485
46905
9019
47286
81694
18060
34970
55179
59044
25293
38268
11156
41723
1112
29960
45490
20479
63616
4701
79301
32196
20410
58608
7964
88373
17555
10218
53416
46449
77947
84913
78140
19334
25319
18545
39026
12905
64993
18795
74811
72924
52970
84997
98639
38126
15595
91783
32299
87663
74183
57360
43014
85392
90452
38408
14612
15068
9060
26120
57251
89330
65228
81256
59028
38756
21777
98866
65885
14693
6974
87071
5394
18184
40744
67181
17351
10854
5823
75981
90863
93852
70136
26926
27784
40749
21769
88814
41306
91100
2208
9271
59510
64919
38275
70387
73864
6423
99241
88488
4059
44007
49832
9476
47206
84504
87606
3881
87475
15815
65785
19859
2796
7290
24383
81333
3329
13329
20948
95613
18699
86170
56165
40397
22413
30617
44908
91218
62666
32286
79461
26584
85894
50397
19621
61092
18588
54377
81704
8391
82706
96192
85035
53322
88907
75224
93769
55161
77386
57989
15155
88605
18659
54056
32983
77381
59830
64123
49544
58748
79751
93067
77861
43817
40487
85946
59091
12909
15270
21080
76909
64407
86657
14083
48701
4046
86568
71900
50433
70976
23964
22322
17102
66543
3419
11403
7757
73953
40180
24429
30743
96958
31372
17578
26254
22110
12541
56621
93426
52824
10347
66556
35642
26257
67641
74451
74511
81577
81949
8820
62200
28578
84884
1676
67024
58701
82143
24427
90638
24497
89491
48949
45592
50872
87329
51260
41826
54446
65104
98544
82342
81507
98777
66058
6822
15003
33776
86538
19732
66027
1472
20058
44371
34593
6651
79877
38077
3112
88585
95759
96076
47087
61754
1903
98667
34798
29142
83117
57219
16419
53357
13676
68645
84996
3892
50406
50029
4934
22114
75200
50591
84511
80287
97409
52103
30594
81968
90049
86050
88775
40278
74133
12079
27327
13703
86676
9594
76990
90134
29413
39660
84800
7745
21144
28901
43980
9151
76846
45526
91847
38768
64933
42683
34588
80000
65566
24991
64268
76158
28957
76331
34603
69024
7507
4224
81450
48848
89223
35189
17386
20350
14715
98082
88818
54247
81520
58036
68151
15081
48902
95738
91486
85373
28559
23754
88733
38868
1230
16626
81036
2811
94503
1182
21396
45322
41099
81233
39468
88919
23243
27466
94765
27710
52602
29106
98212
87909
10042
72463
72632
94052
46609
43265
34043
76929
49494
77787
50512
10041
82510
17557
80078
24298
41311
62138
93933
10906
3746
23312
28693
80157
65112
63022
94628
58695
98142
69017
9830
22380
94702
48381
4728
95013
94806
63404
63477
1662
6905
43339
77376
97117
85478
51778
29880
1336
18317
88646
15480
50138
70373
28980
85326
7861
15841
1018
39864
76702
20298
83147
42630
29227
25651
98021
85610
11753
56979
7478
1108
86764
248
23746
23865
49400
40402
7691
29470
46738
45914
43707
84695
59727
9243
74830
65244
24596
33907
78221
60556
83029
39091
37686
13005
11628
61536
20735
60860
846
55381
90184
35793
41036
83182
17631
77698
76841
33696
15168
45626
6348
49291
52656
56816
64358
40491
13966
59703
58402
51529
70365
30293
19573
42596
85321
46280
79923
53728
70813
91408
22742
93094
66489
74457
83455
99213
96819
30731
1364
6276
67368
92816
81776
8463
45161
3934
83309
3205
14310
59583
29118
26984
18957
49665
98875
1435
52316
24306
79710
61274
70540
2284
86733
43630
25777
32160
72797
12022
23507
54001
61926
1978
316
56818
56478
19482
28406
77231
41577
95051
18866
63593
46602
48870
49272
42684
15882
73938
3936
90931
92811
24099
55875
64913
86514
47549
80224
64064
75108
4509
13609
50407
83314
38265
68823
93219
15629
16942
54347
41636
9607
17372
50047
79054
75643
40875
77198
22080
22013
17817
13353
58410
19189
12769
71075
97870
25684
87376
36371
59632
17752
26703
10575
73255
29833
82539
79982
28976
46614
15548
29854
97934
81082
27696
42032
44250
78901
81992
95203
77119
6082
27281
39972
72711
79023
20243
4136
1734
61668
33177
9411
48073
92030
41187
43283
14591
81060
97368
94719
17461
70444
6315
23182
2831
77428
70728
17054
27347
37345
96999
57649
59867
34117
82468
27814
66666
13987
76948
60326
15981
10419
28075
35491
75297
88592
29761
27883
39014
12122
28504
83848
93476
62939
17191
33219
85496
63809
60829
58160
8697
13941
46937
79566
82621
95139
74945
47926
44838
56227
46369
78525
38798
5306
85071
59374
14330
37455
50522
83139
94816
46426
56595
72824
82958
81064
91947
62257
79497
10585
35971
85876
50703
39838
65042
43589
74836
43250
97811
59339
67323
49454
3806
18669
79515
86945
34421
30454
95807
70864
9221
31349
64468
47011
95911
83084
30102
67153
49668
60401
12523
22116
61008
62362
81646
71809
39532
81597
9791
80781
16966
927
55262
44150
72139
23694
5438
81880
93473
51180
94155
70786
15281
58064
87447
5282
93190
47020
52381
51975
65553
24719
72230
55092
71693
18023
79119
32654
51868
74476
18036
13142
72065
38604
84514
46786
50653
82566
9850
79672
66090
29073
5525
73909
71754
33898
53761
17876
90892
33536
13417
61531
10908
83834
67848
90870
37550
32304
33575
57411
46951
67655
33000
73353
31718
5773
39296
40992
40626
55611
83779
68050
36791
22904
80230
71601
9211
13263
729
83842
26615
54204
58644
44088
69960
40733
28516
38427
36853
76376
77097
77548
67239
79088
50943
1448
61449
14910
53141
33666
71088
95872
5164
45627
38929
34418
65870
71422
82655
413
20641
38861
56555
64401
82888
41325
6191
80447
23656
27927
47321
7631
16132
33297
65909
17441
85061
9746
88868
2282
28602
49770
72631
94802
80452
57045
47021
49988
70017
90173
52075
68496
49159
39618
95448
72181
78064
36866
21311
62056
34543
71341
849
15092
46387
78527
51556
16203
93159
26472
59040
61418
8700
9887
13528
32478
73317
20181
74086
93366
30842
33661
34182
65636
64494
18706
72128
2487
4168
86768
39342
34452
36132
25194
46989
51858
2799
5898
82071
40025
30708
36322
82891
35113
44258
41612
36502
36075
25300
31783
50399
73045
51781
87404
45975
74872
34688
87778
30568
82971
41227
52414
19619
41294
6216
86920
56280
65527
91767
53090
48571
30513
11027
13618
31634
51455
86047
71136
33628
28218
56926
20990
14239
98699
14571
71420
54015
59883
70648
6724
69775
2174
27748
26209
17316
49063
15049
38464
45786
96881
79619
17763
3914
12668
56941
17648
81038
48853
78695
11164
15851
6120
22800
58988
96211
11754
28023
53755
38336
43073
67799
51856
32088
67836
23928
53207
19981
23089
96520
82292
45984
95682
81591
97674
9529
94991
73012
1201
48523
58220
90578
48137
47138
5883
33050
40809
43309
91001
55426
90812
57209
81769
71166
23959
30180
2633
20291
13478
18380
96474
1357
93245
7938
89728
7825
33240
1553
87879
56846
91308
57075
5024
7857
23128
17088
42293
31833
40671
60722
6826
5998
63914
79484
8717
77762
59474
2484
34395
86377
55503
80534
74454
77668
24111
72078
90409
96038
56664
34258
21676
45604
83806
67628
60751
64011
95693
34502
3918
66034
21494
16468
2005
27779
15648
38707
36196
74753
47158
92588
14690
75133
29247
39621
86296
34751
89060
23634
55220
37724
15197
61664
64829
53759
41490
7926
7449
9065
90412
73259
42265
67861
65893
777
49490
42018
23626
79139
15284
