3085
52485
70849
38637
60002
40220
23067
12788
69255
2701
25126
12435
17961
16112
31131
86534
87847
46677
66501
18818
12998
10125
5817
12712
5261
105143
17025
3160
58024
82882
11876
91550
71515
58688
35390
4217
56399
10560
66307
80333
1783
59379
11792
5197
16552
26993
1015
37629
93986
103614
38278
93515
45501
20298
94378
60479
103040
63412
64004
98091
40743
86177
101450
43274
15671
95427
21325
52655
68575
9808
37642
78607
43766
21163
12869
42965
85915
41924
46163
13870
42806
99750
72928
81556
54451
93777
58026
92976
77007
27746
49194
94819
50425
86278
39173
94045
32774
30080
56465
11050
16742
100253
1260
29048
61613
27855
43999
104051
105415
48300
47866
37650
88543
43929
18631
54993
5410
76644
72278
33030
105322
47991
44717
41325
43330
32354
57427
77710
48158
68395
42113
99242
47631
36113
89138
69260
51330
35443
84598
38440
50958
31136
77701
51269
13889
46153
17303
98592
1601
61617
36261
72145
68686
11393
92910
66859
6928
56069
100575
70492
68441
81217
67712
85338
46381
83860
44053
59856
39964
68524
10001
78129
75898
32062
16206
18477
40298
48388
27432
77812
100484
42855
79117
80058
67864
47514
53974
85066
28198
18503
91598
34866
95598
31847
48090
74525
87072
41878
64146
67730
36552
9746
86336
55904
84739
63641
99845
6658
63183
35984
24607
17055
46370
73966
76775
98989
70888
29184
84970
24932
74820
72112
99061
53110
29138
33818
96901
50409
90294
62684
87031
53027
59719
66673
60817
57386
19460
67179
45697
23144
47715
102322
60348
77265
60311
89312
9137
44497
29397
88725
43082
98327
8851
2560
30636
98933
28311
90653
60401
103767
97056
37294
63926
70358
33971
107369
19995
70993
47739
28154
68980
93111
86113
19433
39962
31835
43743
23890
91419
24125
18183
95228
95774
71380
40451
60709
99621
14932
52168
89953
42401
71604
85239
90856
81114
55661
23674
5748
55840
22689
98960
31758
59151
91886
49233
42378
58619
50768
21670
85359
96625
16138
39377
80913
76226
22201
26199
94714
53479
14247
24778
68893
68432
15904
24490
60867
69067
67861
53661
13353
94215
95748
67862
25315
51718
5496
62539
63945
39294
55205
329
56412
52406
97464
76243
65556
41088
30698
97130
18551
14879
12774
87841
27731
78164
64888
10952
93498
39016
94633
57151
70035
60022
9022
94130
1617
73185
34433
51353
77486
48464
47143
63631
100492
13237
91619
11861
60702
76898
36979
57721
89169
5505
36666
56428
8339
56417
70709
65355
63171
41717
23721
36639
91192
86615
60036
38008
46598
63258
95175
80555
96114
12516
65877
33553
7096
82327
22766
98805
105578
52623
8014
80153
67072
70912
46369
45639
62227
55679
73750
41034
3898
21856
13520
25713
85292
90022
30524
11767
6706
40563
60495
49038
56162
97036
86467
25803
44443
67213
107390
106041
68708
64099
26805
26765
8523
39205
95886
84857
12784
101507
21954
41971
20742
34592
104379
421
37407
36909
60750
72893
48404
13498
102513
81584
2483
107370
64543
106845
75912
81153
96433
62470
19597
62936
154
83568
45575
83745
22053
14609
4529
19327
105046
57375
2224
30928
32279
90240
102592
374
71871
67589
90813
18690
50202
81390
98554
79407
47474
104450
93104
24045
87302
15887
37281
69982
82769
10646
30948
44119
80075
9902
9956
78884
83720
20052
8777
97114
30110
67162
89736
17347
56724
55336
34704
15895
105058
1325
34012
30470
14335
40803
100342
94887
79346
83341
74517
70057
44273
49374
25397
93669
59225
86067
25136
1169
80420
58713
64548
89156
76893
40005
16120
77405
34531
98656
93603
63085
90366
101080
24068
68621
48549
97778
53852
105378
77490
78057
98030
55003
29448
76235
29954
20696
79995
16179
5766
39638
9318
29544
73901
74286
17559
12961
21462
83824
14365
6177
15256
55135
78176
55287
105766
69552
38624
96344
53535
16476
4910
18230
44857
96307
7741
94499
52611
16463
61216
63038
94087
6882
44484
103885
79139
17911
28013
52734
39753
23364
6936
5727
23454
96697
94322
97469
20303
23800
60627
53519
89518
10399
17784
41740
410
34570
46411
17594
23956
59930
5385
35699
33402
8193
1136
54122
49053
74082
7687
65177
78667
35518
88278
102842
101447
77667
80787
16190
22727
34751
50965
105093
67679
32661
42138
73743
1009
95710
81861
74282
36268
17910
60175
46315
62512
90371
18235
98238
64362
95526
25784
102175
97867
93140
71269
15973
5260
39639
81815
100641
97790
39458
45690
36138
13427
67089
16286
87772
18289
93976
61280
59292
55786
57795
93032
79757
9328
86274
2359
20573
55645
91719
53270
55463
31148
33390
17793
13687
64334
85824
43631
38427
2006
39408
76597
24070
16631
31882
64970
48645
17999
33142
29
65785
71009
8212
105331
102744
66929
67107
66342
21910
14288
69762
18245
67793
101124
59163
14265
98514
72265
51286
98818
70929
74158
6203
92787
41470
99767
12432
70447
34758
104097
62013
28165
102981
34994
41326
95738
10923
46966
42304
11746
47112
102918
93522
83230
99436
46539
14168
98247
10756
40559
65183
78116
62582
8290
40649
66329
43212
49979
20321
43408
6098
96156
55551
25701
6668
60797
26745
3006
94264
102008
74777
31509
1180
98263
57043
97963
95984
9472
61994
64316
69837
67549
75107
86856
20957
103221
27819
86469
46215
75100
25287
7714
22768
88313
18996
65228
4124
20135
69148
7490
94624
8000
88529
63716
19392
84064
48553
17039
106206
4248
20732
88807
3304
16289
60967
15356
22989
9491
95646
98918
63734
59475
52403
54106
10605
64787
3895
93974
64148
70349
84430
38800
8605
47497
80653
72293
39292
99296
667
91353
62598
78495
616
71861
2720
16565
41120
10283
75332
55476
73855
62331
30458
28301
65144
81054
92819
24696
95422
69904
78677
55992
97783
34485
73521
46975
30996
37680
76233
3118
105684
48761
34541
90395
59637
59459
78759
18135
78562
73327
89288
30641
88856
5712
24795
92553
21517
86630
66827
87399
87346
35054
33794
47075
15817
3511
53689
25999
60597
48118
66642
67638
78613
28251
101372
42846
54655
85496
3691
6265
29693
81408
32414
29049
37716
34961
20510
51907
69166
5312
16457
51923
14154
65262
72629
26498
40105
14253
60906
80489
13736
95676
65536
90865
40434
17681
95448
29691
80708
6192
24248
28690
69429
77872
45810
26122
38217
96478
96215
74857
66313
99030
54671
11304
93349
46364
49272
17706
6618
32596
88372
38370
36754
87821
26527
21552
45587
58415
33547
11095
62469
29377
38770
62235
2856
103115
24542
3467
91817
78456
60099
39364
106774
81982
106515
50880
8552
66756
4858
98393
52048
20088
45001
61369
24086
101596
96405
56680
71947
65094
69324
51562
25271
89955
49651
45658
98618
38324
21252
100375
69959
73598
61142
52419
72231
73449
10246
104331
70982
67027
100668
29799
49640
5063
80807
71693
21399
5772
44307
60630
67474
92434
68081
28625
42385
1205
32973
13800
27896
51166
43559
106739
6338
21568
82050
4744
28862
21003
65222
8506
35506
50325
48689
37984
5588
75147
59383
6789
98841
22810
24688
96740
74874
100969
41643
35917
19423
7229
90277
7487
98075
34921
69646
70350
62648
25651
3333
49816
69395
70153
11732
76883
102671
38083
53342
584
6724
85320
25741
86877
96124
81468
5027
103457
83949
38863
78328
69882
70139
38308
82467
54077
82815
52731
88599
95371
102025
27843
65371
17984
9643
74971
18056
67534
60819
91426
11724
23930
30765
28389
94164
97065
52367
93265
11389
46298
68241
90668
15936
98647
42802
60976
25637
94262
41557
44430
96765
6976
25953
57218
94990
45889
94228
41381
49326
22549
2437
81106
41758
53570
70457
53503
104957
38026
100086
61313
40852
94647
49466
23019
34538
24843
71970
42715
61851
38276
59299
75311
79020
62030
87281
3940
100063
92598
44405
14865
73679
12616
38282
23259
83097
105691
34371
10444
53097
105286
69030
30940
106901
9545
79287
20610
41440
9279
20966
25733
35094
83032
17165
20000
59960
56679
86254
8097
76702
53168
85792
82696
55722
99266
39262
81008
63329
68063
84613
51310
27459
98018
67315
45866
74829
21634
21475
1653
6585
102570
89765
84360
53828
85646
47574
80078
3136
76342
71219
10584
51958
14429
44986
46556
68672
64825
61894
31227
17178
104796
46120
59827
89767
28734
90531
86091
74000
68840
45117
50661
96421
8880
29113
88667
99785
76323
54045
11887
48887
80454
27548
85629
44842
103756
40715
26145
250
23504
61396
74162
31
100559
57994
70131
106865
34779
105462
72988
71622
39257
45048
54518
105350
17384
11324
54412
89052
84011
29454
50870
83015
52855
94690
39416
31668
55937
23239
366
102376
33076
80984
100192
99238
1574
71351
80934
38925
38869
15819
101216
6050
13582
81405
5924
45456
12230
26278
10484
85613
31110
443
10612
28090
31595
93985
57914
75824
68073
62902
11671
47770
46210
84002
54454
12400
54149
17270
36155
64732
22971
27578
71686
52349
72858
4757
11780
88356
61338
13755
84043
89784
27967
48336
15775
75211
52578
1944
19703
21174
57446
51453
47160
17616
46841
52357
21814
67453
102265
74482
79396
88309
34558
53516
57172
106899
69611
74341
10082
44590
79182
71762
24545
40400
30140
74854
5322
70590
22904
73114
33562
77863
76838
92871
24806
33267
57697
36229
39274
43618
9624
37376
16242
60003
95249
58478
73257
54839
89734
36186
49372
20378
93714
22278
41508
44439
80246
43715
49127
17010
95360
41422
99995
7405
62877
103269
65722
24839
82194
55524
87883
7612
7061
64656
27390
79726
60574
6616
95648
35539
76174
70427
105633
67943
36733
86121
89569
101997
8630
39618
74663
13219
20082
20091
88678
14675
82622
103568
61271
63676
50426
77312
33768
83593
79529
53940
103912
55432
111
29616
81872
3944
62158
10242
66356
42065
68485
67128
102707
53095
34825
91122
42898
55574
90561
16504
3150
48014
81751
5342
39567
46848
36940
90983
63839
106455
19438
82985
34782
92677
41332
80041
33056
65983
13472
72364
42495
78718
61636
13321
3635
13377
60334
20289
16588
15490
11680
99322
46888
23146
50224
98246
65812
63600
65119
35998
58609
6496
98615
70556
41654
43529
3341
39246
82219
25404
36265
75802
93843
5758
23695
79642
81214
16531
80498
57562
35035
45516
1377
54926
97375
30671
82954
72098
50708
42153
83314
27319
85294
69570
13052
80892
89033
38752
37807
22112
11799
80040
16714
80917
4515
9151
50655
5426
52679
58321
34178
23638
77093
29873
36065
70769
72910
36501
61118
23424
85285
20145
75534
79
103715
50897
22777
55371
58331
66494
29154
99096
70796
9675
96484
49890
625
43430
8230
19010
104334
8198
58676
15279
99287
35948
52322
28967
53872
72294
68239
87491
89060
64512
28205
50825
15564
27774
38054
66362
37015
67006
69499
83252
67717
47884
47417
19176
38561
84140
35809
12635
998
46296
107486
46558
91273
82295
20783
81167
95958
90526
2743
18604
83350
92461
19979
24983
102231
14174
72581
40671
26424
14590
7941
66888
15386
70072
5134
9876
19260
88077
89566
92400
89789
88843
74521
62
9407
3076
15091
57175
61054
92860
22214
50951
65006
17536
89135
38865
94067
94188
38859
101222
87341
82693
95110
31286
74015
50122
104009
78534
105620
4724
8632
17052
105417
96599
6013
43892
104376
60038
37395
71704
14845
60663
45476
32089
94653
6915
81802
11253
23179
74666
75759
59117
28611
70354
35145
52429
47879
78084
62767
80259
61287
20857
11772
54615
57227
97300
56295
34072
58278
9471
95484
54213
65203
20111
61224
105724
19408
34398
55610
38892
11915
25311
97287
10091
4634
43255
97913
43520
91093
86601
28472
61540
44542
65462
43773
95038
95624
78831
18652
2846
33851
39143
43774
51954
94075
16843
20185
25447
95821
32894
60107
34712
51981
66904
48235
34780
37717
16132
36338
69149
69220
97086
56523
77813
306
23336
63477
55750
9448
55063
73897
12816
39607
97238
85639
67823
60239
36509
32300
31416
52179
10302
102355
79791
37417
24355
54745
84867
69825
57203
17929
103150
58000
15835
102920
30564
89088
56429
50997
5406
73937
99703
27892
95002
30513
87682
3044
26837
91048
29547
2644
86068
28851
83597
41225
16013
105383
19657
65169
81906
81139
2332
43407
42795
106327
45154
47452
87063
52891
65967
55422
19885
78569
53370
28896
8905
93565
106249
82313
45646
93996
6246
75152
9634
31848
60811
39125
31672
42240
38182
5159
16299
55409
5014
44712
31422
68716
62710
101928
95645
6169
28328
65642
6284
105534
83221
68809
72328
61840
100285
86294
81392
46205
7358
53592
32943
64965
26487
81411
30324
86598
81517
87394
28305
69008
70583
49236
75159
58411
55239
72171
43268
2032
84024
21858
21160
88580
99414
97662
28242
58503
8499
86616
74450
29537
103065
28686
4200
99470
51227
23773
19554
21551
5564
75532
654
13805
3163
13176
99620
64505
22948
52438
93422
17822
39209
15137
61914
13748
54221
79413
88116
74128
14268
79714
83644
41133
8105
70341
76900
61291
45686
15167
65908
5101
63741
28729
75123
36950
95150
28827
72497
40867
26943
13021
58725
23240
33616
16723
695
81688
54826
10984
59977
81607
41239
24634
166
97821
27252
102181
50792
107067
24298
28742
87910
3422
55512
98272
62778
88146
70051
73219
73661
65819
103416
15300
38438
7038
103886
91028
5502
41773
53626
88511
65904
55223
91287
72397
48179
14803
25492
73762
19936
15734
95786
34821
29246
100589
25905
36362
4063
10912
81269
606
64643
89226
45450
93922
74261
71469
25303
58005
71072
19396
102820
44245
100639
39271
83678
51666
77868
83879
45325
90996
30961
29613
96847
41925
7263
76806
21332
59148
48546
62274
37782
19361
56702
35792
22866
35563
32835
38479
30854
1840
26217
103174
55282
4322
76320
41086
86493
89696
47470
70402
42814
98744
31550
67073
44779
11606
10882
5915
17396
76095
8651
68703
17652
87266
69288
42381
52521
41927
32668
61958
48349
16722
94022
801
78893
25738
45471
2263
10128
103693
85266
79160
19156
58645
36578
26887
37919
103949
37784
54405
11159
86638
57394
99662
53059
66736
82125
59618
17296
60754
22490
50876
81273
71888
4094
26313
75372
103411
99318
81966
26188
20656
39045
58311
80963
105022
2622
68207
1885
38618
69020
12378
78270
65002
81529
70934
102295
35415
61346
95216
51379
82485
61834
72075
78629
14034
44856
19188
40818
58862
20333
31904
4922
35587
63750
70896
101786
26079
34950
12770
91265
36925
25599
26600
12238
54020
88370
33828
45553
2994
88828
39426
48854
9603
100829
100072
72283
79986
100087
85084
80339
60680
37643
25459
67399
32187
49506
87057
14978
64296
25441
44821
69824
45882
16546
25267
50023
51516
59524
65364
24788
59291
52375
52266
93531
26087
102038
47207
23950
36847
49462
79623
91087
55332
83435
88868
73553
104616
48800
48608
80093
40992
96165
27695
36193
64758
13783
75046
17712
23188
28828
106884
89141
51861
8526
93432
57244
84448
85809
16985
94411
98314
62998
78337
98200
100983
77541
107006
96042
24992
65517
90181
29910
49508
13295
71760
65133
96730
70126
13961
10508
17473
93291
92031
42500
27435
101457
69083
103571
74272
87064
57925
18363
20733
103788
43421
22020
35492
33091
78406
16536
88382
14775
94863
33567
64623
20815
92771
28555
14487
62946
42061
101249
77850
97428
46475
100249
106037
68078
8617
72719
51239
90146
7846
19847
42167
37604
94250
49954
51744
86434
3449
49343
66891
97205
27946
74616
63635
36681
35750
15276
60119
40553
24262
3231
74561
38053
62540
40931
84802
49762
22241
52192
7559
87048
94240
89125
93789
3232
92480
25412
67185
75991
91669
51922
82904
55935
67854
35812
55864
75741
82204
16750
91513
45436
43464
86229
98035
91483
45883
102823
86282
51482
57691
24509
18355
4032
104695
14014
54728
85464
105951
60113
31118
19486
103250
16844
20524
82364
73314
91095
2296
94685
53282
75673
61333
48908
17005
1462
14530
21579
87040
12215
15286
60980
50278
27483
21425
47473
16181
88105
103765
88057
19331
10036
102536
87919
101131
62965
92049
43236
92874
88415
48125
50225
96104
91800
71606
95250
87837
85353
55494
42523
25473
91939
5403
12863
43796
51219
65240
80758
33569
37292
54453
93123
12375
1902
91815
77287
52514
10814
85006
87191
76465
11373
39027
39300
51275
41020
9756
47619
75921
52974
57194
23086
88195
39104
100938
41692
70995
96341
30675
85743
40095
30307
99473
43564
14098
84307
61623
22507
10311
26034
77679
65141
90598
56365
4934
72838
42832
26357
50026
100911
66034
27811
19349
748
53598
53622
42525
83043
38390
72951
66758
3148
74382
76962
687
31337
8155
59650
44963
68083
104100
101488
91182
51998
79546
18651
28945
19945
13970
36841
19067
102164
67321
60408
39966
54034
106132
82555
13528
99868
22981
57132
26155
105585
92175
52205
78628
16645
68987
85807
84120
73043
20236
94621
2851
62693
29769
71286
35534
72199
100182
69719
76336
94718
1157
35314
95119
23632
93145
46764
36703
36359
91674
45212
44051
30300
70981
27833
36849
32548
103235
56032
8249
26332
71348
33004
1846
41652
89204
75690
9514
93629
65039
10641
41511
75945
83179
85942
75856
55703
23724
59715
15784
66857
97220
63008
26458
24583
99524
24480
56198
54818
106198
70104
35149
57690
42046
10857
21468
50336
48814
15616
68396
93326
43210
83689
6384
41575
60085
8104
10191
26583
23862
2975
92441
101851
106279
37969
89371
29408
13329
102096
30151
6418
44755
81787
73057
75818
41019
67870
57239
105975
47859
54901
96438
88074
66619
83903
24884
67849
86152
37137
49546
89810
43704
80799
67918
42880
2008
80712
78040
71889
101139
47123
42195
38001
36806
48636
71244
12167
37507
95376
52424
46922
2141
61844
9781
33789
13530
81417
23792
36538
59476
17550
85157
22874
76535
62012
54859
5040
75661
93909
26245
87235
38866
95154
21958
33555
57309
38323
48267
24255
73934
48766
25959
69788
32324
33159
65614
20849
31374
58413
95086
101365
83982
20487
1215
77324
100157
42282
61275
27909
80778
82006
18252
84458
89095
71534
13336
10447
79887
78883
4918
44058
61072
77477
37511
76926
85460
82625
83557
31750
43390
63387
17257
6318
97349
23879
25920
59679
1192
35262
6133
54284
82804
91072
22854
88421
24523
93338
89615
86034
85299
46777
53783
76437
4867
61018
96662
23690
25440
28027
71640
63612
22379
52704
77020
64876
46938
36762
41457
32318
69072
82735
89342
86386
43120
81998
73893
54558
64664
81557
1734
27968
35553
18754
28829
29171
37729
91740
61127
28769
77194
24946
89310
33748
55139
100956
87687
53152
4121
78505
9152
37916
65331
66595
3768
70943
41963
25750
97559
82215
50020
104834
77724
16900
27202
88638
29237
104831
84119
36596
64727
68793
102715
41657
23907
90626
106207
13125
43868
32964
14244
36859
9433
74316
14702
69502
38091
46614
105683
60100
77799
15338
3696
71092
95991
96376
58551
55410
13058
65700
70409
30510
67958
29762
13241
14543
16443
28273
68412
59551
13006
45533
62634
92478
26664
89136
5252
32126
101375
101382
5609
50834
31999
24406
45826
6728
12526
30415
21355
52431
96496
40316
98501
26361
95252
44165
70735
86216
40040
49037
68307
53748
88723
69472
105828
37906
94965
18759
49188
89175
61411
56983
44021
64437
88746
52188
15463
32929
47477
81447
74892
18111
51124
24102
37322
44728
75333
5876
49784
10686
10627
45467
39144
17581
22070
26585
17221
20101
78524
19848
62920
46723
13085
105021
105819
66861
15717
64597
29625
71176
11985
62141
28066
14730
50071
96060
20540
89470
101762
42439
83749
10924
45309
38529
66284
66711
41487
51484
93142
660
37143
58173
49646
90126
35899
89168
22683
31074
41608
88766
104761
29585
80508
31768
31188
10696
71420
93194
100026
67654
64572
17142
66012
69048
34820
50288
19864
45086
35538
93158
19997
5234
64570
47666
75553
49240
27615
47751
70963
45069
24180
86188
69378
73861
40620
38591
44495
48005
6306
69259
40824
14251
76694
95875
82438
499
8226
20861
68330
50187
50262
52444
53979
106595
33261
58697
97107
72440
38974
17108
53031
68528
46424
97371
82986
10775
96314
81006
98928
77057
3269
20665
81220
69894
34503
21524
50577
17535
105272
31453
33793
32369
2920
61552
83276
53575
106801
97049
104082
87428
31811
9883
64847
70980
62587
67070
43442
30008
11743
37842
61972
7439
62945
90799
90927
82484
102072
92963
24858
78100
47037
48509
14301
10208
33595
85379
38514
74850
3871
34471
18461
55297
5966
34687
21653
90468
75305
98358
59428
74055
13735
28083
90499
15736
26877
50555
68645
44007
64760
5631
40586
41159
58840
71381
47396
49007
41702
53372
49245
80696
100745
79690
9038
16886
95638
7768
30664
23090
78978
20266
79474
15606
1775
19782
19023
50922
32291
64790
36518
34079
91592
17203
2794
69362
46244
3069
17631
58887
31828
91943
2580
29819
21668
42137
84354
76250
52722
33016
92603
68757
96860
15016
43370
35481
44455
18244
59826
47683
17572
16337
29849
81647
71514
93046
74621
6030
29510
2442
102763
106672
35561
45560
19763
6142
64866
2809
50389
87920
16223
9017
54710
54337
37431
1529
68493
20372
65021
97302
103127
31577
73305
96348
5071
32374
74215
79808
10717
14548
83171
5223
75557
73500
49241
8957
8681
13173
6162
99494
99941
3224
67335
36558
12389
25049
91223
99812
6979
75988
19800
85192
88534
48938
102790
78173
93887
4905
1756
56667
101007
8696
8582
96343
78882
96769
103995
79920
83472
4920
56877
35495
11690
93608
34212
96885
89028
77164
86899
55919
57201
14665
58280
64925
30720
98724
99367
80115
96950
2811
15535
55453
36256
58548
17933
89261
79940
44965
87453
23302
31412
77107
32325
86226
69172
24746
51003
25970
53602
80437
76402
9915
87704
10162
93833
74305
59262
64746
40728
43254
7722
91060
78627
3743
16007
10618
42766
58102
30832
80753
10304
33504
73286
37991
103607
72375
70068
61435
60043
22231
83990
22470
86259
53848
70100
79402
21878
17740
49179
1138
23776
95896
77678
55234
31536
58410
69693
11129
104948
75772
23391
7014
41083
2165
87325
67274
17966
29800
88477
70353
7095
14004
104810
87650
95132
7725
60474
8550
78965
7219
71513
37758
23012
102658
13459
68634
80388
9941
34865
68222
49255
105041
36951
79101
3056
56542
77877
44720
29561
73903
62047
94152
85491
8399
73839
11252
83501
56663
4528
99843
50403
20586
48382
37777
53505
51812
44220
74344
3630
56038
12874
13013
18480
58169
98045
19614
103687
82111
43261
53424
24130
14989
54706
14990
10965
57620
23873
18153
56280
72223
6043
103346
55386
52651
22380
45574
10124
38428
106535
80503
45918
22384
96621
30828
33903
72871
37309
89881
69860
83094
59208
88909
45919
17703
76357
82042
90663
34100
33277
31751
96150
10573
98721
9959
65004
58946
47899
22861
21569
18080
14856
77146
59983
40850
103787
50984
93540
9613
19112
9405
93552
44511
8622
57176
57437
76276
74375
34010
100879
95357
85616
23575
69844
46641
8254
8200
16775
93287
26210
80038
75829
36557
51481
102579
78035
27436
83658
38937
8297
57468
24969
41930
31236
91275
19630
97119
44249
96453
40569
90159
57854
13659
19376
43548
36084
91833
42196
51048
69589
48417
12821
98683
71783
9608
4715
79843
89139
42560
51875
2215
74
21134
61910
5819
34804
64435
93637
102477
46509
95116
58453
19564
58416
64442
40881
63932
15558
92784
73065
95141
81816
7377
91136
75326
96554
20956
106035
67150
25600
5262
40809
21179
2757
102064
12544
77896
68411
65110
62830
7448
56801
43216
64890
82339
98732
48904
58774
1406
64653
16278
89804
3205
87535
53024
23791
69733
95421
21120
78384
63020
81924
40177
95269
85468
86557
53766
20240
58302
53609
57658
70856
18108
3198
76391
2571
46535
33113
533
89362
100663
78764
96205
47111
56805
12621
105856
37164
106465
105954
100364
91193
37775
25452
99999
37541
8856
43045
29619
60695
62457
38709
1105
43862
35702
79376
31953
37051
83822
66877
26136
88661
52085
106904
30440
67365
91111
86651
62038
29221
28969
71812
104300
41674
42683
87358
30322
82357
15674
2470
103836
76958
49960
74173
15126
26159
68135
64479
50641
25917
54084
51051
87776
51103
102617
11392
84925
34095
91876
73240
13960
101957
42434
64185
70544
104722
16910
11823
8516
52001
51297
89240
91019
13154
8993
79504
43362
82866
16118
28206
7125
80472
104064
71029
52940
49504
59782
72168
14494
99371
81387
78845
9261
61161
18199
81653
37406
29130
1253
65115
10856
88139
22729
28521
1021
104969
92265
101306
29014
74853
106115
103050
95390
41936
73720
23692
42685
48485
1745
39729
29111
34307
41894
74634
17378
35165
45002
63950
89463
44456
27849
61830
80882
84005
81750
13051
95236
80900
28764
79398
91220
15559
25499
34702
8463
52330
56148
62335
44313
22888
16808
50931
93008
25245
779
46526
18856
28085
73987
100747
30888
31384
58237
100858
79161
38014
8221
105124
41867
105967
73927
53525
93939
31769
25465
67158
102390
73422
13448
25382
69450
6856
102172
105428
51501
74132
25761
51190
82780
60261
62786
26171
58324
62813
89251
75959
37052
95149
48012
16712
13069
60209
48461
24270
85427
77127
52183
43635
1008
45910
26854
25082
25336
48066
33206
88302
88234
61257
75182
67002
30556
93562
88279
55483
89901
88872
13650
42510
14142
101646
43779
17452
59955
104550
26319
45496
13246
56942
79851
38548
5204
6841
91096
85829
35902
17162
29465
105162
3660
37765
106824
58501
84014
77644
35842
8875
99798
95512
1337
24114
76139
87324
90155
67665
39003
6954
65868
92383
836
57557
105940
2035
44691
31455
71375
70655
51836
44635
106038
6100
86870
36586
44693
60592
51280
9179
33085
35989
8114
31425
812
27884
35810
99760
9885
59158
36532
6437
75331
9783
66140
11331
95333
84069
83525
5606
83470
78583
70987
6625
65775
26010
98007
99535
36234
16366
62541
5451
61014
38649
23421
103609
84496
48994
85407
62380
73003
44818
26244
12436
57370
60374
91307
100389
13186
20394
11458
82137
97248
74436
19590
96026
45281
63309
43346
47789
29339
84960
69246
63344
30975
3942
73959
26129
56569
5926
40545
15384
89440
73952
69528
96531
15739
99422
72389
63047
100049
106378
103733
6770
11595
60468
52427
102840
47540
2176
22651
16461
49624
44781
63103
22864
3862
8839
8259
82005
90103
28622
30860
17930
49820
262
85249
98073
58282
97859
61335
6049
32811
15382
27145
102020
75704
89157
93554
18624
94273
88906
13016
42886
67808
29815
62745
1075
22369
72861
104347
84941
68183
94964
20846
13983
9877
32787
76849
60062
56197
14860
52639
27988
101766
13090
94567
83338
31618
18866
70903
98754
7111
58021
99928
4628
35684
102230
24554
52067
23407
31367
84295
85165
66763
68120
94486
47891
55673
76987
85010
62133
67428
90778
84798
78701
7866
28930
75022
11849
5663
90767
31030
83384
55683
19635
80676
105053
11309
100502
30885
56962
84581
16373
71863
51646
23652
65838
28267
61681
10552
19739
87534
53538
39112
41053
57438
4391
59004
47772
55796
46813
90452
83068
101297
72667
48071
29821
22834
36374
78062
47305
37950
50840
37972
5211
2840
23433
72325
65005
99161
9434
18889
53159
34077
68833
35092
73501
74709
64156
106144
54105
26493
92210
69906
42533
32797
31489
49158
23553
9934
78203
40021
49862
88999
45062
58204
29295
52383
19220
20433
81977
76068
62259
80295
80946
32776
56536
78704
85870
86144
85867
20143
49102
96459
93087
88349
53988
62698
67349
89523
56566
4687
49618
448
43248
62740
71119
85389
62962
24249
3545
24767
34595
24809
48324
35493
62443
98839
32999
30396
33925
3965
88839
84291
101296
58656
36636
30474
56473
85410
86192
76365
96471
98395
100509
65889
41269
16983
60405
12480
35357
3283
7209
36301
36436
1222
80379
86818
36
17763
39624
59517
19568
77366
68968
27932
6833
104784
76861
98162
47686
54848
64603
50791
61592
56061
63516
57791
37026
22773
10256
49655
2036
62804
58295
33991
66297
3115
95614
71258
59975
39413
68594
51609
59271
45118
57944
19261
94370
14362
33339
87431
74735
17758
56077
44611
34416
6720
72507
22613
15800
90262
82284
28117
8217
66062
43708
83141
30634
86426
106864
42203
13640
22785
22102
27387
95698
3351
53055
34397
78228
103755
555
100457
25731
43874
26852
100925
58291
80569
56737
53180
21419
73147
37008
86674
38890
7303
62488
36917
39682
91097
57768
67837
31161
77398
92715
57013
15617
39410
90736
43936
29428
44518
46804
80786
9702
43332
45413
95682
40525
50439
80459
82775
101000
94669
37576
30923
104582
41355
83830
60060
89044
22111
25556
67894
22536
8943
2810
73808
55733
25985
11937
1435
14694
49320
76026
74494
7258
10673
96481
47004
74182
37623
32035
23987
47108
13217
4278
63296
47437
44023
45382
42186
59589
13539
12063
44987
37355
56487
4540
35633
22255
28108
62207
56647
30736
2152
60084
34413
20569
32937
99797
47014
14777
97671
58789
57874
18151
59463
15865
87228
46427
2972
4467
19042
67851
3369
56414
37930
8199
7467
1254
20866
80971
92676
62580
59399
91403
47005
58401
56256
64813
76574
95922
88951
59236
3597
31983
1562
46014
61995
44263
21889
23381
100732
26911
67621
62738
101966
63299
81887
58009
42596
89972
8735
68365
101589
22826
48630
80198
48619
54716
106903
24889
63854
85833
74378
85246
12864
35244
75365
72079
64655
97271
26697
2702
61024
39810
78962
21839
101239
12134
31518
31839
91618
25526
13834
106557
19178
18543
93049
48007
61659
19538
9594
23062
54157
93831
72017
52583
40188
34698
50419
59556
55328
76122
95009
32407
45905
82443
31326
43946
104173
22475
56372
72526
102784
13141
80524
20694
24837
96401
103488
90998
48934
75535
32791
64886
55141
103726
29125
64194
29220
8091
22118
106145
95797
33731
3790
81569
82061
59479
12263
74031
47538
23119
44620
85846
27055
17849
80409
81589
79748
68529
16039
8442
54747
65464
91301
54332
76555
59758
80634
85067
95523
74818
25039
22509
44640
31332
372
99796
93661
81795
62835
607
89481
72337
25570
9748
3575
16802
15594
73773
98785
49559
66163
19120
96038
77478
51661
99813
89499
26480
39786
22471
38333
24782
80654
17980
36798
50442
104701
33999
87305
73845
32994
69036
62040
107107
27499
81942
53620
56512
48306
10815
66305
55875
41333
77515
21920
38774
45614
78870
47341
64767
107104
7453
20851
76628
59238
15821
37851
72816
73769
22617
16055
27395
33879
16342
48811
92089
92660
92327
70708
542
90328
28850
63106
13471
56107
49617
5785
37976
92425
85210
106293
41192
97132
25759
93084
8007
56420
35151
76028
28778
35821
12917
42086
93483
17867
68978
85170
67991
95715
38304
85201
95397
32941
36025
42800
30398
47669
86266
88019
34389
75680
24930
52709
4434
44711
100151
53400
71818
5706
21581
17059
82743
23096
56513
82124
53507
75606
46372
68682
76107
56756
34295
70091
76481
77328
10337
88396
103599
53743
34160
61932
92766
40386
34196
7200
49515
26965
25188
25930
103224
20962
67508
99873
18439
77105
34306
41845
99445
12280
24881
26723
2548
48834
92084
44280
57342
58871
41543
97366
20117
36429
11635
64152
71874
58255
27292
53892
21461
73526
42260
96777
65774
78854
48554
52202
86160
44955
99134
65009
75923
311
106204
40436
96604
73930
79204
59394
13072
41051
70614
54452
57136
25935
92983
25769
29131
202
30769
3410
12762
85066
19879
104345
94881
102527
35132
104190
25818
35823
89565
2673
52857
4781
13622
83267
59940
41028
6094
101570
44278
5735
97188
6454
20896
11756
7342
97898
812
43815
18925
3782
70402
64537
39816
60619
60355
3649
71874
24071
43008
42889
97297
5691
49510
12974
66963
69818
88933
88150
22071
56436
1320
5112
88327
50776
64715
28481
23129
78039
11098
47939
73909
73540
90858
93290
5260
71434
74581
34356
49938
67687
82268
105858
18007
91712
34525
95897
12702
71174
92761
79833
59803
24952
39736
66298
10430
51453
102204
107452
74848
29714
72857
92970
67728
98843
77897
20254
97671
57147
42155
20502
79913
86718
40655
95323
1802
17513
64736
78034
64148
48820
65114
52200
18709
98338
32059
4035
85964
37017
82241
17388
6286
68746
46810
27214
46989
29730
31934
90395
67846
45982
15504
