11239
15846
37715
31512
102754
9260
84858
56377
14799
95389
57466
10895
102427
82742
2084
24605
10433
25382
45425
10367
73162
74695
59526
20955
76290
39671
82812
36519
50835
74665
55443
46053
8067
55100
5996
37543
59671
16821
73633
84701
66825
45905
4084
64399
84456
95769
28847
12821
56661
33577
102540
22485
46359
46919
39359
14714
46057
47117
47546
57772
55861
49402
67527
9635
31463
83769
55656
68966
25584
44253
21848
96941
85225
49537
4231
48506
9632
100449
68493
48801
66304
36132
92367
26564
41288
28613
19899
33668
103455
26253
34151
100670
43831
90113
75839
62811
79126
31838
92599
47193
100257
42639
95521
99413
83630
1518
22066
77825
69929
4758
20491
23231
56895
28036
16990
42908
33624
80622
93894
67493
51038
69503
51392
58299
33373
86835
68492
77441
13153
51859
91014
21132
42284
14554
10930
55865
24580
46273
9014
41551
64291
77855
64349
82892
100960
60386
82772
3310
5005
23686
64980
31571
53884
90562
61006
90732
83892
78618
28285
20014
75249
85740
65644
100980
99381
63279
49797
38992
53704
48597
94924
15055
78387
56
32830
32920
19946
85050
88010
86719
20869
60342
30711
102388
58071
80089
73428
76535
48751
27
93297
6373
61152
80203
86679
51586
39064
69752
66055
30518
42700
27408
84226
19380
22832
19568
102281
20002
6301
58486
29716
35588
52151
22006
33555
1641
17937
24775
62247
89353
90122
53681
89322
14003
59290
88871
59397
99559
67790
63402
102282
742
67994
69461
58545
63977
24653
72556
52829
95010
69638
100311
35520
91117
80053
82876
56243
1519
46517
43493
23167
69728
47744
49564
60578
53127
32584
88711
64392
54939
61788
1245
87414
42796
2224
30767
34335
76522
61849
40912
96315
94061
33806
51555
34336
30307
36208
33778
98827
6504
87810
11444
56595
70611
43916
46164
29179
84412
52482
78039
89817
11885
39841
73481
55429
67650
23551
51233
103596
62497
84438
620
77810
33513
20699
55076
12048
93331
17745
24963
66118
98001
92465
53485
92227
16671
56082
28128
23680
67125
8425
50722
96926
73192
3007
14741
41195
11218
79740
14198
62772
4292
9752
46832
7655
36721
81475
57440
62067
13974
92611
87463
48205
94985
12490
32990
36646
104060
99171
70436
55872
92059
10766
34194
35689
36239
22906
88361
95150
29582
28819
2566
54370
86300
6423
18223
41330
91291
33340
76116
5868
82787
81029
29176
92539
31917
86092
25971
62989
8243
76351
48246
99717
63079
67755
57109
4522
2867
29038
28435
57790
57448
2251
77131
40922
69775
70586
56366
65462
86864
84433
51307
78239
93414
21025
71094
65802
36523
50226
33449
56134
27166
72665
40374
87005
18377
35839
53892
24753
101959
39530
6927
31302
37396
8769
51772
74566
28038
9738
30102
23948
50536
42697
26268
95989
81373
63366
86609
65260
16442
8891
98952
81031
2468
104527
30991
22860
11827
63991
84452
23041
43497
67494
50719
55900
101654
67263
93611
58158
69294
92251
89161
40719
37593
5460
11171
6391
94283
93307
38632
90727
7647
32212
70761
5321
90728
67687
43933
33904
61206
99932
72763
94984
86924
90848
82941
104387
23589
27326
18137
96292
79475
85065
99981
101441
81146
1445
69074
24717
46465
3538
72332
67289
89355
67757
74252
35569
655
63791
96645
99530
20464
2651
24432
66482
58936
40499
40035
84029
41499
99632
42279
19735
96301
8736
34497
73698
71288
71626
66663
72986
79441
50902
6396
17574
851
66919
75554
81592
96113
80830
41126
1838
54723
99225
90863
26073
36465
73467
98200
33328
77017
55048
4422
70045
69216
28656
64265
40247
99071
62030
37261
17241
44849
95025
4232
9104
39122
4485
104745
2772
28203
62326
21656
95203
56218
61661
17459
18082
84616
97520
22471
34256
80564
83899
41824
84537
62866
62720
20206
76958
12982
101359
30937
93002
29664
73738
75086
71049
24663
37657
12990
88152
103168
53622
12846
36808
16201
88164
33097
64841
85428
7113
28518
15032
64113
51531
63380
54326
77617
54107
91282
51012
75866
43718
93419
84655
70889
53917
14077
34664
53152
75403
53432
96590
56521
42192
67277
11049
93013
62718
75448
6351
71909
60095
54124
4645
54096
34323
99452
64803
23923
64666
54710
17655
15953
93189
27956
66461
68191
61919
44369
32268
8628
11029
7106
77768
51872
40070
86560
32547
72513
47347
49664
3616
34948
13983
53358
32902
104839
29883
83775
29409
41706
26897
23754
7456
34973
31412
30998
78707
98138
103543
92781
18132
13041
48340
34890
59288
36073
74502
94707
53668
24899
50693
4002
35609
8353
11910
23872
75294
59875
74536
16422
72281
98007
15708
39767
21706
102562
96168
80239
71123
84862
57090
19604
60203
48101
13588
59350
25627
77012
36582
20340
57350
65085
774
65487
91958
49549
28966
43549
52620
31876
74988
91843
43779
97104
1719
95438
30609
11753
6256
41482
67897
23138
36682
79733
1237
103599
13092
22374
72372
5545
72361
60877
49150
68260
4903
24321
48210
745
69243
101744
52768
74134
80648
89285
78988
17728
78783
83697
51702
87588
4109
43838
85927
94136
15408
18142
25315
68086
96671
46209
50928
10807
100593
94771
63317
11234
34729
94500
2268
90808
1601
24304
101411
27747
28610
43850
13971
4195
90364
45535
45240
96809
87554
36292
91967
34753
67142
90578
1229
44078
16342
35456
3895
102604
68588
5985
7810
65350
95402
91676
31509
18744
73543
29239
38407
65928
27680
30125
32871
68827
68124
96370
71266
56021
39669
102149
815
26482
86019
9558
34321
29351
36373
56809
28234
103279
48741
92278
104340
64245
62799
89284
66729
89332
53497
28968
33201
27838
46560
13921
4652
49970
76991
3442
45422
73069
96883
12819
22411
87809
27650
17355
100531
20338
84800
50089
48574
51692
19076
83622
4653
32566
68131
64733
97217
20336
12543
17323
76377
78210
58988
76052
15303
20761
1288
78920
49596
33469
30848
65174
31705
35044
82086
40930
37564
32953
72382
49994
26391
39651
22135
59638
82608
92694
13766
39778
66770
4218
48054
33867
12159
52572
68238
11770
22964
893
24894
89094
27898
10808
59914
5790
29952
70177
20657
60992
25960
58088
35365
4372
65431
55648
74128
62443
64880
98533
23170
37513
23493
61099
84585
58864
41621
67602
17043
54203
49458
5881
63834
14693
85284
28950
5204
9473
98312
2902
48841
88006
54265
4838
45582
84503
29534
76602
72863
56095
94548
36889
9604
24997
53888
43171
25008
58823
85205
33405
61831
78525
30810
79331
68009
60600
28557
49264
19939
37625
32573
52810
43612
77563
89547
52858
58973
61267
11923
61578
37944
46161
35208
66403
72587
7656
32616
98634
20765
8828
66095
65789
56613
27285
67795
58689
89247
32531
5373
87415
84878
27402
71035
92258
32134
65300
103165
83444
73984
90077
39287
62759
67210
93703
93722
38664
70945
52720
31700
46207
33714
6193
86074
59836
93702
73118
34944
8032
16022
71763
38451
12409
54029
91631
70274
99765
35086
76596
101523
69027
84240
71488
11634
25877
2922
87633
40264
26858
14740
78160
53593
84843
15121
50500
8972
7638
42596
84437
30740
24954
19172
95755
50909
90123
52915
58238
91452
14330
45806
13817
75297
52149
4234
76107
57224
93052
74430
74701
43063
44616
76124
497
25471
57513
67713
37979
75566
71306
33988
84966
60970
6038
45954
83062
74312
88516
5709
33414
91270
84070
100066
15124
94888
29459
68712
47204
11607
29566
85132
100129
57349
64415
9093
39307
22730
47936
67904
6428
31504
98250
51605
35331
6440
37998
65141
27103
57982
101755
7109
70314
75267
63312
27165
100030
41713
42582
101699
96546
87750
30220
13282
102511
14601
74455
96632
81619
73749
85933
24662
93636
73888
83007
12876
4507
37010
88505
29008
16909
18994
5777
35180
81761
35397
26542
65682
50892
7522
6488
27559
31189
95090
63585
7063
74550
70097
24464
66309
80677
1197
20390
54753
101010
1924
68543
1938
12133
95595
1526
29963
101326
90682
22061
8158
30051
35814
3040
58174
58921
33133
45791
48490
78354
39654
25161
32894
59493
50810
650
65313
48124
94442
28493
63035
58012
65273
50686
49700
418
87884
9062
75269
6844
47102
23011
83791
83239
32344
60568
43325
86030
56502
11209
82828
95811
48386
101026
64122
77982
1039
22774
47304
51773
27400
89844
48446
33088
66857
61493
20326
40202
24992
41606
51546
34482
73732
71089
27701
32209
4941
22085
74920
35374
16638
96282
76364
63336
11093
54809
73512
85680
77708
31363
29598
28760
5826
61415
85172
76891
8365
21839
64084
67688
46703
15557
75608
51571
69877
53167
46577
82491
14783
5226
13985
514
56406
103370
43446
82460
36428
28874
15556
55974
69131
71816
9022
93533
83827
11500
93092
28102
63495
1602
100031
47831
81537
95284
32620
21285
39595
5983
81011
13439
20210
36249
95649
91994
98418
61224
101642
32100
99193
90647
76280
18115
74479
86943
19529
70187
18083
57871
76527
5914
69889
59838
4788
83698
87565
55776
98316
89849
87002
42343
57696
79624
69999
76037
68268
90416
63928
16021
72043
11695
95786
19724
102503
17175
13453
47058
37385
35000
101823
55712
78532
36838
33297
97182
14782
30315
66970
40916
87207
27157
65716
989
38420
15837
10188
10026
90936
101053
22965
53401
39331
1604
49790
53459
13474
98923
96257
59744
90558
34025
13863
28383
69325
66714
28429
88178
26920
62614
19165
47465
13127
79708
59702
55042
4253
58952
75213
91995
77259
2838
8329
56034
12335
14569
39088
94309
13321
51434
34625
12476
46195
85624
90020
103906
3377
52043
85262
65126
64444
61592
70645
81379
17460
1169
73466
91438
1060
82578
84293
35515
94706
53529
95020
32598
4526
48389
93692
44650
81156
81854
24512
52759
6598
83135
60873
28349
93466
17843
17137
64432
17960
86058
17089
29281
78868
38216
27043
96563
4475
5649
69581
58393
3547
24679
104701
5192
96343
11997
1549
99582
74978
9582
21796
29120
39927
55422
45721
38811
94027
70477
31195
94480
66791
37834
27975
34297
8726
16572
9052
68894
23675
85150
60991
14708
61103
51289
25528
38532
33181
283
21710
47214
80235
62581
38925
23876
39608
10714
68824
67917
7519
14477
12037
49375
52099
86739
21061
51279
18021
8341
94522
13806
37025
52639
59312
79847
68171
46830
6831
29774
102114
49977
103028
33408
72169
97787
26907
96450
47633
52607
91799
48942
90394
23039
66195
93657
94993
60004
23561
23890
86597
25117
17164
24481
41495
60594
52123
31552
81636
76365
33958
867
26753
1900
93659
5351
46208
10037
62634
30265
101287
12413
64186
103187
21870
101737
9484
55744
58217
66981
58636
44275
36783
64468
5100
92793
7372
44672
33948
96659
25102
28558
13530
94516
67850
88689
68932
73215
11961
55474
101200
80176
15108
75232
89418
57311
67022
49663
46695
27128
98311
59581
90510
20024
895
102807
49809
58703
93407
36381
3366
103427
5160
29345
10570
58899
81830
10486
104453
44870
43562
83360
22197
27347
8713
76388
10809
100350
56017
68296
40733
89253
18733
41481
29014
62380
8527
66889
18217
96456
81505
67237
66685
11836
90734
88080
23619
60498
98101
66788
103640
62723
82456
8194
101489
100309
16345
5051
71923
49921
56749
9038
59016
52760
1931
100860
100613
85792
82707
82982
22405
5194
43434
67392
60889
44229
43092
61368
86182
62806
6806
69423
71139
102447
61806
102256
48087
20570
73239
21659
70990
97074
62813
67977
79269
6186
47781
77916
69469
30262
25565
94322
10848
58930
95916
94246
52867
12239
3535
98102
20747
80038
30208
63387
100678
3395
49368
40627
30268
36632
47108
100178
73679
49849
27113
14957
37541
71218
15131
26333
17635
98763
64718
26829
4120
93005
25744
42476
81358
50259
64977
13551
66201
83136
101043
73675
101087
52885
66684
14551
66459
31408
1867
58805
53842
70066
5420
98240
10000
15763
76300
5753
35779
38360
69296
69857
25457
39656
84181
11147
102871
37350
87477
72254
34847
90478
51527
32717
77329
22945
41803
84350
2378
39310
50462
72840
104612
36391
60278
15784
62138
52076
86456
74139
74613
71347
28487
42120
32371
17340
32891
74700
1224
42849
55173
52938
10346
44697
94891
5
82827
59489
39198
62638
77863
98959
73167
65986
8884
15719
80341
80574
27818
62698
99810
68181
88997
41784
46616
82101
1134
40816
94390
53088
65744
40830
523
59947
25152
23089
98342
80854
102778
97207
18343
96779
54739
1295
42139
68884
31068
22064
95761
22762
71229
26952
5550
74146
9868
44693
78708
69097
3991
53898
55629
68079
51421
51632
56024
95386
78503
68258
39327
68822
85722
98115
76264
93699
88414
69785
69669
67173
25384
47666
12534
80275
64595
43769
52369
66645
15067
78669
99208
78438
1192
77691
17463
83847
22015
90511
13103
44940
99117
80649
71372
66109
98685
99607
104875
86068
91577
75313
77084
12883
84654
72520
93628
28076
99159
37043
17804
101990
94869
53024
86908
99096
101178
63744
92159
58909
19941
47039
78281
5292
45687
56143
49346
10980
69094
60456
33199
32651
19852
96115
25926
64898
13825
30756
79884
4272
57177
53935
48798
89219
71561
34566
60563
84610
6461
54303
12833
58318
20630
61395
4299
72896
76183
18732
17410
9076
55113
98901
53357
79281
77827
19549
36490
22839
72737
71668
95565
72270
64835
104768
94939
9630
21928
42945
24798
39660
64121
67219
69647
46388
83527
44739
23992
71389
672
94029
1129
34722
101750
101883
101558
2663
59765
96804
86000
90383
98938
76291
45339
38543
63474
42533
51504
12269
19863
52726
32491
95435
30531
2019
20774
85878
12155
70189
100571
43863
79917
82920
22659
40173
17848
46096
64640
56638
46606
38535
32206
62524
66334
53018
63368
102853
84552
58384
2988
5032
45910
13389
72426
99421
15563
42210
31762
87309
40448
85084
2979
94853
45961
96981
1350
10564
71669
61819
65031
38670
72773
71757
50592
51415
9870
55123
73380
65978
90548
51027
8563
83605
78314
86989
50820
48353
65503
24865
11989
3592
28447
39348
83460
59316
76440
72095
18684
78457
11823
62503
70927
51656
295
7262
38007
26346
67561
96591
67212
61492
76897
68851
39704
6611
36811
11297
37967
34752
35463
51568
7188
55815
78462
72214
22646
75782
31732
12777
81622
5337
83137
59368
7584
50170
33849
44448
5509
51564
6582
34148
88529
22117
16076
51640
97423
4240
12153
22190
14942
94620
36026
13814
74651
74739
1099
3188
57940
27736
50305
100336
64137
75241
44313
552
75039
93730
36683
75122
20929
87508
9158
39151
47679
44535
69529
61550
54859
87410
23269
98532
44376
13634
50590
86203
63204
73314
31008
76340
59111
21264
187
96843
16123
28854
104386
7276
89958
91590
95969
8820
45018
69513
31429
53089
13501
52161
18567
94360
70012
93823
18405
48958
19152
81332
68245
44586
35487
97018
17122
9490
53309
10866
98980
86429
99136
40763
13619
5144
41555
102648
26347
46251
53066
13250
71862
33489
17196
62859
36275
63052
29801
34272
36939
76500
98129
98808
72283
56158
1262
17897
842
88341
21136
92140
78406
10789
37581
90396
182
76417
42006
71297
87898
90564
85312
91038
40518
63826
50412
35256
15942
50974
87915
82489
5686
14012
103262
11640
66321
959
16542
48520
78690
89207
75107
99385
82417
43420
103288
75959
28254
15001
8717
78813
37278
27748
22718
101056
12582
51236
9369
28659
64572
44857
87547
22580
3317
95474
22814
66758
17225
17692
60844
48361
36551
83923
58979
65294
36031
41037
72352
53161
71428
34097
25289
61946
75444
77111
33089
88180
15242
51693
76399
16784
57988
35159
76686
64675
47562
46760
70494
83376
67615
78454
95999
102773
58211
16160
53118
52320
46929
93711
42887
67171
25713
32404
32055
72915
87610
47742
1343
45261
51746
24968
95009
48617
42130
35621
76750
103260
59687
89531
24426
101647
12318
58372
5389
17554
31199
98151
92954
57002
80264
92376
96186
74307
69376
57256
34155
55784
19697
40261
12224
58570
71454
58023
96252
83966
27061
65021
87801
39050
95127
45484
11845
76887
70650
87310
23902
98995
86395
289
63232
1680
39072
77495
41302
94743
30012
54145
63306
42248
37688
47740
78753
4667
28075
62060
53748
60078
49192
99794
7143
20857
68488
75873
44686
66668
90783
93627
38656
53119
39402
13397
96141
27095
97410
30679
68162
52142
15161
45470
3091
38858
2107
41640
11107
82773
61611
18700
22499
61958
27947
31224
87261
13279
6697
55816
69329
70926
37107
42758
73113
27015
7792
22805
31142
87392
55944
97546
87855
2604
33954
3945
53179
101471
76130
35682
38626
17919
50767
19521
39892
91588
56121
95582
86548
82486
72749
64397
53780
94734
97358
11507
15367
98021
104877
35611
67238
95870
87836
94992
46205
6112
49722
7070
93339
7626
15138
88048
49443
76317
68789
65253
44868
91197
37624
75037
79812
89131
26050
33371
64907
103508
21927
84575
86362
36688
15259
51371
48547
5275
27208
46104
81797
23077
8277
58516
100134
81666
49278
44776
86841
54016
46369
100417
88191
71057
74474
41164
39370
104031
63484
97305
1566
54237
97185
73530
9579
34609
7672
73075
91956
30627
86025
96845
21171
92995
14000
26026
101533
76628
94571
55385
76251
38855
64881
8138
64696
44237
23485
91352
39309
56778
53153
42657
78084
54167
86175
56375
70161
48476
27691
59574
55233
67175
6748
91077
2201
62424
97371
19355
4859
64421
90497
80588
45201
41468
14113
47439
69051
24151
59200
64530
18094
45760
58308
26915
76127
91257
29660
13448
93103
97014
82069
78956
12860
30546
26164
44895
61055
53219
63692
57258
79016
48442
67716
101932
19140
89730
95446
50768
46265
32536
80035
11127
9485
91343
48893
45090
17674
73584
55690
100052
68699
70911
25541
36883
2900
33970
41769
15976
103106
63104
60762
43938
15063
65859
35774
84507
43070
28987
75425
22891
46050
74177
22114
58530
29939
10673
42425
64993
1176
48541
16221
26574
81151
33351
11188
22812
1267
87466
97897
796
19477
61040
76582
51144
14002
16704
3006
49457
100100
82626
72432
67321
63822
36642
10385
35781
3828
75984
71322
71374
58880
42855
95921
6568
69353
28497
47522
35169
97912
43340
76807
55028
101349
23961
28342
22074
49847
12957
34109
85107
64584
34126
22362
807
38441
43629
3606
69173
83643
7919
69209
95315
3263
68691
56564
81610
73027
97466
49027
70767
97412
34763
91354
39748
6014
99696
87576
29535
68911
19906
51937
44733
14089
101377
26184
89288
94046
90190
75127
39958
32383
54895
42721
45789
101003
29041
28775
63665
33975
8005
31075
20506
49129
17907
5069
39849
99560
25657
7351
72714
46111
65656
64126
17992
3892
59570
64051
2451
64332
7776
54801
101194
78093
43009
57795
25078
79620
91865
8737
66240
23889
1490
80523
50231
92306
74595
15918
54763
79588
75956
97826
49420
28763
50742
74605
90860
45182
6948
70320
5161
15973
19083
78955
97890
89011
8697
101526
15645
69741
65990
41205
24581
44147
87094
66665
87138
97186
13198
13548
76538
90935
12013
7120
51808
36200
2889
69183
8105
17869
32259
12839
40852
24635
57242
17653
18139
75672
2595
4518
40485
73447
45361
87682
81829
3670
10553
45328
97777
91444
16463
78320
69863
62110
58667
59447
2025
86826
50414
15289
14264
5302
16084
25901
91448
55673
75433
69006
80798
32289
21786
71914
71663
35501
86869
83336
54855
38744
46030
67322
43717
26698
66072
92463
72531
94026
53707
15007
81568
14240
73478
91413
50406
68317
38803
80780
40229
21121
42039
90651
37365
4298
46615
97102
32360
56318
76468
70699
7753
83532
92672
44618
25419
47125
89760
98180
103476
99536
77912
80157
100901
78495
14913
79496
29547
28983
97411
54776
51306
67706
77215
101665
61457
5233
43644
57589
93523
34207
1009
65089
11629
87557
24074
98208
101328
88408
58001
855
81623
58575
56514
92127
7509
3227
60918
66274
63786
54883
78716
9900
10121
16878
76609
88586
4769
43776
45511
53758
82970
18840
32798
18503
3107
49496
45270
45291
32674
7559
29815
84196
43792
61505
14700
101059
47970
59038
6622
60295
20548
38832
56251
84773
49771
9000
84364
87691
71717
2703
40085
20569
50625
83844
53305
17050
39385
4242
70232
95540
38293
67353
79061
3078
67247
20972
54434
78233
1437
98326
29212
94456
78295
74786
17821
40360
33969
65490
83654
64320
56315
28646
9954
51359
39700
71321
25022
10733
13099
85707
65110
75390
91690
64605
27971
89841
54626
50074
99334
71708
72420
95506
99182
8448
9322
48045
101419
20096
65932
75809
83090
20799
46332
37570
27544
20280
82769
38150
41912
69463
89429
70640
4
6776
26089
71168
82061
55750
14360
70559
7333
10969
70317
8795
48658
17003
32127
22288
27586
66832
103425
43520
18739
52017
86844
5140
83024
68689
50057
8400
41510
4331
14380
58082
89369
53749
100808
48668
86994
19710
24452
38724
94022
65666
77598
69048
66270
103730
67413
95574
83103
101529
46994
77106
85782
36447
45978
95115
65970
69113
96021
103107
21484
98488
38920
86220
67945
97187
13925
93115
65900
49448
20918
95887
64815
94000
3528
44759
77281
58135
93782
55645
8705
17575
54073
46866
48505
15188
24845
76381
94006
65137
51054
83804
42702
43237
39992
53534
90788
84356
6721
8902
3676
19327
95003
50213
2392
89260
76040
15158
79491
16755
46351
73169
68637
16934
27916
60494
46883
100211
89550
57270
4592
38783
65374
96860
56615
73326
52616
51563
103485
85404
76276
90802
87201
36740
64178
56607
26672
83456
37686
27047
10665
45638
95190
50735
101507
49523
39592
75073
50958
95409
26979
1721
5111
83228
8509
46342
17949
97121
53788
60454
36937
100435
5513
62605
57933
25562
66683
77093
3934
52678
29455
4304
51449
696
24185
59567
11934
48648
100554
1722
26258
56140
67214
25865
64568
6376
58624
97716
94332
99811
22645
64414
9507
80577
74801
54034
5946
84635
97743
20424
82530
20335
32786
2761
25311
74087
3896
101934
72808
7246
50117
89157
80495
74617
91565
32346
28554
27704
50246
63793
43570
85486
78904
34248
61035
101893
81682
51970
34926
5453
50324
7322
49307
17115
1074
51350
94385
10476
9434
28721
4377
28907
19544
86598
10917
44727
13949
73092
92006
6957
5468
27427
23688
86024
64354
57426
7723
30654
9157
73431
51780
1791
57046
98758
34557
88559
102129
40508
65015
15516
79968
88020
88019
45551
63356
102193
8302
39624
73115
89075
33539
92346
61197
81507
61453
67767
43615
76437
21027
23549
75215
3793
20556
79285
9143
23541
10633
27383
63304
48496
34307
70720
19947
56360
5085
48878
77661
9784
77956
64500
5254
22333
23224
39421
6483
84811
29043
41755
85569
59431
65492
72667
64257
24002
95306
65444
52585
31029
39965
86052
80832
67872
71481
66906
100885
34425
27008
43378
33979
68562
80255
93252
21708
44930
91299
69313
22528
89102
94331
55494
1911
14786
29602
18939
78963
75031
25752
94325
97517
85401
14189
43168
39071
37034
44392
72135
11580
17925
72409
37482
11020
43058
9060
44118
97353
29441
84257
101379
52173
51139
88072
32834
53715
38494
101444
56779
99913
85970
57597
36260
46129
22382
42455
29426
94639
5199
66437
83075
8869
68226
51672
63795
30122
59160
6012
101201
76797
100536
77386
94154
62352
27385
34278
70580
21592
71025
2175
62664
3240
91601
7176
5522
66412
22000
47484
84641
10773
232
42261
29037
6110
83759
40623
73286
30106
41557
71820
39799
76137
17058
19221
94120
40749
2865
75521
42830
85449
14332
2408
40698
4856
22018
53487
33384
33102
90142
6047
94270
88955
33490
18679
32267
26163
8658
70912
15214
52379
14735
75159
89831
64379
82419
78010
65742
26040
17934
35452
21135
78071
36515
94461
80952
96668
1658
25979
80218
15208
24521
98419
104380
23445
61746
1098
95791
77270
9950
85937
21145
39112
96749
73072
103090
33302
64551
43678
44085
71921
47184
18554
3661
49665
10070
14408
80950
70186
24835
27946
44247
2236
78578
72069
10786
17810
45233
9002
16783
57202
73807
36554
14157
71713
87597
75993
12678
16876
36707
7818
52728
73202
70608
62715
2863
85046
22856
16803
13306
40799
83901
22689
102504
21523
49983
36692
61606
70899
36528
90430
493
19776
30421
13798
52795
33579
29709
80585
42470
29462
25249
50012
67396
74778
71886
67963
30219
29086
61590
41204
28739
21410
48530
91322
30982
100451
33036
61801
86537
43839
100517
58350
34247
30540
39929
78637
100233
17072
53144
77925
22122
52799
43423
14869
33186
91134
34117
27903
41113
37892
76882
59966
5054
18789
97930
58665
74942
29092
81277
34723
85983
70775
10389
16682
6447
268
82862
58619
65510
62940
70249
21882
44449
42650
11535
75849
8496
22530
38491
62351
80156
81493
69934
19340
86716
95617
56490
83875
57501
13801
71915
87899
58645
61855
65024
104485
8652
76063
72159
13111
6532
54881
80550
8095
785
70634
1341
75821
102437
40798
100652
21721
20196
62508
49107
48753
93807
87693
18876
55951
27769
102472
48935
43223
51673
23131
55534
366
52782
22475
30245
55977
90371
34593
63718
79344
51192
28533
56654
89214
73787
46821
39182
67620
59062
91581
23365
87767
20846
101889
81593
29837
15607
25503
83332
24242
76514
98469
20257
77324
62271
56970
28222
83962
82554
6736
66491
43424
84307
95528
101664
76197
101937
81300
86662
65410
11157
60239
40928
65602
20759
85087
57708
37376
54845
102327
38269
94176
70950
92958
43807
38238
95758
41733
102257
75011
52897
15774
85633
9327
100754
18766
103605
47605
2305
75651
9744
67566
59176
122
84116
20908
103964
31966
64932
35848
92536
8708
18241
84465
90855
92416
5440
3426
33289
57635
75120
50171
8580
68976
15008
86169
36107
30090
99015
64363
52820
98330
51200
99141
5609
299
103246
36041
94196
41987
21905
68641
39525
45860
84189
66578
58647
44225
51857
51121
21127
102963
49461
65531
81354
26207
76126
71467
50045
8588
40144
23030
18182
27386
72162
87486
52280
49038
92079
91970
82408
21497
85322
73818
93845
91434
27259
97175
25721
12922
73405
38102
7077
45903
23206
93068
64910
49616
40411
54970
27225
28873
100111
8498
53034
12266
23554
67296
13837
82803
37571
55612
29575
85207
72391
32734
54836
81019
32903
1160
91427
16058
18249
77153
72139
68077
39051
46088
87736
10799
63419
90894
72748
40204
14289
69689
18718
16969
77673
32907
37459
65842
59040
8092
23966
87624
59162
64242
80788
95697
101813
18471
90345
27622
70997
15028
97367
17417
68990
1621
21359
51690
78702
97854
20979
14857
44559
79535
1251
24556
3690
22435
24255
7523
3478
86619
58549
69530
77556
50166
5657
38226
77253
3539
96669
30140
99147
49267
70768
52105
23834
21140
15852
22134
48815
92700
97171
5368
27596
59304
9402
62931
57612
20717
55895
45415
1563
9436
73267
11065
19573
32768
63707
88888
43238
90539
53040
22243
67329
38388
21987
39609
58195
38392
3825
85793
25334
53264
49247
93575
97531
49130
78631
63243
45979
53637
84782
42538
73863
42952
26614
7893
96802
75353
66841
80946
101322
35664
3923
55127
43823
78125
88672
100973
64247
32270
71848
83320
17584
16080
54955
23816
89091
24207
4982
58959
40597
100867
45426
46725
78816
93639
36134
12506
38890
81310
97048
20925
33825
99665
71059
28856
89230
57421
85422
4662
103839
89501
95406
19794
77406
44530
96640
4648
77864
41866
82983
22655
70713
31312
49310
43118
102023
10608
46354
1174
91543
97451
41151
53686
42182
57850
87300
13264
68885
6826
84939
77552
103046
99742
9338
71586
39003
57829
9511
29122
52091
56985
99158
71315
98246
80381
42314
41894
12220
1777
30942
57588
85802
18646
5097
59492
24168
67122
19823
53329
41526
75182
89995
8546
64626
30042
7415
27505
84690
7005
25650
93651
39672
23268
80803
95903
78698
84264
78217
7754
47792
23764
51486
16541
81630
17475
63096
4649
19333
99008
96148
16602
33324
7740
101681
83582
8295
14966
46922
68148
38928
68845
51643
69956
74388
67898
62995
48666
23751
10348
27051
92208
102533
13553
85438
26997
56173
18458
50028
54301
58437
53371
82137
6909
50866
92577
3610
20331
7929
67883
22869
66173
51836
44353
12108
1874
56300
15496
61909
37563
50366
85789
39727
90085
96057
71560
89116
96579
16927
4921
27188
7648
36809
30538
47249
70387
45877
84238
3104
64756
79306
76878
64750
24694
64507
49213
27773
11785
57695
30112
54485
49263
19370
85356
6764
35535
101876
31629
70325
3677
42096
37111
30083
58981
67579
66197
63061
101499
104174
73653
24134
8525
28475
95343
98043
11947
57962
96084
46992
5795
55430
75530
13284
47870
72603
58580
86702
54429
30977
9650
5512
11696
33890
60214
37615
73011
84458
16770
35679
49358
70578
10555
8836
97125
55516
12798
66062
41179
22606
17338
68070
24850
99859
50193
65423
28769
89716
8476
67109
6880
66306
31646
12569
22236
4843
92134
82325
94962
64727
19311
82293
8436
30160
58916
4665
75753
27812
84389
68330
33771
98461
77671
34648
22971
51999
71308
73567
39399
12016
82128
51447
90331
30885
89761
77023
38757
93915
49813
40323
73708
5115
55885
24740
35789
79097
44503
60497
65329
38374
54654
78175
91386
55975
38826
94374
70188
72331
24970
12397
86830
25281
80422
97769
44661
38575
22423
31815
35574
75374
21966
96765
27045
18869
10100
61893
42209
16867
6509
94922
85712
748
27974
86711
59553
36215
8306
43037
77647
51510
25361
19192
12202
101543
43965
53348
11502
84535
68511
88789
72296
52357
84244
58639
76205
58677
3464
27195
13485
53197
92223
59888
46755
21267
8331
50219
13498
14520
6050
44482
96903
81963
11170
44202
35134
98270
22503
98536
26828
60835
27456
3977
17768
83851
84359
72163
65263
44539
91364
76266
8910
9501
61966
23913
57857
1276
48351
3117
77234
69233
56874
64726
23016
1919
250
94691
98456
32069
5564
86080
70728
86048
82584
38011
1016
44954
96193
45497
82294
66180
57337
21283
84781
83435
2108
87111
2574
80031
57253
5541
91913
13088
11830
70618
22270
9843
22058
82800
879
80095
1495
35080
96970
101552
5825
89750
33900
36238
51979
18515
34531
44620
63912
82495
89612
23315
1122
1054
6317
78680
29542
81584
62428
41993
26428
65483
94659
35862
49177
45257
41329
83695
2542
96381
10979
33587
78588
102176
66016
7439
26067
101752
14912
50400
93663
48760
14771
66029
51437
77902
8898
2174
6165
2440
84168
13432
88466
60442
63885
60615
67819
24706
45673
37946
25474
4026
15824
19212
52613
88043
60694
38500
76987
22929
29940
23842
90882
82248
40052
67950
8397
77686
56137
15297
85630
101050
7791
40630
8960
94556
99974
87966
94424
83093
58962
47957
62014
66601
35891
85531
14557
25588
43759
70972
92428
11374
59221
68636
48133
104175
90495
73010
90509
56616
74244
63657
65178
6456
72241
75536
66844
51172
13184
67997
77639
9968
38254
69710
59945
23071
72101
20148
15639
78812
13030
92666
28270
63882
80042
34508
8162
66142
37497
96008
65120
22035
6482
22791
67054
3603
19139
22725
88630
62663
2042
44691
31192
98346
6995
83509
59201
52130
7972
75600
74209
92066
98876
63396
38289
29220
68497
62456
17585
60951
42678
63983
71054
43566
1593
81299
13008
7690
25666
13434
81850
82857
31286
53058
11288
85911
51935
73649
79314
30067
5691
101851
71704
36556
2253
28728
69900
11408
47419
87809
74555
25355
1837
42175
72961
75060
56972
63778
24805
21001
49530
79410
61791
104177
63877
55037
34962
92673
4455
38670
29306
72053
98909
25989
11618
45496
103207
92985
64067
87017
37391
80157
73364
75466
30239
77333
73862
49891
59170
45249
13243
48529
28200
3082
2355
4276
23296
21655
1735
29889
69153
570
76996
8525
97064
9517
49205
17490
54462
61150
72958
93058
52150
5758
16993
3966
9132
92154
43833
57530
90647
40668
960
23091
898
89356
10136
12291
87998
45311
53606
3668
42116
7420
95938
19963
51966
61615
86557
63340
37737
14697
14329
80317
27825
89962
78095
90455
56491
84018
55090
39796
36900
34036
15068
94872
81568
76387
82032
4548
26324
51266
81458
47066
32076
58413
98782
89665
3934
24752
34644
4524
84618
33193
9052
99535
48455
41965
95157
26384
55716
33588
100265
68171
91234
40542
77429
1960
74471
78529
11397
18535
39454
