56198
51871
63641
85827
46944
55111
49318
83352
35358
51867
32488
76149
25163
9067
31763
3554
85223
15722
10872
28283
26105
26128
99580
73453
66352
43122
46902
45088
75400
62487
59666
38937
75514
25481
41475
15909
21729
56375
67963
81345
71731
33885
67646
6750
48605
9697
11826
38339
29127
67602
18672
4315
6895
12266
94221
58475
2274
88476
69306
69029
81454
59090
99456
11705
57559
39094
43674
53874
7765
24114
30801
18493
58941
15391
40915
16443
60030
24217
58220
47595
14106
83565
29051
17996
86757
32651
97627
18740
17598
44133
90435
48741
93189
60105
16360
22820
22070
37608
60448
60985
92544
28477
45799
54164
9819
276
65057
96729
59294
64916
23587
52101
25964
98264
4946
79686
66226
18337
26075
55751
58217
46904
78307
62301
55497
50592
10049
84994
93712
48934
32804
83546
20234
8574
56143
35805
49006
12394
50765
33874
62252
47317
43780
93783
18802
52348
45613
34075
41709
27069
79959
88466
42743
40842
27560
63846
61358
12297
72508
38277
32667
40116
7607
91193
74055
96049
72111
8725
55365
90793
19861
3481
88781
43885
28076
92936
3775
70387
42296
94553
25955
33037
61494
92799
74190
4298
716
96718
19562
45116
75384
95080
53617
12331
62250
13836
75318
36249
91452
51582
73381
64909
51323
60421
11015
61796
50676
82907
32476
48859
70535
93076
87738
74757
8916
63055
81313
21855
72632
72475
55592
45164
20071
59067
93719
9684
8034
63080
25897
47693
27120
57434
55815
71377
24385
39243
71099
66231
96641
86581
43902
93398
17319
64738
61104
39317
95429
99721
12818
10357
69919
47724
19097
48210
19053
13017
22799
85278
5825
17933
33129
43453
82696
60039
59771
76035
62798
47099
85760
65775
18034
19965
42204
31961
27296
5806
26830
46088
60761
3809
59153
51584
35044
44905
5575
51831
78651
44349
27092
40793
29113
23051
20679
84752
22762
35156
18752
35916
13970
20807
4084
65563
29147
26513
10290
45753
49772
17877
53380
53054
68936
7742
88158
68366
62044
52909
19116
64867
80782
68698
63955
76122
34221
7784
81067
71037
92549
86703
17664
97751
80787
78585
3223
76659
4850
50062
60973
8643
85372
20714
98432
88059
55157
99632
68659
31340
12880
22791
69949
20727
66769
51321
81010
68987
66070
42344
97959
19707
40615
42240
79644
29645
31290
61118
55881
98403
80416
46739
46613
69667
38335
25862
70556
49608
80463
79817
23905
15452
52266
28902
35779
47404
43684
33250
44008
860
88718
53725
76367
63727
74412
9298
48020
13855
1018
73358
74978
13750
12977
64685
45879
91701
56091
18634
65699
69533
53335
24119
52904
21484
72840
78899
24017
63672
36263
71197
13421
32924
88514
24673
27112
7156
36984
92339
95622
78853
86082
36037
92958
89859
90703
3681
50951
9575
79245
26039
73217
23757
97660
45444
16324
90691
11785
20432
99423
88537
5040
66678
38003
95855
23702
75786
96199
32821
32684
79528
9223
4089
1069
57349
32608
17907
58965
25255
42315
7759
80725
62680
23676
81682
55882
85971
67916
72920
24335
64064
41366
85314
77730
14361
41194
32588
64175
17617
44955
22415
1871
66186
88941
18585
52652
83775
79375
10662
47678
15193
83852
67020
71005
12744
9912
10679
12445
2431
18494
16744
38431
89308
24956
67502
15266
35977
33909
19241
21569
38554
54198
22090
94998
16601
88066
82391
85708
12906
82508
69615
51558
59302
42262
54687
71024
49842
76391
84812
91236
77458
52
70551
59726
96983
69271
41325
14627
11651
7026
12077
83360
51946
37920
15387
91564
81041
10902
75668
86227
84858
681
30494
67546
90521
13231
14778
35391
22864
4830
17642
27261
72115
51610
52875
82291
5181
63798
10360
32183
70174
42745
30342
84010
3509
34747
79444
73502
97388
91844
36116
58038
86176
20583
29065
14157
83315
95536
74625
61760
4864
76795
32340
48387
60427
65403
63675
83596
80739
72234
79867
47445
90173
25337
68759
42541
26325
76200
32260
81449
23787
2059
51567
10313
43495
22909
14574
44225
93571
37625
85222
3286
74179
70306
21161
57715
64131
52998
24631
77145
63634
62325
68818
66853
77282
34744
16366
96174
27044
82160
32956
72812
13235
19516
12741
77683
54607
10518
72285
84351
81207
50058
17644
41090
44241
40112
17964
85548
70848
76173
47014
46387
82939
72888
15550
31544
22992
42249
22199
60736
49968
89765
47719
25410
6746
73680
90376
63573
29235
17303
884
84210
37007
46214
4937
39033
68082
36656
73659
27048
99005
47895
85375
26734
58646
82514
91050
80486
87146
44984
31633
16913
29562
53988
85629
24008
3955
21139
81623
44166
11656
8724
4177
42252
84524
97294
53779
18883
98641
41050
42450
25733
75094
77472
73472
69273
49028
61611
9587
48147
58578
44393
21036
96516
65645
65546
44531
47640
6210
31934
87679
77070
72336
74964
7933
84817
72372
53415
46804
88317
25820
55913
68999
8272
60811
48955
77341
90563
76284
33528
18186
56098
48259
27342
40789
66018
52061
75950
20690
8409
21786
16394
24513
83313
14892
88109
31494
29347
59377
2310
74311
954
6906
40837
40857
94071
27562
12212
10818
42979
26494
44441
36344
51454
35677
28570
50729
91811
70324
46162
89661
47779
55568
29094
5016
29545
41121
12729
40121
76482
14030
33178
71877
85675
40185
72645
32574
19311
43096
249
15948
79360
5114
21606
32768
34310
73635
71029
57755
25413
57175
33228
98345
59324
90840
59911
15381
42323
33651
58825
84305
54397
64317
52686
73839
6942
96923
75039
1913
56860
24730
25072
82016
85773
6935
78448
19772
11951
69777
80961
74952
36561
60847
73086
45101
89537
68660
58011
13365
35897
76147
54955
37712
31370
90239
23924
19956
59536
52299
7691
58276
19364
42085
81418
3947
85702
20131
41818
46532
18032
37191
82962
40922
47312
71708
36102
26008
27618
6115
60963
16678
18590
53176
48740
81748
47208
15594
85155
21011
89873
25193
68513
57145
89080
72604
8790
61581
62978
82711
3964
35583
84257
84805
54938
29890
30199
52469
12899
99658
90293
54421
75109
56287
16352
24691
63307
11715
38238
20794
82243
74142
49351
27551
96095
13885
23457
41420
95014
39452
10899
79073
10102
10341
94517
74665
25186
6722
60011
41041
58870
21907
74466
16261
8260
29046
11691
50221
26532
80750
64513
63790
92938
17304
34737
42076
69395
5932
52165
57785
33745
91067
50945
86975
32371
30630
61328
78977
73218
77609
34975
51009
8512
64452
33282
60096
95748
82217
77641
76728
49706
66610
26757
2201
40398
62677
50297
4208
47349
55872
90033
49707
43373
44138
84929
41249
86562
89647
62523
77920
23171
8524
62106
75580
90546
50104
9954
31526
23158
32312
60473
64546
7101
9046
13523
90457
30558
38311
90129
81074
21781
52611
61868
82878
8701
67697
28394
30351
59810
65382
71998
64324
79791
19001
20167
8981
74049
89818
54842
41506
1864
23153
40435
72106
75822
30385
7648
18423
86905
40169
23589
28548
34941
34875
84016
68901
75064
78516
75488
84618
38006
65213
97252
67284
68168
52359
70611
78204
5847
5661
59889
73130
14974
32434
14967
82912
86694
60754
74100
55362
12289
209
17757
58841
76185
88423
62938
85804
61346
62981
78862
73578
13016
34257
73754
71064
27601
11919
25246
5482
10187
66872
61772
48604
43511
17932
96441
28119
41431
43965
89068
11587
51226
68458
16307
79931
15436
55826
31393
42941
91666
6933
37348
63149
60922
38637
10066
79572
8759
36195
87884
12979
39232
66566
87906
31442
52911
32261
53478
96106
55777
84669
24917
55661
41045
83227
528
63477
21901
60587
72925
40344
33149
18776
82886
82730
91540
83766
129
28309
24130
33225
29287
79787
11551
5665
93542
83797
6692
10184
20389
76626
86704
96974
73918
3600
97968
19929
42931
19414
23525
82264
54012
75457
36556
48281
52014
48499
22180
1746
42407
34817
20287
78535
12934
7354
21032
84921
30845
2234
12642
21954
61507
7141
29719
90192
95496
46968
94279
76613
87047
7364
65324
90898
2429
87735
20189
74443
84124
57777
60733
74227
74483
81537
27938
49931
93541
26605
7783
20799
4396
6177
68067
13651
27965
30387
52631
22930
23645
72301
58757
29764
31477
44284
60647
29428
13661
76581
54878
52706
95349
81113
8404
13581
74528
82611
14320
58859
33990
1465
2741
1887
5024
33711
47997
36667
66522
20321
70642
12060
94883
30672
19325
26765
68469
78711
24662
41940
3341
2220
6700
1615
77512
7898
96048
21892
55682
53355
11967
95107
50149
70995
20281
8791
37448
50461
94607
17348
8042
59953
37306
42131
54835
52566
46521
65095
69439
92518
24416
2687
87717
46974
66968
38357
69494
90349
71611
37131
33733
46438
35644
86157
12343
19618
6946
81434
92509
89118
84402
30684
75166
13567
12584
55971
39459
40262
21263
3152
10734
62330
62108
89504
54541
69086
28904
18388
1987
78157
7566
62174
5985
91857
46321
70322
15457
28255
91546
76583
69584
98276
26473
37594
46805
53847
6899
20269
27874
62966
36431
92619
91259
56757
73018
69680
94331
87917
61403
15049
53796
2193
84602
22649
22464
33831
15297
51934
24182
59023
91109
54383
52179
65056
71274
76478
18647
62648
90345
65308
99345
78834
32071
83514
72891
61429
23343
19770
76398
93770
57363
30254
24404
92710
43916
29224
81763
89776
46725
41696
1390
49526
97115
66824
10405
36574
59592
86359
39644
61367
28133
905
80074
46625
52064
27081
62580
68826
63581
82145
94796
34814
19788
87070
25925
29279
46529
40082
91169
83723
71921
33416
50827
82700
46586
83987
12196
99413
91394
65821
369
34480
63973
32353
82850
52007
33379
25815
14244
77703
79923
66907
51067
76603
67708
39988
60019
25371
44537
4885
91257
67466
48403
19604
19408
25623
78934
78508
71558
92822
57256
31998
17826
39254
32211
39337
50286
87617
34449
38737
83504
4572
78943
23608
58307
11682
49547
67901
94833
59966
27219
10832
80033
79500
15142
377
5529
15467
6534
13717
548
19088
98681
85350
20910
27064
19206
13331
18131
43094
32711
58112
6734
24526
60226
251
92348
25144
80578
63226
64370
25992
12992
85547
11652
69661
93827
40626
13332
11812
67513
3953
19042
8817
10291
26337
6353
43067
94353
22490
36390
60361
23515
66845
52948
32181
28806
85392
36693
12345
40016
52583
94750
11963
35360
63757
88973
60476
84172
42024
4026
34369
3677
92559
56534
97282
63886
96100
334
6088
14803
26114
4365
34408
83049
36771
67447
60210
609
8315
1639
50892
84527
90866
84889
93832
4281
80461
65227
92311
53361
8446
59537
51679
72278
38949
44658
96102
34106
90916
23497
6772
5385
87353
85639
37907
30651
27794
92180
31586
72166
69864
70959
62962
58056
11894
92531
37999
11080
94602
89611
1518
71357
3882
97170
53309
11635
16203
41224
45481
13229
47422
73407
64878
65992
58552
92587
47108
45601
21989
69324
25473
26502
40246
34193
87155
17476
22728
5095
48576
32896
73062
72350
30614
80734
72801
85237
85606
56886
35939
60550
16317
98305
55729
16064
8299
13995
64306
63956
4763
40208
37981
18578
28420
53934
81003
10224
92426
19258
66187
89879
56460
9387
90382
3087
83704
84087
31232
53467
14607
54801
3438
61740
95723
44574
52753
6153
71537
45953
89893
91165
79548
63648
6022
78671
5192
27133
92827
13460
22108
8165
57846
65720
71275
3585
27168
77642
57595
84448
16119
61847
84047
28002
50040
31912
10300
45427
27289
29475
51965
82219
26495
56364
25912
65354
6512
77434
934
22158
74706
64995
26230
77872
50065
55936
16665
38565
43202
78234
85942
67683
40045
88913
99476
933
21705
80956
25008
20117
22187
60214
29693
41995
27088
36222
10438
62715
3618
34630
46255
42754
87289
41607
34279
50999
95847
62380
29256
15979
82427
85482
34441
40718
12382
5434
92634
13156
79591
4595
5035
7041
63554
12572
83030
26839
85390
62218
48448
31413
32993
24687
8564
49294
7882
63963
54996
72875
62532
46765
24305
16813
85714
59197
68149
71012
43266
90775
6134
23751
42069
46384
59211
51634
86773
19068
17611
32835
97567
67610
36565
48899
32939
46516
80554
49208
16915
1660
37152
53832
45167
29231
89745
81656
45184
19160
11493
38969
8004
82099
65906
57322
91228
41300
61627
52297
18666
94551
27463
93549
88732
46890
48694
18377
14711
67178
61049
42555
92286
20678
33459
55165
10928
99115
51102
14660
51928
99928
95196
13772
69854
94005
78980
67111
1075
70040
92144
92395
49250
7147
61987
65153
86491
69243
68107
71417
10983
63048
33541
73481
81629
62208
2919
57620
50322
78755
1530
44431
87639
82596
29275
3689
23488
68359
48693
30762
59349
67572
42232
80225
17866
75445
67768
69218
81338
5356
60140
62902
32785
22364
81285
2408
72260
11377
7792
18701
14441
88904
85016
26354
58243
15028
1687
91138
8925
55831
27939
85323
74519
83614
78423
77679
82960
17181
42013
4873
8244
9259
36632
32206
53174
52692
89059
29218
18962
67990
43864
56120
22063
54749
1912
1252
8770
56826
57164
73077
14340
96993
33561
79829
22872
21641
63462
71792
69123
13430
77873
61984
99579
46441
67355
81524
26480
59051
5655
60616
67268
48484
54029
19331
95268
41827
9500
60452
46699
65285
38459
96482
59026
55118
69604
30452
76652
21059
20426
20808
72554
40105
12380
13851
26806
65566
54446
42785
38820
5950
95530
88752
29216
73888
31753
29348
50019
1480
72795
75684
96433
53006
2163
37975
67373
24127
68880
7693
76153
36932
20680
14782
37528
5340
83444
82504
53274
33533
52961
86570
37939
32732
23265
51901
91185
92422
62849
88747
46495
24256
3393
67134
23932
83758
90356
25755
98507
50511
4901
98964
19940
97200
90471
83887
83672
911
26129
23371
45760
33435
85461
89495
965
10628
55675
77333
65547
94466
63473
61329
13544
87514
12051
1435
48991
72802
49578
78332
95163
49691
26298
33527
89018
11486
33121
44893
54340
39978
48342
11997
30449
71475
23121
17705
61861
88566
72700
35077
7529
6987
58718
87380
36547
57493
8322
38748
63244
74785
15282
61893
93998
95789
97223
8613
75050
36125
47395
40830
75333
75622
78324
73495
39967
7732
87014
9699
32350
25153
38021
61649
15316
45626
63403
55671
61947
5096
94873
80134
93381
79596
31740
91291
87753
88656
55829
736
35574
25488
39832
65129
5005
54477
28740
68590
70462
28055
41299
88974
67085
64202
88765
79465
58935
28818
9104
37198
50696
14570
18923
52936
19111
70352
34241
62711
61107
55957
38324
67786
95806
71061
95180
92492
84393
30524
11321
83781
37221
75883
26894
58903
34200
26425
49974
32735
73786
69620
2801
45084
10103
85625
83420
76530
46870
69066
41738
56449
13771
32494
36268
62959
77939
54123
67500
74133
4961
50705
91031
17895
54040
38675
42425
30733
99386
5758
89683
81318
97667
76217
36443
35676
49229
36240
74269
61225
63774
81816
62965
85808
39167
18758
40959
2263
26496
70482
60070
85039
11286
57425
29397
29552
90936
51489
96235
20268
72511
5085
65721
17587
80732
40092
47442
77864
37343
34322
11074
95086
47173
81754
32858
68076
26429
85679
1017
42207
28829
78797
18979
59225
20828
15763
42471
88651
31857
23820
17508
42480
54320
77275
25818
20533
90778
71945
1635
58623
65489
58442
24351
4824
34026
83228
1364
77804
1154
6318
74783
28182
20324
75512
47687
33042
82622
88685
77785
13731
12896
86525
27640
89701
41962
7439
96621
72214
27076
59041
25598
43221
63609
43160
7096
26107
8396
88708
66431
25554
29495
76920
50253
53398
32308
92023
73199
26145
81539
28136
9814
68677
36726
93017
23782
26951
15484
56582
57812
89201
9433
57127
36081
25506
33162
22451
15985
27256
6417
61191
61948
85069
87057
99488
44341
28875
56381
88680
69984
84766
86162
84089
90825
55208
44724
90824
43280
3181
33029
33987
13413
13027
29617
92536
6986
84442
8544
19690
50238
47774
60371
35489
13162
83837
15678
10825
1389
39836
47001
64589
84798
72029
76929
10380
67661
74296
33706
57880
23976
27403
2395
51193
46472
67505
84433
14917
70342
65815
86113
75646
37754
26692
55255
75180
68857
1261
48512
83578
94735
544
53409
53810
41505
13366
72432
88914
39044
58463
13502
41208
28721
71006
79807
18178
25009
4040
46425
87024
60893
78531
61912
55024
46596
71844
32283
42800
37058
78292
42903
56554
70811
9484
35893
89512
71991
64988
53136
82837
94375
14764
38230
64099
92461
54905
25710
45186
79647
61061
11289
25152
46698
86699
43737
95140
39587
31238
53492
50653
1624
16178
75525
9696
35835
257
34356
20931
45234
60324
62212
90742
44048
40399
26668
85306
14472
6813
62061
78659
5961
43610
19255
81587
46531
45357
9983
89660
12539
95189
32292
23590
4431
2246
83728
42937
74647
92884
74079
44240
52338
30537
91937
65712
97232
50493
43125
82284
22320
3014
25330
60351
16508
71550
1915
89006
29131
12418
70903
56146
9837
32170
40206
15419
20592
49746
81781
91241
85151
50195
88958
13104
93244
25328
41443
56635
45050
6786
50724
39922
90121
29759
31733
22057
90959
18773
86710
18698
52423
5277
73333
59930
73945
41726
54927
59534
76706
79468
75479
9366
79638
19847
10054
83011
42771
69617
19512
76667
68595
25403
84364
9552
86204
56274
55555
75251
74310
18518
53253
80048
22256
33138
35982
90594
42402
23468
242
25814
20444
49228
99235
77197
8901
3865
93715
30599
76942
60375
44492
52549
36172
57671
68842
11393
97755
40848
85261
93374
78773
22405
4788
17865
46197
7755
16855
82020
18511
26456
19118
56972
31917
80137
25764
50889
27611
196
79736
6920
77247
2608
75811
77742
59233
72093
72266
53469
77477
12254
59182
77917
34916
84996
17770
19945
39450
13739
66581
58346
20285
94834
58091
75766
42236
28091
27336
10215
83396
13349
5697
2804
56034
68991
14231
66916
59657
15795
64893
30687
74696
64174
68646
35668
1267
80737
45443
91221
13137
73975
73166
44540
58591
47561
62561
65907
44930
69515
17288
39509
89582
154
55837
2582
26665
41670
16716
86222
32881
27514
5280
67882
21367
1167
78976
55117
17759
77135
60457
3452
45720
12787
34418
39727
8222
96548
97767
69550
18197
91070
35285
18171
69921
85529
69413
88707
96571
65631
42878
29974
31908
32301
69370
13423
91172
53225
86600
4531
13052
49664
64416
24124
18126
52836
97843
93522
74722
2187
40062
27964
15840
61789
25853
91896
8631
23098
96747
71362
90452
73862
30268
6666
47152
64643
74287
17744
79837
34591
20564
17635
78940
5949
14755
99229
58246
14555
61567
12914
96213
29935
41987
79384
42007
58531
81688
39329
16614
64035
76814
12524
74326
41218
92167
20329
66625
50507
74637
89650
32072
39934
60285
14360
68091
17764
40357
65109
33252
85422
17333
98512
46246
44507
44851
57158
88443
96738
8687
95698
12049
96143
92753
21884
3105
62593
63979
33772
27447
92872
5830
84874
72363
11639
41829
35781
35590
47465
26341
3211
29650
96856
50279
9582
91569
68217
44275
56703
68906
57112
37451
512
22349
6371
74211
44499
73376
85379
49347
35334
43429
93480
78040
92335
54063
72533
41999
54589
21990
80915
57683
58061
52218
4986
63832
42520
47538
41269
85732
32131
15921
38741
13493
53127
91655
11049
53088
65
36005
64855
96965
49341
95644
13201
32428
64364
794
54337
13200
35596
84335
46645
16382
11734
44742
97391
96597
9263
82680
85960
92880
16181
61722
21910
7351
95712
58150
35052
77151
92455
89438
30914
26460
71385
37767
37993
2674
8798
4443
66701
13169
28152
90493
5812
8220
6217
49027
62119
22078
27068
99360
99714
9292
84718
85838
22739
29637
9937
74150
42058
5203
14134
72126
65207
34774
46332
36521
41636
31115
8625
22397
2091
68947
42957
86740
86921
93931
809
42978
81963
15749
19585
37537
25378
72863
84167
27333
61615
96590
31110
7578
37194
12417
19740
20782
71068
37895
48538
21951
27616
89012
66198
2383
64969
54513
65343
84307
61161
65046
92307
64954
79440
24020
40124
84396
39014
33613
82766
82490
19209
58401
46644
49086
77951
22969
72777
24478
79789
53138
25007
86120
23193
8484
44191
66516
21388
25490
13174
92818
27344
80105
6691
91224
2673
85185
43073
85641
65048
17111
44455
53505
16541
51481
34124
40951
54675
68277
74656
546
96485
85741
10468
10004
88701
27889
44584
2093
45822
4272
8314
52503
47510
74620
46857
4348
66635
80348
95674
6424
20258
1842
77045
81101
79457
63329
47844
15951
92429
80379
99441
82224
44985
60984
42742
57680
68126
45898
23422
78316
65703
2516
58744
6661
49939
66856
67935
88390
35575
50341
60724
92440
84312
69865
70390
90856
7911
76841
69512
19273
7840
51745
24756
70870
59238
18696
30936
15761
89890
66832
75956
14316
72434
86590
86907
35534
58684
29125
23397
63719
19946
32136
33430
800
34842
12374
37444
65865
94907
23395
54637
43603
21222
67934
38642
84879
99008
18008
3464
90650
85066
43549
52354
2315
80238
18751
52016
16030
46671
75724
71845
94654
7129
1295
87525
53533
88237
48773
6093
44775
79116
64021
80631
99159
7526
93289
85812
37743
86198
65131
26928
21762
78642
95379
71369
29797
23586
16367
40369
31861
62284
49790
60679
33532
40343
56159
43436
48565
88899
95833
8515
70657
11308
13483
84518
95297
4439
37832
59614
71822
97410
91041
11907
10017
5726
54137
34421
70760
34719
87429
28097
23342
16044
60771
4576
68340
10600
13031
45289
94811
34101
28656
79341
69486
62317
40374
47864
10596
53060
59882
48532
21393
42539
31662
27638
4169
58961
29745
90729
83836
45791
83590
76125
67937
48096
68958
80892
47656
46080
82409
53560
10884
49544
24970
54949
89501
961
23124
55638
48866
13791
40796
15609
71557
1619
82735
93611
41989
72852
41178
12267
93538
58816
38363
54083
72396
65662
48440
49122
66778
64206
36282
41921
75982
33519
39119
12338
81755
94916
35598
82153
11485
17313
19925
24311
88103
61083
56828
47862
38789
62774
92784
922
55642
44580
52243
7831
78340
10076
43016
46512
92817
52718
20196
10544
6204
11566
26516
96431
7055
27030
32489
16206
63854
28726
88990
39027
2063
72004
86472
79078
33472
45672
50861
94111
74889
38981
67617
1645
85670
8464
99715
44215
66486
34568
57784
44312
45554
35847
23558
31306
22983
33321
78286
32453
78014
85174
52870
34424
88610
16919
95239
59391
37960
77452
39879
38310
59469
68339
87606
75091
21693
41294
54977
89989
91997
79062
70539
27063
38384
47723
79267
85140
91167
62406
28137
39717
32839
87546
58103
66697
72595
62480
94933
91269
40425
96182
17161
35014
38447
66762
8531
16000
7681
80403
57827
77653
10228
58483
33750
9703
39645
78336
60328
9057
21634
25847
1821
12352
998
42684
54964
42075
13687
39985
44807
14763
32420
20240
69189
10090
71168
70120
4955
50600
13683
95077
73598
33599
58984
15705
7931
45048
32151
23768
6633
89352
59986
16909
42563
22575
14565
64935
27723
70590
1357
6456
56823
85963
44336
33749
92624
5676
88949
50237
87810
6029
91061
96620
18204
29416
72441
64740
92729
95405
91357
22028
82841
17931
20772
53609
83628
46059
20221
63346
28742
29486
48385
81558
67255
20633
95880
54335
60617
70817
10474
27690
52412
79799
59670
11296
71700
41211
86039
85250
93341
88855
11498
81386
89844
56018
62116
75518
46032
9010
5000
31379
95543
21765
29783
712
95916
43762
52749
58590
39966
56698
48753
75126
23561
28631
79866
92218
55383
85749
62537
38072
89104
76725
77520
49378
47939
40757
47547
78633
40514
59746
3782
20505
18869
8252
17819
22129
89732
93035
89476
93990
45409
44414
49338
37002
41902
5007
68132
99471
7856
29000
73437
81704
90253
77527
76752
84826
80911
3672
99843
98133
92846
90284
15811
10858
3031
69156
79391
12521
69991
78801
47175
71488
35158
75818
47799
87219
1402
10122
63662
69779
47643
41363
73925
81880
77179
27212
96427
83095
10370
78267
75144
34174
75506
55556
17365
36141
56329
75992
58548
53325
19749
65133
76074
41246
14349
53369
87954
66493
35930
97072
35967
85303
81922
91393
20823
62251
87292
50256
4447
41694
4469
84773
87988
47761
59567
47618
88258
67637
96349
55863
96900
10369
59787
17221
43588
30256
27327
11185
15695
75513
12973
7868
86148
3135
71907
15536
18149
13524
43491
49035
58670
16643
23925
97345
78391
61524
47425
18249
36104
17600
60767
52846
2488
24510
46393
94212
89347
29883
4542
57554
11442
30181
46242
18455
80754
98850
16648
40817
27688
66478
7304
33000
13001
74947
71710
52240
19319
61038
91171
29525
16742
67868
47238
14161
11869
52216
70481
10682
74971
89155
66116
3473
81234
74507
9553
44500
80141
94990
38325
36402
3642
19125
17768
97009
59088
52400
23387
34965
19615
31255
87909
90560
40154
93928
77740
26929
25589
69231
41469
17980
29361
3915
1707
9852
87286
7440
13686
13747
64033
85621
44231
94534
52545
10108
86216
56208
6372
92630
84553
56946
13089
77815
54274
24457
84308
95726
7811
63695
35756
92337
60666
78861
60544
22595
6025
72406
47795
53392
50830
95281
16067
80610
58014
87713
38147
70345
12784
11209
80509
31938
51809
43012
61712
39631
72465
95982
83965
19466
17818
80095
34105
25604
40052
69650
72939
22662
97124
14139
35496
45394
90477
59021
34614
83632
50768
82022
25456
33520
85013
40624
98563
6256
25210
11160
42367
1498
63047
49807
79128
9382
32414
34415
41385
89670
54798
52892
18674
57767
15208
70758
29755
438
86132
93873
95157
36365
71048
27586
42033
27147
73558
54034
14108
31171
78640
90821
19464
669
99935
49104
49233
86841
79743
33005
25395
9705
25375
84971
70747
16336
67909
49507
70786
13562
64393
90466
78387
26009
81046
40578
4596
78473
59774
21997
24403
15222
41542
91691
24443
67431
95043
40238
42612
1551
53714
91379
91766
67679
95765
33374
76566
87434
6680
43022
85216
28107
63768
10289
42690
18445
66540
22424
90549
25919
34326
44401
90652
1092
60441
2530
26216
15753
77992
17771
45969
44122
85522
31854
99021
82791
69001
46536
23108
8590
31545
43381
79834
46624
10469
75374
21086
14366
46783
37314
87645
57043
37266
57408
83749
24642
90226
59922
15478
47564
26121
36
49988
63379
41136
97716
22566
6006
78551
26109
70936
67747
5141
13798
68438
77831
81662
17301
17795
38968
50042
47903
31073
68560
30944
88293
59683
96836
90264
42577
68543
3320
6823
34958
84500
34585
5894
50366
53479
42447
39226
46775
81008
12635
36456
68296
32471
61923
55202
54901
10033
86328
92826
63720
74336
46884
18862
58183
88123
65335
61264
51383
83426
32376
27530
30185
2945
56027
96498
67499
81223
68802
77690
18217
94358
79472
6450
92708
41886
19117
51463
36151
9653
57792
26362
1074
30054
44768
36476
29432
33332
8304
807
11461
97788
98994
87268
44415
34276
14038
46159
55606
57699
58908
13538
18654
24132
87834
83141
83025
51197
19021
55002
57001
15131
53417
8891
99612
96159
88888
30293
76704
76425
22154
12986
63249
30919
29664
66694
10392
18485
92976
83913
68572
26072
73818
7137
61647
23418
9396
81027
2169
62683
48649
12189
28825
10724
8069
60928
50649
86101
50835
54005
96398
18506
27950
32231
41871
83164
65453
21474
11774
55885
57706
34489
20156
58989
74628
37184
93069
51526
10248
73455
85512
38177
14388
3791
20997
11615
76117
74290
60825
53721
77851
41099
29203
21545
62253
60110
29426
84698
69343
8065
95701
77112
65711
3288
70116
51666
72015
398
36284
33682
65691
55371
26635
43392
66146
63974
83971
92250
24840
51289
57688
60340
39610
50918
82031
22022
73180
17787
8049
10074
89557
46416
28810
81959
47726
22388
58495
49388
67614
43616
98973
67566
53964
72634
79011
29365
11145
86806
76483
50348
82244
95454
65063
12043
52237
73955
32126
17009
56043
44892
49384
65218
53729
59784
36587
90074
81618
84313
9869
65924
98630
67775
122
59287
95951
22657
40256
59640
81779
76239
4679
24585
76143
85779
45269
83245
34287
14006
57130
54186
91757
16507
1825
19578
75171
12759
39899
7779
26952
86606
34214
17643
13569
16974
22454
12188
43569
29157
64779
13461
94189
58986
52556
25112
45670
68314
32320
27860
65932
5592
8148
36495
15976
96794
97846
81450
40920
72822
95588
34572
11438
69073
18199
99610
92280
85034
66936
32562
11353
57356
15955
50846
96518
13155
1727
3235
42372
26807
83457
50028
71154
87776
22442
13542
11465
76806
11726
13499
18047
64752
38672
25216
54194
39037
81878
2072
72901
84169
69496
19797
37924
23762
33945
7832
96067
46330
28989
48199
67084
85569
78552
2400
90050
86920
36165
34761
50128
48274
83496
24826
46423
95265
64570
87923
55880
32705
48724
22802
77218
59753
64754
52602
62297
76119
16460
68180
88580
20336
46030
66974
13370
16882
73308
37039
6488
1237
12393
27471
73046
15002
34420
94931
13220
22465
30738
74160
37473
27769
1009
59453
34163
28030
86775
74535
77553
54838
59120
3970
72978
35065
23297
98484
40210
4690
90473
43145
21438
85099
93047
28257
32829
83599
4416
68959
73034
85713
2106
11844
20776
3532
62720
68063
31927
26528
76887
93359
60829
18030
66360
8265
36935
22295
93172
37167
61628
21448
80909
71638
34240
23689
76114
20988
34592
10221
86995
51988
67391
77384
63476
35874
32300
4809
76196
67457
3114
20753
83795
77010
53452
54877
4485
11362
79569
17501
57119
72915
13600
4458
47868
94779
26610
54298
24294
58116
63461
47531
81757
79432
85697
33535
67945
47901
91308
77016
93893
22247
7860
59557
11101
83485
15410
27946
37237
29086
74861
18414
43533
37807
62749
91507
41692
58709
64859
11749
53557
15201
24894
22493
71246
35294
30381
77633
34853
65400
69876
84349
97049
63939
30746
84899
9095
29530
5229
79568
37513
13304
91079
15016
77303
25691
57459
19984
75100
43653
42421
74234
9784
29576
77168
47457
65359
22450
71982
25062
99275
47407
7224
80165
23357
95108
1974
18898
31479
59083
54097
77184
78707
92804
39360
37744
9469
93779
68162
69384
96014
84547
58436
84052
50414
40873
10150
9044
41955
87585
46510
49959
30458
58960
47082
98982
433
90017
73908
71318
47081
37345
67638
3815
35340
75046
45375
57697
6925
61444
75871
16171
63583
9176
60772
42461
89434
41513
48380
2420
57643
37271
42741
29493
30236
46444
67511
89652
14720
77826
70528
68520
50262
75589
55477
64975
42559
27706
43911
15719
12302
8275
19156
60962
52958
24384
45215
31921
10946
4420
85961
50465
39211
62157
52796
46763
4248
47484
17846
71937
12075
15184
72950
5515
77819
39575
35726
47703
86818
83194
69288
54269
6306
69993
29110
45731
93878
58175
44917
21480
21236
32875
30509
18599
45903
15210
73463
20978
73642
31359
8294
97810
16144
9576
4152
34855
81276
65955
79041
56318
18079
56420
69161
83774
65375
88774
51708
99560
18732
56872
50324
30548
67334
55509
10766
45532
48277
75723
88043
23966
10435
32313
35459
90149
15019
70579
20125
2621
5943
1442
48936
50140
24675
45230
48149
71788
95767
47914
67889
10482
43718
53818
26190
5199
62244
20959
54984
51069
78207
96633
22673
45635
57847
73478
2922
98274
89695
32623
99087
61099
17913
33129
39411
44160
87945
72575
49016
89342
27276
29959
76452
67149
40851
34975
57588
50131
70221
16942
14943
58821
24653
41562
12704
80950
98093
94700
83946
41025
79766
65120
31820
10500
36259
15670
24687
83626
2969
74130
69817
82585
37805
46181
14823
37608
17984
75598
33853
59335
25152
25333
47342
88527
71561
23746
18173
61675
46895
53835
54334
28898
58524
46733
22993
54576
2269
29532
83686
26649
21128
22930
14216
67225
65125
51946
45038
32551
27901
79550
69228
77038
71524
16275
99223
96232
43419
51319
62980
73040
75061
51025
74258
48910
1227
23191
12341
74727
74738
8374
10976
42369
9874
74141
78361
97581
96066
78744
44357
73809
1779
96285
53383
40013
43948
56590
18124
88933
51114
24383
83061
48756
57805
43893
56291
75506
49777
91117
20533
61200
54107
20774
86717
15667
52836
22048
6825
22875
52616
15228
30247
26161
68938
1680
90038
52912
75811
32071
36301
4628
6207
75490
86252
57337
16269
54675
48207
21678
50819
63480
