59020
56404
69456
60532
104159
78155
97668
14614
81905
32406
55078
46446
87441
26009
88516
49444
79702
30348
57440
29577
89160
26725
62407
28606
71442
54918
101014
21965
101863
30326
19588
17051
6154
99661
103827
103947
27439
46749
56490
30436
10904
16986
44669
85154
90513
64965
55401
17564
47925
43132
22956
69415
19786
38717
23178
53881
24520
28268
96034
6171
66453
99108
20518
58966
81618
3787
15983
74625
98808
78203
56322
27299
26404
60483
81509
38268
6875
44205
25544
6340
76133
58177
19198
8694
90899
73046
51683
94862
10979
24591
82236
104251
12041
66807
14438
80550
15108
61861
92126
19503
56965
23639
89908
106527
77695
7278
98682
7262
55238
33109
61162
77037
33346
24474
53988
80569
51030
42235
13614
56456
97599
88052
12255
66407
47629
77137
33305
26489
97970
93142
19303
35892
33614
14343
26261
13498
91526
54618
99298
92762
73542
71212
4785
15412
14864
51519
37384
192
60323
14767
33713
70272
33788
107393
80663
34290
10817
100043
70845
83588
20597
73168
95281
90946
89294
73003
26897
25622
57512
32228
73443
2154
72300
94582
95867
41624
90705
142
3845
94622
35525
29947
29776
33227
22330
95120
103958
82805
42020
51658
86558
30335
31578
28602
48337
78882
37447
76325
13309
72805
24479
93749
21222
29656
43030
67835
29418
53365
29847
12151
85761
87540
44903
71393
59960
59543
56207
29039
57534
10595
39433
93014
64316
41805
99493
42453
86812
45833
66935
37948
85842
22717
96841
50624
77011
103890
97509
56800
71361
103502
4395
26372
52847
53013
83785
74447
35447
66592
107356
85060
2771
53235
2009
105130
28425
70908
76361
76145
95288
90980
66712
52756
96140
47945
29302
93402
20064
19344
66052
99147
75477
21143
39163
13926
30908
90411
3570
84152
60618
39254
55526
79541
68125
49784
3595
68105
46403
92048
51066
36993
46072
47740
96248
45102
75354
64854
57803
62898
94056
37796
88451
32008
45136
45827
98782
49383
81965
28940
50010
29876
50225
91107
32257
107662
92752
5550
62276
38145
29352
48376
71861
73103
98993
82642
22852
64733
25336
61846
5892
60746
97543
919
37728
841
62961
55291
18503
20621
6986
78562
63825
45012
84275
80796
35444
100357
6499
78991
43405
80702
1566
42731
58542
57520
39332
59325
105829
32965
25296
67556
62729
42831
32483
102852
5998
102773
99567
4768
92507
100269
34946
95070
79047
78022
80751
32977
59939
13036
103101
65324
95401
21935
44655
102633
54663
74485
6252
52637
31269
53710
13174
12758
19203
30916
28464
31759
76507
27419
100072
74323
16965
2103
21764
7986
83797
22820
23607
11634
5903
4943
9931
7577
74100
49677
25999
86708
77720
67955
4676
70703
66384
64719
3957
59745
84030
89995
63549
68848
65902
41288
52619
43419
2211
57274
76841
96626
91076
10791
102678
65749
88728
31404
64209
16296
7418
58035
20887
45695
77370
16799
78681
27137
3041
49179
84098
79859
52868
76306
4019
7106
21666
2859
64395
49372
38294
71698
27483
3676
34132
81777
40528
106210
9415
18025
36463
47829
33779
27001
40375
19914
98607
15839
22881
4700
80443
90680
54281
37755
38476
46741
81850
93189
34800
10171
64248
93729
18621
44710
29399
21944
54717
23118
59714
68919
89992
33650
18254
41066
43248
41863
39758
54409
51832
42094
107264
37399
39069
90594
99699
19575
107494
35831
105115
17277
77640
106513
71874
78921
101821
55216
86242
24581
105313
36058
71752
73652
17800
28481
36927
34640
1032
88576
16874
26858
106417
10058
11224
59230
14147
20427
24049
46230
64780
92167
85433
100796
79862
45597
36248
60331
1028
82573
85965
91683
43718
6241
92027
29226
16923
4816
16086
41163
15151
8116
50991
88185
81029
64552
67069
11852
56328
58553
51375
56851
88366
17713
30652
47554
43385
32109
55897
55547
88662
12879
93731
104574
70435
31922
17045
8067
51559
100453
98690
23587
68231
98379
75291
65804
92110
29598
95726
58744
55715
51326
93939
19603
64646
51950
81315
60335
12463
49632
60517
76811
55140
16466
41719
44313
31297
44321
10633
28784
64691
14799
72863
95522
59579
82816
42038
16940
21939
36289
91635
48064
32648
61398
76156
79057
43500
94770
46262
91185
17638
30644
63445
73051
71771
50556
45891
79721
67423
32162
82758
92357
48747
667
88707
100147
82414
7058
67924
105895
13095
86628
26574
14362
48800
50621
59061
25492
69229
105150
88756
70268
46587
60822
19113
27145
62186
5481
59646
98184
55327
21639
64679
77390
63366
61910
37180
54390
54960
23380
73341
99005
80278
81823
63754
82423
81539
56327
36946
81583
105262
73047
88484
82495
70661
82463
11859
18880
64749
17506
79877
72278
44675
99815
34796
71775
6023
17413
33056
610
48874
45253
29605
5969
89954
30937
96241
74298
32389
73494
84779
51894
25344
75624
107402
103446
22069
56421
28875
90341
46565
1225
968
31506
11422
6771
75702
51557
45791
57054
83504
96462
104861
49418
35811
29005
63994
49770
67368
94417
62201
2549
84635
83098
75782
53027
24818
34630
11898
14965
30964
97029
52857
14404
98339
89225
60354
34495
55962
98170
74941
30039
105348
90766
22762
82534
102389
92497
99522
100261
31914
50803
72452
46131
25495
4896
79252
9394
11879
87055
74357
29517
103634
68738
26635
58526
84450
4842
86932
57793
53343
19372
16399
11796
40170
82353
6374
28176
11580
59248
64184
55934
1935
74173
61564
21210
14214
51824
93760
43057
60264
15282
84673
75326
81416
50998
96937
73997
48478
15297
101596
4616
78280
36398
94608
35135
9422
4224
30738
69044
70742
7298
107152
83524
35884
37212
1578
71378
99638
101494
65803
87461
48516
106142
65968
20277
65146
33733
46798
83193
67359
64259
66170
81038
21033
78918
19533
43360
53075
106261
73243
49787
92501
105798
28503
57944
27582
48848
5685
48751
59369
82264
97551
37776
66126
15067
75495
90379
14415
63363
102522
54052
46740
45449
49103
102369
53529
97054
27000
56394
43947
19897
71497
66469
1417
54366
20080
18940
33143
68828
22379
100501
38958
70790
101253
20994
84950
68309
81333
46272
2735
58388
31132
105904
16761
84755
46190
77929
79645
103754
11943
103468
105908
74647
186
91359
94188
73685
35109
80385
42229
56029
23412
10827
92086
28473
23530
78984
55349
80381
4313
78706
29112
104340
96404
86619
107254
93894
48007
49356
13886
4098
11512
91203
72555
103603
88794
52633
59173
3897
35681
2381
79205
44403
1177
13108
26042
62409
89431
32693
55748
100781
6836
95399
93930
11631
107244
6605
58782
25827
53454
48374
80180
29645
77022
35536
69186
49153
68592
50445
38732
17912
95861
58722
22730
79901
34384
87392
45968
67023
40331
54731
5258
57733
41791
35804
54670
92253
84430
3851
84177
74512
4767
18187
10905
68701
47009
51770
43760
14123
68797
51933
9489
6966
77117
33669
39774
79942
23218
83094
73461
59663
42053
46965
77622
31014
89732
95306
18664
64869
41753
25448
4604
55082
7158
15784
13269
101207
75978
60307
9724
90610
57259
67794
91734
45201
46779
69309
66853
39330
63731
87004
4453
2893
1354
8503
32198
76986
58299
71574
95363
3172
40796
97589
56389
11703
16018
39535
6193
23644
17944
13200
12651
31901
54762
29461
69538
8302
102097
83451
68273
76911
37678
14521
95648
49731
58764
71007
77662
8970
97563
40216
18716
7270
84900
64704
29537
12023
26281
7424
91064
60361
72421
71193
16948
41626
88252
43432
83104
42029
106111
103095
61997
45910
58536
55361
68688
55963
68834
60652
51043
50003
47111
98178
32131
70969
39740
5952
10105
37738
53481
89379
86958
71481
19813
30868
68817
97070
9854
49571
65060
47741
61360
53419
42450
3482
79241
48521
65313
68050
96253
95298
57880
6463
49485
16518
72203
17331
924
57187
22344
27349
56970
204
17335
17334
30465
107288
28096
55595
55384
1234
54794
72754
57618
51672
26683
26726
99364
38653
4589
37817
60121
76048
50952
11370
19549
51414
105603
36866
4113
4598
1963
73676
43968
29416
75403
737
91707
74241
30181
17098
61243
58284
2323
54658
53789
26221
26097
32250
38984
26151
41642
99062
7039
34140
42138
11470
79117
36424
20670
8643
35177
68852
63139
29946
38316
5149
97841
44522
85299
5769
92116
33371
5979
33356
103619
25240
73170
75468
24118
12158
65143
40521
94603
24252
67717
56234
12380
107044
80424
72071
97371
94832
11322
72072
13924
29657
44904
93720
17605
66406
41570
99514
95834
5003
93425
289
61
37422
3417
16055
20540
27140
65620
30077
74140
68934
9177
4574
20166
58506
78046
102687
96990
6863
31303
54282
16426
58709
662
42431
7711
76978
17618
99760
101659
21209
107469
48649
68374
26719
46960
1998
68970
40585
12028
1627
107684
623
26588
39460
72163
56159
18904
39593
17159
74585
89297
78530
91992
41652
50375
1396
22806
40510
25675
64252
59831
21110
15964
75682
42472
33137
420
31798
30398
92152
28030
56902
89105
70598
36534
55935
65089
88218
90795
94097
66138
1815
58777
78249
9081
15856
11683
89818
81569
45894
60435
50215
10605
103779
33667
57409
39253
81501
104588
37301
24078
102206
85813
10768
60122
102538
75844
17296
83021
34862
10577
90706
43636
106254
47929
1142
77403
64658
12235
47500
102979
86732
87644
99212
13502
56526
70198
77611
4154
69134
39641
14258
22713
73321
31817
59436
51625
64208
85495
62626
101167
49852
84781
102461
10723
107622
38222
66863
14812
103003
79297
21484
25133
97790
25252
7558
45956
5857
69916
53269
42039
103652
47205
23496
82967
96953
28899
32996
54813
74211
49096
102617
2700
98699
53011
83804
30123
37952
21006
102958
75406
44324
28353
47419
87201
39558
11167
66696
72525
58295
14341
32278
103279
40391
53000
57334
11639
77417
26723
40066
34758
57921
84658
61188
52369
80039
58125
81589
63076
20567
99820
95876
52664
13749
1490
77497
14177
70876
85384
103078
33809
49544
81254
61629
91218
13793
37073
66852
51314
58052
79949
60243
21394
6302
5219
85536
12935
73394
79558
55392
43457
15622
5758
93426
27853
16603
5774
19770
99328
37424
53208
57361
58861
7014
20877
61911
98954
73291
87109
64894
7215
44572
88660
25061
2384
36211
27579
539
70494
50923
2946
3800
58991
49151
48844
7823
96330
102149
33411
50359
76979
72312
42399
55613
82826
24596
25836
80519
57575
55200
104199
61871
16175
104392
44863
8592
55923
77922
100837
64155
14170
94437
45866
76545
56869
9362
61568
74652
985
842
25926
100448
83676
26214
38193
22655
8625
72173
90816
14939
98891
7260
1827
62394
45281
93291
70696
17287
23537
3818
50013
65464
105167
30837
13019
25616
24504
54289
90247
5863
46977
61658
53622
47814
77256
97057
13957
26430
66641
25011
37046
12644
104086
73825
35511
45850
2723
8006
93523
59912
46422
23572
35453
89514
53425
95571
82196
78263
91697
68927
75902
12970
90606
99344
22323
41865
43158
83421
101676
58739
89158
103374
518
43544
99499
55367
32358
44527
22683
86306
10589
41702
67452
27690
56001
103266
51333
74443
70240
91935
30011
92820
99731
90256
7759
61740
41263
13083
20485
33083
74744
45591
88419
62014
65112
72099
33010
83259
10194
530
104161
60057
43038
105214
67701
86948
31521
49890
49879
83043
93798
87302
36853
88208
96233
63378
105126
62066
29242
61672
20463
38685
38401
47957
92005
85415
41797
66988
94474
59760
36963
1947
21130
11466
52714
37151
69868
72108
101598
77616
3710
28774
90739
63321
22856
84067
15441
31904
17137
93827
79768
27078
35678
63241
52207
43107
49162
75288
104270
9544
88862
101929
31998
100900
84414
64641
3881
89628
63712
42581
35040
105174
41300
20072
22168
60302
44460
53653
98098
16806
36502
22154
60671
20170
55638
3010
26418
43798
63619
83366
32578
16596
91735
61144
88127
4219
7661
80317
72799
19002
36517
78963
5507
14378
19565
92631
46515
19304
57469
80609
27461
34188
6720
43964
54290
45821
96681
53585
61746
72404
70325
39989
32569
24916
14377
28598
17105
44374
69154
103020
16998
12943
57391
51723
90596
79931
33984
18899
72112
93990
91243
23492
2503
51807
13007
96964
81903
93958
102906
25640
38702
13746
83537
43678
58383
5387
75556
89278
39384
17478
71266
62251
31631
86951
47096
64846
82174
69528
85035
11537
66902
62738
84530
16487
67896
2721
24197
42463
91904
63391
41503
29483
104701
51764
51329
38949
91366
30160
13311
107260
35906
16337
98516
68736
91058
91998
87088
53519
87362
80568
11999
22808
16988
5128
93911
31805
12800
9148
71552
1485
73325
82213
54415
24568
14072
5043
50065
102124
63214
3962
41977
55123
28493
23542
99527
98540
8132
29408
31208
31724
97661
11858
16621
9826
6841
84125
50676
88187
17285
5810
8312
58863
78846
69076
40254
81747
86934
99040
57303
55312
36445
41740
64277
86862
48052
26306
14705
61045
100414
20929
71488
41123
19115
11566
37499
12097
75459
69603
28328
1085
35697
94812
61431
97218
26380
47059
21643
72554
88635
99749
35272
34725
39124
104882
99909
1750
50929
79215
62516
103953
100022
96933
50475
32563
96541
34877
50496
104792
71632
62801
54125
63727
44298
57769
6316
34632
17034
41449
56226
49256
47564
29541
14866
76872
3806
30487
56862
20906
78851
11277
64191
93226
46433
37359
7906
28630
18800
84463
3215
90482
87141
36491
26783
106666
7561
1341
105149
24911
5113
58236
37178
1613
32320
59256
63029
51353
79190
65913
58429
49309
9159
44420
84381
64291
31021
58817
19297
14991
35266
5325
95562
1411
38983
53032
38271
31652
33801
53356
102657
47323
37431
51507
2290
93705
23966
84132
24221
36295
55562
29512
91540
3385
48279
83460
95314
102734
20754
103242
56755
31726
20126
16989
55267
86670
71043
106048
104936
81308
79363
98715
59405
82162
96922
1212
51668
48680
49051
92981
62713
19194
37575
70915
86779
40874
40424
45473
89404
29137
34559
42326
83397
15874
48972
98213
57355
56524
49408
42690
99929
20017
36882
74920
46051
8096
56644
8579
10949
44499
74698
26345
10064
23634
58367
104115
62435
85164
76572
81933
98741
19981
96731
19300
29356
4234
50632
18928
22268
64428
5517
60344
3243
12229
23488
2191
88285
56652
97472
51691
87073
96160
5105
103994
51119
46019
992
74150
87531
69937
55080
52799
56886
367
38785
40971
19473
77456
22272
29535
63522
23222
63021
10250
23358
43508
76566
36770
106353
19849
63959
35540
43852
16569
57566
54849
55160
102102
68769
59321
60975
27225
94972
103145
46123
30823
36335
31126
84501
44776
77904
31865
61804
80375
1795
24185
10249
13293
8637
103935
21480
70321
5961
42946
38429
74604
30518
57321
92829
3659
82379
44074
91609
103040
34947
57588
33125
40786
91127
49920
103159
75720
52943
69799
39328
104769
58972
56022
91971
47077
7739
4526
34373
27423
19777
91604
82963
97027
37020
1730
14987
88963
35714
74853
91433
54716
49113
37945
96929
84807
92286
13421
58670
92884
10808
13610
41835
63035
101674
101523
78726
91628
21619
24017
69203
106056
92063
10453
37256
13238
23340
21015
80131
50888
22267
7060
94628
62430
28220
82519
103285
87780
82783
7651
64045
16486
58344
40074
29833
27132
36311
18283
69658
86921
77284
88998
75698
35237
95611
38301
45445
69055
53703
105959
66786
40495
4141
35106
79745
81136
67137
60993
16800
28600
33331
30411
87511
60636
54662
63485
21545
102803
77773
28343
2075
49967
85697
66766
52420
22944
8874
90517
46372
49100
88685
90771
7271
15448
90769
62846
74444
44803
102826
53681
43178
94723
67431
85680
77655
71858
27987
79783
66454
15263
72200
14493
81037
5880
9831
48913
48023
103843
87972
82349
88427
4982
59143
76416
90072
22149
51252
52890
40677
40876
27874
16177
9611
29316
11080
87698
29335
94053
22875
63451
24743
3277
223
47901
34388
40794
8339
100528
16482
21464
44997
11313
83743
107235
23204
36179
91123
78875
5689
87323
76782
15504
54624
29035
72512
100045
17033
52559
16268
55065
63641
4067
68059
8148
56582
43364
44564
61078
61831
51208
57806
41416
38906
80979
335
27190
86605
95654
55558
17921
78575
4702
1284
90089
87473
57103
75422
45796
32276
15018
63020
10830
75578
42837
71627
72504
53201
94120
24738
81881
58045
47972
53977
58126
80970
54890
26189
56835
78879
90126
89570
10239
50713
99297
9399
91310
42010
101851
68953
81542
36315
83577
39635
14626
92227
55827
61270
79598
26709
49798
49616
34060
13919
48098
49546
87251
30731
89583
15299
16016
15417
77691
38893
35944
85524
105008
76834
61848
30670
104546
34334
103848
99996
77478
55449
86542
83894
27623
41049
11967
31463
16846
51319
12536
85901
103327
23978
32149
11416
101716
80665
71784
102841
82834
42036
85824
92172
49368
46408
91941
35136
79499
57651
68307
46618
42088
90297
103089
76229
101067
62370
86361
47976
9730
66317
28000
4582
54205
62768
3348
1988
5442
103255
25407
53066
9468
21949
97885
22102
41908
90407
12354
78572
80002
82331
48509
46629
62450
22830
58253
2776
34287
44293
63072
40336
27281
25762
59650
74488
72620
9816
67719
77981
54202
69975
55929
40416
18362
32587
36613
101856
34011
9291
21283
29097
7024
5153
20242
45137
38482
102240
80465
37524
51851
97009
53209
23
70031
103805
62912
20538
49245
20893
54359
88725
50457
1975
71776
41061
17923
27435
102238
65081
12390
104665
53348
32375
68930
70592
15926
30425
34232
73885
69176
98672
36409
87167
20213
98532
48965
35987
54865
86919
46441
46468
67631
50771
27250
104051
42578
9441
92859
45007
46409
52755
19110
7398
44353
47937
12813
97101
65647
41213
95241
88511
11328
60708
53522
55536
107405
23372
9981
23814
13963
62775
19831
84582
14277
93255
100533
12141
60955
73833
4426
12265
43127
103908
62689
81611
55736
101796
83092
68513
71694
76148
82201
13917
69164
63338
97517
13487
47856
22698
97979
98193
22753
15058
64938
48795
8632
33546
38954
51627
88984
42563
76707
39405
33499
78640
40827
37314
40875
51092
74531
12224
25831
48802
59752
11766
26020
54784
13187
70409
57285
55190
98423
79620
6940
4010
42765
70397
34353
74770
34993
99282
1139
14997
68881
2302
87504
49224
11640
98861
13529
50422
19023
95651
64383
47586
31518
38633
70103
82848
66964
93897
50698
89298
65030
38090
71993
21664
39235
100604
102978
70719
18221
83559
73528
21257
9780
7656
70187
28819
18671
48497
8158
37990
15277
25084
86654
29580
26549
88927
64215
72643
88990
57419
84712
67926
8682
43548
24701
37086
80250
53880
40290
25496
4778
70587
28554
70025
72743
35133
76244
102637
27380
64024
106002
18508
29774
49032
22600
78054
15324
62569
88977
63203
13514
38637
14058
73783
6682
68791
33536
22101
72450
34411
26592
71760
12383
63773
15114
54902
17814
34162
33486
3428
57472
63843
43933
58786
32404
2581
97751
41551
37043
74302
22772
90228
30992
51268
27913
38250
56787
28827
11881
26258
53135
25612
2231
47388
80776
6179
44127
986
82789
17096
60263
90203
19484
36793
102972
80572
18446
81425
72024
708
41273
102968
24119
22726
55109
103303
99153
82066
99186
95718
90926
48170
37309
64453
4949
57064
96714
93646
96842
31750
89153
57439
28567
70743
60386
2157
51531
27264
27944
62770
53250
50653
70910
45097
20171
40482
85553
88184
64707
98278
31048
33461
13358
75829
90981
41414
35738
39402
32664
38436
59090
60021
30450
1552
57097
104125
19765
55389
43332
56273
161
42886
28555
68713
21903
75127
39974
93692
60466
64163
71317
54287
5712
105605
6970
11039
65102
90992
86575
23239
72332
2939
54740
49330
80207
18159
32899
96762
105338
6014
9092
75345
62397
2176
54311
66884
28210
22299
95468
1836
81476
26892
9112
36413
43974
17886
105991
95234
85865
18278
46914
3321
43865
34894
92396
72603
98405
64084
51518
69905
101489
101335
49944
3388
16461
10219
36676
63247
100851
17129
49159
25475
42313
99309
13317
25469
8428
63386
38249
9334
53846
39484
72107
6279
62200
72146
80489
11909
5351
58544
24922
71929
46680
18545
8228
8705
99351
60316
68591
100766
95722
51157
35991
86155
107452
4407
78583
57542
30340
48950
12362
105377
94804
1081
35775
76947
48408
64033
48438
51688
43713
102022
17215
99354
96061
92641
33279
67536
31523
30925
56352
57621
21247
32063
46393
9700
13003
26528
58772
22274
53818
84002
24845
89425
65121
62917
75875
88564
69958
54429
66039
15946
36192
78062
91722
32769
97810
99491
30662
39882
65646
68257
41723
95228
104407
6569
71675
81171
84594
17371
16793
106093
90790
106441
1191
65403
59567
7436
61051
45143
75048
93514
85335
59975
73335
20568
46871
14305
46736
55655
76500
17058
64598
45665
94564
49053
100947
20390
29721
38680
58894
95618
41690
2898
54313
11922
73748
83247
43687
22604
37156
67422
6888
72937
104814
84393
91358
89051
104671
75980
105868
18526
85741
57057
58111
64685
105314
32567
82029
97077
62811
41675
42790
105519
70918
45717
61715
82637
19779
66142
87766
68207
77332
26331
5921
95221
26139
84196
60579
57564
41606
83450
88398
89624
62753
24763
26940
42175
82666
107686
104449
26324
94034
46390
64804
19179
10338
91455
17101
104128
100388
10400
5364
18500
86260
4130
68607
40349
55328
15034
27045
35746
24540
46923
17833
16764
64985
106024
50372
26277
38604
83853
25097
35192
84863
64503
83675
56556
10014
1539
75930
99546
96126
73042
58142
8712
31190
77067
49830
45019
90676
95686
67119
43489
50797
23356
46377
60339
52496
75612
15022
82998
28083
76177
25269
9642
54928
56059
53864
104651
40591
16001
41811
70682
31991
103024
9867
92185
803
39512
76012
3245
92295
100014
62601
34927
25078
5297
67391
9089
70044
15970
100431
6853
20987
38987
2248
55263
81683
88533
92075
4857
83792
33961
53284
70073
98927
57777
10464
45748
19283
51185
14433
17563
100112
36711
73448
85597
23557
86377
76588
9979
51381
31756
16902
77999
59025
100251
6227
11630
82994
31632
39975
12587
83810
7032
94122
83606
13777
102317
12274
77017
88889
58061
12262
27888
31380
88569
102514
59142
46905
20824
12115
954
79779
43845
35123
51305
79304
98118
100125
3347
56538
14870
2612
26416
96696
94820
80333
58705
67198
84901
96603
227
47978
35090
96190
55272
77866
81371
18111
103950
26821
10616
80447
77494
67883
52091
49307
91444
24546
67013
6516
25328
78499
68984
20087
73860
39122
94391
55697
66813
60830
21605
29339
66001
18300
75441
3711
28119
4823
72924
86376
70160
99601
15957
23975
93477
99082
72089
16869
99259
88848
93161
26208
54596
78707
42986
22405
86412
85217
95481
51130
90316
74072
88026
64497
42859
16688
22737
100057
83811
95677
91379
70437
31197
75516
24166
26952
58336
89382
29534
83626
89707
42749
53043
3934
74103
24053
55792
85676
74074
76371
88131
31243
26607
70174
71635
72407
1777
208
103817
4131
36164
93459
70028
53073
74680
62568
27832
28058
95433
91235
101231
48301
30264
68885
100901
19190
81224
5330
21782
78581
37135
91590
95117
6567
36944
31100
23106
380
42842
62996
15076
41585
34311
62134
74171
103277
8207
27679
17788
43367
5126
58290
9603
35589
331
98931
77578
101309
31341
97553
42448
51050
68947
62138
103449
16020
76366
44481
96145
18794
72826
25606
5423
37332
73868
5289
6353
49964
37926
5266
35652
44649
17218
52009
68570
9739
41825
55251
33901
84580
90117
66302
33219
41571
7199
12767
20605
102821
1591
10355
12405
64948
18036
6242
64633
14537
57767
31618
51169
45917
12895
24419
41714
66505
14636
21906
98873
50944
46591
11563
7613
35367
55089
84438
58214
4316
71609
51511
6317
10818
4958
54878
47616
62109
1621
38566
7312
43303
74105
57299
93914
65745
32674
24042
87770
45543
57889
72884
61581
34307
40630
2528
62526
15966
102726
38348
84930
78466
23034
17520
2359
105077
67976
70172
97624
13620
95734
14181
102144
35000
11746
100012
24674
50851
87212
15898
93641
96115
50598
74500
40460
9600
85917
79093
55278
67030
23264
68539
35956
79434
45892
10229
32380
96726
38786
81716
102491
94656
31810
67784
82322
17376
72791
66915
8308
103171
17860
30084
99487
81288
64220
48395
30479
59941
51220
20037
49410
96113
10755
76750
28390
42794
15569
1509
8437
91004
40027
54026
73577
80719
83245
59632
71353
15016
1744
106533
15823
60689
33824
46748
92560
68501
98771
30355
98185
72592
9125
52016
29129
30098
50326
57117
29829
748
16556
65674
33741
63673
52153
18623
2878
88137
51888
86243
15157
87182
47859
93752
59512
101742
83864
49078
8335
90878
91311
90817
71815
6359
68839
33751
2989
69247
64931
33229
23004
65743
44551
22715
57965
72854
2640
52458
799
104376
34629
29993
92453
22654
101272
27863
3637
55240
73731
66477
10323
8761
89985
69148
11105
1518
36060
50651
102570
35772
91660
100539
26484
86878
41458
63956
74262
31392
29576
102931
59896
83038
61566
42983
52634
58588
4644
25179
33811
85827
85010
49292
43222
65195
55737
81829
55217
1347
55226
5641
72037
44619
79574
105310
62120
14736
57217
31882
48273
73113
12875
28718
12928
91319
87489
65219
76090
100415
45824
22687
18546
48603
31486
27502
59921
17550
2023
75104
77109
68011
107460
3280
91621
79085
32455
79068
48704
19557
31101
98747
90965
14499
56279
36290
16721
57181
9898
697
60117
47366
54564
37122
666
30788
43963
39298
67196
76024
3116
16389
94611
19971
10971
5354
60945
106539
36162
77938
89927
8749
42329
19334
65805
27982
103399
96039
35730
20661
9031
48613
39607
4764
8258
85395
16566
11284
75036
13582
63767
5434
80386
32055
47345
95266
31206
32584
3667
21351
76190
52450
17704
37127
2451
64130
91542
7671
91624
12545
92611
17693
66704
32058
6409
71369
105410
20014
75462
18268
25624
75262
41327
80232
49107
54069
73225
14255
5807
56856
23136
79053
46899
20513
66358
87121
67771
43292
53478
63645
54872
15508
42571
20353
92218
33211
80714
50574
53930
24544
98378
85701
8294
86881
757
97203
78802
63229
77391
84780
2397
34192
2388
38856
50346
93569
59758
41217
26419
81934
36567
9923
51561
65901
68858
101370
99211
103119
40047
92153
67410
17939
44848
72891
31744
36399
87376
82412
18971
74965
53726
71989
65414
61207
38671
79026
40994
24643
27130
77741
41674
55794
81825
28903
57940
50323
101311
65368
104865
40400
99184
6063
28241
48909
22364
76476
95170
72062
10415
97515
66828
18060
35160
56481
53465
3342
39494
68719
77335
68234
64246
91551
6710
43870
71962
71285
64078
14949
99991
75258
63443
94359
68841
52667
8591
17069
106747
103251
36819
36621
104348
41931
86147
63822
95578
44032
66820
82114
50671
36673
69375
14666
51997
103601
54619
101909
37536
77909
41385
23336
47217
1528
82080
63792
49705
98281
50454
60915
9135
5802
47967
65829
55020
72956
26919
99156
66541
106634
71301
64125
26606
95425
37661
22176
60673
68453
68696
70928
88098
73899
57381
2865
74367
23715
74939
70093
24321
7492
107637
63272
50465
22153
68124
104639
11438
8001
98977
3575
79071
91671
24383
37276
83025
62654
84574
105154
82180
69084
8629
55350
47508
71971
68003
99366
22191
54906
67335
11954
90483
80974
59900
8041
63255
56220
12712
14183
56552
57729
90428
39187
39639
95819
41090
47579
10332
81215
17107
32785
87579
70601
2408
95249
69995
17575
23154
12078
7053
43951
41320
9744
12241
52408
63483
70482
78995
3187
68020
42061
2076
78387
67135
40366
6839
27984
47943
44249
20501
39861
83107
56976
9885
38625
69237
43541
78941
767
68749
24368
51424
86323
11421
103139
28957
46496
53140
78299
82791
94199
97468
45990
27608
99739
90268
66343
18510
53604
87403
55656
10927
30733
89470
14554
6009
31405
102804
70251
11805
101261
78206
101131
73596
101597
92188
4351
49750
81401
7805
1689
45453
74216
26141
3196
8179
26934
89416
61119
222
76462
6106
81741
3985
104636
57636
104561
62899
77683
68108
59924
58626
59773
11242
104298
8567
74674
7107
100400
23285
89324
58447
92215
104482
86950
31148
103263
39174
50175
23226
18424
24589
81360
28553
5486
34120
102367
60283
13062
62084
54852
53259
49509
51247
62712
98569
3821
86136
20138
27317
4852
53641
65461
67840
105769
31397
55403
31157
49976
13078
65876
64332
76235
17235
52463
75942
107193
79506
825
14052
36077
100558
83047
45664
29653
25974
90086
61034
61556
90075
12627
86593
26811
24303
78980
20580
78594
96498
19960
30895
25756
49825
23074
105516
34358
97608
36036
62077
44221
37763
21929
22690
68083
56601
82878
57385
13391
52362
49014
81500
102007
38165
89984
59829
60730
62149
65799
103100
106452
50617
26837
56924
106076
61754
8823
63204
8555
34363
59194
32106
43117
66830
44295
41987
72102
56669
58581
1030
75893
79630
52439
50499
78139
6705
51076
55579
65130
34824
12984
16379
82739
76227
18627
24187
97859
70184
51476
62993
22246
24991
22345
94995
92726
101901
92803
139
7048
106049
48154
93777
1858
93023
22192
76956
84990
41106
49833
73244
82382
46188
4726
16631
42375
23846
51597
64506
88383
85056
53829
40449
101807
11556
59851
88462
58012
70848
38155
76094
89190
43093
62889
77546
39943
31884
79342
11777
8764
89998
61136
5490
89280
27547
75329
42091
103050
10913
85030
50235
2592
27141
66264
76530
104950
2299
47600
29118
28350
69863
6243
91717
40235
52561
16630
86364
57487
27150
6974
92482
61049
58119
10993
121
106451
19963
67268
2039
58182
98251
69992
36512
7834
38720
45784
29365
80350
78831
30478
23131
80675
2489
91435
17907
92499
47353
90784
17369
49512
51085
86845
59810
102359
80088
95307
35373
11333
86153
62248
17727
59599
93579
96292
70295
6412
9775
97141
46402
106515
42579
95295
76038
92252
99201
23937
3052
37317
78972
9595
3759
78632
80742
49790
31342
44142
27831
2458
84670
72425
50140
105981
11806
94504
71781
73729
63195
94164
49719
92340
2547
99498
102319
82541
103283
68632
65975
29604
7133
37343
22453
64741
49613
54143
107258
61121
47885
48492
96110
12884
22398
43103
36688
94958
38176
27310
53670
21067
66531
53780
6854
51779
72514
37981
27023
64459
81636
52917
96398
25437
25794
75995
74846
51068
21880
34542
60916
75743
38496
24765
29764
77685
863
42823
28007
102606
98935
101791
107216
98508
68639
41731
75200
99523
85279
81758
41306
64673
28862
78244
97069
30069
46528
71973
50067
2065
38195
23368
66670
98754
37668
59402
9518
21262
39633
57924
95998
77770
68527
16753
82961
76960
49348
80103
23656
77873
87146
10518
107514
29032
49302
32623
67889
14210
76347
54393
17911
67984
79669
24695
51428
8773
47064
54547
40015
54106
32627
84199
75766
96934
18964
102046
64229
26153
8939
35962
39314
7499
78380
71204
30843
32450
72965
89069
93668
85800
66112
62116
36823
21814
99730
20356
16334
45454
55246
18284
95292
16546
37621
38924
45071
66739
57766
49496
105661
61646
56432
14905
75491
6636
47781
69342
53238
55674
19
29550
27865
80045
25434
32137
100106
62687
61279
66913
91845
60246
30936
51392
52844
10989
105880
30764
14623
101185
7501
90703
18317
83492
100556
74285
100755
52374
26299
20750
12314
15398
88361
27335
5055
94296
54952
67692
26903
4903
72684
71493
102156
47250
10348
19629
26280
94166
87453
30845
9567
9581
80334
50710
61109
10060
35498
44531
23444
102902
71447
57434
35405
24011
89696
56330
87883
45985
84001
1154
82573
56035
68741
92179
17156
78205
32364
3796
66623
70248
39733
46088
25849
36737
17607
68422
28582
86282
100693
31729
95791
103664
2552
1624
103987
96056
65843
98897
107684
1165
100574
21790
33517
38346
37068
26994
26315
34828
40918
99196
8243
11614
102173
67646
13362
84657
60814
100616
5002
98955
3490
79035
90910
74206
94330
1800
81084
35244
45013
80449
22583
102901
98336
23587
6778
48422
4835
75521
50131
77452
33135
5980
95077
22757
59238
46341
60614
13357
31220
69726
92555
51880
39479
22259
15684
69091
67012
2056
30969
22322
74023
59632
81744
41266
26780
95975
16955
17131
24937
32550
62693
94265
88246
15395
74896
686
39966
58072
37401
28405
40809
15728
77272
39394
69588
29699
53909
68415
83249
55111
86246
58416
37725
39096
91923
85003
51003
99757
