90506
94369
12372
54239
63710
78041
13395
32173
46256
66140
104350
66957
74272
41804
77930
78787
76952
4835
82651
59644
39354
96331
36396
98903
6108
40766
8311
35936
60227
37547
9386
20460
54356
5951
56269
77555
105135
23800
71700
47710
15318
98922
40119
5096
57122
63302
215
55075
21875
104985
9391
28920
81065
14592
73761
79298
21416
32103
92343
102793
57913
43007
30786
1486
104756
39505
77308
108982
21683
21067
71845
24849
84634
21267
66795
60776
71679
32274
45242
105457
419
10783
82029
32480
8696
85417
19348
66625
46195
26977
103044
42665
102499
57482
91677
85846
37179
66388
108513
8941
24567
48400
50262
8924
48691
4235
101713
79583
80184
85668
91567
20903
26409
103463
50074
13781
7603
89642
75138
61180
101060
76866
1502
4729
103838
88897
6164
24574
3098
20001
13714
1512
44473
75334
90654
74030
54893
75352
731
22657
76834
29977
11712
96216
12942
56928
60546
9078
8336
108935
49768
4142
96851
90270
94081
74091
75260
28145
28544
72655
20273
42620
14747
5784
76163
28680
54904
10666
31732
52239
2055
19272
60287
64907
44173
29613
103035
51197
57532
20629
72240
89763
71814
16522
56447
20066
669
1180
18410
19195
3462
15091
44339
1073
61885
7303
95559
62459
78875
87736
90045
6620
59198
34291
56839
28257
24840
53338
37233
95734
79364
62721
59543
71404
58950
104379
61773
74727
54403
77158
6353
41311
77676
74440
64717
89496
101929
79390
61456
105412
9160
25669
47684
6324
96687
28001
20122
10919
33971
22487
103315
24862
93040
57264
73453
52007
31356
6281
39179
50248
69666
96307
56858
87849
64486
40277
102840
9038
17025
110236
11854
69125
93225
56393
38960
94491
65324
104869
16495
103553
2658
10595
110248
52897
211
104051
24410
26915
72770
93057
22193
55878
3731
86237
105922
96495
9032
62762
31801
46377
15166
37105
8335
82571
76802
53163
61596
32132
26905
33123
26045
43093
7773
14732
75277
39318
7737
52880
42448
79945
88043
73867
90499
42941
87121
78488
97500
34630
68870
51943
110193
98055
71266
17317
88337
87240
99251
81504
28113
107814
12075
42134
48507
34642
107974
42468
37770
7105
15239
66999
9618
27446
17500
4359
89188
67364
35064
36222
84667
46817
102887
33965
44457
48007
52896
92797
77810
89948
74878
41256
43588
25953
39267
24338
36078
15205
44105
10761
10661
51266
98780
67797
96316
18472
84050
80447
80040
46862
65686
11868
39293
71292
60365
102512
90895
37068
16243
25527
832
28231
41427
103432
47477
97763
29014
85353
52085
56150
4146
85034
80698
51916
46724
73133
57492
91487
89329
13367
71903
24054
89311
96856
47537
56791
20271
46206
68480
79888
6896
102152
36851
63506
75397
35337
69791
31263
12814
68293
57701
106962
95035
87859
55688
67300
100688
10423
102916
82807
55414
108849
96449
42988
61528
74363
21728
42999
4745
22762
84895
58475
99522
36091
34331
46223
7626
56
65150
101552
108570
95707
45967
3114
9889
21884
75457
7040
1366
13615
108391
23167
47652
99897
102249
20071
65573
97823
88109
1799
67657
79905
10748
9174
11858
7952
78938
74430
3684
57585
57804
104470
96728
37287
91713
6411
31744
107540
19675
5964
30860
9262
53692
107604
60857
10681
1064
43228
108884
106870
8172
17881
33545
99161
52953
105281
10747
4532
53331
64320
107358
31539
17930
49110
14775
39907
4363
82989
48958
75061
1994
16067
92311
74595
22760
20470
43861
92175
6433
104978
50144
60214
6249
44668
88598
93055
91536
17280
31113
74592
30064
95148
61740
88745
82219
19006
4347
19005
89923
70932
62311
15646
107601
57564
64150
94266
49647
87890
12633
94141
57613
81403
62353
27645
91481
102550
95163
102562
31650
5921
97968
21294
39876
85147
40182
70700
39284
42500
86516
104854
51326
16624
72759
39746
50777
81507
105250
5510
26185
101359
43267
106259
91312
65424
106080
22844
7557
48149
105462
1183
695
108701
19543
96114
16133
34123
41909
59899
16758
11661
43328
89521
7350
86576
28729
100312
87989
39694
31497
19490
93897
72844
42259
28355
100279
66275
3107
21296
79178
4424
107984
102169
46164
699
65052
45997
50151
84030
93102
66616
19598
18146
56446
47126
40227
54375
90927
92557
10882
85972
84265
64203
84238
88084
20080
46548
44977
43315
32180
9472
78371
61808
64546
23793
34054
17632
89946
75541
28404
50858
81551
17412
19589
20474
94778
75655
5132
109087
3624
13768
28193
6163
100403
44083
40234
32704
13428
43754
34520
73982
21160
109008
102151
101407
54103
67208
9336
91237
64555
60949
102741
65924
72509
89941
73164
18487
55405
11002
43501
45585
62117
48504
78445
17107
12187
16838
10207
89013
96184
12328
58013
102421
30450
44717
81575
28597
74888
19531
33814
46155
18665
37392
107160
77024
61510
45771
89069
23589
38724
95110
14962
4220
87843
43168
65726
49574
46481
23209
93359
7660
90655
6638
53134
44459
72185
32035
34095
38623
22896
17984
98911
45976
49781
5290
70049
21648
20223
79195
71283
27464
92273
27594
3777
46152
104394
30504
82575
80254
62004
75693
77978
23920
44021
28420
23560
18095
38012
97068
75756
13868
35107
46756
47010
97729
96861
15915
6421
7827
75093
85057
2299
67355
25673
80830
78793
62337
55726
87493
23959
69459
41514
13299
97037
23820
87384
99162
82141
88368
97985
87788
24117
11631
28898
79062
44990
69700
97109
21349
16226
41830
57920
101150
98761
86831
10843
38432
34395
67530
61111
103003
33179
81801
57222
44171
34696
97315
18466
84951
109782
93947
81657
65395
31789
56951
25930
73451
85594
52760
46150
40070
94196
95926
102008
35183
3789
44586
4980
40740
106720
7382
18419
24481
28838
86198
8367
22316
66980
74460
22034
34220
44840
103069
7305
27155
13857
25510
37591
104686
56426
88536
67409
8737
15982
61711
85452
43953
53630
98303
79458
26745
90701
43314
97230
67501
99294
105758
92108
29463
58566
62272
72457
83127
64153
15053
7064
73953
21772
41658
48136
103659
70364
39138
104618
74416
18926
20102
22655
74812
13478
78656
15008
39526
46404
14627
98631
102484
35409
25454
81767
66789
103388
110451
98017
20333
73735
62596
41607
109406
46407
45041
84087
35132
80996
26316
41382
10908
45519
22158
9885
48807
61440
62363
49664
20345
53854
101805
69701
79197
28112
81902
6239
17290
18551
17499
85106
56245
71911
48616
74410
12705
36429
103365
54289
7250
97889
81928
100780
75573
7934
97703
7767
59541
33746
20633
10229
80339
53527
47907
71565
46899
66508
96824
16917
100465
59931
108128
68230
106686
78211
87940
48711
94817
70607
21035
49163
44075
36354
27530
101838
76318
35993
105488
20267
83800
108523
72219
110006
11940
53899
11841
2616
52783
64343
106210
25347
86700
94324
51166
58286
96281
20843
67311
77863
72003
30067
49981
96586
24730
51521
76664
6492
61571
40663
83785
17142
70304
65459
94885
108493
73816
82000
68398
8444
60178
20253
58279
10231
69090
79928
16030
30814
1635
95808
108055
86402
23288
75633
104410
41432
27207
3763
70673
12061
70406
45201
61149
58302
41068
6182
8157
35544
9690
100212
31846
87431
66536
108165
3543
33815
21924
6788
105947
56425
8616
68486
37896
95789
12862
48445
101600
58850
100206
53067
53650
32592
60394
97690
8989
48602
41292
45379
20612
52543
72738
36526
4152
6578
46235
69622
15641
18818
9548
63473
102216
93325
56160
62001
55327
80557
3615
71932
77146
14813
8171
24315
42078
48464
53426
49207
89851
34583
860
95823
21679
34831
26202
33943
23208
49443
95234
29599
35101
39343
91223
66056
8565
70964
35779
80227
94208
57588
45669
75584
18114
21056
26169
20463
43961
40825
84089
50864
47557
75771
83031
59613
44446
35964
80321
1194
68829
27340
18562
61971
38300
18044
87129
82656
78587
90708
11321
38817
43811
99314
31023
61876
80421
47615
84580
59901
46304
42377
8860
73917
81873
31159
18670
36342
82582
20241
3540
38435
23547
2752
108414
21129
56808
101542
81695
30326
12435
80629
33477
35463
75088
82457
40188
91881
19653
8535
102725
110143
54732
103802
5064
96754
77174
73409
86052
37357
28476
44592
62968
84261
15362
7438
45794
97829
62802
84218
41104
9062
57699
8905
59120
93581
47589
87958
26025
15370
101272
97136
27511
31512
89594
62892
79914
33836
89308
80055
64220
30464
108547
17741
13727
41487
77125
75768
42801
5390
38109
20904
21896
79702
77354
76504
41375
102372
83084
19613
110246
36017
90073
6468
41215
91611
88418
6814
88127
9451
55352
105921
31188
96136
33329
83438
69883
89314
7227
22979
42542
88492
59781
14612
4134
16056
94977
37074
99691
11062
57377
76095
48012
37886
53849
90132
26270
35755
3239
64951
63880
95329
44787
11909
12403
67686
72613
102404
26524
41195
43557
10913
68399
94146
94017
86526
14344
34770
29495
62341
24591
52943
101210
91720
32790
18071
12879
57552
27499
38951
89130
19205
10007
95983
23736
104463
53503
7016
42927
100816
26037
18298
16910
100972
69581
72054
31192
70956
22001
267
28381
32446
104758
5776
65095
102950
31463
2388
99557
79963
45557
38386
79012
36568
45247
36334
12508
92579
68996
98648
69607
17797
3117
773
73977
50483
109049
62266
30943
105318
19751
83641
104078
79977
75267
1941
108887
78102
1186
43863
79758
84854
53136
61723
9962
79844
35545
3465
65376
8677
54156
70145
86614
67150
53100
106779
42296
42161
35528
41309
16153
43307
72778
10385
46952
108088
1988
19674
106077
15919
101102
40398
75730
24918
14133
7658
81064
85553
13416
6978
87435
67154
68460
29391
81173
11807
1864
8073
55397
84772
31624
105029
77128
49551
86224
60468
97228
23900
39995
103376
16332
15268
99874
81896
69181
35365
99221
37440
71341
22547
43798
84371
91816
30187
75456
48696
108855
103573
29316
2375
87156
76912
88646
70530
57513
2234
56108
55762
27115
94749
98387
100647
47044
56647
58504
23975
101884
37047
69718
71500
12522
44318
104424
58609
80575
11114
107047
98598
22499
86610
67655
51085
96213
67561
104427
76441
43286
27575
9611
105698
26431
88644
86808
53636
14709
87737
5501
38297
55855
22961
23344
16180
57853
36593
27712
103640
69984
95186
42986
18907
38879
73723
4463
73149
15454
88734
12373
63075
26741
8790
28633
15527
75328
7877
10826
13806
105047
10754
91578
73894
49420
13576
56817
93739
61765
41379
89901
26854
47155
38388
2487
19947
68476
57393
38322
49214
86366
109780
46569
70428
2945
71027
85586
101573
77871
60504
71150
47186
32402
43426
46532
66349
45739
30651
30844
98315
87063
96139
8439
110130
45760
104210
22795
70633
51909
12331
99224
19100
67476
63013
35291
105710
2415
61344
81271
61893
75737
38977
31440
79024
38897
16979
77118
84019
63021
103664
93354
922
17948
986
72776
62234
65635
55756
23691
45829
100542
23140
9525
70384
57663
63980
20136
40676
37091
98451
67407
81051
42333
35996
11016
9409
76369
16588
21123
42666
86665
98040
57396
39489
46618
32542
63112
27157
55186
41042
97609
83304
37300
53624
37353
44916
58225
110092
63101
34527
46557
77756
103523
34674
71307
17639
108516
47859
14145
8220
74964
58180
39061
92305
91060
67936
81863
40726
50178
55152
36867
63895
25529
45099
25344
1838
75666
14412
71698
83875
99860
78936
94347
18747
105341
4464
11360
91589
17203
98318
109317
16358
17584
53665
100978
88896
20513
39523
107197
64640
54974
21595
76720
19285
42311
19114
52360
73669
10845
67817
9359
79506
741
55584
31993
27440
98734
32979
80709
83352
31265
726
47130
49425
32201
81614
27696
109600
76730
27179
61266
67395
77053
4336
18199
101603
2939
34778
26806
4115
55167
49644
72790
407
1603
90234
41095
22344
67602
10670
27776
28605
11144
48181
9647
57795
33338
105505
105160
77830
97505
40570
49982
64551
61521
67549
11837
10367
9705
31556
103311
47860
88511
34595
55137
56330
48292
26002
69890
42039
75144
76022
79533
85721
37010
82436
99023
106356
63489
67636
103902
86443
7967
10945
38018
85589
52594
108563
99832
100125
87638
31568
25724
34217
77360
52238
86732
92456
19558
17671
47290
60721
79025
47694
61479
55037
74759
36939
62221
69251
5572
32087
36283
25831
2883
18157
47423
84665
62328
48221
86842
50124
39665
74090
9516
50518
22397
54584
30015
31943
45832
66925
24133
22516
18431
71410
53793
36447
21004
16797
108610
109575
18980
10984
50193
22180
15308
93192
16504
7893
95901
67391
65517
24069
107368
96734
85088
7553
79718
84127
72980
18612
22924
21693
13168
26974
54321
104100
65331
89165
37676
102868
73615
54832
108155
98703
18099
82205
21413
66636
60474
8100
34929
84785
63209
46097
63184
91200
40699
53029
60391
56850
56036
14532
19434
31185
4774
48771
42817
32758
60332
7339
45248
11549
97126
23452
61905
15376
52811
51354
86691
51045
89792
42459
84402
76520
49236
21700
246
61794
956
106818
74742
38048
54179
4370
615
97717
76330
77923
19075
75102
22756
59721
27607
87243
45057
102259
33001
21244
15673
85069
18920
98150
6635
91156
13973
14154
108243
92695
53192
87110
56940
90657
26811
68266
104313
59698
71897
61631
27239
77365
75063
36731
13220
62025
995
23738
46282
51664
49682
70942
16971
61880
66309
88966
42449
10199
48672
78075
7589
26951
16445
9122
189
105402
24265
4381
97513
97834
24854
96860
108470
95299
69992
78342
86863
51328
40806
92237
13906
69584
61358
15994
73110
34092
7375
47412
109333
25085
36228
70753
75301
74477
13932
70660
24835
39518
48819
68947
90232
77507
2304
79891
11826
107091
2256
90746
46747
32416
95805
21124
4231
36179
84851
84935
66115
21356
37501
55671
33556
96191
28847
10295
86593
35056
29959
21008
7873
84720
38650
62252
6203
40835
77013
77439
65306
13323
29602
94219
104363
24311
61110
35650
87133
47952
85229
11428
84065
28534
2528
55612
2333
3399
69290
88582
63311
62136
103422
109263
91812
25306
42240
78421
104095
31599
1586
46254
53046
62159
46764
77949
74305
46255
5143
13987
21628
39270
42750
108016
50574
92826
105317
21331
3739
48687
90384
22983
28341
29254
9175
91278
1795
90532
12278
13907
34952
7974
6431
58809
11590
87807
61585
65903
109067
55095
27326
74334
13206
82226
45356
36810
21809
37094
103592
23143
88062
68521
104294
73921
63619
73914
104451
28504
67629
56652
47210
96418
39778
35866
81216
38295
103746
38627
80062
90534
53003
97048
42784
47304
97153
30562
87410
87705
90788
16690
102044
73622
106712
39276
47905
19010
58546
66248
67611
65349
91699
6611
27785
68287
104005
81888
64136
18143
89574
10957
35306
88247
96848
83985
18801
103166
14508
104954
65891
89648
31788
28659
91845
96150
37836
73019
23821
50533
67679
77622
101521
48378
23323
66686
21642
85161
81923
23796
100397
105563
47481
84184
97858
7347
35833
106471
21011
93016
56097
23372
3558
25892
38477
12020
27948
104386
50121
49908
24867
97425
19038
69651
84663
33900
60591
38948
52652
102237
15068
4177
18617
108472
1335
96292
40514
38748
26376
92848
81881
677
108818
60831
81234
70593
8848
100798
52265
47677
60222
51923
41567
26227
23397
88979
35615
36932
25796
15398
27888
13191
80301
14685
58389
44418
11812
68464
97332
33807
98697
26173
84454
105762
100091
25621
37653
72658
26044
93993
12357
40648
99220
93708
95465
87600
109296
24309
57035
21096
44063
53159
66158
108607
6369
79044
56672
46212
30918
8997
33215
52024
3930
48643
25827
78110
41351
81810
43617
39681
61226
29893
10459
58893
20753
23096
82587
27396
20595
98176
1632
47961
58520
25649
49874
55092
553
7412
48834
102991
107055
85513
51526
75011
107259
81764
11320
84446
86030
100891
13998
25476
30583
41191
15766
23254
107663
3142
32198
42153
83344
98849
35288
54400
33237
57606
12999
58536
92481
83251
56213
99573
101434
77787
109539
18511
18230
36149
71665
15392
36225
69034
30150
4374
38646
51530
11612
89358
86985
41036
886
96085
80446
7595
100130
20307
52387
57420
81670
18921
63456
86106
54329
42974
97624
57401
14149
43821
35543
44378
58935
61793
3742
40194
98639
21181
24535
102908
47414
46333
38608
30520
68571
103770
64385
70814
14673
102882
47812
64315
7023
6992
88669
7690
29776
12175
19471
2689
101025
37913
96745
73033
10688
96447
95910
17276
66936
53302
4514
37863
75834
19174
67923
93122
28091
86474
18731
36268
109373
107954
20413
93396
85742
56038
104301
20532
23163
6977
104
69331
27628
6715
37177
93478
14746
79267
12852
92192
91472
55356
6710
17391
68327
72486
88125
7616
52797
61976
37589
6011
95948
110259
5872
61626
42165
81708
39619
97555
63898
86814
94795
11263
35817
31130
62587
74658
96825
47211
18785
62161
7289
18343
43919
5710
57278
1884
1071
54162
16078
110164
103862
97992
19842
10428
46792
36715
51460
51177
86150
109776
104198
82364
28582
59725
72038
76644
32689
73675
99426
65061
67872
43713
82887
13851
49839
51380
23840
13396
20045
41027
16054
83890
70080
99532
66085
2933
86650
5624
28822
46777
89598
53487
57259
100570
68098
56531
29131
5145
4918
14027
82042
104871
101109
96035
20526
36201
2685
51931
87159
24407
98292
60732
79646
36096
42678
34638
69202
103903
85388
23214
44040
2327
54655
55908
55759
47837
82554
98069
4447
10240
93182
47426
100530
65728
36997
43913
52438
55320
61533
67479
100967
13319
107299
65063
85940
57902
3455
64177
52527
100262
76486
97094
44930
85799
26144
77033
44700
79395
52025
87597
22445
60043
100141
71789
32338
4454
55721
71284
46014
53933
80747
6617
66888
4623
102536
86955
73385
88159
62667
108065
81830
53906
98579
93928
22355
100578
61178
71041
59676
21621
82844
36678
37245
6579
51345
55871
42072
3582
9823
18842
8769
89322
68674
78637
83557
83884
94685
63066
8493
53262
9083
13332
66553
78668
101446
13997
104176
93305
76151
66586
65820
22707
60882
54710
67454
102851
14004
102476
25773
95251
94086
89305
74911
92523
20274
101111
71623
103616
49517
81920
5981
77520
92441
96330
3954
64120
37713
58111
12824
105352
4034
9938
110403
89409
22052
20208
26210
25571
75838
29204
11106
12162
10146
106599
94652
43026
35377
80732
21999
10256
7459
46085
46496
33935
102591
78482
31416
4720
83474
14680
858
11897
80216
37259
81410
49198
17071
88463
28169
15585
24038
31250
77970
66832
65044
61138
21395
92527
51006
61103
59706
19500
68370
12097
73450
6840
97529
39463
46380
81363
17659
63539
14948
6732
36484
87840
91338
3019
99278
30543
25811
67723
7650
72121
86642
91280
46632
18436
51619
96599
28376
8183
74940
24553
77063
59261
32966
45442
5292
108388
11338
67440
30371
49145
90572
194
58235
3488
28352
10976
62103
55042
45465
12661
67851
99207
25251
20396
5614
45309
101816
403
13930
60921
36669
31807
90684
18876
57811
63865
51853
62564
46889
72742
2771
5076
43794
10533
40156
89
74645
19250
35646
107256
22291
10863
29369
73012
46011
102874
39025
17868
59275
103535
96171
80715
92154
8153
24814
76435
67514
26723
78002
74543
44255
83447
15998
86549
6582
67225
1605
39968
74051
39738
42506
102505
47323
67143
86121
56868
11679
57176
15615
13584
62870
85988
33818
41340
54672
26052
25058
97973
46769
82612
110146
39828
99493
36682
12917
54951
59091
102
81095
92592
72879
19775
18155
80502
44532
92321
88306
79107
63451
42384
64334
59999
34477
76604
66404
16359
49602
106372
91361
42138
63109
89876
31724
4858
1504
81517
51504
72334
28972
11440
57610
10009
38304
59745
97788
41535
94777
54714
48405
11231
48625
103763
77986
12286
47794
64157
42762
65500
103826
97149
29026
50387
57706
61816
109062
50531
34963
60193
94204
86054
7324
95029
59376
22603
54440
67460
57394
54762
28105
83722
47816
9951
104063
13628
65966
60905
71794
103091
53795
101197
35352
11234
62718
69686
73683
5923
46187
18841
73118
24516
74816
103738
91267
66847
78848
54492
34004
57837
25662
27287
5723
71661
51403
99206
96770
11788
105269
26746
14863
39120
73167
38648
46482
3380
36588
8321
82431
85165
99564
44324
54195
19230
91007
85145
11704
8988
4048
17551
98025
49707
12983
56841
28493
42563
63399
107497
92299
44496
12738
2696
65502
83798
56610
92064
98003
30831
36823
63610
52363
46685
23360
59712
33471
2533
20169
21301
40571
95816
72135
2286
25171
28757
23043
51669
45582
90168
48514
86974
54455
66317
32225
102055
96245
81776
61725
56646
76218
91560
35518
88907
33925
90943
66394
41546
86659
34186
31049
50975
56859
85645
37857
68452
32596
45562
26345
25676
71983
60323
95474
75817
68046
61854
28713
36388
95949
36616
50907
50033
23532
65053
46960
3770
77583
74147
73899
5415
15940
72258
2059
24589
11600
71056
74108
1172
27536
84805
94258
43614
31670
46961
66011
62096
80871
76283
67214
61635
4541
98614
29828
97187
20683
13071
32195
61006
25147
103108
1894
39375
62404
65540
106406
110252
61620
108129
3686
27175
102110
101608
72815
73332
69580
70598
100536
87803
1
82027
46455
78894
11195
24036
16968
68985
87820
73611
102671
61548
87693
5657
70335
41180
89052
52973
52349
5571
72682
25161
74038
93822
48599
54236
68621
24723
80534
59771
20907
79149
102078
23200
36319
6559
262
71640
47339
64195
78151
84885
16509
69019
41397
9248
60338
50278
87985
41980
11269
106137
77396
61741
66136
55158
52345
10370
96935
40015
109385
728
59395
97587
85671
86804
30573
65731
83487
68727
23278
14897
94645
45036
79019
25043
24725
93369
18561
39899
92687
22143
9840
99361
36885
105260
60969
91927
55118
98068
12453
37505
28237
53343
30275
26014
36224
53771
79805
69277
17921
36403
27516
97806
18191
104524
103000
103739
245
56609
63768
17236
89413
81030
98655
49905
57814
36264
12882
36962
38488
107040
46300
4455
48141
13273
6347
35477
51697
100827
106056
21674
103317
35603
83293
61858
44571
103734
79134
100661
94864
9517
21938
37310
30773
81713
71367
27786
14515
97001
28907
98558
31481
35557
74581
48110
63606
99582
4274
1761
24647
78468
69855
47865
63471
7983
87524
47536
34040
7867
48569
38682
107206
51205
39202
30190
36704
72454
82200
59442
108502
47422
37832
88721
10505
58100
66286
47173
10186
27364
56158
76762
55936
83452
34646
76787
763
38720
30979
28347
98686
103200
13202
28738
61638
47031
64969
40950
110326
21616
82979
38251
94065
13925
84514
14573
22647
3077
54662
16869
80804
84109
20375
25294
50573
6926
81233
24899
75040
34082
50995
27710
75037
99104
21789
26913
50120
51927
43474
70219
35362
102369
946
19463
107989
8372
70559
42388
96725
12174
85333
54220
38970
68731
64202
74871
2507
63899
25458
78189
98114
25556
13359
73684
86806
20312
30486
107793
108096
91909
39228
47858
93601
98244
37051
100044
88657
43971
59114
57481
75365
72553
13667
32424
30545
22976
87008
6002
92991
55209
89660
90323
98162
58001
22678
77204
104693
51458
44494
60106
4085
33305
27354
50502
2169
74212
22845
68836
80485
63504
13057
43218
37954
102700
75908
28821
101453
46577
27427
35353
68004
26256
59031
110097
92588
18539
12799
22668
101282
80285
340
42075
96952
103133
76023
9814
88266
85478
16714
10455
18866
102758
79551
105951
47678
67903
3711
11920
39878
69532
92098
18545
37664
2794
85428
75502
51171
68864
36845
12226
18717
102646
43227
61316
93207
60068
22947
12620
50062
13639
79787
95635
58521
17712
28266
29666
86622
14615
35508
104743
833
68132
100146
29519
13316
43815
56017
50813
68227
85583
17309
12233
48435
29335
1739
64067
830
42163
70151
60239
30925
38500
16474
7333
57105
102496
80414
40197
103500
1193
53186
64750
28666
46052
79489
33377
45202
77430
44591
50184
11482
93172
36630
47544
7042
9153
52559
58152
4910
93825
72829
17796
50892
68060
52260
105944
15429
16533
52459
57433
94046
78136
28947
39413
32620
68794
89760
86288
71423
1175
57461
83115
19672
84384
87520
441
34463
57963
106344
55278
102619
81249
49592
49413
57149
102766
49863
88325
104237
81735
43527
79569
60997
53290
400
110048
76158
89122
16002
72029
105264
60303
84602
69310
36841
95532
53874
75640
13788
68475
81837
103046
80913
22989
20672
59603
55699
1631
5495
91896
52493
25643
20005
76957
974
80645
39153
60680
39750
12758
98122
100656
25899
34081
43515
66703
67186
24797
77726
45499
29821
43774
84370
15153
2511
75504
41916
84715
52972
95221
64458
41812
80586
69115
75187
54493
95257
18654
67210
35972
104186
74606
59224
3583
76010
9375
15800
27444
24655
77372
87523
64374
103931
73340
21366
88923
63154
79311
107784
16318
105030
1596
66333
25095
29844
71057
39439
37024
69018
82998
42811
86528
101598
87445
34745
92248
2499
53444
9037
45536
50098
53126
24877
81554
7839
95721
8471
59959
57627
86869
42557
99830
2484
21968
4327
49450
11992
107004
108124
54292
41951
45951
7524
48840
57388
76986
61892
32834
12017
39740
35454
35878
104683
5582
90033
15457
36539
52460
5745
93223
66705
54682
9306
107042
15894
1713
93635
76493
12
44609
77740
33116
36984
79678
67199
87571
16896
837
47534
105331
64686
55837
95802
42069
54669
22436
37148
39888
33919
41747
77884
43377
7329
71529
59832
29646
49232
41425
93030
71619
92136
97236
11258
13553
22515
66250
82238
65618
49171
11158
106960
21692
7592
11951
96075
51984
47264
67445
24184
54917
15307
7744
94288
11473
33228
98334
855
44872
94304
34794
99305
21010
82526
71194
93488
67726
20648
49691
28528
48593
67964
25793
58534
51445
96222
6574
43416
54916
98197
56159
21344
70416
59870
85775
50890
80842
32474
97034
54796
37461
2063
54683
7213
38741
105129
35827
78618
95017
93142
19985
93427
45810
8636
61545
79252
3273
69093
100135
54183
7747
17484
70771
37108
13533
95856
60357
4744
33216
4388
64895
52993
52026
12592
42788
44551
24628
4869
107111
105865
97802
49630
51621
100573
42160
20937
57434
63564
30871
88942
46701
33500
95372
76626
14326
13142
6424
63244
62861
20220
101861
59
2255
63333
54771
102661
16074
53075
47291
108179
76858
18893
12591
18203
92046
29520
102328
4561
20941
34365
104354
56130
79792
33618
6776
39024
75314
23537
36206
1306
58387
74117
47208
57088
54000
74134
67829
49871
24831
20085
61491
3361
96814
37835
89381
1823
107704
23981
47265
55896
22607
71742
25420
81616
31579
1748
63776
63542
59057
35512
64803
13918
95478
60710
61593
92773
94067
50256
97945
37784
53316
79605
31003
25654
36273
83421
32356
84348
16338
89838
12770
91216
58816
7192
41249
102233
26669
103169
107135
72876
89481
76497
42107
97869
69232
7310
85411
35762
42571
73865
78663
58664
76756
57080
20496
105679
8563
9263
79393
21857
107920
14831
9480
3095
32745
723
79855
91664
86876
96120
5656
98370
88504
2733
3173
39950
56083
82626
25569
52061
100587
28857
9656
24471
68602
9734
53231
3463
50973
73176
22701
84551
76690
49756
52122
5061
71859
78506
81728
2178
68215
76488
56902
18359
13037
54623
104447
101345
79037
53711
29502
78760
73477
93720
28698
89506
25577
98251
91400
17887
84372
64149
104015
32097
7875
19941
104080
69281
47132
104980
69305
104786
70022
98801
51439
26957
2809
79777
32403
76455
4653
86769
17928
103232
30046
5002
43822
6956
3970
11012
78990
6016
21837
4310
69147
66587
22942
652
96068
37359
17430
83413
61016
39026
57012
89742
57728
61653
10303
17374
7933
73657
50279
1025
98129
73460
2026
34013
77792
16274
21266
26945
41845
87144
92289
24103
98049
98491
104249
51016
25286
19755
35205
50164
51880
43459
31227
28185
58022
87866
2425
61253
19824
11061
97777
94214
47815
40828
48545
94000
38797
49404
46424
3213
47545
3738
6490
79755
14785
2677
22076
41107
35857
58614
47920
88451
41769
48279
107114
1019
109012
85577
9192
54318
13361
61039
57879
30225
18932
6935
95158
50960
78744
5516
99854
104771
34317
342
53494
43570
64353
73319
68367
70533
81991
63582
67502
62094
25627
29243
51051
46623
37296
36007
66059
63648
41624
56122
81214
16655
79116
24078
30839
53890
63703
50334
67878
69672
54624
20406
14737
9463
91370
40421
72634
7549
83466
12309
6518
86395
2596
12991
92492
57356
38769
2457
288
88757
33546
34777
9913
40560
97927
27215
19726
84430
85086
62977
58410
109487
93387
73415
30602
28380
101130
9421
46811
66701
102456
94155
53036
107189
68595
19618
1922
7911
77270
11354
10035
772
59015
88926
86086
80048
18918
12188
37717
31338
98156
97016
106368
6496
34332
99933
12568
79427
32370
22217
101129
71962
101896
26242
35374
30988
23253
97743
106602
48821
3735
44455
33074
27783
74082
63817
56764
94368
89849
48310
41896
102487
281
68424
17810
2904
1081
57213
63292
95316
105846
22651
31089
51162
77359
76562
92559
4885
73296
97865
23993
92607
8399
67508
45306
67516
90237
107184
71612
104351
22319
68516
51976
79638
6397
50088
1090
75896
31727
66627
83711
55836
94
107716
59145
38088
9735
75410
41495
13289
18
94971
37278
110195
105130
91078
22885
81392
88206
44408
41370
44522
20348
67389
54008
106748
90439
33994
92973
92511
31240
55813
40043
53300
92683
110641
5595
11147
38954
51767
105380
67202
106662
105236
31200
13067
64545
74379
88675
20185
78580
37412
57708
43296
24760
12629
67963
63450
89860
11770
65918
19685
62167
58296
6035
57221
30636
11301
1871
66804
29106
97525
53093
87340
22903
87363
10369
21757
2117
16664
107179
51610
75968
81239
107973
9478
65193
16674
104517
76673
15045
96710
59332
16898
75423
93006
40860
43448
82432
91224
96407
66909
3259
7410
93752
23493
15295
52740
55667
48253
30512
67169
55346
88639
83351
16558
82167
31785
105169
2268
76194
51883
97908
46050
66660
8083
86115
42690
79672
23412
13446
93198
44606
85277
46279
13422
70337
9405
30022
74104
68050
78229
90578
14065
56077
108569
92158
97090
109241
73145
22155
68649
26738
87024
14860
78144
3375
100046
49285
89894
107273
84281
88702
110054
52826
14162
57739
107104
24681
57724
31835
62538
61011
8403
41792
102225
90305
42903
26670
38269
109122
7962
39058
67921
36818
78022
93709
87029
25567
17972
81893
61511
38292
69449
85283
57427
11833
93607
53108
68473
61644
21159
77232
60990
52674
102589
57543
87100
101303
81606
2477
56834
61583
102660
50392
26451
60800
9392
91766
79168
94566
52539
43706
14096
93299
59839
3621
19847
59193
80096
41626
62269
50599
67444
93116
9999
94515
89959
36862
11936
97086
77657
16046
42656
42064
7745
72691
52954
51475
50217
66227
37690
7562
5681
9568
51760
79199
70153
44231
46840
50817
96321
52523
48585
21439
2653
41263
30594
103148
24548
89230
5539
84640
97171
71875
59096
69353
96464
32181
93065
31714
30939
108977
30219
62026
46316
36705
50113
92477
70817
29247
59514
20857
73952
34827
29590
5328
72499
15126
77827
110200
66767
18859
18691
48146
57729
89427
99502
76751
102395
41314
6901
26021
94612
45364
58355
86071
83265
86997
16443
95331
73517
84108
62449
76033
37646
72381
25984
75189
55280
66104
63658
53593
51838
61769
4931
1885
15909
58674
43563
79625
16245
104950
25287
43457
8184
16151
11816
83126
66530
22458
39281
20884
41091
42059
18243
78640
84775
40731
76999
45378
7057
24779
22664
100579
51138
81093
93135
50657
71572
45299
27458
96679
75420
59980
66907
88056
46880
79786
62442
61149
29
62635
66254
7356
74272
48398
102621
104384
25002
53623
89966
108213
45767
44660
107082
15205
52172
65873
44703
13073
84130
31021
30149
62030
93866
40219
76187
34045
15451
83445
73013
107915
100349
41486
84488
72149
70924
36904
9323
4365
11700
19518
94685
59900
65634
46005
3334
104503
17481
89214
75505
38229
107891
74702
24332
49924
40900
28160
97180
31534
6061
96521
35448
105952
17964
14570
77028
73246
15595
24709
12772
6319
92408
68019
63392
107559
41090
77989
40373
49811
73957
51665
59281
67620
19679
75848
45641
87553
3373
100679
67064
82145
39824
20093
44145
52923
35368
50620
11104
18684
60883
26804
16751
17849
92451
5874
44479
104582
71246
59325
57640
47674
18356
27967
24526
10776
17146
64438
90832
53872
76808
85401
67428
81048
98183
22140
3354
