38304
1764
77277
38214
10703
80076
63260
8276
50093
37208
11269
21983
19648
85294
65550
21874
710
83852
17301
33378
55415
69904
30266
3951
25551
33838
30797
61990
54795
79565
68938
72215
1670
91543
1636
51461
49210
83722
83615
60378
26378
44756
98135
50938
43290
76727
80632
28282
16391
80336
47787
96152
59299
32115
60773
27050
85892
40321
88431
73574
53229
5047
99722
4570
21446
13741
53141
92116
66700
83280
55648
44629
45514
96502
2343
2463
21540
49764
93214
99253
6524
61003
14160
45964
45257
7640
39187
34384
94941
44041
66507
66812
72534
18653
74742
3396
91651
16068
12557
99156
52639
23937
87901
57931
10282
66597
29621
62200
82614
21630
77898
72334
359
69561
78656
38840
92217
12716
45678
84081
62375
67219
38556
84080
47848
68222
12730
89069
22921
70871
82839
98351
23638
33126
44257
21896
69902
801
53312
15744
13552
76955
86551
97829
82984
30335
59333
95605
20843
38275
15415
17443
50337
5352
22727
22703
101304
42194
59679
99317
63415
71054
12482
23384
48586
100809
46726
50421
50079
34214
43549
67233
60208
47302
30612
20982
99643
1093
28090
49355
63692
99629
95325
91081
62548
78770
33134
97636
79683
41025
99880
86598
84567
52164
87103
101468
42717
29245
44381
25326
20668
30629
15893
79077
59151
50214
70438
12499
6703
45413
12008
57235
58997
69660
59814
72937
34431
86671
27572
15146
91734
97701
86933
98294
31590
43262
6447
26090
31070
28105
45143
88989
49540
84801
32264
64434
85049
18903
86676
47452
10963
41151
65315
97576
14929
78995
24231
81885
22088
38961
11559
44672
63859
56604
97988
92791
20334
30972
72951
31671
5008
12129
54721
24777
12347
82376
69214
40911
35862
44485
39380
39474
15123
52480
37726
80999
10169
83951
54787
79900
2250
38929
37948
27183
84506
10933
75396
83385
19514
2151
57149
23071
82763
3357
9675
40226
98765
49903
55715
25209
100487
59078
35356
35793
11499
33318
60810
100114
92279
60400
75809
81891
38835
94455
88711
45490
55989
5412
98522
94022
63332
85862
63430
75070
84511
15356
3592
6570
672
44928
16677
93563
16999
60249
93737
30394
25433
27416
25336
40943
25092
18036
37965
19758
32507
61587
37506
28613
45548
31526
72615
19633
41551
95268
91888
89065
52853
6155
8477
63511
36203
18444
101379
4068
88488
70177
85577
49040
25540
49102
98212
23501
91954
88349
37959
93868
94818
64286
25267
36694
94531
41013
6577
40285
35998
93458
94861
35629
56441
45995
46615
1505
88326
69477
75238
100435
7804
19529
31404
32120
37859
91457
35533
52501
75808
85141
45841
59484
37586
83383
3853
46031
57389
94724
78368
30744
43820
86195
66411
39037
19477
100459
15916
4279
74410
51250
54043
38482
90241
10789
33700
6311
43252
63536
20771
86413
45379
74126
25719
76329
52011
43048
4016
57882
10577
34075
44541
81286
18150
81720
85564
50236
66306
36563
31214
74464
65091
99478
19363
13327
7402
959
66098
48928
31755
90645
153
20132
92895
55351
64388
98591
18017
67209
24819
2757
36564
58831
25202
73392
68542
9451
73450
63107
65318
88979
49869
20194
18565
94151
6798
36006
57928
30030
81835
57089
53131
4256
13564
13931
7802
46336
76611
25514
21638
42852
7104
92024
85007
24758
66489
41401
37336
77781
42942
36689
24324
4489
44206
95763
58555
31927
44271
42911
7945
33392
51355
34958
53400
67743
51716
63947
9861
93013
34704
2696
75860
54085
85145
61338
5443
84615
67178
68035
3438
80978
75372
41706
74150
66067
100449
100193
41875
89378
75365
54115
35532
79756
74972
40697
72761
94554
18564
62447
45926
59879
88469
79849
17625
70134
94556
80706
71660
100242
17801
67370
89575
40623
63723
98417
21172
86961
37245
89693
8176
81718
75301
57745
60196
34933
27063
31277
57787
88041
41168
54681
38021
37811
89535
20172
57230
51920
19956
92405
25277
28635
80975
5580
47764
1759
16557
66247
89316
60011
44146
43880
43685
59179
55712
18808
40006
32429
14181
90019
93719
24435
29267
51022
12746
53380
96423
51596
33539
101516
50993
86344
71973
21208
62292
43805
84668
61340
58942
56292
44753
74241
34084
57576
60780
72043
9621
97326
51526
60471
93076
71972
37206
78045
28687
12242
70689
94500
49124
37770
59424
35406
41103
7894
90017
13824
85249
89847
94412
81841
40685
87053
79116
33394
13142
85837
60959
45673
63303
97309
29787
44699
16780
50393
16426
98678
67741
74693
4930
8999
78274
26904
58164
40075
12570
10614
8478
66068
3432
11171
53580
86552
18071
70830
82674
50656
37312
21241
74656
37287
22723
52391
84077
54303
20342
11071
85110
24083
25915
75116
57704
83509
89998
49706
81202
51962
17362
91688
25221
96612
77800
5408
4557
6834
52079
10776
64076
8327
39910
78499
7887
77883
69176
9216
28927
40730
6723
36491
81641
29562
40710
15760
37919
50711
16767
20031
53900
57942
20344
69047
6973
68738
78977
54951
44801
82548
55668
13729
96211
14705
52663
29277
82241
94264
33762
16945
22576
84429
46049
77491
85295
66285
84849
48957
58657
72136
75964
43386
318
91341
6721
82705
8731
82193
65003
80492
93739
43707
19468
30357
31805
62138
94459
3338
24977
17151
28538
24058
18229
29308
7237
15451
8055
34401
94998
3163
62713
29163
62099
93699
92182
73974
11851
77691
8660
48114
351
66129
6332
21944
17648
7692
49693
68057
27923
98105
98727
7682
9657
52334
44742
83815
66103
89511
37550
67704
13315
13449
68303
29980
99486
17269
35362
71040
97179
3914
95360
35303
71784
89353
64470
41710
42510
43818
63566
62203
68477
83255
34177
20243
26024
81899
95327
37962
21971
61201
5360
2958
53300
93291
58964
67057
73858
21054
16886
91797
91256
16278
38072
12362
54682
31321
55830
85063
95876
19020
56111
81536
30838
65171
72165
68248
61655
65319
45842
60407
39304
43104
17021
94996
8933
14495
88075
34502
16120
34920
91347
18673
2071
29821
68224
82466
43144
68467
43771
4178
35941
12526
42051
86475
47138
89812
38076
32238
88158
15121
15821
56288
53289
10767
1524
1246
37676
63121
94319
12869
77615
20767
65569
45284
74620
80252
4963
53827
6414
13364
87832
43486
523
16764
40715
70714
77904
1880
82363
30997
58049
31996
84608
15747
17600
61122
12978
45682
15788
12572
17861
1323
10865
80739
23061
43231
57282
31221
96393
15762
22852
15856
3022
41056
84946
27367
1338
66618
53947
67289
94340
39079
60236
32063
39698
57842
86094
66939
6438
78408
82084
14624
3564
879
90690
43319
12575
3920
95192
65589
25536
76503
963
88740
10219
98338
50522
58178
37714
29301
71553
19410
9599
52127
81069
34663
18090
55689
2331
92358
55627
75921
4353
99999
73549
92757
88073
80282
61770
49761
95009
66275
40793
23145
33372
28700
70246
65055
23750
5871
81657
68355
56344
57420
91934
46018
44625
11452
51637
48696
29667
90148
18737
67795
71326
93734
77420
50722
93552
42847
46382
19291
66803
31138
41424
19146
22828
76950
74012
46534
7323
4402
69865
400
35708
86103
85288
83125
24826
2985
81420
1493
3540
13454
17856
100635
60990
73389
87137
41189
33230
84419
41320
99370
14644
83508
77417
49141
57770
2879
64029
94813
43185
82267
84530
97035
40880
69244
35468
67110
11824
90404
12816
31861
40942
17602
49322
24336
87851
71783
96390
82552
50596
82665
86157
67251
66942
48874
51408
97661
2455
82329
38229
74843
83872
79290
74991
41081
25031
50149
15359
17667
80225
24107
47571
99199
45934
86932
33001
86766
23196
95236
19891
66850
36537
2635
24456
38508
2359
17546
98206
38853
32007
10165
30869
25406
22983
71087
97712
50543
98563
74347
11868
32687
294
31698
43902
63349
48800
51590
74787
63028
78954
83762
7579
88801
16724
32927
86784
18563
78962
48709
77456
54923
82437
65205
74717
40962
31283
1826
15486
62828
86021
60492
68648
51851
87844
71848
68570
52439
31593
48273
79470
12191
44080
54571
10553
30426
57178
8509
55158
54697
39318
41377
99202
94520
13562
39431
34706
80962
75208
2163
38147
6928
36252
6281
23039
81384
87539
21750
83844
23720
57051
54702
90665
58721
30801
20945
37609
56183
50816
59779
37730
60395
87648
61883
82213
9891
29732
17044
98882
69791
22726
43893
52201
15671
64939
95103
55476
17933
7436
21875
59526
61713
90448
97903
84621
78427
36822
28441
2707
56900
27973
23510
59401
70004
17577
83791
41001
47723
87915
40643
66920
90611
77437
84403
61270
70483
49894
61055
69655
78907
1727
69793
22269
83050
83297
43258
74171
8990
18839
88753
79166
91685
50233
57661
65983
5012
42257
98032
67525
84883
8314
46762
87969
39817
4249
2918
33363
15975
21870
70809
23801
36800
23433
24942
96193
70599
68055
33981
75933
29798
26795
79369
35545
69516
98540
71318
3288
58161
93711
66223
52802
40093
87570
34354
62744
64751
48018
7581
94811
53437
1648
66552
8524
99074
30847
27601
68424
52927
747
26609
24322
67305
101234
89049
88865
20613
20347
35068
55806
75655
19119
57811
77579
47132
38405
92959
6761
99585
54622
43267
39331
51435
98252
26784
94591
67004
66539
49876
90317
89886
48203
89708
85042
85667
75904
83065
94757
57248
61434
81668
42328
49734
4153
40147
32337
1509
59036
7557
66358
8068
34044
23100
4405
47932
65395
25834
94224
53152
41538
88421
35604
88256
94444
37057
95517
55014
82210
7979
38414
27795
96138
81524
709
35598
11351
49425
22832
49129
91425
82695
23579
3908
7174
37540
39729
84578
93874
5872
49318
40271
57765
61667
62411
24238
99225
17042
71236
70541
41756
5779
16227
84761
6396
22620
99539
142
10295
39136
60827
71796
13118
98514
74489
54585
29675
78217
45486
45753
48042
54601
4243
41313
38473
80309
67243
1830
30373
60793
45208
12494
55033
6180
63047
43208
8386
85459
33031
52936
78080
48329
60498
33927
74907
81613
23835
58455
72510
31999
65316
33585
8138
85358
30863
47057
91516
60360
6005
54663
85379
70109
54269
6709
91807
39620
35878
18061
43871
43082
26048
76740
75968
17649
44533
86289
64097
29983
61649
16494
18755
78127
11238
26384
74476
70868
13923
77365
96459
9189
82172
67894
39569
40894
77836
41869
78467
9825
74215
9707
83757
77740
47710
44149
13943
83682
4425
43299
70252
63073
63526
71885
92216
49955
74187
56018
38337
896
6017
99988
62469
98267
40234
74644
69595
59314
20738
38675
317
95273
86206
1144
27362
57875
29280
85571
85006
93289
91539
91276
19100
47428
21421
82937
46067
69132
100126
40230
63822
70996
35600
13150
79373
86347
9318
28098
75689
5465
42230
7202
35457
87591
34554
78106
86542
27763
63464
1013
22274
69984
94153
45889
42461
92419
71870
26516
66608
13470
24059
51578
12390
12504
71358
92205
11286
81077
5698
39368
32544
60057
65050
39234
21157
11135
33129
55011
26899
76574
88549
13934
83905
67543
16374
61716
78172
86330
94441
5569
76693
30210
86840
54725
24636
40072
70699
34430
41023
34065
88529
91844
62635
36943
20395
64109
86005
42895
100175
22014
56405
10757
78250
44521
84054
53723
87287
29797
32756
71580
92962
34997
43470
63877
23
74032
67561
50273
34449
55964
97754
31241
40426
59228
65366
34830
43656
84231
59406
73512
32487
86539
29446
52311
44213
31386
162
56297
56159
100609
9513
78206
76438
70167
51930
92634
9378
57545
5403
68879
75710
88224
94704
85081
22768
78122
89444
33292
27055
55135
31541
42334
61431
93632
70819
58054
34433
5834
87067
32515
22673
28243
41807
66337
90153
42936
74122
30176
47678
29034
70386
47654
53558
83317
22362
80882
95912
32965
46590
3341
51685
13342
39971
87935
49651
40041
3371
60181
4765
44010
37695
69912
57185
67348
37885
11194
85073
16144
93105
58893
87893
99920
39058
77928
10125
3215
83005
42470
15681
30023
15740
82163
28290
72078
1367
89630
74485
88165
33671
94453
72098
14398
33438
72123
13047
81561
91254
97293
35316
58438
99986
90926
54328
56644
61580
39876
73789
54645
53835
12782
17390
57751
36085
79043
8706
62869
39469
56703
20043
60467
31865
67865
28461
31204
56643
95635
34785
53824
46596
64461
94401
34330
25271
38035
5773
13112
97932
39039
80388
33588
18097
35741
72676
32529
48420
9777
91239
55072
62601
48183
11
91434
21661
39389
14361
69451
9520
52900
29271
85160
90749
508
6036
60630
66562
63817
80280
25008
7989
66514
79401
15105
94791
83713
63229
56196
5282
96682
18243
40256
42973
75079
14425
50153
74152
58848
93166
76820
90010
26780
6304
9682
43081
77083
54918
79690
1807
34361
77150
83751
27105
65853
84975
14980
57637
64670
100750
23770
32196
80893
283
81006
75535
59014
32912
38000
30458
61255
36081
56567
32905
28881
87795
65490
94660
49626
26706
75633
4333
81893
72828
65314
860
13375
38159
20302
41952
89819
67711
86528
70786
85449
9279
76603
36962
78910
62558
8473
247
35963
70187
41363
59180
19236
4828
22212
433
43791
49595
1120
83772
8337
90311
78798
37120
73761
16351
7574
30074
91402
15113
83470
42099
12514
81340
55987
92415
87315
52959
26371
57403
49731
48735
17286
88225
93018
41555
21951
28954
3724
20340
8527
72865
74862
279
74879
96365
36209
20724
32008
20060
48458
82666
7435
5758
94827
99069
29101
16300
76416
59703
70108
44527
15533
15952
13305
24466
82913
46493
45382
98490
5946
8150
14848
75865
10843
73882
70795
37475
27490
12255
46662
63937
82092
23136
87617
61646
3394
25449
69265
80210
39740
65359
100598
42152
34507
99331
39478
6857
40546
65920
59503
45826
73049
33165
50217
5340
87580
20936
77198
42848
7298
13992
35601
57461
81675
87897
43315
74230
4682
29902
22699
58819
65463
35523
91005
92019
17819
1372
36215
38882
1713
76115
85340
65677
77300
19227
99607
24089
69700
19014
72559
73037
23208
82429
21503
21669
2232
17279
58509
6562
26325
71559
66032
61529
1700
20742
63350
4020
86045
37423
17798
11169
20024
14432
81702
18185
90332
54077
43811
55380
52403
97347
10132
92092
47708
67838
26349
64775
78232
33132
39199
39689
60508
93409
38315
56800
86862
61038
19996
79506
69518
63302
95206
39244
9827
23107
55008
44354
93942
67768
42489
61164
55373
24452
39687
83235
81307
59596
58339
66644
74802
3187
32249
21612
56640
84084
15543
99415
32191
94210
19691
50456
36783
85175
99604
67911
55417
79262
32672
51475
87289
2108
29246
36314
24502
59634
17099
13565
77584
58673
2792
88527
54173
32158
22209
22202
1027
37175
30833
88226
82900
76473
4740
66167
70345
39904
5504
98244
19630
87749
50813
2485
26398
46435
96160
79678
20420
95279
62080
36736
60014
37306
2290
35031
66548
70880
9262
1927
83270
20706
91372
88576
6388
35072
6659
95359
40845
74189
5962
30480
35897
16891
48453
11784
80603
37929
76016
62164
31033
101596
13283
92823
66284
18531
60758
66119
78599
77008
94796
100357
57998
78231
13915
65855
59328
25978
73925
3240
66154
34735
10965
55388
69618
93393
89878
3228
81387
7330
81279
61982
26730
5134
4443
13692
62417
10625
75245
32530
8290
93407
85836
4445
100128
57215
18199
3928
59033
74654
7277
477
8481
83184
85157
100333
58363
77118
1335
47240
31644
75888
31483
60966
38822
5354
94784
81372
89734
52886
95868
15369
52709
96008
71334
69611
97582
40554
1117
55211
47851
54708
33578
27569
82647
80034
83425
43723
75066
17211
66846
101135
86001
6397
45065
83707
30840
93088
25435
87410
80578
53806
28858
25961
18667
44702
73063
15982
20817
1885
25581
5991
64522
43785
42286
85843
98643
82996
84143
96963
80429
9144
52911
83342
101387
27282
76204
20934
18522
10793
42990
63000
11253
93910
23025
94143
12995
21795
78772
24663
75517
26807
56247
10204
84694
32878
87768
54393
56147
56980
76630
13096
60775
47011
22464
77555
51993
47859
49021
89520
5485
78004
77431
3733
29935
41673
13165
24000
23689
14135
34173
57336
6513
32058
60175
84938
100980
7153
17823
21448
35614
33584
75092
24092
23651
18816
71685
97224
54069
26132
100259
41455
23765
35881
73076
80069
45924
52817
37939
86624
14295
27866
84294
33658
27921
98751
8393
87399
50008
39108
45593
14588
21002
12471
23619
63688
98680
60549
76918
65825
34337
96172
10314
89875
99065
91521
4747
64468
63288
20867
98726
7400
20110
80842
7142
81672
35572
52529
46976
73624
78307
78765
18130
3217
8863
87638
64348
26565
45641
35215
45287
76383
95458
64944
21434
19159
56476
76879
57344
68300
77941
15891
73456
44776
9281
48781
78405
32876
73282
92337
27924
23570
46598
44051
72862
16660
27456
48300
44351
75115
17782
33951
13323
37938
56917
9528
30012
70085
29180
19767
93635
57785
419
98657
66946
15707
8549
22572
38554
37890
71846
60716
101398
17262
63057
68430
31985
50112
23588
54940
57570
80215
25064
10310
92981
22044
6547
37591
68870
71817
72913
2384
80753
50319
51201
68900
65153
12688
3566
87970
78060
3143
61405
53177
28133
62523
1969
23834
74518
65656
95990
17285
42736
61032
2869
36009
8745
59659
73808
40089
95171
31152
72489
70195
33036
100999
8076
27443
20462
18698
7384
57442
10156
63459
96072
89226
67369
81352
72374
49755
81002
12769
46307
40905
19903
94425
52601
16
68530
98289
26235
62028
92183
25397
89216
60886
92985
32648
39792
53313
18113
46671
24267
11105
15038
60174
33598
25210
14730
39470
5629
8747
52781
61932
91482
53974
22617
54780
54082
52020
62654
5600
33738
32572
58687
25112
29265
53287
59487
24835
55939
28645
42556
56362
48239
75254
96022
10166
88236
67373
3618
5297
10396
73822
94736
21136
76652
25567
32345
63002
14499
81527
75610
81949
59152
87430
73440
4534
87143
24064
90186
38877
26
92993
57991
92225
48494
44983
95946
80476
22982
17962
54217
10780
40840
13281
90962
13660
7183
5036
101197
4118
56545
75479
92500
87171
99968
37269
5399
11040
78567
38500
46461
83554
36234
61406
75050
100226
31161
10139
38731
23490
95419
90119
10377
4659
70122
89196
7725
6076
77339
30952
97944
35506
37766
71934
39255
83467
91120
46857
71840
67304
63991
27541
68442
75144
7916
62215
57630
3658
16501
20961
87506
27035
59630
35698
76017
11469
9429
58984
98097
47775
58547
89019
5165
42872
53273
57895
68670
14263
41471
94010
51028
15481
5975
62183
20796
72231
83801
77788
70519
50338
100630
82214
93595
33263
63929
57698
41554
69898
19520
2848
42429
76688
19535
15829
27051
59071
26961
60769
23549
71064
5510
54086
41408
85583
83324
86526
74469
20259
83321
18076
11983
19283
5954
41432
46405
890
89318
94225
47642
55563
59172
91462
13056
19668
53684
73481
98841
40938
35777
93068
5599
18096
72365
97201
55878
71388
64612
30961
64168
60546
75028
35142
45149
63357
68228
14692
54824
89047
66435
57244
93117
8503
16901
55006
28928
4011
3253
8611
47811
22800
94433
67214
17107
20793
67313
53503
68775
34069
66101
36759
90916
67264
96480
25224
97099
79375
70234
72119
47988
9416
27060
87608
79759
52866
25557
68164
85799
71577
96279
12215
96751
18615
62336
7814
97076
71916
94833
29590
82253
73543
24651
35092
37285
3911
38301
62958
15092
40066
40841
93002
12452
37806
6424
81940
2759
93194
41932
44543
48430
16974
83465
6921
97888
81056
12775
30599
4714
79519
38272
91087
79155
61631
36762
40622
54935
9173
75077
14997
91229
66743
61501
24746
66773
88293
72960
90319
87751
19066
37570
37220
35826
59189
60603
58739
76548
98694
41876
82846
14141
5788
85216
46860
81465
46777
13551
82357
25203
40721
91501
10341
92481
32873
34970
8578
35450
11365
15534
15312
67925
74661
73614
35384
76231
93919
6692
68114
15554
85003
26917
11336
84010
57640
34500
62782
55019
90667
94003
83953
25162
90165
20919
35290
72251
65305
17488
63122
84063
56335
29224
26552
50379
11196
99910
28839
60840
72089
93364
50289
76409
32822
51494
73802
42358
714
71529
32199
41810
28483
78575
73513
77324
32706
72586
26536
1064
17656
56465
89932
14544
69721
14214
6354
60294
51321
43190
55291
28537
81624
40506
72120
29011
41317
39785
970
37284
64549
99633
74437
49295
92795
101540
46827
75121
39832
3662
54744
64374
74037
35541
57152
88556
48228
92647
64369
54286
86357
39671
9625
6979
26457
46552
83831
53375
92267
84592
34122
70471
24457
86406
72161
49023
48260
31490
79708
66763
27867
96419
57111
72450
58268
33481
77758
51410
68615
23191
62213
100772
92363
9007
73477
86591
92194
54765
61276
78768
43729
72095
41523
51988
4284
44596
60877
33697
24294
81986
18323
89977
42024
1269
82687
41872
50466
67116
88254
51104
28033
9294
63220
271
31365
89347
78684
38919
10806
99388
55957
36158
14829
39999
69216
1077
54073
27713
98964
79104
87929
42336
41640
98378
19776
62945
8008
93806
20929
76846
91853
63249
100336
94314
885
95521
72432
30826
74935
11818
62057
53002
13761
32664
25151
80370
50316
12473
11120
86655
81023
37528
6677
82645
37448
48409
6814
7367
68031
45229
48447
57615
40178
16685
89695
67979
96060
47403
68084
22712
69186
61739
23313
42972
3455
75411
41220
47471
77719
7743
37682
92335
52596
75382
95477
21465
9631
46989
37192
66475
33537
478
49983
16185
3710
56307
27566
18224
13506
31598
64356
4613
100205
47625
30933
83940
62381
8760
15711
12300
14424
66980
33691
71661
29107
39609
68736
78648
5026
35118
35420
82251
54479
55465
1017
38148
70243
8839
43946
77501
41919
12235
35312
1579
97704
13072
58911
49403
28524
12101
21331
49004
58065
28176
19821
33569
9205
21237
47062
86056
86268
68202
8245
38543
61648
49553
7228
58147
88944
83036
23159
16253
34808
93982
22589
81972
49468
19011
53725
98846
44943
53801
37507
54849
100179
46802
61331
31531
76844
57667
100698
75414
24104
46778
38663
58707
4688
48883
79535
9274
2577
58377
6
44465
70867
11693
69328
16621
74780
37617
75086
71920
2000
68182
65404
70060
94329
65757
14873
47621
69372
34863
52025
95971
9562
4251
77979
22595
4035
10241
58922
45389
19692
47224
53749
44980
92135
33696
25996
70568
18676
98919
27695
91436
98047
83202
53092
42889
50276
77174
66937
28887
68036
77279
83420
77612
9042
87376
3930
16481
90170
95172
7765
5520
22948
28744
54279
98239
9204
14552
101532
24141
77409
35936
54298
12831
49543
3381
60066
65497
78050
31863
63766
11909
60042
52841
101503
31103
10512
1220
28848
21221
79750
17877
12178
14193
2801
3827
26758
64414
6902
50010
91273
31130
59068
72356
59034
5396
81686
67580
11002
4713
47002
77356
89948
59964
58630
66629
61786
62394
25418
46157
34822
91944
50234
11860
99255
12491
99625
31684
92653
20405
18743
40726
71286
31796
12701
64786
56824
8663
83857
92788
15973
45742
18082
28571
73021
37134
18624
86496
28074
91586
74845
81917
5271
1251
42150
64908
40218
86226
98157
70853
7467
65661
83833
72228
100946
55708
39527
19812
27656
50815
10226
100508
58515
48100
92038
11633
78650
58497
89985
62613
98478
15358
5385
62358
72287
79772
77187
85308
78173
50410
42954
38518
26659
44332
69917
5295
51684
78546
88396
95429
91869
73747
19757
30173
81844
58238
74474
57544
80523
47727
84815
17306
79255
70227
10516
27580
56570
26478
57834
49987
38930
10576
22676
89922
89362
58832
6751
18086
13605
88211
55945
33160
19191
90171
35566
72813
70753
73268
63334
55223
10062
21352
70226
75323
22512
20423
21843
18873
69456
54432
67236
28409
91096
32383
73444
70436
57060
26692
27236
46744
64410
93234
96650
62174
95445
82764
82167
24303
57590
63519
98048
74993
63041
52872
85480
13598
79451
71262
40951
15834
843
18731
12049
2692
32517
14534
1301
52693
28029
71595
82057
88583
70761
71187
70012
59890
52082
39160
18397
88834
16832
13479
95682
64266
37145
65520
20858
69410
93340
76168
54129
46729
56472
11386
25711
100686
92427
84487
100119
26663
781
35449
48243
36901
81254
91562
23756
84850
46451
29900
80355
65036
57772
53861
66520
75536
74280
11582
19091
40371
78064
25771
85423
4506
60408
2735
28515
71452
86161
71867
75912
67669
23072
26775
59841
76772
2493
89281
10837
35242
50244
31577
48117
80699
9640
96027
81317
37239
78693
33582
40450
25942
13629
5371
24333
61401
602
78385
29031
85100
1580
94499
8089
36499
58347
45831
61538
73323
23410
66456
76651
43621
827
60558
59209
14268
72580
51069
11671
49208
68600
3242
92374
63251
22197
72561
7550
61332
15054
91703
14641
47193
62039
73151
47172
64412
5377
27000
33832
59237
31798
79432
79435
32053
65932
57856
93851
30110
54198
58388
101583
95222
47941
25017
79908
3946
95904
10741
22094
66757
11989
12892
14265
32353
78969
29804
18384
46268
86061
29721
10949
38397
37619
9739
43861
86574
57867
5287
84210
15862
76280
49445
95457
16930
50878
1958
71628
19202
13110
30546
30119
63473
10120
62266
97918
1813
20144
39303
90365
97092
21462
37050
65230
46243
16174
71306
39558
65485
18472
74951
28391
63893
14609
27427
10418
89999
79987
103
60140
11393
47189
29806
95364
87840
83725
76805
64191
33103
58531
68284
8458
4074
35926
27588
88912
27946
6942
100157
29085
54112
3872
66028
48606
48823
89480
13484
39723
34620
9850
84359
27245
37643
74369
21485
6426
92187
203
67683
29875
73006
22206
64957
93090
11545
26586
24744
80878
10352
69484
54013
10505
58100
60789
2174
25747
50075
21408
29759
24902
55340
1682
16890
95984
10041
90343
235
85138
80784
39928
14580
18999
63503
12488
55934
74595
39270
101484
39899
87534
22868
11610
36615
9759
43930
55789
89557
20611
47365
87328
10359
85259
10968
59335
8017
47616
38090
43090
67914
1136
15958
73096
59474
88033
40461
55419
76419
94831
49204
50921
91695
24485
83048
30140
94265
1551
3437
93493
21949
52142
43140
54862
28140
84130
93648
89267
67667
46679
18372
95570
30029
68824
42604
40596
19258
25804
25157
61966
27403
6464
24051
31875
60455
73010
87672
841
58751
64566
92269
49610
59301
87200
1833
6667
70144
12429
60385
86012
42950
65945
6458
65985
73313
56497
39959
9579
94368
46768
11185
83334
25797
65745
51444
36000
2721
87478
81840
42167
60187
32659
7766
61484
57400
18836
4112
47528
78569
52133
57776
90093
96428
33411
70517
34320
46505
40884
16184
84781
72941
54090
89968
40940
19200
58633
77073
51917
11121
48525
4338
7244
97504
29205
88954
94222
46119
53139
70032
48492
22760
45776
54531
58835
61523
40561
17112
70600
63747
86649
99709
61258
22893
13437
68568
61973
14184
78126
28986
49222
47750
22854
37105
4542
95209
95796
73009
38939
40817
1070
23961
59567
54706
64553
16385
2446
61391
6584
82899
81560
88588
1865
98470
86193
31051
71898
77849
12655
93862
7854
40740
75793
94983
31899
47700
98386
73801
99411
11853
15108
41753
24325
32223
40679
96825
39608
50064
10901
25743
13013
70428
70873
61986
27081
83015
6309
27479
250
45732
80333
52102
23420
38946
1762
78626
47088
28541
85353
87060
77320
57402
45610
86579
73216
65443
72318
57911
99546
34168
22679
72829
73894
28514
22759
76464
85450
40747
79834
58406
4920
34576
23022
62797
18153
44182
39206
8171
75647
90874
49963
65977
58615
39940
1821
72075
80277
53853
76003
93277
66086
51189
39990
36704
62311
51178
47333
813
61473
57712
900
100586
19306
68325
2972
50812
55611
68196
79562
51674
68792
65365
20282
92428
16370
59082
100099
58325
74911
80836
49193
6016
58087
91858
38009
90995
38478
34197
28162
45464
77017
12613
35899
5143
74835
42193
53088
44175
83027
35643
94681
6829
54428
73294
24365
2044
34965
15274
50876
55151
33728
18018
83716
73056
69258
94934
93861
34647
12446
70821
95380
82420
86665
41974
70932
15065
66245
5899
22909
11760
12430
59331
31419
45517
11399
50947
45513
6145
82229
73460
11926
90235
24156
968
77086
97339
28565
60732
92418
19263
828
69654
39119
36600
90886
1292
43644
54897
50642
47687
28780
68094
75926
47948
62373
10694
24420
24545
36666
89287
100335
56062
81570
40175
53783
36396
72311
4076
8538
44609
51601
85375
84173
16761
95131
11816
97633
89507
32893
48970
19710
55930
90725
32175
26460
89596
91536
10515
98240
50621
50165
25052
19065
61102
42538
79237
51918
3717
52095
6042
4708
16352
97830
40335
5848
26394
71967
57762
61047
83544
95186
13501
82296
50016
38192
72745
79147
84337
28575
18509
19502
65138
93619
45942
18532
40807
85997
97046
87869
17254
76992
1604
2026
22510
81223
1949
97259
87586
45966
55001
46154
96001
6366
49826
30964
22064
23577
4689
73684
79145
4977
29673
28543
68573
44656
68777
3245
83190
25020
1041
4330
18287
79089
21048
26259
14743
46847
60730
68969
54207
8566
23710
99884
31606
23902
23179
49831
16209
50832
40270
88612
1660
31219
82822
84349
59339
33881
94418
72147
88056
91403
79651
101401
51278
25579
50828
39231
60899
12835
69825
44649
35520
60238
62418
68245
97814
32404
70405
7744
6872
33437
9001
44471
72219
42086
86363
59669
28703
2644
21471
85884
30647
3683
28134
93623
14962
28712
69017
97429
89288
80633
64914
44540
65990
73236
56373
73043
27135
1708
3320
42659
1095
14403
52457
18042
60828
37611
95654
78778
87772
70200
64858
34878
94985
97769
60559
59773
25219
36778
54606
81287
68747
40652
44048
79353
60702
47686
3994
28611
6461
20984
36130
73852
34809
42249
82168
39758
11216
58976
54528
51264
38672
788
59657
39442
7724
13667
21337
69558
51911
64146
69636
83438
77490
100651
54656
90071
97002
38298
91116
40819
57061
46380
57427
24742
23788
16679
45533
36725
31279
9065
59471
85251
52710
22326
26356
32438
45368
79655
90134
6647
92727
94237
52135
93292
99000
31566
87507
2690
85297
49567
69425
84079
67769
79561
32126
33410
76418
101314
47086
74508
14003
35255
99847
88516
39448
100352
76513
42998
8651
73746
31504
81028
22762
94383
40532
89285
13572
80396
89402
17699
90307
81250
82826
22665
98621
55702
32304
98173
46339
65380
63120
20138
34353
8448
78357
266
92670
8374
38410
40468
18960
93903
81830
35380
75529
4239
57727
78225
10848
94579
1616
93250
82866
99113
95193
70444
7823
81694
60698
72112
59414
46529
17696
18663
100684
72052
32393
41200
41094
93175
65574
13600
22960
33769
77678
28460
62482
50756
84748
67993
59436
8411
58606
15050
13964
84870
58091
32274
73890
1638
90100
30208
19963
68894
10463
95426
68201
47451
29680
82074
29717
81172
52585
84636
41258
4656
61687
11637
101294
10658
30039
95991
21985
10554
45140
25979
88558
9293
42069
71943
44153
56253
17178
75900
50047
71837
20593
54655
74438
4205
65897
88051
78956
67532
77120
45519
1463
25321
13421
97497
65272
37085
2809
18847
96645
79896
81380
95646
11659
54309
5900
43552
99570
52799
45799
17156
70991
100743
47914
21542
98863
83462
95401
76474
36941
2381
6405
80727
42068
88361
77082
40615
69879
7903
76221
81946
53137
57337
21626
51553
39696
79939
92409
86884
76600
41187
58334
51298
22172
53339
25816
17976
57491
88428
50226
1118
19420
40573
74534
73519
95536
15753
96613
90815
78209
78133
82133
23559
24270
35965
17740
31704
77010
63682
9754
5254
47754
60383
8324
5398
29416
14400
30211
50507
80646
99572
38398
55100
98482
75168
39305
83961
520
59317
70611
11312
46532
71722
61475
76445
40722
27831
83754
36111
101597
38276
65391
37204
71481
96150
90914
47689
32112
58929
71088
12363
3865
4941
41348
58203
29886
31330
44569
3740
46294
80345
33652
60035
39085
17250
93155
72123
31247
62763
54361
58355
56305
83731
63852
41846
16036
30043
63522
36108
41585
68696
36144
84751
74587
31922
100416
74420
75293
20909
37690
96816
65167
35591
25571
97577
62446
25441
31461
81981
85862
2910
55156
9955
85835
52218
41889
28219
22329
68384
58780
43149
87228
32593
96525
73685
94024
10122
8292
46788
20983
29864
83552
93876
42826
99674
99606
47830
49120
37184
77432
11303
11310
8873
15002
72946
86172
26551
69969
71336
36730
44683
96158
