37314
94083
19793
66615
67261
13771
8485
90349
49536
15972
77668
12843
4076
51319
87394
11316
95185
76814
40064
28562
13525
89766
69203
64864
100354
72213
58019
62415
13517
54180
48047
6905
73687
77556
23604
15489
33454
5769
9510
61379
61266
31212
12862
18141
68687
34811
514
49235
18446
64863
24712
61608
38325
68458
8713
97939
90136
15407
99304
25918
47728
37966
88769
7569
50223
15804
37445
84338
71195
19276
17127
75128
76457
8683
63745
66392
54583
60713
73941
62756
73741
49991
71366
24710
16466
39202
59940
20759
33366
89898
98060
41207
67769
89272
42216
72413
98983
13833
84505
15757
78940
3624
35424
7847
62624
85801
38020
30803
44313
54675
69752
4636
85727
65293
83819
80031
43557
2969
11913
53556
32426
69524
85107
35473
93212
5896
15077
3880
40287
45788
36216
18018
69888
12551
29843
2719
39633
33031
61775
82784
6811
26328
33279
93180
94242
39882
42083
33466
94898
13773
95996
39596
20683
26979
17443
75372
21877
7298
96339
100255
77584
127
2184
44753
42942
61828
85471
90589
21488
77708
83293
72281
97817
58790
50663
39327
80834
55298
36982
26317
19070
23719
39586
39471
79179
43652
47453
50806
33157
48197
72995
62610
233
60029
50034
75527
21087
80405
16338
7690
32719
15277
46109
98973
7336
44407
19471
78757
24311
18155
29509
98301
40683
96945
90293
9631
69462
21956
41419
17883
69870
51940
16303
67163
42873
77289
39040
27462
81971
55809
98109
82701
54111
5729
78085
38189
80480
97168
6558
42820
53258
7615
53863
9600
21578
12052
87204
33743
81769
64628
7282
39922
4189
88843
26867
934
86930
64617
80060
66054
26745
40510
40748
75616
87906
65672
61123
12937
93528
95957
29519
92453
67179
84541
24368
35714
73305
14199
33244
28416
74653
92068
41732
83212
23021
41919
55164
3267
69485
8721
97350
14853
30556
61843
56668
97021
86333
69260
64446
22982
37565
49123
57595
69445
88560
45302
54464
69002
80371
57833
34750
70983
69099
54452
69770
34754
21585
18013
13249
29543
55058
24015
4409
2772
6055
4991
84449
42411
56980
30064
57660
69253
45329
35099
36665
89638
68759
16400
34957
39450
64859
95674
15413
6825
78045
31017
71042
66152
51182
17845
60997
74191
68355
84105
38592
43238
9110
66654
37384
88392
62093
40734
47723
94517
72700
69676
42336
33201
51811
63990
11528
14144
26980
41621
54674
85136
43014
98561
51783
91449
7489
59447
3754
4867
86221
31369
55649
52064
43319
40476
60248
54291
9011
7736
60372
43086
71376
83444
10320
91878
48811
86620
22984
49986
25826
24300
99918
70097
26168
85373
28256
26296
57319
14508
6384
11338
14308
92702
65866
80541
8005
41229
22629
84523
73805
39642
1703
53824
71168
31645
81671
41385
76986
78546
3151
23657
4090
57755
57402
66513
82172
67251
51482
34642
61295
75818
79868
13479
10242
45749
4946
90897
65230
91067
36916
67050
91799
38155
22912
100015
23091
85698
95373
51438
13009
61987
95611
62151
93618
7800
10981
52436
10702
45392
28842
35943
14162
5312
47575
87606
31934
91498
43901
83598
70004
55646
49467
37455
90959
68463
93181
72200
91804
14983
80044
51190
12000
41858
3894
92881
63878
55381
58792
50465
37655
5790
26570
2882
37371
37233
61847
58925
25844
45960
101405
48301
56249
39731
80897
2839
21739
78934
5279
33495
95955
45030
52776
92862
19875
70996
84077
61511
4798
94253
36779
74457
39522
34502
88125
41972
61530
57793
16864
70282
11237
25744
9730
65338
61238
33494
73280
86
15636
50277
23406
52465
94697
90147
57544
72105
53125
14967
67429
4692
35624
10118
99362
55332
52897
10657
23741
34918
9140
7643
51196
56031
7325
23754
65639
59420
33292
94944
61942
71596
71394
59073
33506
26246
62608
83044
56795
50453
6371
74344
47761
87710
100338
20690
82736
93045
31637
52483
52775
64953
54914
36687
54545
22455
87830
82440
93024
30132
97354
91178
14525
22037
27408
44878
46076
66900
40840
68351
85607
17822
96507
35716
64392
42579
79395
35962
99843
92572
25383
40509
17498
46414
45596
51076
63710
93601
99567
69422
95588
26693
1664
15284
72730
40609
12960
91802
89967
74461
82421
47490
33505
50339
46989
82881
54821
16920
44218
1185
91618
66419
59718
74412
46632
76474
21224
24960
35503
49571
76440
57236
84560
50990
75362
5848
52547
22537
62145
76038
34397
87447
56523
100594
61649
51037
30953
24321
87036
29538
86532
93828
72377
78487
58937
5220
15180
32946
63078
49118
11695
58894
23482
92629
98427
68356
62088
21648
17928
79697
55530
82104
88131
988
87613
89164
52649
98154
20175
89274
69654
84373
79475
89218
29493
16163
48137
83296
85948
30285
14532
84720
37428
80623
93304
15322
95830
31783
73991
24972
75579
213
91909
21900
72486
6976
57285
24380
77243
83828
21889
33272
77860
28064
25608
56130
74817
10934
73776
6297
11618
27361
99811
81473
22766
24953
93278
44308
16087
20401
77361
88246
32213
90005
46365
92008
24997
29876
52351
65153
77729
67986
49332
57666
33453
47954
25810
94409
54996
12243
81493
75400
5337
70935
99655
97625
87337
69043
30421
44061
82659
71536
96037
19289
82124
64442
43925
58186
72116
79760
9358
85091
47557
43727
80445
91011
77188
82915
64391
16636
81216
101352
30122
73255
29114
52468
29040
39080
18322
89374
80672
62997
48309
45166
61606
73302
92732
64269
3257
38175
12354
42056
65018
14556
71831
3615
48005
80970
82545
78128
87291
17833
65382
27821
42719
92943
34020
6318
476
14128
49750
82197
99875
93595
66795
38557
53010
4025
69900
32825
51917
50401
44894
72375
71769
91289
7321
54297
18838
84095
18949
63308
85700
11301
12929
312
17810
99922
17791
30664
74769
62711
48576
26628
70529
35877
79178
53508
53397
82100
22394
31218
2919
80886
80885
42204
48565
31812
85379
90790
49601
48752
40946
78711
71805
64183
32586
85662
32901
75051
27119
72523
12967
50126
69726
76704
65861
49802
84603
59205
47042
76252
87540
11733
101683
77817
95416
53913
25386
17448
85292
56554
47098
31873
10412
23423
72449
4227
90127
69656
70408
35892
12512
65543
4860
51230
54378
89736
28471
31660
43718
70900
42012
14665
20057
60300
25371
75444
30182
5628
65656
93091
38214
47500
30912
73588
73370
68856
37764
64214
28408
31303
20988
93746
65383
52057
12944
77254
100186
27717
64318
38612
71388
14679
89365
27713
56899
101681
27870
78396
79273
57365
22598
65245
35993
31329
13142
92387
74170
58092
52550
44649
34873
79825
30614
68540
96012
42242
89524
100299
11126
17367
11967
46360
2327
82108
35704
32023
74649
11789
14514
10261
94795
78893
23607
92029
11113
24985
63414
26541
95943
69488
57324
100149
49857
88783
62515
96574
33768
19057
46425
76981
105
49562
34774
29098
47288
21466
40754
48762
56958
32700
42100
92061
20982
57541
82646
69601
86729
67595
51621
56017
81313
31134
6466
26049
38703
94836
85779
33741
24956
50877
45603
71563
20756
84184
20303
39398
95382
51846
23578
49454
33689
75055
11594
8208
76555
93207
94828
18495
32910
52680
62902
69709
64298
54248
31291
79397
79605
87531
68476
78496
31791
79497
3301
43612
99555
95424
20269
3892
88713
74964
71603
85187
54535
7047
20392
60476
17957
61293
87859
47138
65843
43277
67505
87852
22631
99441
38072
74624
80074
55262
87833
94554
76224
20822
71016
59652
23483
63507
80164
13908
78270
83157
42060
5361
59945
61732
28448
46206
101696
22716
42045
42117
39976
24697
72517
51563
78484
55662
391
55033
27393
47577
85900
41661
82776
44368
17896
38939
34085
91401
53477
78728
28485
8512
79043
38011
28546
19576
41454
76841
97037
36091
16391
61839
68025
95811
52804
72924
92024
80149
98331
8554
30592
76999
17906
2675
38077
53053
30471
37663
62771
27315
18334
70992
85447
86342
6894
68032
34651
77079
17406
86448
74532
9161
39326
55390
72264
6908
14245
25124
46328
63021
48236
62473
47860
63110
10608
41138
97762
76442
63054
43806
21777
14429
53044
98878
47509
62961
54021
99010
37320
89891
48373
7609
68082
64575
95135
91666
27501
100197
51281
43355
83785
26824
7274
90859
63035
42843
73938
62389
87554
79881
36028
42543
19751
43893
84702
42234
1215
3765
14090
89655
12678
92872
4029
73630
16301
47620
59804
22754
58627
63311
8708
89392
5108
45894
63899
6474
44841
10925
50226
5283
29130
83779
8471
99193
86767
65069
61280
67212
73952
41141
65179
3328
63752
58294
18417
14288
13894
49851
68929
76980
26251
14603
1785
75044
39660
58455
63480
54530
61850
18782
96261
79710
26661
28007
78852
21771
60096
77135
70134
38494
42970
85385
34281
59004
80517
50366
20907
11992
76505
89765
61988
26352
87780
90737
72612
49884
24123
73473
95985
42180
86644
52104
60955
97572
4219
47510
140
66541
27127
65851
55938
61132
85455
11687
31165
76455
49466
5943
41537
85231
61763
82447
37908
15906
65351
50432
21467
68652
18381
7969
24366
13744
91910
72467
98132
65793
57588
3206
74310
64630
56591
4407
70746
923
30820
92281
83501
10959
33566
31656
78373
64999
66260
58791
95410
41740
63015
58623
36279
74250
88885
36324
16999
10982
100000
20500
90006
3557
10414
59733
49169
11657
40650
26920
90244
52135
87536
2137
74371
17019
29632
45433
98462
78507
30723
26442
84574
26198
38586
92287
79319
4863
46397
42214
98710
90294
53743
61706
71873
15062
3278
96655
13950
35592
95321
31403
61784
27915
87315
6596
90162
27778
87432
48634
7996
52244
71288
21870
79925
46628
50127
37240
51156
55559
88168
45004
71395
67988
53677
13906
27974
79153
89511
69261
25818
86048
13992
99183
57239
82709
9074
21117
76531
69285
49999
96726
32234
38042
41623
69109
67085
31582
101002
11259
25012
26011
20248
26794
96898
56124
79058
16707
63048
82273
50585
19190
50306
27333
12199
89958
61932
78535
55683
16111
46763
25123
422
56379
8527
64142
78269
72309
90965
83154
82286
28625
32278
44745
45580
90692
47095
36188
77166
75413
100364
44085
24207
96852
39781
62509
101118
99644
78321
76685
99505
92124
94883
5229
23559
85390
71416
39300
20574
74804
60132
15725
16408
78196
76385
84757
71291
54934
38160
88619
46275
5035
29235
10284
10735
96872
38092
10490
38508
58878
61394
49872
74203
60214
85684
27407
18434
19037
58028
22945
2836
85288
75902
40393
51059
13461
24996
29312
46111
94713
60971
874
35189
85152
51161
3051
76538
51467
37137
24836
34644
56303
67012
23778
6607
73163
56489
59082
687
36397
23464
27229
59427
7924
532
30099
100275
101211
87111
54404
50724
692
22601
10618
85763
15109
76681
26655
52353
65760
35098
31137
21743
61163
80182
55361
3507
31513
10241
754
71243
85465
61268
28214
39133
56806
24594
21963
85242
53324
78308
14160
54792
22480
87086
81721
27174
39866
71573
53155
70923
57907
89406
59489
69934
69380
34922
56357
95643
7691
68048
15834
63131
69058
33972
31720
12823
84189
52024
67157
23897
89913
32276
101401
82347
3399
814
30558
80679
84635
94943
85991
77665
43624
25120
28886
48612
100215
14136
28746
56323
5670
80861
76307
36248
43459
57445
74378
99506
29138
52131
33766
43986
17124
28941
36147
79675
37050
54897
5410
57904
41373
80525
83475
82786
67674
73839
70611
20922
94015
23868
57297
32160
46591
51444
19195
98046
39662
67365
64221
76332
21929
18234
38884
52592
25436
81004
72622
50439
67733
87593
24273
67592
47942
17848
9577
8597
66966
36569
13775
57293
39372
7548
73193
44638
11780
58839
86551
50872
31131
44430
9113
40819
157
30596
13349
97431
95650
2037
55762
14803
22234
31628
54950
57637
43465
17052
28372
43688
47754
44782
44896
95377
52369
79992
20552
33710
37507
9462
16554
35393
95736
44563
88975
5153
13385
65473
25990
53597
97287
19899
9309
51663
61591
54009
41212
73948
43287
71525
45667
15436
99388
35897
34907
54306
29159
81067
13869
15949
43296
49890
100251
64123
29673
30360
59578
51921
6059
74455
86412
40183
51521
62388
59480
23526
10437
29959
69267
83795
72365
57713
35566
76471
94746
46676
92976
84506
95521
91726
71653
35538
29058
82015
37691
3450
60874
17576
24136
56402
18033
81844
84206
64543
22141
1014
86073
29064
77482
68191
77851
45177
47867
60612
5767
72845
36183
53517
41500
5533
94281
76045
63309
29134
3802
59982
12418
58524
14200
64539
39252
5432
88757
38179
14383
76035
59461
31749
36601
77393
17252
45694
51520
8981
53888
48512
84342
93572
66717
94551
25996
72248
71953
87038
26533
68071
41896
57157
49762
75271
31209
40631
75536
30722
66215
12647
24964
39584
93386
80344
64744
86322
8896
79985
47923
93485
85247
19261
10198
30513
48884
63028
20710
79988
61299
98178
48787
65867
47439
29844
86628
66120
41342
3108
62808
85099
89097
55002
86989
80693
84423
1870
23638
39127
8007
47609
56741
37471
94875
58917
66190
58547
30441
54286
50444
33930
42616
17034
51104
100775
302
24215
49591
95693
26560
5651
14075
3697
63279
59152
3652
57714
18888
39242
88074
25392
90698
84891
29891
12616
69206
94984
45431
48855
14095
25927
42176
3720
41908
19139
72743
52940
20058
66701
57763
86869
52623
63889
58654
84418
50176
82436
24566
16202
54760
63237
46805
80259
3251
100194
23272
43088
97408
44051
61375
78565
86887
19358
97728
91504
101350
21172
51210
42128
62672
74285
96450
45730
99023
53408
1164
30016
49133
96060
39329
88117
24185
6681
101373
66949
6551
92338
9512
40370
100851
41600
37761
30815
27010
76482
61717
34933
9275
66741
22908
10416
82284
69904
38803
6252
28231
41370
78292
72308
74282
48962
97099
46927
25144
42985
30705
50255
42886
44748
66149
4751
45119
76203
71265
51515
5543
26800
43190
77011
41849
35317
87816
98900
86681
38984
70334
41160
44796
75670
27852
14204
96128
44011
59438
51228
71111
80811
2346
45170
33889
19260
9371
66056
18636
75857
53895
56799
3945
53947
14876
75755
83830
46519
50819
40680
79326
100974
87742
51098
67653
58876
99927
19753
36197
55657
43743
15247
15799
29282
44049
61495
30470
37504
93681
64796
49987
23920
98709
80597
73222
73213
4135
65261
4463
70361
98012
53554
80439
27101
53314
80561
36078
11503
24620
47881
23990
2900
71632
53242
84591
89465
51774
73254
85148
52041
88248
58181
95435
96720
36934
63667
45890
60345
97137
66473
100315
75599
46067
57883
80893
49588
64468
46526
29914
21675
86839
71229
6426
14833
90721
61013
36898
51670
65751
67266
41692
25591
47149
2218
63671
958
40936
43716
97358
41083
47926
66006
23480
101315
1269
50814
98523
30785
98349
25901
47283
32052
90807
25430
967
41629
73033
2383
594
89157
80959
21661
21804
17230
54399
38154
38770
76105
9928
24880
93809
73828
81235
41050
34722
84372
61800
22590
56695
51405
81450
72232
80855
87476
51909
18558
50032
47217
82454
57484
61285
32096
14240
71565
76297
6183
13565
46639
75114
23181
22878
13217
42547
31524
32758
87446
78725
5712
63083
78764
37662
92142
72888
100064
46803
8268
21002
52967
82678
72145
50408
14447
45838
6399
39978
18991
41192
42380
49927
71963
13088
73414
59453
72966
3773
32847
51044
12358
34453
39829
85833
69899
99585
25214
23672
87747
18233
80195
66960
1109
29568
95615
26232
63108
3124
6476
50901
38069
73894
42668
70469
90104
78248
53061
39521
65332
50742
35918
73289
83657
62208
9012
40269
100891
920
41153
83934
35753
14725
95781
86433
77086
18086
50301
88351
89918
58203
62555
2746
43458
78046
13084
8239
86344
21740
36368
71468
7636
3962
26002
56289
30230
89094
76573
7457
45879
25501
61360
54606
36862
41335
45292
18690
68174
61882
39520
96400
28373
14820
85847
17953
22223
38074
23437
39429
19417
3302
101438
39072
95246
55012
56796
5512
57580
78492
38230
2925
13529
22399
86774
61135
10607
70728
1355
58103
26584
73840
36317
87961
70266
94150
24480
42038
100527
66890
91777
39702
81072
89315
53963
85846
347
62821
38716
91631
6366
66708
1273
79291
66620
55071
31236
59399
11247
38099
32828
33487
11837
79233
28045
11269
68109
88727
69838
48765
78561
72550
55534
33888
36694
96887
82314
40854
27789
81003
69984
36559
44116
70320
40606
90476
85599
94232
94045
76216
36505
62963
74645
85988
30215
44550
29413
88700
40238
22884
82901
42350
31555
46469
58828
31366
96686
2389
23762
58010
9003
60174
9009
28673
29531
19167
45617
4739
94429
16714
93301
75858
46159
30331
30506
100748
53109
89276
33246
19582
25554
16825
17323
65937
83582
71482
46233
81899
65138
33650
67989
34417
3803
72694
93460
41653
97759
30493
23943
46777
51476
15753
19014
30386
32200
25619
30211
89260
82886
37457
45815
92257
35361
79192
32501
19315
37427
17537
33780
64356
40926
3191
89533
99806
28867
99949
10738
53330
39027
85749
82331
26151
6630
30765
78580
13243
83224
73253
100715
26376
52600
68396
93713
62506
29390
49727
83380
30117
68473
43488
15133
88810
45693
20517
87443
20560
87757
64975
45487
455
37931
85496
71611
66820
99435
74580
54560
74375
98998
42085
23769
21775
40117
33264
80017
60735
37226
13819
80465
36196
89445
74437
28300
37591
71798
2441
14974
81834
72947
85653
9987
74584
96675
80116
38014
34081
99332
50525
101075
5397
91304
39356
26068
27154
61587
28042
19980
89415
73051
33898
88685
6824
25713
52631
59371
84926
33815
60560
76558
68703
77239
1416
19615
33970
92685
58102
17169
38140
38863
20417
16173
96393
20321
28617
23932
33912
2100
69188
90356
84454
50279
81515
31676
4673
17164
76990
59298
98286
3568
43845
17114
48819
72496
29558
47242
66430
91685
48908
96210
21912
23009
64381
90688
91721
56411
72654
28555
64820
88024
15830
24656
31425
84676
25158
2289
39771
44093
27419
10896
56276
34235
11347
85646
34766
69427
3495
70932
21003
45559
46701
38491
31944
6068
7329
44223
7907
27430
11546
60833
48240
79964
40317
70861
13148
7634
77773
62599
84625
96087
47045
98820
34611
73340
40062
57512
52263
58133
82490
14081
55921
63974
32582
43954
52332
81282
68161
19485
87818
81000
704
60852
60631
85439
24415
93055
31803
29777
23846
92775
70441
54513
29314
41844
24160
85335
81817
47385
1392
68755
63219
69326
46621
33235
79471
39686
69216
29108
75105
68343
44067
71094
29031
96782
17766
81935
65487
80470
11198
47109
78606
23743
456
39572
59156
91483
49683
7471
20260
64484
15577
71492
76849
61799
58967
49988
79818
37166
4553
83909
27324
83123
61504
50324
33578
36293
50424
59353
42939
17483
74181
50213
64771
72066
50791
43039
16017
54000
39833
32564
9845
20069
10440
99070
92854
67918
24634
85263
93323
71591
9321
59191
97333
30014
4818
31182
1544
45630
54548
53510
90343
65158
12284
11691
90031
2542
39308
11664
10549
45618
8016
26327
41959
82459
78609
13787
22494
4165
46044
38968
59732
56967
76994
54188
45568
17291
95550
1499
87055
91595
80673
58898
23327
77866
24019
1074
10140
83620
81607
4263
94756
98872
72168
79077
68779
45058
86155
38966
91709
50619
31087
18727
23908
46827
19213
16223
53398
99365
78215
7467
4731
17233
17427
10524
93480
46372
1061
14550
8519
17705
2725
57994
34146
90255
23147
12883
3834
93066
29815
54148
27000
81020
74947
90756
68937
89512
63158
24882
27235
55206
82252
59890
5886
24448
72712
52796
100122
36585
60341
77801
14543
63307
75824
59459
90978
6637
37501
39056
60415
78449
49042
4538
43500
23456
76903
94585
15686
22157
8299
52773
39994
57798
97618
45020
17864
51606
15329
52760
88220
46454
22782
77982
98721
95832
5975
51795
5378
43245
13454
72426
47378
83335
50692
50130
40408
30243
47325
5408
79187
57186
99270
54660
91937
67511
39602
28804
39083
50836
59330
84193
81288
33850
59128
100163
9270
57651
17489
15922
79349
19138
66053
20579
10622
75864
24435
86680
64271
6720
25794
33127
67523
34180
100293
41235
75641
24777
91505
30160
14577
91093
85149
1243
61541
41847
22860
59146
35195
92172
48909
79051
89068
9585
69806
79763
39332
61066
79890
64503
49382
32960
55442
11400
57791
27283
46401
78922
94752
37743
66762
32967
24799
15667
47071
23242
8093
69494
78970
62691
11927
66731
94252
69310
72109
85089
14840
63128
14130
7971
92103
67716
10850
70301
99194
53504
33243
8615
73771
31684
14349
41030
45063
87236
77191
101323
73438
35250
101201
72158
54136
1747
61076
32287
48733
96780
81485
35621
44705
79999
21738
42433
31405
7229
24839
25335
76504
64104
86658
48291
35886
34008
5549
58224
95481
40196
22821
68386
18739
47135
72522
28598
17378
10331
98534
96944
86099
23614
17978
26299
49415
55625
82350
38411
83359
45756
58872
59086
69738
83197
89477
80593
1103
20522
31007
76037
66679
3956
74816
98712
50779
30560
84107
88917
93616
44149
75369
26686
87371
70386
22801
100294
37081
90799
21937
18412
30153
95062
79123
65085
48113
73913
69947
16470
73763
59656
56021
24794
26449
93293
60034
7723
83810
47888
56650
74880
26907
79920
39067
84782
66809
32242
31611
57993
31030
60332
33442
12236
56742
22010
31520
95672
20613
99519
40123
21089
80380
12961
35290
64825
28022
14325
38216
51557
41747
91557
57985
9298
74945
97629
60085
43128
19744
73723
60337
22811
80322
76603
64947
35703
12976
22787
39050
60853
67154
51579
24344
29307
33713
48967
27990
32121
58245
13221
63455
69920
101704
80265
60848
40007
8797
47140
8269
11398
71174
64803
48496
17254
34569
6438
44
93198
16606
42847
19726
83998
37016
19964
37778
75471
30156
10046
67138
22765
93348
58690
40083
73004
22288
13033
50385
74015
70719
44920
89594
79733
67762
52975
25556
26902
29356
47062
90313
80797
11046
46681
42326
31345
55084
58219
19696
32261
5208
2223
7553
85125
55220
46011
417
57953
46643
96247
44433
57816
94420
81367
84440
36547
6000
83253
27178
56099
93750
46175
89789
72767
81702
58560
5575
48968
91088
8726
38779
53474
80277
25718
9508
42903
47218
14049
83036
22510
74963
21808
30747
49625
9472
64120
13584
92715
9130
19949
26773
6911
58721
60772
35008
93845
32238
56724
2577
70722
72757
119
64343
19590
71426
35577
78014
56988
57575
16419
91365
52559
35093
71671
58253
90317
61765
48076
12065
32290
77695
79130
43471
86974
88889
59048
71892
56288
57794
42520
6878
25236
32327
52522
89103
2576
65420
34921
93787
91171
54215
23106
28545
86341
82501
68673
38096
2273
805
57321
32486
80739
40836
47259
9826
63517
66586
91853
40893
57681
88908
100226
72275
70729
27426
60954
68704
9181
97116
60162
99480
70733
59510
66067
34457
30692
48248
91540
43545
14916
75010
16534
87475
19497
54409
37459
21962
21319
85064
53642
84093
81350
23660
33706
39740
17218
60510
38085
10324
2206
3528
67672
6380
78713
10867
38187
19402
74747
10207
47596
45648
28024
62188
63114
74955
9834
91138
33999
20244
24828
65165
48394
33393
5324
33703
10019
97073
54641
75415
89545
930
64241
92467
65372
81305
23661
85552
5508
19882
7495
3696
39589
31313
39636
38879
65632
22518
41438
62032
57635
98920
342
35524
51337
23446
91053
46638
93946
13001
37915
78948
1635
70640
77097
45701
70260
27660
80472
68670
36876
95027
65353
44806
41827
87755
11700
9328
37350
24688
47961
44310
21039
50019
48586
92587
24816
4140
34118
42487
57460
60407
64885
22299
63155
20775
22592
57494
21365
9701
95178
25550
18358
7504
37478
33183
69859
53049
47377
87644
92955
16729
16515
99616
54365
19337
28865
16701
35185
3637
19533
30278
54457
24571
81781
78876
37479
92851
101596
92534
76665
52628
15801
19069
38013
68467
50962
59719
24013
99482
71703
46449
47757
89120
90008
80719
470
80914
5064
65492
27890
29957
3740
66595
25957
6512
27804
1461
22175
10635
28284
57735
59704
27138
66989
90532
58179
36140
57027
95357
41124
30206
18286
29655
33498
76940
24315
4287
86916
47683
3086
49213
13082
16412
7903
9400
50827
71682
37381
31621
49544
58569
49424
91464
97678
81760
38645
94560
72873
5599
77267
60916
2530
96849
14178
76950
15165
72638
69708
98640
8832
93550
96109
20045
49036
50184
96311
23174
67485
16344
8424
19199
85163
90961
40254
73994
34830
33928
30489
38472
30363
58440
25609
215
98083
26519
45791
26786
17248
47105
15071
51231
79543
79171
95209
54488
17197
44050
51130
64258
66646
91579
19393
30509
73154
55052
9237
22705
19084
12172
48221
41576
14360
39897
94060
21009
3604
33189
37526
22252
246
84235
66922
79909
16683
23492
97493
64415
55110
58176
89377
32970
37955
97992
70152
84044
51355
64895
52189
16785
12325
37613
91553
85775
56291
26841
86102
81222
97870
31570
16724
41112
33497
98036
68096
86768
45803
53805
26763
10099
71298
83024
91637
47965
37956
43796
64784
29354
41898
49397
65214
93410
44126
83982
43712
70461
13197
2025
36615
98646
78174
65825
79924
84176
85020
48205
37485
26496
60805
19602
14424
20925
10965
1213
69898
98177
14401
84509
40547
12039
31733
30917
37003
10910
11613
59964
38532
52158
66897
87725
25321
3432
68320
55088
71434
42978
20651
86438
85491
80640
6707
47361
100152
13488
9733
93257
7366
81625
39304
100130
10655
89516
47722
28003
94361
21541
56768
43457
4081
3975
34023
84948
30731
87322
45689
63405
45680
31531
26604
37305
83784
18163
33256
7608
63766
98490
11636
74315
91164
64581
61830
4825
35120
88785
50625
61203
95817
61514
16272
97594
65935
74939
87668
51980
54571
51702
56629
25940
44121
71161
80883
85587
49837
76202
21704
55696
58527
55213
79861
28270
31735
7507
71146
8240
56231
27572
82429
38693
316
93675
503
52203
92054
29658
49768
55041
43846
71599
5498
40442
39834
35486
71252
77839
82622
80653
32314
97391
3327
71710
27143
36338
59923
19032
8911
50164
23622
25192
52828
17022
34155
77850
72420
19030
37210
39000
68952
10502
7095
90118
84025
68565
8204
59957
42690
6491
6421
30317
29304
73345
71281
72205
93981
46003
51154
45999
75632
67055
29549
70936
9061
71039
96213
95163
81963
70622
82456
71459
32624
85153
17138
20117
75614
58737
94466
34904
64569
39483
26520
98893
68137
8998
58751
37430
46251
55296
27843
72891
41118
53027
92902
7459
39728
52972
53317
37238
98867
40000
52711
47650
47703
43827
42015
86273
30376
21532
95641
78305
15175
72949
46260
41815
59289
17216
26500
24220
17450
96462
10016
80601
24521
51430
22867
38661
62184
45144
80620
85562
10810
87257
93270
94469
55144
12055
50886
97245
93559
38616
29423
95315
36318
8878
35350
79817
77644
61961
93367
9878
75376
65600
36771
47727
87320
28121
65445
2640
19219
92758
57153
4955
50467
52811
10279
32128
76519
21422
49294
52645
24245
12025
79706
11590
52889
0
40270
87431
13495
62780
93643
467
29164
10189
7672
44161
27729
46490
65860
27188
66346
99387
27314
72084
7012
35069
57175
14652
25766
50686
33891
21297
18097
4336
14672
31277
72895
77411
12997
4194
39466
14277
88196
67580
22939
66213
53788
4431
53588
73843
97256
29866
60692
49252
67607
47608
9370
39726
94047
43913
77659
52563
10247
57238
94893
96728
54633
23098
60263
70849
33126
27757
70021
96368
45905
75870
74761
83279
14907
76914
22861
57336
39931
1439
14960
35110
42244
48131
30449
78061
67756
14582
20785
61118
6924
19721
89150
98607
30245
45819
68225
33032
17451
79559
64590
44772
89384
38986
88049
27809
34246
59700
6868
70724
93510
10986
45532
77744
31616
8647
19145
92700
55005
14172
92365
49030
56620
37576
60490
70283
78692
59400
87407
4993
99509
96442
229
33693
92879
18296
55798
16479
2247
12605
60513
1176
41639
94622
51437
43850
71479
38726
83001
7954
14932
4454
54459
16452
77551
33384
39590
16559
23841
83979
32286
14414
75833
47708
23656
89733
34815
93466
90464
28722
46583
63146
46264
50768
50235
33507
13917
65645
4313
42342
96120
26607
6801
40767
20413
26141
72979
32150
15308
29706
48709
95003
81889
15789
41210
94733
47452
59373
18314
85712
21640
37659
11890
43278
72652
88294
81320
4974
3100
52900
14456
2875
3269
81797
63163
78222
16257
52191
27998
90809
56526
78811
31572
85150
85264
88479
51773
82927
52106
100222
77664
11863
92546
74014
34664
49391
82164
70094
17785
55636
75637
16677
21727
39512
72656
67660
33886
50067
43303
13704
24732
35446
83995
58945
23983
93021
60422
77084
53449
37476
48055
69179
23543
70704
62551
69921
45515
34733
30896
82472
33985
46600
97094
58380
66422
27941
49672
18921
75395
66057
30362
85931
14339
68722
20141
29780
50128
35813
4354
62658
98517
30300
11032
87832
2592
68513
89386
44509
90131
98474
16509
15430
77847
40605
55191
91979
25989
51056
5566
351
3601
18560
60225
23334
56078
79547
88349
62318
63313
94275
80045
73359
54261
48452
3395
3625
33773
65106
33523
30343
4116
57189
31306
66859
20466
85550
88496
95773
76430
49131
67921
11769
88395
91419
89464
76151
6592
1462
68200
466
63544
83505
81435
89523
73120
78979
86210
82194
69566
53971
63139
4929
11775
66028
30404
55954
40101
62082
91458
75440
68768
25778
68157
76639
85473
67584
37037
70410
78569
6781
83799
19192
12691
34456
58210
20301
13738
48507
7312
54524
70174
67901
5715
42457
576
51328
90184
17771
64473
8511
56743
32917
17929
74865
12854
42437
44396
76917
43119
82204
16514
67
56302
36514
97464
2002
74211
63850
91205
74762
31633
21147
94290
51147
54961
92567
41422
63715
53934
68960
46460
72101
57709
8749
10744
2636
6891
19812
58596
58899
45684
86060
12057
59708
13017
20699
23148
84988
4858
84881
96661
20793
16305
78399
82625
87944
67104
34164
30519
46241
54428
20633
73851
66408
47048
390
12249
43935
632
41410
49083
89166
82132
59074
75899
26738
16982
87042
94835
49652
72103
13541
98370
28979
70249
61270
41657
26789
99181
38441
50646
18926
57664
58297
64002
15190
45319
50066
92968
46245
78651
24028
16706
71460
99133
33353
63231
86470
74386
84820
32273
74697
50082
98096
70329
64691
30066
66090
74034
6327
79631
4917
67108
24526
13931
56688
49480
32037
59218
3599
18904
22460
70879
71218
41691
22177
65790
87138
45540
1234
14248
35151
49163
10251
80905
45344
57634
18720
46456
66830
82135
89987
39997
87172
63674
8166
15582
38773
32407
80518
60743
22322
88241
61662
11728
75799
79731
92580
22335
36357
92891
70077
18784
14304
87769
36998
68246
44445
25312
54623
94107
75834
2808
51931
81205
31914
35294
66170
26563
89843
91313
75343
83108
54653
74842
94512
86394
97181
31622
45159
21043
15510
74311
47947
3097
84614
47744
18441
43891
3824
10333
59936
21543
62950
72415
13205
78530
79201
3983
47302
38804
70615
87604
94031
71616
39557
96653
58220
20126
43668
44327
98225
1212
1350
91647
53576
34589
33705
9665
94410
19985
77029
68072
30002
12062
62783
98693
40846
51837
74051
61562
26727
75368
80407
78370
10512
4121
63055
13468
87463
3719
15047
63586
46222
48367
36139
87907
63963
75309
30258
20253
51169
64060
11633
42123
64667
28548
66131
16631
96934
2682
76830
13093
39970
49159
32024
47019
15009
2602
28309
19945
79312
24427
77929
32732
10142
21399
78034
80244
1934
75494
78697
2163
34463
5387
88511
38868
56209
45354
88272
83032
10809
45696
95577
95834
67461
14084
84791
3516
32722
11915
29536
3704
25288
79748
87141
7150
38257
73527
89488
89069
1276
77951
61192
29323
45763
57970
12439
11505
92714
6244
64915
8796
11963
89819
46969
86948
92914
91957
19149
97138
33353
94957
62057
95820
56918
58728
10960
45891
88157
77699
36497
32040
59440
45661
16893
39408
19189
62017
87409
32469
8925
6149
10871
24978
99537
51926
56163
100778
75173
58799
49258
58349
5050
52224
42420
88248
69181
72183
52211
27552
32084
60257
92751
13875
12970
31211
64499
70439
87622
76103
6064
78517
18825
11859
6700
14367
2859
1063
18404
75937
29708
77475
47476
61049
28487
99486
8731
69067
41130
90700
43933
6221
8010
90800
100663
