78749
15165
57306
24319
24351
37700
79074
7440
17085
99287
83719
33928
83681
20038
97147
85600
76956
80477
53834
14505
5360
8665
93609
27553
83364
2103
71863
30623
33089
1423
9592
12086
35109
21325
33748
70667
15027
84330
61380
64949
371
98042
105227
107087
50936
104618
75140
54624
22999
815
42520
31208
15522
43187
65479
84134
85963
93793
98551
59776
44091
29681
53873
92948
3305
66529
60070
94981
105409
12444
57305
75618
22099
76685
16059
23787
66704
54719
2770
100574
93247
18462
98111
74709
87173
42828
4050
100820
65990
71318
13830
20308
85403
51752
71373
33786
21506
77138
107478
1026
7765
6096
37587
51496
74035
43538
29664
54674
94725
21549
24466
62226
64075
96671
68398
25970
11274
55780
98595
102938
65581
104610
92298
9222
46908
104797
428
30839
86218
23654
42112
105736
39933
95216
72152
94271
7324
100304
79584
63673
70860
21953
101307
57924
70353
24478
67251
38575
44160
16187
94543
46241
106583
89360
25042
20883
5695
1645
38294
72154
78658
105898
55980
4483
58677
94768
31329
21101
97715
3705
79460
50548
1334
62556
107614
66904
11825
64986
97901
21527
92657
53138
15859
28319
68712
54318
92278
95638
18586
16970
38560
14981
73741
97960
87610
29974
107294
37530
76255
54704
44924
91553
75671
24401
85129
56803
4720
97662
96222
83687
66169
5539
64276
14783
52127
13135
31834
71499
60481
46789
29975
90141
7063
58786
107031
20059
5742
88397
69745
82469
104379
9475
13367
2461
42083
75920
18135
61259
58552
91902
35117
80656
86905
42315
42163
25104
98406
95315
65043
17807
46155
65862
12823
90753
55437
48647
72465
99338
54895
1866
73460
76273
106060
14994
98062
10110
105498
36021
101555
106057
10781
39513
92580
33038
15493
70377
17417
91295
95912
37746
61995
24226
104595
75176
1776
48353
72004
21849
96037
72693
65007
97086
50246
37064
106579
21123
8767
18045
89122
11845
103002
96741
30189
24720
95871
103412
79038
21926
46259
41053
7372
70823
69280
10847
39352
21324
5133
45539
95768
2879
7483
62635
28197
69766
43938
76931
99621
50057
35866
65382
16389
95257
63973
93955
39721
19636
24731
105838
89189
90412
62282
20927
59854
30868
54126
101051
105333
35236
93451
80961
59127
24421
36506
1673
106124
54330
8889
50726
105488
61174
96925
96344
106127
66749
83667
79250
59020
93140
25097
3600
41777
85018
41559
42589
92522
52911
29884
64387
3847
71896
97972
29283
7899
9254
57682
1189
29324
58026
76708
101866
91064
100958
64762
87705
71627
41714
157
69403
14038
92750
55736
51313
22543
9446
107199
97946
93359
39045
25139
16048
15061
34709
66905
31840
73904
506
77223
98915
51781
69250
94138
42649
31288
2109
56060
35477
76904
82038
41768
6372
72770
100064
98149
96828
2858
33135
35491
30468
104981
28610
86807
13669
89698
71219
75668
13726
7131
7484
19010
102137
41168
40143
20703
87147
81225
7061
26083
100693
64335
30928
66936
43599
94384
70647
52012
55616
39360
56594
39237
88829
65186
19267
64970
82389
81334
66163
17070
42623
52364
43957
89886
10635
102324
41789
27823
102559
13419
29036
94750
77517
12796
14791
37846
27115
79689
19083
71151
2647
79054
96615
59382
96171
16683
4809
48323
44734
24357
98059
30228
44796
25740
71679
106333
62536
3933
10104
48412
41958
96263
18321
21057
38731
91177
11815
53200
98490
101250
105305
42129
101208
73003
84974
7781
55144
82739
28159
105321
30731
81794
72441
105251
100589
99799
63852
29613
53190
33359
4258
95950
93749
6159
49149
31229
86493
62332
90400
70813
71885
76404
78899
72461
55580
88510
47994
56573
60957
5284
29463
93333
16258
81350
35607
46105
32520
14830
38206
2508
54436
4706
45381
5758
80979
82640
61403
31395
60763
68267
106221
21109
30595
55986
40686
3796
25565
44574
99599
4915
50629
22350
203
48785
27882
62960
20612
79699
73691
63288
27875
5784
29586
106919
33335
55060
48182
72135
8732
68682
94179
40103
83961
24167
85468
18255
85511
49517
89129
31555
1603
20224
87505
58117
12034
58421
66911
80928
3295
18969
47156
51772
102029
43671
13202
90179
83563
82430
38140
54697
33706
1494
50256
18357
101770
45143
26577
81384
88114
25993
33171
90458
87100
64127
75026
1987
99498
87381
91159
43689
105616
62962
95734
62978
5167
39892
5378
23380
41122
49296
62636
93497
6042
12415
27334
88958
62323
76571
38946
2011
18046
67400
2024
101985
42929
66535
66922
31799
47055
105164
10563
41823
11820
96809
37490
30058
54880
102960
46374
5186
77773
13507
419
98627
19276
58705
10765
42765
65665
39208
27815
40178
95446
56752
26456
54115
65941
80533
33963
16431
75874
36796
90610
79899
78891
567
38304
106108
8477
88112
29890
61065
36028
70969
37204
53780
59628
98333
48106
92952
15704
64463
74918
30551
102634
33197
42135
55618
44715
56290
44935
83678
31419
55410
55281
81771
24348
52574
37859
78482
64007
52480
5010
32808
21647
11322
65165
79136
33531
8141
103455
74034
82435
65223
105659
17028
52834
14740
100201
33898
58747
86140
67345
106664
30844
37856
29572
297
81395
38592
54160
488
62658
6287
14432
104210
67049
55146
50829
50250
17619
30179
25420
97826
86089
64598
38872
38618
33225
103127
32046
75277
95646
89744
69221
33414
100926
99025
36363
50739
107079
42258
18172
9683
47461
9114
61032
67913
39594
65247
9965
87306
89763
13409
6668
90112
65067
22469
88907
39878
65497
42772
14638
61155
11628
49249
2186
98983
3889
48752
8282
74546
1344
19897
9112
55989
35166
70929
7357
78090
69804
7524
82193
106312
105757
12846
101026
43860
44128
20134
97023
35368
99631
99023
21328
12949
1452
25920
45349
58651
94165
53748
40075
61149
9729
95076
71501
63322
85405
24392
93921
89110
73620
22664
30998
68505
2607
51074
102666
53005
51420
42470
92821
40970
77113
54996
12060
85364
55132
8837
81331
34934
95724
17550
91008
32162
21646
83073
72952
65245
87859
30838
71277
14365
51932
65113
78335
51143
26993
58643
52903
90327
50761
17074
42587
59782
29759
100853
23120
39839
38881
97879
8853
64324
100811
32470
49613
39574
92739
79343
15914
48732
10144
83792
23460
48910
46520
14027
56542
85839
58363
65952
30737
26695
44655
28115
28876
3506
11848
68451
79803
52465
45169
18325
30955
16089
6775
93319
35922
48204
45172
67318
87881
46428
63961
80953
34300
81861
15095
55660
10334
37403
77307
82749
14524
36156
78977
99306
12132
13131
5735
26853
55816
78522
862
72183
100773
100794
25916
72313
72831
77763
99886
78771
101776
99658
44083
37221
92957
95023
42230
103601
15961
22862
46991
78518
17186
105999
56364
4461
45371
63717
101331
81436
9096
43623
44213
105532
84815
100740
38766
67557
61810
54748
65249
104323
74984
27912
32478
55135
74899
90878
2525
63735
38796
24127
101156
101887
70073
14249
38978
6529
68784
96906
40236
84744
102606
5635
51695
68426
86112
33864
100736
51998
24034
7954
55373
11025
54859
21338
2363
27445
62108
43685
77378
1220
30532
89488
4681
26954
106087
27984
41419
4190
53520
71671
47959
73666
36994
25027
77695
46281
76962
3955
3434
69658
62610
37634
22301
80988
75042
10201
166
3402
12977
16936
100004
101407
56127
66405
67203
19936
27584
22038
77870
64085
107448
91149
34659
25858
106316
39559
57242
104651
88614
77563
83871
102037
21290
45038
55164
20509
20377
34246
72132
4389
88514
91551
81101
84911
58316
3206
25058
22357
46159
74907
100529
103595
87332
62192
73017
6518
10771
104794
64460
15386
69656
91053
7607
33912
86965
4017
82293
72643
49106
80547
45697
91665
80415
82236
23195
68062
4357
96931
97268
82579
67602
20179
45921
34642
104680
56588
98959
20351
34255
38066
697
6541
6627
52761
38600
75082
96172
89855
33906
4771
53670
53040
106622
52599
47668
74280
95341
8010
38860
45616
11675
76695
84970
45321
43677
16282
52194
88486
78837
35829
66991
4263
45585
18171
11630
79885
83954
54783
95232
18424
33619
18717
36086
3255
65790
83753
15657
39407
73096
6015
19601
79835
654
100295
106699
64639
53704
58031
9106
39301
32702
38103
107425
82729
22134
22865
77377
67698
9721
5920
43319
94243
72784
96971
79441
62557
78510
65303
99715
98361
45767
96546
1942
52719
74601
93807
101912
51500
69189
66361
46389
48157
56170
58061
60754
50718
105249
7522
49853
76824
53584
65854
30110
97620
49412
26667
6461
38505
58150
58310
5771
83821
10261
62622
72861
73969
69636
64039
36936
15490
69972
94978
12986
79889
1509
53667
49003
102384
39166
33473
36806
81535
79848
24638
5808
62608
76188
57609
84716
59367
106166
16367
21246
87798
18280
49219
104715
20971
21589
93442
97273
14247
60934
15085
2134
90892
2033
30380
22201
51171
56894
17113
5009
103800
21938
23305
28975
31719
79395
8140
53601
18947
94810
105246
85295
56105
70239
15484
45832
76090
79863
88876
78187
80309
74732
75403
58433
41624
26893
16118
62156
16646
87246
21260
37314
87030
54272
90018
42314
29979
10759
5751
59213
17454
17590
55098
100537
24322
84381
25479
1284
58149
96854
25482
4773
46318
24231
18657
21518
3020
74018
45293
89955
59537
85889
57077
37855
10643
84743
23649
69338
64814
85284
6498
51050
176
53347
64286
101280
65700
18507
63224
40347
104722
47186
33713
90285
23683
39088
100551
49244
64378
28445
99577
54064
10353
35979
102410
14526
32488
52509
2385
54867
71243
26451
49067
29490
1155
32553
15241
62463
78987
5211
40696
72294
46934
101253
73857
100554
72363
59121
48328
73139
95964
102542
19651
58927
21507
104108
37168
68592
96888
12656
65443
99068
73332
7217
77605
17179
1210
41650
74764
101915
4480
7370
14
87955
49086
85682
41014
105165
48006
45760
52815
91420
6310
2841
23530
24208
34542
88927
104799
86991
3296
34327
98780
71202
53429
15410
67818
85688
93740
28171
63650
101147
21140
97770
36556
88495
41939
41691
102315
59650
86563
14530
27913
21117
89667
31670
86109
28281
88438
40121
75121
94131
69939
88018
6781
54260
23976
79199
99097
33006
37828
92418
12154
60233
51793
56006
106230
13244
17884
17209
23176
73298
40688
105348
80175
70132
20000
96180
50025
57431
103308
74389
88813
90633
43474
79388
14421
90556
15079
10531
25881
64427
78352
35016
68185
76475
42512
90397
73907
38054
35703
99394
63694
53401
38889
4317
89477
99835
17402
8855
43430
48661
11103
49601
87418
45966
105225
32129
43840
25575
7549
67529
14043
91100
6777
95105
49321
92491
72603
45063
76774
104784
23554
68154
7125
15804
48925
23023
81800
15980
26601
74510
6952
26807
79616
36328
1136
19555
5073
56762
67628
103599
8904
1147
9205
66725
69461
96887
66724
80626
55453
80797
5315
25396
63546
67378
45272
11418
28108
82827
86605
5614
5863
64625
56712
57244
21725
52022
94112
62606
7738
27847
24659
9275
54955
82609
106729
18110
15934
50150
71798
102723
37146
65164
25602
92630
40177
47601
30305
15830
65242
72275
7557
59418
10576
95705
26604
50814
97518
5859
15204
17719
53628
3730
38258
66379
3960
90650
59377
105464
87953
48058
52961
90264
32390
75829
72131
28003
11972
85519
89895
42639
31377
90449
72535
19614
30994
41664
26864
59114
19129
24224
12378
15701
2902
18670
33850
8319
44411
80553
35548
34274
11515
88120
68372
13625
101001
12984
45035
19804
84703
52285
51997
19825
96259
52872
41771
97647
41837
60845
22348
9452
64834
1259
916
39372
14306
63880
54290
2085
79926
58621
23521
90671
49084
90723
31168
9347
70503
94559
50179
14520
41459
4530
597
31767
13017
15841
93954
16438
67379
102532
50823
9341
100513
99659
63606
11342
84801
99494
101996
13581
80926
30855
46495
61675
97870
80279
102946
36595
63881
2290
104090
84131
11661
100909
47357
72599
93927
43116
14941
31981
91940
12363
28007
66261
55941
47176
58210
69722
78935
54369
86928
51400
46892
13606
79589
95268
43734
21911
4346
69125
22289
40839
96860
4913
52400
61626
5303
92132
89498
14706
61822
72199
62834
102859
59746
102327
81032
15043
78801
21655
65437
89773
17116
65778
11264
91871
38375
44982
29558
63586
100260
30758
22624
29729
79459
30843
43232
79862
46737
93896
1008
72714
43633
49989
28706
30607
61662
80517
96072
90293
7840
80069
95180
33496
16582
83705
99831
15120
16396
1135
103585
99578
23255
101867
11015
40703
42237
4084
2062
52316
1798
64213
34854
9941
14035
64390
68635
19684
83809
96225
6377
74939
197
80411
39753
19199
53960
53996
75101
28757
6192
90604
98015
29865
70931
88568
76625
100582
613
11361
94166
7777
6849
74829
39279
98546
12659
77038
39174
66650
29371
93863
48840
5668
52790
103579
66940
59966
54554
19405
19999
47429
81481
945
85124
91068
103643
20027
67350
12588
79242
3858
56812
63302
38964
107399
28686
104904
91970
90039
10092
51559
15750
91958
3601
149
87911
84866
2675
47288
35244
62117
72629
64960
53935
14636
106207
90343
48608
42586
72309
39385
94808
68420
79432
18824
61487
27484
53419
75967
35365
2372
47237
47597
38728
102230
58870
43832
25734
9499
15234
106249
61299
97366
29893
50868
81462
88672
16552
31502
11935
78583
88780
54385
10605
103691
86227
35064
87319
59519
28740
61910
13283
9388
32209
9855
65730
94965
59488
64419
80662
69642
52618
20152
21268
35833
81799
3604
53366
31343
58569
55951
27251
54077
27074
46860
55514
6852
94956
43067
44716
68958
551
49344
91087
2494
102589
77905
78640
25813
72573
43907
95318
46361
93585
92126
69304
28605
47492
59633
19963
99250
105856
101372
58063
22621
36436
35170
78347
79908
62026
67220
78955
65065
21573
46357
77566
91962
61639
84567
69111
77065
27349
52063
87873
84147
99134
94722
72209
21050
41599
28335
70693
49183
103588
92274
73027
58584
25810
83122
8950
102564
33585
69978
86190
58208
50652
84372
95501
28388
19852
6572
14023
85088
18752
56320
84765
28592
94586
29101
93351
74379
23723
47160
53749
28006
55011
36727
53239
5230
12558
40625
13611
89741
65967
107622
97231
103436
52311
104930
70104
20155
104843
45663
7637
84093
28847
63160
22156
97958
45839
82674
63088
20270
95702
103049
105120
82294
40090
23393
10980
101782
79901
95433
69396
86876
16306
33809
62377
98799
11970
107496
102155
79218
47285
69473
102818
84806
1121
23626
16454
2307
55733
80161
55625
16762
45337
44048
17475
85355
40514
82437
105272
77659
90640
73399
20284
72011
92861
20595
7246
76356
106545
66030
51669
105828
70690
92105
53888
37849
44596
107455
48971
27196
100524
63703
90372
13604
81160
94921
92238
77106
49050
6985
13205
75193
74947
98746
22497
19068
99500
74855
102592
52604
97782
25638
78449
76870
51644
45965
103656
46793
31977
97827
55985
86835
2278
46888
94918
36880
38810
89610
13425
29674
92947
15945
14311
72783
72862
20250
1517
17291
57295
35352
96607
35911
42673
83368
20506
105931
48963
27534
106
88090
90174
58808
96369
61739
77409
6278
854
63361
29595
13492
101898
12736
61052
21330
38711
83955
16196
43714
16315
14403
35888
28364
15784
58660
74119
63238
47529
102136
20386
92118
28888
36053
60980
33827
21928
40880
73753
58277
104553
11805
13400
47805
47397
73465
31295
82324
15237
104408
38462
22413
61921
31720
70420
87262
101792
66465
70545
39677
81539
89719
59263
86784
59212
88439
34107
10477
23188
22898
29355
26777
43586
103993
8169
71952
45380
90081
7587
104978
98841
56736
50642
29573
96939
67502
101703
63950
104959
60026
19812
69774
10817
58381
23185
20057
28691
35002
29648
30810
36688
96579
103122
69860
53997
36441
24153
73175
36313
19218
56567
90708
96404
56066
13593
70988
56975
9138
18574
35942
40655
35539
84105
70697
2788
10896
96929
37840
46314
70175
70677
91909
62438
29015
81454
64936
84592
42700
10446
92001
78622
60994
13547
87948
36442
61040
44803
90791
55225
79981
3934
61980
66399
57490
105675
58940
95055
33577
14245
36824
37652
75711
56792
42811
30643
100325
75350
37986
48410
64991
83656
56101
80153
70077
58886
100184
35480
68736
87550
78096
22590
64076
69333
107674
3952
18806
4174
25443
21170
62604
8644
63085
39250
105073
15059
23812
12608
71002
38112
23684
11421
59805
55046
91216
13929
102967
41992
100683
43137
54256
94397
55490
85530
37625
21537
104510
94270
20782
23864
88400
66047
20866
89295
29281
35918
61150
43653
35635
61733
52701
102455
82613
103425
15613
103726
951
89316
49307
52100
69462
71236
44851
82066
23557
18706
42047
72414
78088
65459
90658
46012
83187
73417
99610
96800
65019
84846
91268
74407
47378
7329
35778
34859
40871
79094
13504
77687
22505
11138
37443
437
52920
7124
70102
101591
68975
1392
39462
61818
58764
68490
43047
78870
90732
29852
4743
80014
86014
15083
86953
14309
63365
10432
92596
31792
46681
61109
77618
67526
35192
35708
77211
106251
45058
100088
27339
85541
56657
75983
72860
47114
91573
85936
602
7128
66912
82885
24336
19212
48541
25121
67280
86074
45936
35655
67250
85071
48369
36536
87521
14452
60419
25327
69074
44983
36525
54893
21669
101647
41860
41753
11220
10611
50166
79708
678
105797
16856
33596
71927
30677
81414
32564
90622
22660
40266
31567
75095
77452
77481
83744
74973
17265
45915
49711
11941
99938
60200
105686
3426
18274
7178
104597
102070
71239
100463
34250
75508
35193
11601
1568
71278
57578
9889
892
70861
49363
25943
32799
94292
49721
81347
57855
3360
30858
31971
20433
68746
6296
69564
83174
91977
38844
14534
23262
36422
16370
27807
29001
68021
81471
60514
73764
39420
16574
77979
54387
78194
74585
6490
47661
17516
16932
36067
89103
104404
55527
49282
58182
23175
14117
62884
25611
53706
96047
65614
70109
864
16782
61074
76586
44509
35855
39369
49956
82416
51485
101732
12023
57042
46307
54495
8812
38529
55438
3689
91496
86148
103803
10538
17339
29666
81801
95340
4511
13142
4231
76450
68394
54866
93928
10607
25030
26643
25566
64721
11042
25068
66971
14170
25874
52001
52148
28949
51088
64083
106870
87170
101667
52333
82148
29887
102387
17684
40940
81407
13129
97840
72973
52817
34894
100223
99234
10050
7185
106899
93192
97700
90948
75645
18086
40963
32952
20416
103016
52987
16264
40690
107515
99532
34039
21712
96761
72334
759
34173
81138
63407
93201
11748
32030
9621
90505
45020
22670
40578
62841
104596
72125
105671
107636
14191
98343
18326
7462
85173
26922
59778
77561
71550
12099
7856
92986
60854
102239
27295
69455
48824
26889
92674
14978
35093
78053
87805
37111
65947
99992
70014
78856
10030
18912
5301
10102
61592
18593
55712
12344
65737
82152
75552
35165
60123
20666
31337
73587
64407
71422
78134
91545
62393
81274
29181
88317
96875
84876
48849
859
81779
102089
92954
38568
28632
29365
87541
48032
55443
68129
63195
64593
48505
35632
89554
73910
106656
48195
35362
74403
95630
6934
26222
11155
30358
17690
19778
104019
75860
45813
63626
37894
23350
48462
64611
57356
59064
43338
23582
97965
50249
19730
53458
90322
97014
71108
309
45918
83944
95309
90737
63242
103877
99314
65259
20610
104234
107414
10120
61814
75285
93540
84481
97679
63267
54662
42913
2098
22946
10744
67090
23628
88695
34203
61585
50760
38261
46141
39189
35620
22248
102496
69234
91312
96253
68141
98814
32080
84730
15437
1493
47299
50403
64627
13648
98591
51036
51257
86762
41296
62449
55159
51065
82058
44877
89621
41707
74860
23984
24308
100887
2870
63969
21643
46921
11330
91797
42165
86599
80082
31307
63590
22443
71581
56190
42905
92392
95300
87295
86406
4132
102903
41490
302
105215
40923
28520
103941
89766
15529
62919
2714
5997
37979
21971
11850
43310
23674
71296
99743
89014
103620
18237
4453
33218
96730
47216
79464
38407
66430
72225
106213
93219
6884
1497
81421
42886
61192
99754
56537
40605
42933
71589
15548
367
37544
43100
87114
57920
57592
90766
40232
41434
4270
90341
76981
11004
98912
69453
52098
43622
56061
28380
57836
87120
48406
6515
106756
73488
32624
56938
38182
29802
15937
36232
19899
51005
103464
69233
7081
37076
15718
84163
68617
34892
36632
88301
36045
33648
81917
77640
30237
10832
19799
41097
55812
44412
14963
60478
83759
77502
49701
69072
35739
12114
26292
29195
70397
43895
54908
82949
23863
48883
4277
87700
94144
38791
60084
71920
77107
83013
82543
105947
85172
95426
71852
83388
103424
32417
11732
59658
88416
77370
58819
61127
89829
80253
15720
99087
64091
4396
71729
84273
65433
87931
91641
13393
45776
6554
59330
1079
57001
71421
93374
91010
74570
57881
89015
68150
74576
56856
45221
5560
25011
16463
19591
2027
44445
76635
47420
60844
22861
101152
15741
63402
103365
52720
17181
52122
14753
6234
52916
6895
50268
75932
49522
98561
44208
79719
75954
89732
107074
14909
89392
43641
30470
68173
20568
18739
51444
78204
88699
55300
37513
29741
60191
46541
36782
18920
63840
39380
76063
55942
84642
17079
88220
107099
70525
87305
101046
23072
5799
103128
54089
43335
69679
31827
106473
2035
50870
48525
1618
84863
52979
82172
37514
61070
45453
63661
18690
19968
14192
58862
86293
57106
104579
46051
83528
12268
24643
39827
37113
45735
41283
21159
51761
18680
51027
91172
76334
43440
70308
34652
39810
21880
74278
94575
41224
64235
42221
90745
58479
40712
65129
40682
62963
82681
80109
30159
99880
83086
64942
43502
10375
64471
50651
40843
53149
38272
74040
8249
104089
84614
68479
25141
91106
56598
84349
72992
64637
85797
23536
35015
36119
58378
59858
94560
71028
3985
39964
37696
20050
40943
82044
18040
63656
62585
49832
37865
97007
81683
70270
97492
23680
18104
75183
100121
30153
89917
4198
100598
69960
67080
54168
61360
46519
13608
80090
90837
81954
40615
103244
105984
93135
64005
39253
47445
69265
56525
83887
96333
68543
13719
1435
84082
15357
77848
52158
80115
106452
82332
68701
64908
83617
98795
26660
62302
103191
42125
88936
44330
68805
94660
89198
34441
13190
51426
78155
39401
50292
82118
58443
50533
103151
65381
97651
106811
4524
76749
15257
94182
94191
27999
49169
96246
98843
12723
107490
22612
50606
35514
107211
52462
39035
38776
50965
78074
34434
25293
29731
88058
97286
41530
83178
84821
91865
20570
90522
4941
34862
15856
38616
42108
91690
85484
36424
10219
14648
5074
77603
68939
38003
3776
55014
67061
21028
95323
46552
40479
92128
95013
68525
32445
48302
34930
42684
72478
46292
73284
83825
97088
39125
31167
9823
73315
2235
65252
30327
4723
73731
21557
54384
66024
53026
1749
105110
91131
56163
98511
74523
80551
48512
39152
21636
104027
47519
14097
30593
37320
40533
24183
37070
14529
2100
94262
31387
78434
16009
22367
33476
62732
68153
18934
90641
90857
61204
3379
62971
72172
42054
11990
65763
99533
2532
38614
41724
54600
82862
53359
25936
3786
9122
50395
74114
29793
103935
1246
51550
13503
91197
43147
100604
51108
24503
11694
3486
61177
59752
84479
53144
8934
89031
104319
91120
89708
85841
102237
72045
21249
103516
92963
83844
64071
59924
106697
104148
65069
41847
26613
102219
42791
43530
68052
7541
86049
2915
25017
93266
93683
11450
99052
13387
73942
52469
58263
55012
97510
35367
5487
49240
33573
59759
8911
81664
35674
65725
35522
88015
54343
85049
76589
37441
46510
106869
40591
51506
9033
10667
93211
74485
48970
64398
60303
72507
2708
61310
57986
8307
107512
65012
35459
52552
16045
106935
81619
52216
64666
28044
66918
3136
7666
12970
7890
45155
15328
16384
7516
43323
33890
27461
99092
67105
9919
76375
55155
72144
21327
34502
33907
16030
43721
102620
45192
32140
71012
838
7282
22892
24804
17481
66075
29637
2409
29541
106544
96566
85348
88786
94444
70776
107033
84816
86461
9293
49908
84578
86516
96980
72366
104004
56610
14542
53166
14988
81646
84862
16508
75642
18222
41206
15476
36351
47121
64104
35673
67935
106211
89685
93159
10596
26530
87903
4924
101153
83633
8161
44382
38355
43607
19858
77596
35505
76298
102048
18799
68810
5526
103223
94440
62678
17889
83232
90444
81300
27178
55059
76034
104701
104725
70157
74716
95555
22343
63303
1283
20084
25765
89823
86694
23832
99734
15561
1788
1071
73740
103177
40181
55328
57962
92400
8980
67003
8780
55994
103084
9999
13249
94980
49550
27953
79044
14637
25680
39658
85331
72234
37071
37119
45721
30649
40183
1293
80770
72592
17217
3066
11208
59380
80755
89789
22196
72489
54365
87752
62112
79738
35167
57427
39735
42408
80374
36130
31110
31868
57707
31855
6941
80396
10992
65028
68353
32312
59647
8422
22775
96584
13436
82554
98722
83113
27400
43019
47181
74162
31728
21184
100561
24326
66213
63609
38007
89683
83268
24296
24160
57279
62893
54002
102647
51091
73962
100925
71609
93549
102379
90638
6947
26917
50800
58926
50601
21420
49547
39790
48999
83159
66604
75985
44523
78317
93136
67722
23427
82343
29768
47557
56315
32099
106427
68045
94007
72264
42331
46907
66103
46094
71316
63725
64048
48317
71160
3028
37151
18265
4288
35383
77496
19952
64643
58186
7147
75776
30769
63107
82006
51806
19366
63948
73980
14095
1816
56827
37452
97411
12283
34687
65852
39310
61144
86448
93552
8272
33342
56292
10971
102766
99495
87166
70491
290
88523
88788
7810
19101
70031
66333
81159
3530
17714
13626
59510
17251
2316
1511
53275
63024
78196
54417
9854
49857
45359
47904
37768
31289
31770
100641
97732
12149
53777
37479
54922
62056
82213
45418
7355
31875
32855
14938
80022
93376
96588
46210
63036
16437
45872
7327
8168
75698
83865
23296
106201
53152
53622
95883
59707
99258
105701
106177
27631
36889
71665
106470
100069
7559
70156
8735
27142
18786
83427
56466
48636
76551
49496
81918
28415
29526
2720
80121
18720
44203
36732
32083
41565
76207
42327
389
20785
17670
75999
3629
15633
81999
55115
59245
14473
45594
8916
24273
10096
52173
24532
90555
90811
88767
73050
56672
76667
99955
14139
89860
12975
64913
43901
47029
31012
70675
67528
73337
10490
63601
28384
50076
89467
104964
99444
76155
56263
90230
8825
59604
49913
26452
8220
97805
91831
107750
57744
66301
96006
312
12888
65240
42624
20623
96159
95482
74785
11256
53450
26904
106115
35160
72306
22894
68382
70461
16127
30767
78724
13921
5492
8834
24032
92652
54874
28930
1274
15514
95114
16443
90754
24922
28196
73693
30604
93537
14682
38573
41655
36416
104296
90164
90802
88260
68725
58867
84778
95489
69208
99630
92588
60312
64437
26730
59632
63273
58803
95870
93163
99976
41739
46874
66627
64066
56224
44274
58052
69342
54106
92083
19892
89354
21588
26050
71081
92551
81960
46851
72510
59265
31629
2309
34632
40506
106964
15365
88428
11958
87154
81690
19729
90274
102682
48192
33716
91592
18263
30915
8680
78014
103487
77235
100668
52320
78348
79150
27866
14935
61950
38226
96785
35600
938
22437
11354
71862
37375
2349
24879
43874
15507
63269
75905
58964
106017
54685
94651
67681
8788
57464
21394
14714
55195
29385
93313
92553
13896
8303
361
19252
79969
27019
45991
18147
51287
104230
20896
2748
58999
35529
46637
84529
68893
22494
82025
31953
22472
67265
36432
423
65964
104138
41926
68849
56096
18753
58812
40618
57267
95026
97928
19042
4523
51887
49992
93196
65672
15439
74043
73363
79415
65305
58125
1581
75325
102539
97833
30895
35779
32441
38736
25702
32293
95200
4387
50743
32349
70228
68375
46845
7729
23974
70008
40247
102616
97437
27545
44344
81577
104539
65656
32804
57251
42658
15379
71628
26944
50167
4195
38531
41787
23272
45254
20108
10516
54535
21207
18467
94597
55522
97353
84691
65795
73033
20523
98093
27273
19401
33861
77700
54239
61107
96109
90730
76808
15735
44336
105572
66357
59016
32966
30591
91151
11567
104938
101715
52149
67405
76630
107605
18342
23547
25122
90792
95612
43680
67133
34811
53449
11216
39690
11756
66699
76199
72330
14242
69827
57153
98762
2037
74340
66668
9361
32354
742
97114
25946
19926
76661
73899
101870
81230
77317
14876
43348
6908
6522
94835
7453
54770
71626
27474
86290
74607
11568
34088
6659
58876
40489
98871
37547
53511
33044
63553
37316
67125
75059
101236
107655
16362
36427
49512
55202
33444
48496
55750
28447
96851
99221
70616
95850
38534
73682
32042
71188
71398
52327
81981
42599
37816
18150
51045
93438
26700
34649
102636
94046
18430
13384
83625
4042
60357
24267
11053
11390
72997
26732
47941
45491
42607
8021
57737
43949
32348
93846
95031
15979
14409
103925
91888
63552
87225
43192
12295
63438
86802
70411
86376
100451
61031
12094
43179
61399
70124
97292
101608
85695
30757
82836
92833
31180
15000
64750
98056
16307
6044
8633
70332
101587
102480
96385
84812
67621
38098
66496
48454
8338
25986
2989
44479
48434
50089
48933
64178
103648
93830
35960
99073
84596
98942
16020
32497
102770
80609
37286
22267
76117
8182
63161
75760
19958
102168
1900
69227
65350
65398
83890
53812
10489
94657
1706
51327
106675
48168
29976
83649
91703
103786
1476
77158
65516
88122
27221
20445
79772
48315
19659
19687
91987
94838
11457
58416
33232
42534
13597
87309
47053
11808
39102
11295
30104
83589
8784
107424
24241
66420
35120
78068
9291
40756
104520
38963
35901
31943
55912
20512
77252
56222
84990
99513
14510
64843
47280
89713
31330
36997
32398
73304
87904
87181
83283
51303
72547
4606
5152
43476
4127
24925
50014
74358
35063
30164
89082
13211
65108
19682
81742
73712
76108
97628
36678
21178
98600
79156
24324
77809
50884
70348
102286
97939
60080
29574
16143
32389
60067
74904
24993
57804
3040
81725
54252
84854
29443
71697
9428
31145
78874
48591
33318
64570
8170
72551
104245
37945
61441
24824
21165
71623
40658
83271
59911
71271
63468
31872
91597
63050
95321
4455
50435
25247
96722
68626
37715
97746
10750
57495
18394
38859
89348
86943
5417
6720
37310
29673
78841
6764
52988
39242
77646
56045
9449
14042
55759
10973
59030
44067
74149
82168
2300
102087
70754
98577
35995
39071
27035
14226
102349
84885
90351
29222
105066
24724
8546
97212
50509
40856
57073
85855
90821
36290
4842
43114
34738
10652
28357
71969
44278
12266
40630
31274
47992
16302
35290
16655
73663
29431
4761
107406
91578
66810
91336
20415
35761
73658
38760
95802
33950
85911
5250
23245
10707
11492
26827
9191
88584
16720
36626
17634
102571
7957
31201
53256
60513
72696
80514
74471
100322
98704
13236
59548
74589
12105
66914
24817
57243
13123
69571
82011
54708
47395
12065
70864
2625
105759
60405
94505
6812
46206
12494
89024
73199
61443
32574
19078
88039
34118
75190
49660
67271
67933
97963
84237
83078
6580
21354
41106
56755
63404
38995
67909
29823
59992
4578
39590
49880
920
65116
77581
55582
35589
3811
9378
105368
14053
21768
67240
44651
7234
45733
80009
57148
40749
56165
18093
15465
927
52749
1163
78300
90143
3138
77545
22504
79882
51316
84158
16786
83504
36042
72904
43367
104918
22724
95326
27989
102100
71954
34835
82789
70535
71695
22449
72467
66299
36075
47398
92438
83500
1819
49325
78627
18004
54061
91454
25561
26779
77884
11245
95497
21739
96272
54372
71123
36992
82826
40752
101765
51796
33613
20842
95911
15792
91181
54544
106280
91338
66710
59990
3607
97951
38436
53881
17064
35096
72057
76262
27901
78790
47071
90820
27718
101408
29246
29326
104213
20909
56143
57617
10384
16249
103116
39348
101942
9583
20167
4178
84987
62935
1854
8962
35342
1168
37428
105798
64904
27033
9285
84344
89781
63939
1924
41058
62542
94872
98342
25237
17211
62465
34453
43381
69648
39387
76427
33379
78039
103340
21941
99114
62897
95862
42530
48753
70281
46780
78431
106122
42426
38333
84114
98615
72598
59802
84073
7905
16204
76659
101344
65028
67348
25693
89159
38757
36056
94897
5759
102880
91910
67732
44035
32291
91637
18180
28174
58781
31655
35239
61295
56542
88985
4256
62906
9674
44991
17263
79821
42068
56177
46968
66407
99814
101040
94809
54451
68653
95393
79176
97491
7974
77865
99597
54550
95546
27022
