38824
62680
39120
80683
65814
594
33191
7649
13969
21385
20406
45457
71638
25463
18450
26901
19393
32430
40016
7916
36834
11569
17064
84292
54564
72362
6327
83147
1571
16641
51823
83027
85218
70579
31490
35795
18979
10574
9876
26398
58848
48406
36255
88347
59421
63323
40624
20383
16625
56304
32801
33744
58078
2593
51863
14311
60166
50084
6344
35458
79736
64330
85223
39258
47840
39365
26516
58387
6845
76243
2968
9643
6077
47951
26583
52190
75278
71823
64905
55462
71603
75226
70093
4949
29166
45313
92047
87162
12838
47127
92011
48395
92210
78386
87866
46701
16663
81321
49573
84839
23934
39645
45559
51783
30058
46400
18572
12715
7530
48213
68810
37710
66465
36027
1519
33665
42366
29702
30041
76329
33850
23391
26124
60886
61754
93619
87016
39794
11657
51734
85999
82523
17248
81511
74407
85318
81879
87077
38160
92399
57333
12539
21487
36730
64377
34934
71817
44164
64145
20036
26604
62324
23522
82745
59105
47874
36780
79324
2113
31945
28820
29811
76355
73018
31644
81374
13451
39685
23738
48445
91485
7783
92953
26927
88965
24145
27105
47772
23102
31743
62300
32789
21685
81060
60623
38373
43046
11881
89062
64337
49950
22350
6443
19860
62839
31678
66250
77766
40099
83757
70795
87583
24501
79310
1227
33691
53638
94440
84074
56511
50854
84610
85369
80301
87929
36992
64046
91520
39595
17043
3634
59907
7746
49675
15600
29843
32500
41072
52309
33141
24440
82065
45156
41667
8827
57166
22486
91228
53843
59272
8251
28450
43162
70956
34112
11110
90158
71289
42357
58604
77899
686
8029
24053
4364
14343
28459
18188
72834
40466
88560
38701
1096
4277
51024
13648
32325
1527
69792
32041
57933
28061
30937
26963
66183
77254
67881
89906
53350
14310
35533
37053
89646
51322
75039
61418
19178
14193
61050
7863
22747
66674
35054
16667
75863
13727
37711
96328
2867
13081
20468
69235
41015
27082
90294
95481
6531
93910
10665
78261
37014
33087
13563
75314
39121
26083
55836
56788
85159
23436
230
69850
25464
85982
46232
50407
30209
29044
11078
82081
1279
44185
93226
15513
61642
33419
83799
87726
58254
32612
59536
37341
67855
3595
87937
93734
72347
60553
27678
42660
85568
26961
79259
9711
21914
8773
89973
34422
80072
85608
24373
76736
79701
5733
42207
22798
94057
19004
12453
16982
50747
78446
75346
30588
25590
45678
93911
1066
4056
61709
43555
88392
45627
12090
74356
50647
93957
85289
34408
70671
68160
74628
14546
35672
30700
70495
45245
10646
29105
57415
80423
54496
27304
72233
68503
47628
73552
18262
33504
13478
30762
67679
56594
7912
45475
67798
20841
20836
71527
7289
52524
84159
86593
83384
83356
25892
60303
23942
56794
24470
13649
25730
74825
20631
12946
92376
42285
33099
1770
25750
43432
79442
10351
6436
24294
43149
32352
92700
4568
61522
31449
87279
58261
37987
16353
31593
41227
4718
71705
87771
39516
57482
87267
83754
77797
58530
87969
73982
11259
49728
20778
35278
58957
12598
73061
93106
36574
41520
89286
56734
28534
24205
47969
21737
51927
76240
37770
93600
93092
80312
67331
45381
65599
53477
88970
80305
47197
55484
63282
73190
87663
19677
80133
18621
70492
25276
65208
18156
74668
8259
40315
30604
30925
6506
12031
81497
21323
69686
4296
85614
30634
33959
72030
37747
79876
12700
90825
35639
76699
36906
47128
42540
34055
12074
24417
31269
39487
5581
1641
89256
75130
18320
92784
40848
82595
29697
36862
58083
51820
92089
87966
32928
1431
23524
89527
31868
54758
60600
27159
73122
53657
81088
40233
81152
1845
49383
28742
37455
14079
56161
7532
87372
23708
86112
17932
71151
54303
71100
94586
6493
47231
67193
83803
51116
58831
36639
68437
5500
11591
19589
32183
31933
92040
67135
3334
48090
5751
8548
63873
10882
22706
19881
74372
31355
42088
26755
18768
28548
47285
34325
8454
18626
78404
16952
79352
6056
76041
15043
57872
397
34731
44104
30460
16698
70569
94742
47598
29676
94872
92915
84728
9507
70799
87665
3497
25403
24858
26200
52474
28872
25995
64286
62526
12729
91037
94585
91887
55717
72137
73058
47744
804
9061
88402
50768
83209
55070
1594
44271
38382
9220
88033
62600
1898
10793
86432
79418
43266
8323
46963
17474
2275
35607
11684
27760
24385
85800
13658
1526
9166
8305
19621
47502
59540
73898
86463
94717
18516
45437
28480
4722
80271
77701
47574
73291
13626
34201
11732
89917
88906
88241
81287
29597
20700
1969
70197
92244
34085
64135
80342
96077
25272
54379
59580
73763
13706
66351
88608
77130
81804
26277
14941
51532
42198
64826
24291
19643
88029
74772
28208
60182
30368
49784
73127
53479
9303
69594
49206
46418
22253
8352
67258
57111
1405
42241
89980
72845
96213
43654
81787
63615
7724
85451
27432
58028
36991
50195
29100
50910
77116
65921
10733
5349
2006
56382
27828
48839
13301
29451
49807
6766
34108
64494
45963
72502
85426
887
58663
53089
88451
58927
38236
49914
23248
81721
42459
91295
8787
32367
36330
61091
26818
47976
23916
35019
80027
55531
32551
36895
18856
20704
8830
78533
37427
1628
27580
96218
46943
87428
56980
88597
39865
5970
52036
16319
68711
58631
46238
25993
38191
38736
45208
61230
86619
43361
23526
73370
44553
12066
32170
51992
23342
46338
14389
58789
60470
9088
41989
89510
24194
79379
66589
4971
63737
22419
19690
45979
19704
70318
26804
34444
7559
79735
3894
56044
94220
31085
85770
695
72990
60569
71958
37935
93241
38673
17448
9668
31731
31096
91747
94985
33673
8154
33031
49469
8961
74884
73357
49643
83808
80434
88336
56228
13703
52924
78996
57049
1721
77021
88984
89214
49705
49082
8496
71525
59575
44977
86731
72505
80032
38830
36768
53854
78615
3193
18163
80414
51739
31741
76009
74007
78885
20894
50293
87902
34570
81016
6321
49391
43803
285
80705
78183
42231
51723
62220
21237
84533
24931
69751
27590
89668
49508
92521
49915
29924
56493
73134
22082
57121
13958
32504
39972
8391
38797
91076
34534
30481
79548
47235
62720
80984
23062
32110
22060
13668
74188
17639
13054
55203
30155
1275
86031
72164
68870
41727
66595
73286
75793
13325
30070
33097
38754
16061
82034
24474
15678
62343
63724
17346
88046
40706
54576
75773
23156
78398
61890
44888
17427
90009
59625
55246
90464
84192
17269
7407
25283
76121
20457
28051
17609
51216
12699
12993
88373
81587
66702
8641
1831
54348
10997
13580
33837
90521
4007
45184
20793
82683
19688
18266
43758
62504
32084
58533
82424
17014
34892
9542
30550
42432
32070
68607
22149
44582
53860
48921
21356
94257
82733
76160
15228
42894
53806
17769
45124
43673
41664
82266
12207
90969
64588
50526
58681
57024
9500
33865
51777
32479
71385
73107
3285
96437
43030
5495
74888
87104
53902
9716
88039
49860
60357
78381
39133
30372
65987
57734
78104
62088
66582
73235
84745
38715
1242
74876
78170
57924
33071
61214
81476
28416
88611
16507
17255
14016
90053
81869
55551
90068
38375
81200
54382
80424
1924
53683
26506
38695
21929
6939
50343
5104
27587
5486
14158
41152
5803
12356
81975
2086
42280
71150
27233
39248
96129
44089
30284
13197
72042
10293
3342
61412
14152
60052
48717
50753
38494
4360
8718
22531
24504
20682
52264
14139
15776
30179
94229
15589
33158
87491
28952
21262
18726
11918
56444
11070
44603
59904
22182
70776
48514
83718
21061
53209
69700
49261
32011
84613
91463
30766
64848
31766
53677
1983
79308
7156
7703
33544
13470
54865
39917
8504
12040
51329
43876
38517
27025
24341
91536
61546
18791
54837
37470
62696
9098
76410
66986
92870
23006
38472
71877
66844
80320
40266
11802
31064
75582
17502
7667
30609
69028
36308
22364
2408
87034
84661
87332
71139
910
6440
78822
63542
64710
13819
19309
85385
39184
59092
38540
50816
1134
24061
32436
74516
49464
39292
41528
63244
53407
64326
16536
82579
59680
85815
31001
53341
87888
5424
42951
50592
10892
75100
83785
27640
85184
60680
30857
36501
74281
71295
36147
56090
24613
77653
37567
34227
17315
31497
26360
92836
742
89321
41903
76031
96427
30299
18774
17634
33493
67751
81039
86902
43618
65966
64438
28100
63650
82419
84720
5717
57370
4945
49507
54493
61706
47109
985
2676
78325
39122
31125
27769
95890
61784
28105
95783
1280
40649
69596
49890
18187
62871
52914
19456
78981
86263
64205
92861
32009
53118
17065
61658
26728
95964
3589
52376
70977
74679
54768
95147
21415
84076
31557
70651
95153
44135
16809
1407
8815
64931
59072
32424
46115
1466
24700
22056
72616
86728
29741
65091
39128
15392
80654
36386
2520
78807
45428
56267
12657
80180
51036
26106
58240
92722
83255
83810
84641
37301
51776
50876
86951
77919
392
83506
61152
70299
54098
21046
64619
29628
23757
47956
81971
87860
32374
95299
37381
78128
37663
55189
50896
60903
13130
20314
46918
73579
72721
79931
56457
90683
45131
16788
31261
95565
15381
22528
27327
39834
17528
12342
63986
59196
6793
7408
36295
88937
16529
22458
1272
29637
11505
42709
19175
6129
41559
69716
56996
7789
29752
9349
63812
50411
14008
36039
65702
33774
72905
15527
40292
46242
29686
31839
21507
32187
50993
7052
35041
81140
38005
53192
9057
17335
33613
25140
94494
51851
16452
16208
63110
95111
58362
71277
61575
5086
53122
56733
72244
61452
49131
73203
35175
18217
9124
47284
58376
47333
74680
85651
13468
24199
81748
70251
89336
14820
72304
2407
59188
76208
61217
73997
70198
21200
54580
78716
48374
39599
36064
52033
85944
43091
79327
83572
76266
6090
1981
37079
65232
72175
17837
20053
70227
70433
18578
80699
76697
10289
18568
63445
83165
91411
79402
2161
56149
3227
47134
18841
64428
43823
92609
41979
74570
29139
37586
75328
66017
74286
45323
31059
71676
29144
32113
6729
15459
94949
90394
55570
12156
86627
55181
1220
19233
81101
39720
9435
57844
41544
13805
19822
38538
52901
45014
4143
81186
25282
91394
46909
54433
26369
57937
76511
6863
32594
44938
16337
69338
41325
67259
6280
74648
26044
18292
90118
41808
37687
46726
80206
95708
87905
71829
78975
85820
56966
1888
77647
48069
41003
43434
46417
40058
6097
70065
78599
28092
16445
83481
73664
45832
30389
77168
53498
86279
96391
32034
31122
6519
15425
14383
18971
66551
53594
32954
53666
89037
72427
35954
14944
3388
11814
33548
43997
3879
27048
25560
8016
54696
47518
70965
11956
60799
27961
61589
50212
16005
69212
29512
82794
19584
7716
53261
68863
93568
51500
16861
913
4162
85480
38335
81923
56577
46186
18612
71775
50440
58332
80951
2483
44424
78857
38575
53133
77809
79241
62535
537
16117
47236
33994
8005
92036
27136
81819
78460
46114
33997
6293
88466
95718
61404
53048
9200
83240
17156
24708
4160
69458
73312
80339
80983
27498
83202
12765
21095
1698
11584
64214
58112
6343
34793
58875
43036
72460
55804
31043
64792
92755
46201
42659
21608
72287
26924
49113
70534
28090
48147
57849
9353
77936
26153
70209
80127
141
15800
39191
50693
81090
89375
70252
59315
62573
35343
83963
82519
35444
56553
88956
60128
28368
44530
44299
41334
62095
16369
5574
89068
4267
95381
93009
51815
30393
10558
78507
84025
20435
17126
21573
29473
18661
49032
86282
96178
38619
92296
76301
71425
14754
80278
59883
59278
25688
93434
92689
89692
79437
67714
15128
8594
33829
763
77160
47414
9348
1057
41912
19063
33098
22353
72951
38700
57430
25541
82994
8141
50659
69308
79836
56053
89797
74933
34116
4383
58298
94342
61700
61242
73383
85456
39937
88808
70812
93640
34428
50695
78913
94003
6429
84988
16801
41938
21233
73406
27256
83419
118
68521
37146
53313
12629
61623
22292
33715
9064
82316
39977
14113
47884
19672
13017
17922
30151
81049
28335
50115
50687
22573
73491
14582
13354
57720
18135
73537
62721
10885
17391
54617
32366
13350
76593
31882
83750
6587
28792
52478
44606
76159
83543
91069
57952
37007
88616
53879
88851
61968
23975
4720
23695
54816
12096
25088
65670
74488
58241
48128
9514
2218
81017
40049
24389
17949
71896
2149
92841
69333
77088
94562
52893
26021
80579
60715
6255
9972
21324
17245
70218
55422
82465
83391
62898
77389
83606
40596
29952
52656
91347
48366
34602
33809
77604
19434
4613
75212
42095
6354
82313
82603
66069
31519
61877
92106
43497
43644
63324
49966
47037
15856
86238
58154
703
91042
44517
5395
64144
63476
21269
43299
83140
11473
52721
16632
54032
20441
31123
90277
95579
74824
18364
22570
49894
48732
69125
45462
62537
89491
95735
69259
86497
89901
6594
52215
67724
7531
21977
33307
56265
43735
29655
23305
33870
54602
57579
7175
17227
81436
55959
64744
80001
30399
38344
50068
66021
67144
80221
38206
37681
27779
86541
33661
22842
27430
2891
59541
1301
54700
19619
79443
79436
64782
12580
26670
86762
14036
23124
20363
90337
50357
10575
45307
91475
70516
65687
6698
46486
48308
37295
87551
79307
76135
9750
43190
87443
70551
79064
20517
58841
42872
837
18038
60242
17021
10437
78389
26538
87135
44722
633
80912
81809
84071
24874
35294
32410
69106
11824
69324
7473
35779
68186
5118
25243
62061
48050
61434
81635
55953
17729
39371
80267
28259
54574
75952
17394
21635
1682
40954
77138
31211
24917
84932
76246
36644
71079
66374
47793
11456
27120
86043
64121
6119
10312
5964
166
15046
35403
61536
4587
61611
36851
92327
74197
91437
29732
85227
68456
29014
74220
73779
26318
43938
50047
49611
29754
26129
54802
59896
25366
13120
73865
87441
3356
29183
55087
75635
62654
43935
11792
18561
30103
5606
37575
2371
88387
60199
39416
46025
81482
41336
7601
9219
40847
21895
4603
52655
68888
34031
20059
35059
4639
61138
32830
24954
39661
10919
60655
82494
94025
85371
27465
52755
17396
2886
24214
68904
35179
12304
49832
8034
3935
13361
8892
2335
32452
94074
71261
48488
26672
1195
13532
61293
19874
24243
38733
92404
70478
77917
44799
46972
42692
9142
48451
27729
36191
89030
69595
73501
66699
32929
20506
5865
70476
2158
61707
90269
16238
70268
84820
15899
31628
28031
19956
68178
54402
84553
68971
56016
32688
9389
21639
80992
372
49238
79113
95372
5180
4604
42647
76545
54630
7371
67166
90681
40506
38486
62031
27060
64327
58122
12653
70284
59419
21341
34935
84489
66201
86255
15824
75560
60394
43043
36032
18060
21942
20811
6144
56094
9157
90015
23253
59294
53015
68268
38331
84513
78508
17520
3312
30884
5861
70226
20673
87032
41740
67942
32278
38986
78462
93073
30956
56744
36372
14773
22315
68629
69253
11892
13501
69928
41974
5725
61377
1444
53391
30929
72847
27826
22959
27617
18225
88765
66622
89292
38852
56471
86195
79323
1672
58763
84396
22236
2754
47838
57593
67337
88650
52093
59888
1780
13300
8420
35027
86027
10879
22230
50305
68280
55862
49323
86586
30964
54106
38786
91700
59250
58323
15418
80392
20115
77377
35560
49701
78117
43479
9841
72885
89945
33361
45723
90854
5632
29814
65204
85047
19000
57359
72983
26768
92663
66010
1844
10189
80043
75898
32885
25536
12957
8442
88150
77183
36402
58393
548
53529
3864
31431
43407
14455
42638
11148
7220
25566
34043
84810
48779
9197
50683
59408
54557
32880
36225
54258
10809
49386
62399
9084
23441
77613
56058
63521
43128
91746
93402
92093
92248
31477
55616
16710
27433
18575
80042
22050
26627
68754
17139
26295
40604
18892
76856
62219
2642
85742
46989
49857
25025
12504
37104
167
14674
55335
42932
47803
13975
52867
80275
23192
83084
45040
12069
4736
92143
21368
95545
24356
54120
86742
23891
62740
50139
21498
52086
36261
17955
54992
47508
1943
12268
44202
860
86509
1382
56587
37669
15479
92325
13806
76678
13635
9705
84032
39973
71828
64800
7240
40951
79054
48409
25510
61766
76610
95060
39326
1816
43933
90547
85752
21072
90193
71881
73754
38922
43242
39432
16503
94144
36916
92693
22203
85604
40410
38539
42771
36266
72403
54944
37963
41843
79411
31121
10494
34697
90666
19548
33942
44527
46348
81136
30199
47387
3219
46251
52961
36710
64048
54741
69857
27810
16052
74599
30627
58222
59139
32515
70165
14049
19786
4786
42994
70335
96489
73734
21
12407
71301
46926
10101
12164
92030
39076
24016
8063
39842
19511
87593
68832
92097
3014
75843
76634
89393
77039
4321
56459
52245
1073
44283
37023
42564
39678
59626
21680
93453
70459
45222
53781
66216
61478
39417
87870
60293
17094
33079
81110
5048
92334
27146
45917
19227
44569
81607
92027
8165
47757
49955
48219
28309
64303
25069
68899
45312
37593
88164
68039
33443
36084
7019
41349
8409
37374
61834
91296
72357
15294
49551
48657
33253
78135
16571
24375
50227
8884
9413
8978
72467
24761
51406
37619
26344
41765
68775
38594
69113
55185
67389
4653
76534
11418
83089
60844
42004
85043
5927
12651
16324
1083
13101
2191
50119
79818
67479
3789
14015
85731
67565
22561
33871
14702
34755
1919
7362
19026
21566
23196
82795
25795
79114
32175
53880
53548
13193
5490
78441
30850
22766
42244
52198
36380
80601
41523
32136
31779
2272
91152
2330
2156
21247
77187
59811
70677
56559
12918
83955
72913
19332
28453
13627
68419
78840
63762
12000
39748
56504
81570
71384
83704
77383
90672
14445
38862
35673
59516
51972
26887
68270
82559
62020
66918
69414
12278
76433
75470
9999
52272
3457
88304
46973
92419
10377
7630
47169
74076
13689
31841
92246
55759
53501
74905
33440
21703
41047
39752
78340
83133
719
80131
53972
70109
94814
49815
14624
77787
1822
53185
42471
63937
68352
67070
38678
53468
50707
17181
59796
40252
46780
83425
63428
88370
13869
13571
82489
4344
57235
46365
84967
89358
31694
37792
53256
21979
74620
95926
68203
91109
65395
20167
55470
89770
17689
91243
52044
7054
87411
43108
85014
38698
24462
74071
77663
81820
59900
10305
7372
88271
30108
9919
35544
35979
49833
65518
13094
96532
20566
68038
41407
71342
51115
9856
4090
23068
48567
93284
50832
1516
20313
49058
11357
88098
20320
57174
41262
21614
66062
39149
16612
39558
7343
67021
52630
51156
66447
56334
13116
92704
73008
29719
4185
81942
52154
39197
73556
4282
47690
50955
11735
50912
56052
29015
81608
72263
85737
16045
94657
84084
46889
8090
86947
66155
80996
36610
92633
1415
71037
15004
66117
26149
9554
90051
86915
63369
20076
81174
5768
3523
41380
30575
70508
65436
73355
44692
57312
56492
83767
62966
41399
54347
15734
61430
60526
8572
41233
13515
23847
1800
15268
44602
54603
54027
33301
24610
43944
16723
55224
53534
5579
89498
39422
89411
77234
28137
39579
35107
21282
9627
39872
33645
13720
18151
66734
56132
88726
59114
25142
50547
86278
23909
21538
70966
31464
75098
2210
74883
86492
6145
65205
2964
83118
13053
53170
42832
6476
33630
18666
69236
83654
84329
52030
79708
87728
34521
89063
76083
32089
12620
62044
32394
61791
31556
87641
59787
22093
10204
76984
44093
12079
79854
16463
395
15567
66269
21322
73688
71402
82433
48470
57591
50460
54734
48391
23315
60136
57996
18603
25902
86562
1102
23564
41966
69909
68798
32217
10872
93261
79004
23048
31783
5448
2404
80102
66263
3131
94799
81714
54875
16533
89084
53893
83363
5868
76215
77006
47570
41687
2266
18537
32503
38380
85248
12285
86360
80219
93992
45314
81300
52579
72677
20832
28794
68344
49104
75630
81384
11768
61385
2774
39390
87333
81831
88542
64991
86474
40102
20998
57304
85031
71815
25955
4039
9471
46402
81003
59242
73901
43764
64117
54182
14601
4115
12552
3433
95306
60306
75499
89046
63571
64914
86724
77410
30446
31044
2620
49766
69227
37918
39754
60748
29622
8419
40189
13917
39751
29325
7826
27073
68719
61345
37893
76843
33362
45990
220
43068
31655
43314
17458
86495
35085
58644
87412
85526
67835
26884
54116
90055
42107
57718
2012
79014
72828
94894
22955
11279
93964
8490
20761
39194
77139
22805
12758
17904
21525
32911
45020
57405
72571
89436
66108
31642
44334
11625
32158
24122
55572
28914
64328
18086
87260
62451
81708
43835
5325
16864
29291
44486
59561
85927
75838
41109
51699
68455
85042
48818
16576
7009
6646
75624
51954
24130
50895
92507
20201
32484
37117
91619
27403
67899
8559
29693
24783
29767
12252
75840
22019
39325
45839
67731
42929
38524
4571
84650
52328
19536
41608
6267
51371
47365
26343
83910
13596
9790
9977
64930
13798
22474
60629
50233
81847
66369
86874
66573
14462
24112
90764
32467
52600
20668
15419
7753
53518
48858
69685
55979
70674
5742
69130
53621
81214
11063
69154
43831
12854
94762
74329
5029
39739
28170
63355
21084
2873
83040
75198
47983
85298
78853
89705
2558
52487
42192
76165
61300
29192
12448
31475
34504
33335
87689
49441
10863
25419
44247
52133
72332
42132
18395
69977
42053
8235
40540
32345
1961
67975
63794
7621
81632
46527
10810
66954
33882
16561
68071
30414
52111
2967
13251
62597
66507
27450
23355
48707
19162
27860
12404
91787
74837
49176
21419
23801
292
85295
49805
78119
2576
13657
64729
81637
46959
42976
64033
68212
72271
42135
87270
39632
31002
70146
62470
52463
42400
1664
77776
40231
22151
50948
11729
28016
43826
85814
45593
49999
24218
52739
5343
68764
73697
83199
67590
40391
15730
48052
82364
59392
80794
30887
47503
83332
75765
85892
28954
14448
16071
90409
26003
33952
20289
62689
56847
4179
12454
23481
28748
62638
41882
51325
12385
40277
28140
85492
84873
13358
62706
46073
60504
57717
38637
20747
36376
92025
74225
56153
55268
91631
3472
95794
40003
28352
76533
44358
89869
85003
29412
71664
28853
29892
8237
44054
73093
65284
44596
54343
61698
30858
54240
1873
53016
32510
35589
29217
64606
82029
73146
20521
65492
82599
22322
57516
32172
42
79608
47483
96439
4401
93219
23438
92341
84390
57262
29490
23617
70645
40285
57858
66855
53031
64151
31398
38689
60281
50374
34860
95070
71445
14251
58842
17552
2667
77635
71541
64308
6268
53194
57364
84441
26429
11293
22882
50560
96070
48518
11958
81410
91051
60997
85609
43706
89381
949
7068
6876
60316
41720
4995
40768
65908
40796
62939
25680
22229
13150
88026
19001
63658
94105
44855
60885
5204
65651
37429
88105
31304
31864
66102
30942
92107
84926
49537
16347
63653
64753
21805
10598
44661
25170
57311
20178
65378
80451
56588
21460
51330
46448
82153
94741
35182
31458
62395
87137
48682
65482
75722
44908
27651
37780
83971
4069
72091
63031
83408
93667
73201
27214
86447
30185
11852
29871
68125
13391
28797
70501
38235
33150
26946
42070
2464
91931
17183
2252
74917
17106
66884
11551
13624
3612
60841
60588
69803
30812
25606
26992
81098
83862
72717
22585
90583
89660
52885
51610
20126
73125
61080
81859
51136
24217
93689
9104
64898
47700
48017
52825
6656
80680
53957
5648
22110
82035
35588
6229
74050
47497
47052
95668
44666
57847
41298
74447
23366
26600
82991
4369
20730
43017
20928
45924
81402
42948
74031
81208
49340
72393
18139
13550
48578
63314
58914
26737
91499
66997
14043
94259
81104
45366
61587
80784
88227
13114
89098
32693
79752
4308
53571
60451
92872
81024
87466
96709
17023
88218
76968
3403
72837
36466
9754
89080
36024
2984
87572
514
8887
61692
20210
94751
45953
76588
88452
5440
64250
7726
18948
74002
34148
29538
86055
42175
53687
13611
16513
46598
48459
41022
54130
49893
74205
57793
7215
41926
32006
70192
71779
91370
10851
64020
8159
67404
50393
12595
48830
81614
4713
2912
86971
67412
81875
49806
80297
28585
73684
74846
10021
89567
32809
22942
59346
70564
30401
76314
62955
54119
25033
74323
64319
84699
38529
71719
5196
54114
46606
18119
93313
80800
2635
33121
72385
13632
84835
46318
61566
95561
40500
54794
64936
82753
84135
80135
22046
42713
4985
34795
54072
9227
15888
85765
27198
81021
2899
25147
84771
22965
72695
36462
4198
1784
21434
25029
90172
32591
61755
2917
95832
82044
35899
15125
15292
80848
28455
33382
9738
26273
10731
9288
31838
22495
8674
61416
48043
24438
55238
87734
38141
56961
35878
81180
21231
4323
8527
1775
21665
47097
18004
12471
10365
54597
43583
16188
87511
30774
40044
6584
45048
47081
31335
68138
4520
45576
70615
54035
38928
37552
15838
73662
68208
18248
94548
27796
74261
21260
6829
90244
33932
2742
31560
81070
95850
42001
91889
47726
45777
65557
52207
48453
44194
56920
58970
1923
65328
35938
25236
68188
55128
73088
9266
22863
70413
9924
53146
78672
52911
35937
19133
93459
42729
65640
64477
49973
22205
12191
88838
30731
21907
76713
6318
75036
37985
52452
18486
32297
86968
35882
37548
76921
31529
1554
48405
39448
24591
94043
29595
36900
85254
81273
22031
15161
30436
50646
91488
24090
39352
65975
14307
32547
84193
76380
90217
2846
65913
6480
6915
75357
37988
18535
52319
62919
44620
74457
75091
57413
16359
69536
91784
8436
80775
57087
63932
71458
16461
57398
53464
37266
1262
38396
14536
53171
79211
28891
41422
83097
85144
5805
82482
55969
88368
57141
94847
2096
67924
67914
74385
61112
34313
93242
6152
198
49147
33926
58959
60653
8971
78442
36645
70611
45588
27701
28303
72210
6066
11850
75371
81592
1700
88488
254
46159
76569
50685
67410
90856
46512
96283
19200
93020
54809
64041
87857
84049
24265
79707
58524
87688
27683
75299
60157
56318
49339
19105
49997
550
82935
81901
46874
71845
70005
12658
53021
68856
56154
33770
17606
7053
90875
8100
85479
890
81154
17483
24910
16927
29631
77102
43383
76255
17967
66721
15296
85750
77736
37259
61652
10681
43833
73629
17850
90565
48342
2481
15538
80942
48229
7975
20235
31173
24945
48515
11726
45800
11908
85669
30443
44836
74733
89826
20309
76291
9490
75197
18720
52852
10592
90367
9523
73512
30611
61116
73576
50809
81523
15402
73768
37139
39188
1593
63799
34133
90598
91045
62747
51295
82157
3126
51555
56042
53353
66196
22445
39053
30033
58876
45969
51974
27251
64876
84799
50505
83812
80620
79339
36384
36446
65798
11791
40668
8507
83994
20450
11345
74652
49271
77568
42844
47853
33118
56867
4969
7002
11849
12089
64768
6404
44729
92422
17190
23198
1386
33965
91890
59964
76499
35147
6390
88179
44138
87368
31476
12515
10819
85343
48721
21577
86098
3438
39650
50340
6773
27087
52166
60111
34520
36802
93611
68161
56989
34440
3778
75848
90647
34609
39180
71770
40843
39616
463
75515
71578
75324
58700
8160
6884
1095
27853
23027
65655
47440
18689
74644
47470
27161
69191
50319
94619
14664
87841
27043
16304
78275
92184
39957
70730
88883
16276
51199
19080
69635
18095
30862
43323
39164
18657
86710
22344
40182
43118
18734
14710
64979
27007
58805
54050
12992
29975
4280
85447
13560
11317
76703
28943
77324
66653
16131
68950
1265
22172
87271
28216
45380
1043
57465
59929
30518
75373
37064
65305
75001
32074
69371
93287
61937
38105
18124
24494
87709
25321
64618
50875
65438
49817
92906
30456
90097
39843
29134
31505
67567
30166
87970
5541
40864
69552
80747
17433
48968
67246
90920
78966
76487
96342
67489
75616
94852
87566
58596
32575
34587
43041
93493
78824
443
2304
83504
28012
13836
75308
53519
10196
64307
74937
8517
20767
43258
75517
86352
55394
22306
72280
51100
31582
24943
43111
28093
51144
47555
29846
13518
27584
28789
16430
55465
52734
54925
46653
23297
14956
8487
50934
4741
7178
50100
95854
20239
55488
76860
27514
20318
96084
5622
81953
2204
61150
8190
26815
88659
74732
91949
19546
80959
34770
20350
1633
31437
62742
22011
43198
39179
71522
89898
5936
69720
21903
94684
91250
41139
49204
29488
59334
73046
17553
68342
13929
24964
56573
37702
5942
46787
45299
53931
72394
9233
51712
60641
76090
81096
62410
55489
56684
32743
4440
49107
61867
23133
54663
80674
51764
27553
53202
52168
175
90136
7627
2023
34632
12173
26067
45179
10259
15736
76837
53639
60974
5415
1003
41663
52836
2815
86547
54305
77596
93263
37850
2864
72223
31227
93386
42704
6269
86437
45815
77449
9870
68813
55342
17484
56240
18447
36265
90568
74466
15445
69880
88201
88606
89315
68428
71586
4123
20031
5179
48002
39604
26036
47304
11678
82290
45977
9902
92640
35577
83736
49382
23674
64110
9274
44686
78242
88146
34548
55888
85357
62998
21151
24806
42611
75060
46525
41132
73602
40286
41755
74924
20024
87834
94579
71872
63128
52814
57828
3509
66633
10227
92267
61574
11548
71145
43211
93636
93790
13765
2627
63151
44493
39938
69359
5219
16712
36503
87822
3283
388
27917
86104
11978
23668
33828
73170
82665
4862
45083
28374
92976
21048
42322
2147
51357
81766
67125
28569
57266
27462
63362
44561
55883
65394
29614
77545
42379
35886
77795
74195
91492
21210
4907
18945
17281
16692
2734
45089
75285
40302
80892
54882
79
59690
39976
35040
44711
52597
15299
15880
5111
58271
76182
31928
70292
19027
25789
54530
64222
67176
81483
24979
65101
74426
47477
65145
38660
30648
73621
63047
31400
49935
18786
7869
83541
24603
40897
36190
18480
13402
49539
93466
66190
20711
10015
49407
16628
90110
62810
8856
84540
20244
73715
91147
22643
17568
41453
67652
5871
17555
77140
12877
38609
72734
41212
8744
9730
5011
88764
81852
89805
58860
32544
82756
15240
96487
32116
7821
8216
26239
75359
1823
94707
89724
65728
22261
68034
76872
92781
24840
86919
86406
91905
66804
21478
1597
72554
48993
50124
61919
95598
58205
84579
29386
93119
34789
57527
68525
90940
70899
94907
78202
63601
25322
72989
5475
45765
24736
6099
64909
74914
62633
34707
70992
89775
18762
43443
82510
7229
72373
13743
76306
36983
1254
40149
5453
50987
46557
69365
91038
48853
38221
14528
50420
35124
36588
18063
51020
46217
42078
38001
74113
88789
23147
28348
50563
78203
34209
20937
62097
62951
63360
53832
33233
73541
10135
52916
86565
8657
70679
47334
87251
62463
1144
8085
54872
55831
2947
6395
34705
19084
23125
38089
11288
43338
48315
46610
29418
54222
92408
23679
60654
82484
18250
53865
54017
85086
39849
1765
12858
18427
62100
9996
80355
85911
2318
11310
41168
2893
49702
84091
52337
57081
28344
44329
96023
6479
19689
53654
41576
23597
88353
17916
60469
47139
95265
11948
67526
93426
72400
51619
71708
5359
59087
80938
84325
73472
23982
37582
59150
66043
71440
60688
66559
65667
63373
15470
80222
80765
18141
47076
24676
50565
10093
76063
24392
64071
18907
73737
3115
10438
78922
12685
93083
82661
36642
44111
9390
2547
90255
31820
5255
72846
25116
94184
30374
41833
68715
94202
13253
78443
4857
19848
77203
52888
92535
54632
48006
77886
26848
2708
62929
59159
83658
50656
55613
49580
86569
24922
48418
87868
53948
11681
75432
7859
21852
29617
58150
19852
41414
10586
53811
55976
38853
18190
63139
90562
4294
24377
64385
94675
81537
45239
31908
26209
46573
68021
68846
39965
6951
38483
63823
47977
76715
19729
43310
48629
22359
29229
3160
68108
53790
2522
86042
67787
59644
77796
86038
15925
9768
38168
58615
10953
30359
6703
77618
7323
65503
397
66644
81471
87142
58415
3162
51555
30198
54785
88810
20925
82694
45117
79022
78077
83
25498
65162
53168
36278
37986
37983
54147
16682
80075
21925
39348
43092
33992
1060
84833
63749
33640
3054
1257
49808
85282
92172
36573
5921
12091
23366
20705
91712
77084
1315
46673
76299
86000
90252
95600
58464
24840
22432
11062
3955
94706
40693
89026
44909
38171
58471
11745
47683
21562
49257
62615
38271
72598
24654
39612
38442
59145
43528
50160
87852
18354
47927
68783
28133
48581
56404
26916
42057
4926
85930
47148
14504
59717
50934
10862
47941
74784
1793
32426
12923
22060
24570
58459
19974
21633
82962
65763
47526
67041
65356
92130
15228
77755
95228
39934
85822
57372
48960
53814
4545
