14679
35750
64109
89584
92794
60673
98409
104601
22914
90452
74129
2324
82418
40691
77466
81063
91628
98456
52958
62877
44277
23816
52360
44904
26499
49821
43673
6134
30217
19669
80077
74950
41412
973
71429
6147
34454
66745
31125
91427
34731
91567
74774
75146
104041
32976
58900
20343
69126
50718
87761
60681
33940
85845
86843
24393
64067
97040
39311
16636
61393
77588
37680
9476
38986
75964
1421
75215
87237
55825
20364
93971
71691
60978
2604
100871
21706
95639
19443
23250
60096
91426
41864
33649
61974
60289
52914
22950
66335
19581
66313
6489
13238
36316
99553
55159
79382
56885
34598
19531
15569
58805
104617
102842
22401
54395
62567
51598
17337
54055
66507
81086
41508
14943
62364
91727
89814
101236
30072
82917
103208
72346
56888
31739
8099
99964
77272
21396
1237
63330
71653
57490
28523
75168
12824
11853
15252
11273
38570
62875
62915
49606
37063
63401
52974
63766
98077
55305
58415
91150
84733
79881
90595
76746
88663
60565
79839
34057
5944
80318
15621
12637
12586
46961
57470
28912
51986
38145
81634
86929
106351
37529
68868
42116
80807
64364
5316
94542
47857
60645
73682
52370
95212
94678
100043
100740
9049
93104
37694
6841
36195
7441
22777
51420
95804
2508
82205
51320
7480
58768
34393
103321
16849
37189
14979
889
6470
5049
59216
45202
36781
99577
81427
36069
68141
13844
62563
103691
2769
53250
23342
98119
20931
66573
45432
84349
47344
78049
97523
41866
73728
8319
41017
14129
74006
93140
54715
36494
48494
41957
104874
102268
10338
31712
19572
73795
22831
3308
17793
75344
84135
103396
77840
71136
16828
73724
55617
87405
36658
5240
50266
57945
68518
74778
56588
10487
91522
103854
92108
41703
30367
38188
29329
59110
74368
39135
2587
79076
85866
25650
101023
59447
51369
27931
68096
103764
75230
86821
30397
1180
62219
74316
13267
39751
30408
101894
63530
31490
106121
46143
79384
108291
29321
79136
73352
5665
5145
87768
48513
56741
29997
48932
85591
83055
73487
71291
45882
7093
81819
10022
30485
64467
80239
91371
5196
44393
15326
71401
48722
100097
1980
41774
6794
25295
56816
44212
26764
47950
65704
41563
22257
104534
227
59820
36120
71907
11060
67254
89008
65772
92544
87250
54748
60295
12085
36923
41847
43344
48434
20200
4759
26683
51171
68147
70213
34369
95255
81055
82335
99252
14115
34337
65584
100675
92336
79375
30695
37743
66701
46750
18875
40077
62671
1197
70605
94333
95428
85765
39396
39574
82202
8225
14258
20700
101494
93262
68108
82540
49216
102937
54193
60980
78690
46443
85445
43330
82529
39513
81285
6604
100588
694
52203
76501
94151
69958
3539
54776
49469
58761
70002
41449
77021
17470
1439
37839
97194
18171
29243
10743
7713
88025
69590
28294
33755
39216
61094
68537
38417
63023
7768
41899
56123
51494
35398
80303
91815
24852
15006
58819
76179
18741
67359
7327
91314
27639
64521
39747
75855
45020
81179
93020
3796
80450
88327
42212
86527
13651
47986
101744
62317
8083
54770
34937
4285
22204
3827
96020
25831
6711
43178
101963
6026
74457
43008
23595
90119
59149
101450
96537
103929
81742
104025
48246
95611
66334
44423
58298
51661
1407
37099
37831
3663
43945
67749
39529
28827
44610
28697
67077
50206
26226
36543
51703
12623
75817
31549
97605
50889
101430
2198
25908
63684
18499
56428
67560
22949
91836
43725
106060
48954
61657
39365
7898
53518
36656
77616
101586
83234
91164
24671
49580
104011
48533
31397
63373
84162
3732
57951
104118
42328
93699
7037
70860
17769
88540
104084
11481
84594
58697
94390
40253
22471
32758
83508
71322
38421
1433
47128
12110
29335
12381
40816
66583
55846
105492
65201
58987
66372
13229
61610
73047
25349
9015
64498
4254
94501
37821
81234
80814
54688
68893
11742
80204
86529
27223
24606
36061
57476
87158
88375
58116
101720
24385
65715
99882
17018
86301
33367
8238
100920
95737
15040
73803
23902
88148
4422
36602
100483
32106
99746
84456
3902
13126
103346
58608
89462
57049
81525
19323
17999
34187
22320
12674
78776
61001
76719
92262
69959
10481
48227
89463
27316
64461
17328
91608
4197
76046
88473
86986
85551
14411
70065
66565
19155
70437
43592
56731
36525
38792
67735
43517
16335
46382
58299
68877
52178
4597
9551
911
71727
62584
10106
104081
89346
19112
33190
42577
38551
64094
2061
93581
76187
107059
21165
68280
18539
105419
27233
69139
47842
53361
39244
89174
15530
87409
49386
89221
63879
101426
43891
22981
38511
21614
17412
98251
77956
91280
41084
39520
67711
101083
33422
51183
50942
54494
101820
15691
34097
18657
82068
91005
18817
82731
98210
75213
88534
65269
18955
107182
30401
33248
21589
72589
46130
78866
73771
92837
2170
47891
50415
65955
81964
102818
88989
77215
69910
37708
101072
75875
5334
774
4799
101532
64134
78100
93899
68458
33256
56140
5302
18843
38925
34525
59249
5911
25887
45727
14293
77506
88189
86233
52376
51875
24045
53685
7225
16694
13009
54058
15623
63651
2585
67895
94500
20097
32218
54405
41438
56601
81577
12911
813
62433
26287
90299
53460
522
40548
25074
10941
55887
32559
35522
98134
56066
54853
105774
64186
76386
95458
55538
58607
84193
2190
22088
12812
40527
23548
32956
37308
63838
74510
77891
95527
34045
19251
63395
58779
100189
34526
13690
102700
19477
93967
61385
2280
32388
89145
4394
80633
101261
19297
63340
96372
77662
89051
11089
24239
20593
95070
9022
46323
21075
108353
62559
6455
28344
101665
2702
49646
16507
52104
97629
43731
83343
86486
90181
16271
95504
42333
11709
69657
26277
97735
96439
72774
2322
22047
10477
24260
36871
77159
73813
67293
53338
19940
5374
99213
72820
83200
78970
87705
1809
49460
69425
38313
59384
78757
68708
93131
23788
89409
42219
77735
104066
6391
34839
64927
22252
36983
3434
65397
88379
6982
27466
87378
81532
1972
82759
57727
96276
57429
105632
33593
93521
65947
52937
90733
59012
65623
44146
40512
65012
58170
39759
12830
36670
10521
10383
72519
62662
31667
42417
103040
43797
90117
97372
10911
82747
58627
53857
19903
105140
79154
74522
73713
9880
45874
8830
54848
12551
39103
68669
15831
97469
4198
95246
21893
48468
60352
74111
32866
24092
47638
726
85364
15394
22829
24417
93860
22079
93526
1437
7030
75427
87863
4345
104719
79669
18959
99997
55264
39037
855
20059
60231
59072
41366
7894
30757
37241
97327
75709
72732
58611
83191
36291
36702
85336
66646
88310
9165
61154
43457
59429
89672
44502
41792
60676
12206
67224
13675
59390
81972
77521
48334
89677
71202
38635
31078
76607
43175
97922
102738
93099
97679
27871
96498
90236
40914
59201
8694
6125
1004
82169
62652
14319
40344
27554
90144
3558
104573
23139
61392
40942
1195
42187
97845
106031
95622
6510
70126
80803
76214
56336
5453
57223
42692
40937
25441
28734
93653
75304
102414
45738
2528
52952
90902
19421
100580
82017
33295
87196
30380
107577
73601
25173
70593
92897
24174
94143
18395
84565
5629
75795
25294
26814
78925
26884
29630
24288
52581
33238
46490
33391
27425
48357
71091
42406
72780
24641
61
21634
49119
38514
1738
68730
72911
21166
98191
71831
42769
91871
46588
65155
74553
19207
86417
102465
69455
78001
72661
6277
91792
52674
7944
73241
52197
59639
32909
89686
38745
62334
25701
87252
82255
6000
14154
51849
48745
15018
30932
77776
57131
16309
53011
84550
58353
46925
73243
64225
81423
83295
103109
53647
18785
85721
64755
76637
2033
49982
97343
66188
51614
86765
82298
49875
101434
25118
25195
29344
54919
28043
30034
63668
58500
107180
65756
15447
2118
92872
14559
58683
58090
99968
99024
92766
22020
91452
13035
86593
20297
54318
62187
24656
7274
63714
68073
94969
8380
77730
16315
27035
87674
10274
44049
69446
3166
67776
31093
82308
82504
30024
15255
4006
63355
74320
52696
71543
106286
53522
15819
105355
4806
38459
4267
106151
104021
73521
53206
37239
19948
81345
71263
11159
75457
54076
33067
922
10727
607
22136
12497
63389
77732
105463
7577
100396
33452
45842
44176
96056
102847
24539
49762
72895
78080
102402
41167
19534
10584
106680
31155
84849
71090
50501
57371
28628
23238
88245
64144
98693
103547
36068
17297
5998
102913
61595
108324
41106
20654
36326
82171
100065
46173
53565
70976
90298
4790
90834
12488
23829
9826
51816
97110
67467
102307
91064
72352
102072
27519
99942
55514
6661
105964
98149
63876
21975
96321
97340
21061
18775
105967
31970
39686
22194
32412
65581
27773
58894
30032
9574
4134
92743
73797
99693
100509
96513
57083
59505
104699
99241
101381
98335
92398
33108
88851
32891
52732
88168
44983
8004
10723
82771
21350
52199
72664
76103
14413
12436
11961
34508
52846
21718
12944
58309
101225
78496
14271
52537
92529
104854
83898
89144
1282
94702
42238
57916
61428
99204
94893
91882
106162
3898
86647
64421
12892
106360
56102
7151
93392
34344
105322
20260
44729
23194
6736
6413
52587
40016
14471
42879
90560
48976
669
102122
41368
91762
12162
61279
15188
97397
6297
58105
25938
95746
99910
49393
91732
97376
58357
25799
32464
2699
26995
90532
68239
89933
17882
37411
30771
70285
76958
82044
15918
98483
84630
55378
104213
70761
42249
26555
107461
58678
34408
62431
70080
56089
6528
85865
19595
71455
14846
74637
6284
80297
11664
20587
91469
61576
33301
57462
49395
62428
35355
53121
9448
20074
67220
87326
73766
88902
73054
65812
101345
64045
61976
2295
101380
106252
17471
97509
21343
38077
97999
65942
70587
10157
90004
23917
35508
61863
34706
59002
51595
93896
35993
81141
105093
65111
34561
102877
104677
1358
14804
72778
19880
20270
106509
83775
22089
67675
77387
85490
27683
96928
7947
3037
46105
53151
16788
105542
60021
57622
87377
71867
31682
93425
4501
40035
52243
61551
1976
3462
81679
100887
21085
70829
81176
83208
99908
95819
29540
39567
20079
62841
60136
60749
57464
52552
78700
48400
43769
61531
20851
23324
97084
34895
8043
105661
90407
41748
3958
63812
99212
7624
20781
16075
106304
67543
40918
102732
99653
31391
9868
69608
86807
76423
18477
105630
106421
58845
94099
51208
64719
92094
69409
100719
105182
16009
101061
75294
34355
83618
27504
3263
75774
16314
8247
46810
36823
59909
91282
69674
46395
34128
45273
11061
74496
60364
52310
102564
37814
87817
99031
26755
80092
24178
19848
57812
78077
30128
33595
98494
91824
26637
27769
47885
95502
67974
2990
95413
98638
75712
20920
38308
71986
17788
78095
71878
98879
11642
10396
96002
71646
73090
93739
69026
103751
45483
106548
90852
45866
77011
102166
65726
48216
40638
83798
41202
64575
60010
43594
66955
81969
62287
103230
34519
52206
88321
13905
54985
59229
52871
6527
9834
107653
53700
29678
85188
28274
43192
52239
5889
83431
105229
75850
70994
77342
56920
94533
17204
78039
73902
16037
10643
17633
85361
23137
92181
102187
64053
71473
78418
53140
66883
53488
75421
51042
53188
45607
41509
75222
38286
82350
74809
15366
25500
60607
52965
42014
6288
808
37879
98606
31452
67819
53919
23585
106712
24112
83640
85407
104805
72884
43163
5319
22068
32670
8357
63552
16361
77058
82891
99046
78005
45094
52449
61115
80310
49757
57326
43155
35592
15199
99475
58152
71330
56424
61339
60964
61598
74013
25963
45426
48084
104204
52713
57360
38469
60356
63868
27878
22696
51146
69880
20512
54507
77793
93180
44824
71233
38603
25130
104074
28824
77407
74068
101624
68348
103429
43414
1361
42476
105589
36600
74402
9761
25907
4948
96091
62405
39372
39188
26393
52383
90104
78351
48146
85321
17027
70574
3093
39807
46220
32547
63740
49107
99753
10372
55247
67700
5647
1352
69360
91390
79678
88198
95107
7366
68214
3712
81696
59488
84613
93110
103667
58327
100912
99477
18367
57666
103563
94722
9974
80683
27387
36572
24520
94213
74694
5905
44219
105028
87126
15789
28346
90447
84812
32114
101695
36663
31279
31836
76095
44714
20012
17238
44701
64621
12997
43850
54831
59717
3707
95684
14346
9725
71150
34664
54335
53905
31303
105488
69607
83927
106858
105586
83304
89808
74195
82
94737
11504
56289
83219
45136
42379
12458
14612
107860
11569
84786
31848
22507
90801
84332
94862
36119
7252
4702
106353
23925
60290
84258
34610
16431
64930
58543
63665
49770
10600
4350
62749
74903
96768
59949
27925
99619
81735
53922
10978
8959
97638
91374
37049
68202
54046
30301
21533
19878
63574
46517
73254
70438
108231
93359
66860
97836
20639
63622
74729
70224
66502
15494
25277
81136
84820
92918
57030
40632
49526
105784
69792
78887
103695
69296
18311
44409
63880
11769
69907
51968
42990
51571
95451
60265
98496
36707
6493
43550
10863
92556
73628
5249
88697
25976
27182
43595
104299
53669
4355
59417
75093
61018
11382
80334
30229
21349
21148
20904
34615
90017
104242
14352
89811
83094
1268
26205
57550
74286
27521
37034
54986
75927
50041
78090
67913
89018
63174
63243
79212
46330
73161
70071
101432
99929
8819
94892
56576
53761
48908
51286
98022
82871
103500
7740
20175
12877
12470
56526
73725
42569
75666
107724
81358
41421
100596
21207
72345
34759
17126
72412
42574
97506
42661
95009
99773
49241
80185
38102
43149
94524
100546
32197
108281
57288
52282
18604
44447
32288
1371
29898
44415
54127
66076
25209
69213
42811
56553
27876
4410
96390
18865
47430
48726
57978
87003
14805
38416
54707
241
11602
19038
49092
6781
54035
41446
18334
12340
45892
83253
58680
68372
8111
53183
94922
90704
33230
41166
55946
65457
98753
22951
103533
92550
23589
100921
51971
60886
30509
82459
76061
72427
53624
75916
3556
15190
36084
18143
42892
64552
94200
54308
53584
62506
54675
25977
101051
70434
54294
3986
35135
4405
86023
11167
73506
108153
107459
63207
31405
101905
8692
85504
30689
84139
11851
34993
56935
44618
70706
45784
22467
37140
35435
56898
62427
81620
79746
64819
39397
94093
83378
20883
41911
48914
45370
27206
24185
23411
86175
37041
37174
9853
86433
73136
30052
871
67827
14981
19057
46504
73931
18545
64132
72191
88070
62883
15315
25392
46768
93818
36331
75580
65370
25767
64951
17580
7597
16807
13559
51718
37047
106973
77856
21376
64698
40299
13157
74211
56641
74395
12893
81724
71116
95745
47250
12963
35010
28486
30075
74556
37305
66312
10454
6722
100972
65341
14734
45600
82860
42670
82593
34145
62350
41561
20233
106506
41391
90032
93868
18686
93253
98266
89150
82034
51836
70298
84606
91356
104265
28440
87631
19241
26395
68345
106537
75785
7416
46724
14114
24804
32958
4002
100169
30050
10066
45959
70811
4724
4107
65892
57707
68064
60865
50509
98280
97241
104
62519
78463
26259
42159
21976
17766
87847
99620
74784
69671
19051
69647
62973
32292
102514
72075
61396
57463
9002
16864
64262
44115
32598
36873
25775
93673
22414
56837
14483
53017
91653
275
5660
64054
9378
27755
23625
6361
18666
51359
44157
53918
7335
28742
7679
76798
44075
24636
71549
49871
13160
17257
41722
39906
70079
725
51292
87619
102936
105212
78840
52625
59408
158
30628
20997
104903
52222
102328
85156
77276
40212
107511
30142
64368
32863
57970
26846
93800
55324
93660
8630
36877
12457
56646
47069
107493
56271
106740
68874
88609
34435
80774
103722
71961
97634
102637
47916
21954
749
17594
22944
88773
89279
44927
2301
10826
7603
99174
85266
89895
11910
6770
29838
3525
94382
5587
32515
14451
86535
12278
33574
30320
105928
81894
88176
59918
90040
75841
54146
39509
79400
29728
44294
16049
23823
34778
99457
18662
42889
62257
21827
6302
78121
7114
20183
87038
62256
36135
13770
13205
8450
69754
72877
4513
99756
30272
98694
42459
59976
36469
38535
36614
92819
8158
50192
1899
16915
61702
101133
34341
79562
46891
47661
68932
77492
8148
66493
100561
64116
12722
69376
99376
33344
21503
60783
5075
71286
53230
17286
84199
35661
3897
7860
28980
26521
86241
60247
81597
102332
45961
73593
77307
28908
69874
100402
38424
12577
5223
20159
65247
97141
26477
32378
40112
67859
5986
63604
67986
86222
54780
76094
9866
100621
31403
83074
44935
104998
78862
25609
68472
97612
66545
40872
18894
90871
18654
33204
78124
63351
69419
27422
23783
11062
44476
64672
95402
105609
30329
98701
8981
63699
46783
8665
4841
77849
17678
20181
56352
72787
37254
53370
108117
65326
40598
32091
106988
24787
107598
82257
26108
74542
41619
54363
53895
71632
108142
5817
25264
77092
88230
70568
585
49712
100167
40709
14902
90323
105529
10498
106937
80965
17626
6330
55885
93792
105894
90093
71610
74945
48103
14064
49550
67856
54554
98230
50643
18967
69474
74840
63577
47365
68681
61408
88239
84955
13942
94212
13438
81849
68991
55382
86509
101107
11336
76988
91472
53463
63168
19686
84029
81145
18352
50383
50608
17971
32622
19678
99178
35844
15990
80523
59656
660
25428
31620
9079
55573
71456
35102
59712
93205
27146
27073
88040
63242
99232
3983
73277
89514
33905
99200
99488
39542
97846
96345
67637
60744
78844
27082
90324
54576
8205
37699
861
78894
96977
98150
101074
45191
74238
101490
6571
56426
62048
38734
39143
17373
75102
48299
64557
22882
77677
75748
7009
103585
71227
15870
60167
85657
92785
2210
85830
86587
38624
98796
46325
38847
7939
57933
2521
17460
39714
16602
87245
16846
4311
87931
77843
6853
44364
20674
62417
43599
25752
50188
19268
72890
81237
105959
64799
60575
91316
86359
81924
677
88043
40455
106899
42998
64434
37336
39996
76401
56071
68919
53154
12022
12072
47710
13248
97609
49633
43886
43411
74391
28831
38747
55535
83458
9315
31870
90057
37729
64874
9193
70920
14842
88438
54190
71772
78808
35017
21423
61575
20550
19247
29240
69209
48952
102043
94456
89015
12776
15779
56958
29563
103958
66604
63347
106410
13752
99617
26950
44856
19041
100017
86491
59984
82084
101374
89090
13313
66533
84217
14800
50381
39408
23088
54845
60137
75644
88213
60252
16371
15702
48770
44076
55642
58830
8904
62788
82934
74981
106557
9599
99171
76543
7992
30750
104962
33913
84569
46198
60391
82563
32267
103976
13095
41405
14573
52850
49638
5981
39958
37402
27558
11758
8814
44442
61246
58068
77070
36458
104219
71061
106941
101508
18896
103525
15295
77234
64889
27603
105538
74121
23650
64738
24512
16281
101006
33302
100468
41432
98128
51120
30498
11559
8092
3735
66996
65950
9267
12537
3701
46421
60245
87881
35541
90685
59714
106329
21316
107924
34656
52446
14640
31901
1290
69234
43087
65344
11334
104137
19736
105683
89761
70573
76324
50127
26821
29917
78667
45584
50577
62558
58020
57316
14316
104878
101841
73264
265
101550
11846
26143
77512
78928
78798
65263
60261
44125
40717
38121
58054
91138
98521
56602
50250
92416
66051
30959
11215
40583
89820
81899
39012
72653
50656
68798
59706
77631
5737
97354
23167
25240
447
8882
44898
10710
93306
42812
95888
77233
75495
17608
24840
57226
47866
66517
81692
67270
31128
44027
27632
19607
83339
22940
102980
85517
77221
80220
78927
107767
19182
3883
58372
97186
13080
73580
33030
15059
83506
8164
25033
3460
44069
19885
22150
58798
39718
93652
55200
59911
81153
36453
43780
51763
81943
32745
95233
14909
94315
24812
93132
17339
91156
23827
84863
48011
99397
12770
66292
45827
90469
98579
8718
75455
70641
90145
40532
48432
76636
42718
83259
38179
95938
91518
45209
74752
41033
16897
7174
83768
102121
8174
92408
92921
101514
18603
90545
45508
47791
24986
60455
100902
52109
71776
57089
22464
23980
4074
2621
44711
82201
51947
95831
61636
19445
101421
13797
10105
72753
92008
26664
5101
98084
78460
58763
79376
79165
15916
21131
23083
53384
19584
79844
20590
2713
45795
17416
92251
97875
65485
930
66017
31697
42857
44699
36992
30387
372
46427
67115
23262
48906
24979
12226
2213
14917
84797
70034
19011
78617
21159
42614
77841
95207
27199
15344
72277
100637
105097
45104
15290
18975
12611
74795
26007
19510
36483
25700
1927
41548
45718
7601
77470
18947
97070
28770
51854
61798
63059
95891
69586
40590
32221
47784
16451
19545
61583
50375
73558
105932
9679
63686
74069
65051
32214
93515
93538
85522
75920
61651
26136
63421
15627
40432
96624
29991
53512
53573
11111
28227
19830
65735
9630
18819
91458
98257
79889
37706
77168
76920
33961
45234
59230
71892
47043
104774
17089
43819
53030
69119
95901
17802
91620
57914
55415
96239
94197
68983
61895
80989
77995
21425
6831
30354
84098
96402
45231
42913
67005
8669
72404
78112
103978
46345
20985
57304
86085
86110
97647
102526
105068
100562
104972
1676
10947
49798
28976
34072
65042
75819
19273
8085
36103
53249
25957
45958
48184
10981
74235
104790
74268
108167
25168
88471
92893
41038
173
58660
8202
66694
13925
81016
84319
35411
32185
80538
7570
10213
78562
74697
45592
14835
94045
70803
88650
45138
19354
42365
62240
50795
76885
82315
24399
35902
102731
69157
22878
17334
29870
3896
18306
35467
81039
10641
80894
21253
103242
49780
56103
90944
19857
106305
6760
35515
51203
106872
77821
37695
80405
62697
102127
88943
35528
72540
11525
50467
103200
58293
23096
10078
80293
99163
103699
22905
80234
4658
80650
94783
19295
77627
60628
90229
46830
81922
28222
78062
55907
8309
54882
43148
95645
62286
38447
27313
22571
95791
39683
16508
55371
101124
45424
39941
45215
6725
17816
79507
32006
16024
106267
12284
102744
28983
58166
42209
67686
5170
70707
87632
26000
33180
82987
73430
76197
32014
30295
67026
32725
34208
14841
51456
73777
35393
66300
49345
105202
89958
31862
46054
89328
24688
7798
27142
99678
20596
101932
81142
15754
95709
21921
57642
41015
89692
29162
68511
83251
41745
76564
14644
53510
60712
83494
105530
48067
17508
53987
17523
35449
86169
70739
40327
31486
1690
95780
3708
37335
53883
24948
22402
4295
23654
82184
646
87668
62494
36897
101554
70572
37261
17340
20202
75925
13353
735
42217
34236
86051
72551
3418
80108
43308
39992
37250
6191
102596
36358
76281
46257
66975
74613
21184
40054
15954
66919
40835
40928
91939
51600
35650
16585
88660
104400
55703
3470
7199
32459
83763
81759
52575
64308
90034
37919
100429
97262
12410
16312
38512
14004
56042
71716
99492
60173
16410
44273
43914
27800
70522
92759
53621
92376
44007
31773
3926
102068
91748
96320
40931
88605
3691
34205
35652
11847
24655
19142
6531
51314
26754
30620
30973
100348
86590
86180
53254
87610
3951
62688
88788
92713
48915
50249
7401
87806
100461
70387
37160
84760
95522
6130
17748
34474
32925
23205
62834
58579
16016
76458
7509
16381
1293
85575
534
91389
102104
21786
30732
95189
34791
30880
43011
52614
88786
70313
44151
95934
38020
73062
36499
49016
41247
13059
6804
36357
16100
36462
90698
51445
98366
23046
47259
75800
43413
25336
24778
46918
44332
7223
37106
53102
71736
24460
45228
33081
8003
28187
13251
85203
2139
59637
107523
24632
11798
88476
5354
22444
64381
24024
42360
35367
70061
91718
11226
41004
29986
72336
98705
86713
93506
17166
40312
71250
83418
49672
53926
103143
92761
43658
37121
95517
96042
95903
71784
26795
134
39269
75109
67684
18309
32935
75906
46269
54431
61906
82312
13146
43718
44609
93467
23018
94064
27765
14514
1849
86400
30481
89766
8733
83317
78907
77649
98029
64286
44769
67772
45274
105236
91979
3201
69369
5360
53166
73278
64718
31334
49039
69791
68022
5262
80043
84445
43127
66826
65244
107409
46357
73560
84574
27124
27809
80230
96260
59370
51504
50365
25369
85263
33129
98356
19588
95004
29015
63459
102231
95607
19508
82481
78319
68965
97871
23055
38339
40544
33289
92869
107008
40102
37810
17186
28916
17616
70650
35490
49135
57146
43798
19153
20907
84528
13577
103902
63111
26440
101343
12531
40083
92330
5895
15154
58253
28467
57582
20043
53827
65760
26698
57734
71705
95826
7482
45308
15274
52801
102958
99641
31327
37710
33942
29546
33169
41469
86668
2939
24637
91387
60350
35437
21909
14188
93148
46467
76837
976
88962
47218
12424
35994
78368
14664
93901
49731
38771
43263
65738
11836
6035
59138
40993
61546
64418
14394
64298
80458
10882
40686
18181
80577
33709
14157
26949
56596
10279
750
76078
37784
19071
66879
97471
27447
22841
69991
63732
40188
1921
90491
71952
39053
87750
45895
2582
66427
11387
31516
29099
13373
46999
773
62710
48512
55525
97818
88865
69151
88172
26103
87287
79793
69723
7346
93356
93821
77375
70164
58275
100279
30685
98593
85742
20415
34775
19519
82305
11249
87996
123
41964
92087
4809
53975
33944
50867
95460
32680
6193
44490
67137
11708
72934
5234
47141
67354
84167
67248
59754
42387
55190
74077
11458
47663
59894
59783
88188
8567
16057
96848
4142
88231
57918
47849
9576
6863
45807
73547
17868
72137
101029
28735
54904
33958
104483
61690
102879
55876
30708
93948
8868
88521
5102
6617
17538
87715
19134
3755
53567
55785
58277
93718
4878
44879
69432
62852
73665
92112
24665
81332
85587
70589
65011
44253
3814
27621
86794
57286
44717
22344
28852
8572
46322
78383
30532
95491
60035
46885
37644
22751
44623
58703
53748
45872
6008
53736
6078
76137
67685
1997
98640
83807
23837
18065
82000
78913
36969
96511
54764
10180
97739
88065
63638
34150
69828
10991
48393
84489
19478
2260
36401
97869
7736
58545
72166
39492
80530
33459
13597
24801
4888
62954
1659
67596
22173
56652
29556
88628
55786
24210
99760
106505
40454
95873
19779
94267
61697
75714
46489
15645
29061
10416
94288
87616
11150
30349
29918
64404
88933
82025
3490
88897
73121
3953
36665
57368
100127
27412
44203
73467
82614
56292
83948
65271
11872
15124
71438
73215
96340
6735
32127
880
8289
79845
97724
68955
7079
55069
96652
22124
107601
95381
61897
59372
22286
31315
108095
20853
54966
23233
58888
66018
63697
76953
56563
5815
31263
49532
89439
7245
86677
98416
20890
33637
13973
37805
19775
64510
94436
87400
6957
29730
27226
12330
77314
40384
46796
46498
36952
80155
40893
46534
56579
35506
45899
84111
22700
100998
66074
99713
3822
20409
8855
68918
92396
93721
63123
85726
7931
94698
94427
33781
91572
17094
70225
38955
9515
52171
21531
62591
15167
26376
55416
91031
61142
62515
43961
94553
47796
83551
65418
48798
33644
408
87605
66818
80387
53485
50567
79285
70317
19458
14626
75335
29850
89345
43088
84905
16285
82401
86218
89158
71040
33869
35948
101636
3339
2547
10268
6128
30008
45664
106769
40306
53834
58626
16943
22544
80545
58448
19783
66549
40042
71650
31562
103805
39707
8360
94335
73750
17858
80036
26651
14950
81642
28797
49073
99347
66871
63251
3664
38660
21522
41723
30004
66107
59790
37320
75547
59550
30930
104661
71896
96744
97813
107454
60962
71888
19592
22472
89577
32795
26468
82984
31558
106989
46759
29916
48625
64085
32707
57749
35430
84414
35594
101594
74901
55359
63821
17722
64425
69153
65779
107037
43998
5536
4125
75640
49097
30778
100899
49598
105650
73591
43946
19916
61501
30473
88103
21775
39069
60706
7111
56508
34115
86741
46522
34718
60887
75248
42950
33187
13678
50891
21364
83740
75204
81307
11283
3780
12243
79856
51748
8077
41796
55216
41177
61935
68720
9560
18756
32960
10400
85662
42520
44472
70075
32920
91839
13730
90764
64397
102374
91821
76381
15911
18737
53828
30152
69683
97098
102368
83971
45970
22067
22701
26186
18623
1960
79310
85475
102077
85014
21859
62249
39615
100650
72159
85729
82056
70642
89040
13013
41176
11269
69415
12345
6218
93361
48806
17925
97564
16002
73099
74190
101796
43285
40495
52837
66153
19909
18213
42243
28869
63188
68987
3103
84927
86558
95694
80514
48182
40334
17951
105335
38401
70782
17546
82800
61665
66661
104001
13250
107420
60380
12045
25579
38261
72598
40658
80324
99255
100246
74245
33769
12515
8059
93693
53128
42996
35695
78057
77046
99442
83658
60905
9260
22528
1413
74209
45145
1408
88093
74937
83305
95620
37731
80090
79270
74862
11666
65611
6972
81331
6733
25505
30855
24169
22628
93843
57682
50212
85532
50850
80151
70496
48508
67884
25054
42838
40369
86407
25648
92553
74536
80949
98834
20255
39184
61055
48333
61766
82063
73221
61159
22866
36485
67289
80268
49766
3118
13687
70837
57121
39506
23588
83880
31840
46945
88412
29610
69233
95855
5790
3498
69807
52913
88876
46955
88957
33299
101673
50975
79204
93441
57624
43638
69559
24164
739
6446
81717
43095
27956
6879
50772
65670
56249
66159
12104
52079
16402
78054
76477
18858
22727
32596
4590
103820
88030
19157
54744
32651
106259
80427
104961
66038
1085
97817
83106
63968
36695
16301
59127
14973
7885
44832
77724
98313
19439
83277
28581
20582
93403
32154
42039
99015
92854
79072
25673
25597
3334
32510
61928
74420
70624
3237
95119
36414
88037
72354
47378
55892
31299
83744
102499
64788
38331
57893
56110
54034
96244
54371
45878
15543
30470
22445
86769
96226
90739
90328
93595
71546
65391
68756
21804
50838
61308
86547
15189
46064
77602
67583
54452
29495
71067
92616
60314
11614
63204
30608
77379
58747
60511
21948
78016
39467
75172
94458
20643
2725
27047
41464
2122
46274
53177
27997
88999
50275
67064
86206
86327
73967
52118
42236
1186
75648
82429
106378
100222
30255
8270
28707
80219
71714
78364
57090
44245
37415
10208
10304
54033
9513
65733
88226
67156
13584
57843
78513
87054
36662
98536
32088
10478
65836
24374
89253
105155
29152
82532
15493
43091
56640
40998
32864
32348
31690
74323
71024
38387
45146
32195
39435
62777
14888
48144
62544
39971
85677
73142
15138
20893
9932
93594
97156
96024
54432
34168
68972
93243
98459
86199
57711
5423
27927
52463
3336
92201
71615
17435
81168
62023
97941
43448
27650
98011
59330
10546
41599
60536
66329
5767
57853
22958
160
54417
89411
89444
11018
44469
16321
34671
102500
73610
99562
8772
44683
81000
84806
48203
97362
82894
5281
80691
36862
57705
94648
42232
48015
86955
67769
1595
87775
92617
86008
24347
25092
20465
37737
78918
106554
101801
62404
63253
101176
93259
43968
55363
43120
86240
38408
93421
72029
51168
25693
20940
6580
63284
66150
99262
49193
68162
84871
13312
16557
92588
63908
35975
25529
34582
68453
65054
16204
78958
2419
85209
55360
75062
45008
20066
55486
81181
46004
75877
5641
23986
39913
50437
45051
43662
25029
11976
80485
97672
76808
21285
7687
32067
61799
40346
76273
41394
22865
13162
95492
104795
78747
52026
15080
42090
73093
48078
43139
68632
88058
1868
15595
77531
760
106898
22453
29017
27304
28109
17755
95808
734
94769
32983
105256
27071
100018
102983
61542
11392
49901
3936
9583
37482
35025
75743
69417
33211
37222
91502
76838
51428
19560
22836
22753
71702
104720
56462
67395
40457
54509
8651
91241
91564
85181
53973
62169
26013
95425
56714
43927
104445
41721
36936
67301
36955
29633
24361
83842
106834
23428
69453
52369
44182
14991
8428
40718
54376
71312
9247
48252
33142
79690
34764
93340
47853
89956
49282
23304
87177
25546
25629
43111
79306
20334
7489
49202
93123
48570
83269
570
98208
3881
94907
40365
62149
72652
89683
27333
44457
25482
14744
89297
10726
105025
35962
24207
97441
6690
51369
93631
104736
12088
33821
28984
91705
10181
20043
86841
53870
85580
72269
59519
6235
102788
74536
99727
49460
11769
27268
104191
22514
95616
8480
30267
648
2525
11295
27409
102918
17406
91896
90446
39389
42977
29658
90291
56988
37479
10160
19972
10908
102857
41277
94597
96160
55608
64842
103890
98719
54812
3463
102839
92604
21371
93640
93496
87512
33904
107248
17969
19307
36974
92095
105807
38196
74149
36854
79683
9592
78567
59087
102169
50322
34913
94312
32898
85003
63848
30931
39471
89442
75637
5681
87597
55056
5540
54323
71451
84776
77104
103290
27109
96997
56606
79440
18898
40527
103975
78240
52589
41877
63113
59649
24611
49708
50044
104287
11801
72874
24324
95883
77894
74983
30034
97445
10253
61471
106909
