103421
26965
39137
92876
96296
674
39031
33763
46176
87566
93858
64911
99640
18390
86507
57906
45035
100119
58863
59428
60097
79351
103858
39010
14327
8208
48499
75282
101988
13299
39245
31809
9125
105677
39902
80782
32375
41261
65857
30394
68449
30296
58581
76603
11380
105226
7069
94226
59853
41684
69247
23314
31494
92843
9819
20981
39467
46035
108306
10803
42881
15421
17992
100482
81421
72193
20169
65392
86041
28086
97246
30146
43615
11006
69281
86732
68227
49121
17698
87726
72040
75154
65717
97702
38099
57375
28054
36592
104865
87650
61324
826
27035
44724
12893
57410
70078
51732
30141
37027
61100
85385
72707
70254
18756
20940
50212
103579
6331
66069
9014
22670
80433
68704
79359
75696
36931
21153
64201
58185
97939
58201
3732
37488
101144
71788
81746
71065
17862
65272
61164
99464
94856
62579
27883
90954
56433
6814
9996
58446
75130
80682
32219
4612
8754
39287
90463
38600
46530
96756
32771
60984
13485
23801
13106
91863
71568
71791
58715
77615
93410
94684
94182
27090
42421
4466
40450
10584
54688
95369
90924
76064
28671
40688
76569
95442
17264
7755
71115
66071
66718
62076
24382
100190
53475
70761
4055
82857
57300
94234
27491
62571
34895
44301
35881
99078
6989
41224
99010
74502
37503
92741
27538
88280
38292
39878
90665
103029
106775
40275
27575
35996
106435
31558
73305
62275
873
36915
37247
53030
42446
89313
13744
14583
55467
37647
107947
4979
101763
100034
57406
95383
5847
26054
5282
21145
24847
106275
35534
79638
91831
74331
86369
50418
11910
76257
85234
61675
61541
54798
74901
73485
75067
55632
14157
29613
3443
65002
16421
41302
18066
37133
94526
31772
80228
78632
89071
48710
14104
62967
55322
88672
45134
4253
24983
86857
1543
58285
19035
10817
33415
50494
103812
51886
105142
51263
78184
85471
92048
98292
2187
65690
43922
74086
48741
102933
3668
50805
87784
76764
100882
103818
31139
78463
1299
35973
15514
16005
58508
5346
69592
54984
81309
2212
9554
79346
93190
104551
96053
89122
77936
21192
24307
71457
11281
27585
77133
6023
82426
87728
21798
8259
68584
38346
81451
98096
100799
2252
22649
10251
47567
25732
22787
27132
40229
95095
96611
90438
70031
22630
25518
750
64678
74740
5895
95793
17884
39615
64184
71329
103012
94515
99647
99690
35825
53335
39775
27154
40542
53770
74552
65418
45145
100088
95858
81153
38661
13150
26956
42972
78406
40260
13224
101953
59702
14359
18423
78050
27165
93281
28908
4706
83477
45321
16568
96120
65592
74779
31743
97708
81029
23752
11020
30667
5618
2028
95579
61591
52584
7098
101093
32502
84363
15254
44259
102049
92944
15787
83853
8403
3633
52117
19169
97720
83178
80427
45879
3572
2343
54760
80815
67840
105703
31693
21180
52350
6792
39748
53551
93077
77673
67351
43581
95571
4036
54000
65631
93203
32368
85449
103323
8284
80551
23859
25002
64171
65827
24102
72510
5370
100761
91029
19690
7705
51050
57007
81801
16170
18142
16212
32797
79219
3316
26421
52715
99554
69771
21276
53053
74996
3091
61113
66863
89179
108093
49468
105921
81596
91898
44204
83413
90869
63223
32633
16049
95312
101893
79075
41575
15167
96085
35229
72629
13778
54524
30962
64247
5807
88203
73842
85168
86355
52602
97387
40364
64521
45546
5207
35949
18198
11282
28717
68090
93954
5316
14073
89835
3023
86593
38271
78777
103989
68230
76060
66254
36539
48300
93729
91015
36433
31855
30771
59869
13365
45859
69609
61049
20899
6807
81624
7864
79143
23618
30488
70009
78085
12523
44573
67990
76158
108060
14076
100947
24039
1848
71514
104239
68211
61966
18129
85109
22689
17135
105299
88302
89012
23986
42336
34104
45553
19880
52370
18804
74463
5706
55115
22561
87542
76378
80369
27665
4593
25602
6764
61277
93974
51007
13900
26212
85446
93794
83550
101076
74714
62797
29203
85752
19547
36906
996
59347
96113
68931
44937
83707
9237
26881
33707
21805
37787
68137
12126
92006
82285
63451
1069
19235
76671
102094
33062
34581
87527
53264
30788
17438
77222
47000
28888
95938
88661
86704
74116
99547
68521
69027
40771
27884
19709
108144
89590
77220
92874
9086
64880
68113
50368
88042
74468
37150
93360
17001
5289
12646
42906
84896
24385
49126
90754
75707
59746
27537
8057
4021
73297
30280
13936
73056
82080
11555
65241
45826
79757
107713
29573
79568
44421
88187
18620
98760
78987
16400
21620
50218
54681
30935
90338
66877
69291
67434
50233
68753
72461
94622
66481
57459
21634
62192
10354
58951
11922
58763
34437
31299
9005
33809
42821
63937
73667
14608
79777
72890
31069
78501
83130
86399
40827
27954
67157
52959
50862
34098
33500
64079
20114
101900
54910
60588
26231
17092
32257
10658
107279
58656
57781
92974
103576
69418
69150
13473
62769
69333
13281
95947
45768
77450
59289
54891
62437
108281
11753
106677
69217
30828
97442
65015
22794
34981
5044
67775
43398
9958
103557
56049
95617
101142
22501
15124
96272
72861
90363
14503
11412
39971
88486
95427
81286
12660
75000
23472
16445
100130
51986
62542
101487
50756
63425
59380
17984
107027
80935
1204
18991
99225
108058
35712
85369
31999
11522
83672
85938
107033
72821
89909
73476
5037
106007
45788
3395
23129
10676
40289
106608
466
83201
83152
80720
86457
35932
37723
14353
21587
30323
78983
14349
5438
68792
42044
79098
48224
43335
35537
67951
81734
85756
41844
108237
98107
98599
37531
66858
66102
4634
50006
73600
65335
68238
46378
19284
62971
10724
66847
101810
73264
32217
45698
11972
86100
80101
97370
16225
60595
32333
90951
29667
39487
57317
17194
24863
80520
85343
42663
55425
43423
88478
66174
13248
104529
79035
77424
88415
58310
34171
102754
104901
44753
57851
89588
46752
92288
29906
63417
16533
57542
52152
41730
10498
16950
30633
82720
21485
17145
71922
7679
47559
70697
79242
1396
90696
93167
75796
49387
58599
92967
5860
57525
107200
50359
72811
21083
61811
65050
29099
64875
70490
98369
93014
12374
22520
45893
59902
60290
72914
17947
97007
32307
1666
102870
72250
12602
44189
40727
96307
9480
42792
79151
33874
10603
45868
74067
79488
80711
78823
15577
51386
100438
74284
69560
8793
47577
9579
105986
101440
103080
106011
30573
35377
29062
18598
61643
66985
65385
52410
68719
75429
29778
65882
74177
69312
67778
89370
19921
3699
1971
99393
28430
101228
30721
95448
35636
104699
54403
15092
50701
94499
6977
17977
27769
77562
53858
31388
107618
53598
100640
21038
49254
41364
32364
79735
46935
79408
60768
20802
14191
26471
94236
4897
64835
66794
6671
98606
32567
9286
90330
70013
21951
86154
14632
18289
100464
5429
17962
88388
79485
59678
48907
31074
35525
29101
75366
82778
24099
90858
8362
13084
22738
93245
64961
107340
89343
33587
14725
74082
71443
63224
35019
43682
12081
62782
48212
98444
63029
4899
85047
17117
81194
2925
18531
7530
66045
31956
89735
99432
34967
17508
61180
99744
30864
14415
100136
65120
103733
16832
101120
79513
65877
38865
105041
39846
71408
72309
63186
16273
84538
97763
52536
11385
10614
54489
77431
93021
21839
36020
68311
91113
11580
11588
46773
85830
64593
64543
92281
54678
99550
36745
46076
32337
78481
92948
77922
98129
94255
59030
41075
57813
97033
99176
63263
11207
46885
548
42380
22049
36371
51330
89468
84591
96147
52559
32304
64335
84819
43676
22398
75451
63533
38161
20809
36205
89303
86380
93148
31288
65412
73938
104026
10735
83278
76589
19415
91592
56665
5415
95910
27260
63878
23550
74647
27187
21838
98655
77311
32174
15179
75426
9757
54260
45640
93213
47485
8422
84860
97620
95600
85846
66047
36897
14877
74019
34049
81644
47948
4891
79205
34064
57039
86752
25906
70844
99898
46093
37957
50141
54764
84794
32420
93201
67630
65960
64445
93387
7444
6893
80463
66821
8198
9784
31611
63429
11278
108647
37703
68260
97687
30416
47491
53869
104929
66771
12139
54492
88606
45565
51316
73859
70309
42287
73096
31621
75358
14271
32427
51988
99956
81629
68323
82384
59378
30860
48885
82300
14017
13578
46434
1636
49052
58850
82255
100472
57888
15621
26075
9373
73177
42373
108108
80249
55154
10472
47601
18706
69030
7986
84916
57219
72365
13096
64885
102790
103673
33997
45736
19082
52326
40414
38749
88072
45245
83823
42626
57956
288
63939
68353
84731
27692
40196
58533
90308
92102
18269
9015
95568
4518
6787
44380
59821
69844
84180
38900
34664
86459
97607
203
1798
54311
73274
34093
4359
60987
63695
76538
57953
16448
104400
105028
39819
106919
42884
104878
16751
49829
18711
14253
66431
27119
67970
37369
104934
63089
59108
16536
95935
13787
87729
29896
74617
19583
52084
61631
78099
58199
1131
94360
8516
19160
37886
11702
77856
25863
64270
49973
49419
12379
34094
18682
87235
20907
23892
56005
69071
39675
4713
64644
60285
37467
85640
5303
74655
64830
43428
25149
67751
54998
72016
52336
69558
102629
34276
72079
88621
26132
27767
54121
66437
60855
101849
51652
62298
35241
90635
52810
105042
86021
52503
61858
87501
27467
75093
14737
10906
46271
59346
82272
94667
82165
56408
31337
72516
54062
11873
86624
19314
68458
871
8566
28988
38544
51391
68789
81312
84813
48734
43073
51378
9882
69846
91110
79280
35540
87616
32899
82996
19671
53328
82754
25310
2178
29746
42518
25625
83113
62504
106117
53238
25760
90457
85115
96362
59471
30833
29604
74949
48530
32592
14900
32709
101361
10891
18573
91538
88266
107460
84505
81177
10933
65283
92297
93043
52051
41099
77415
41530
2232
33352
18428
79527
10312
73325
62808
28042
36709
22843
41650
24100
28592
10337
10086
76422
44730
62892
98790
8923
84222
102792
77460
62281
29755
101964
90141
72784
57843
52461
97859
80925
17432
63904
35159
22377
69841
62267
85154
103372
57331
32063
92982
75549
18845
42556
15772
94395
61806
15636
72575
39078
52517
91406
101876
19098
73190
27265
44470
100067
90140
54706
75710
797
41772
80984
94881
96077
100870
29531
60875
12041
70442
4597
68766
98670
44166
29511
79473
54451
37907
90499
22289
82543
68400
82390
57216
54526
88375
6852
52945
96845
78097
55440
60228
90814
14446
6254
108117
36804
107862
53173
53422
96552
65998
64956
52333
24255
93400
62915
80948
57417
30665
85878
49740
31383
34199
38215
58758
1301
33446
4404
48825
31846
101499
3894
63521
59523
50065
72997
12402
22965
21647
10347
31018
35689
28680
19349
59936
52167
88555
6180
4484
39535
18261
88359
2975
107893
50407
87255
62455
33289
42620
98884
18689
19321
47143
41675
85344
71485
54853
40083
41087
33780
25579
41548
93377
36120
5982
45465
16710
37159
106672
11093
3422
25826
71609
28394
100181
93208
50877
9726
1572
75604
90400
29652
103084
87585
40990
98945
67413
73987
86034
65337
12407
98021
52318
68553
106911
43528
78376
11425
89836
83801
25017
30337
7367
58830
97930
75978
95401
99084
19108
61943
13969
55795
8533
23301
32099
18616
1015
2588
72366
23373
37830
61751
14440
62247
80878
96601
23292
61071
22747
67009
73438
15516
86700
88083
17778
5531
70335
104443
90161
64457
19533
11573
24412
30191
69637
58288
52907
19735
13326
7174
80078
31525
73552
90313
9437
39555
49418
91608
1496
31692
72260
7081
101896
104293
102738
78282
50726
34308
33006
87205
66544
30408
83031
104919
14322
70569
70050
59945
11359
12632
101237
40422
77046
81751
99701
9525
8876
19968
101407
88680
50729
63467
74524
70481
77838
36468
32747
36923
18609
80722
1657
51076
20486
75508
93546
44021
9814
84756
35762
91959
5017
67457
4103
43909
108151
1474
59219
100615
54281
62690
79560
80113
80238
99157
26825
85050
100884
64403
10092
28715
9069
42615
91655
53688
96220
470
102724
43334
44669
56146
7506
88904
57715
24957
3352
39973
89184
69732
93302
86240
21343
105486
92515
25159
66678
106801
101912
38043
5962
13267
58074
93348
41002
37968
44036
87914
94713
76536
1189
99130
4851
22231
8221
26616
85828
27455
73962
87041
38864
61663
60278
57759
30402
19299
20767
90052
27017
103233
60741
85688
95319
62974
6777
6277
66128
45902
74132
24097
63952
5246
14291
94440
36254
41537
3984
27698
21238
14535
41595
37424
91628
57979
17068
37930
106831
40060
31075
4074
5628
35090
25652
34735
88947
33562
107840
54378
55290
41500
88112
105661
85051
50130
89088
102365
63038
66235
82322
62803
12770
34609
33656
83321
4757
54487
55759
106598
65639
52466
83819
96387
69357
58904
40535
29789
4691
50892
59293
94058
57493
2701
34738
8022
88075
42233
3812
6517
39963
43902
81382
9841
61120
103624
78736
50660
67611
50254
71496
5884
75553
7404
69738
108081
91933
34824
57911
30189
72993
14736
59789
67265
69636
79418
16315
85957
90865
84046
16649
94413
104418
20444
68180
32498
58979
32132
30751
59629
59865
4783
33025
25713
7914
49886
74584
77759
96685
60344
76362
19414
1929
24213
47899
69485
106388
105935
56359
10271
36066
82123
68826
58228
31579
83576
84471
67400
43512
68840
98647
104322
97171
24143
63408
70872
77872
47760
25600
84796
99996
20132
91926
72716
19538
58859
32629
105568
47109
860
3767
53223
24814
73610
103611
37959
50434
17790
72672
32232
40630
35704
36315
86434
24826
36921
93487
64267
14840
87331
66629
89871
75521
99638
37025
40551
104057
105061
61387
14800
79694
31287
38761
95377
28698
46908
19567
13090
21783
4973
56352
18302
104211
50765
28026
11326
11579
35369
98510
30228
75642
20248
34723
65250
12797
98492
15529
30793
72337
20562
8138
75539
80282
88451
55820
23233
27863
41721
1013
67108
49467
106640
101652
16453
61066
60188
96771
24304
77254
75589
6244
32432
52742
55783
54832
27255
31221
79641
70122
75515
26921
57837
47978
19961
72957
51359
81090
78488
33608
39404
17359
25999
83868
62367
56458
65650
41917
88441
60515
50425
17640
20674
19815
80259
67726
20855
82289
46566
12747
84774
857
28974
23398
72871
65545
82800
71529
83836
30577
95339
38168
29073
17601
47344
10763
49934
55790
44238
46887
78564
26664
78408
48576
97311
2679
66639
90437
33164
40169
45533
38524
11043
68845
93458
31294
31935
80151
40408
80376
74304
44562
63301
70934
89368
1295
38566
38935
75951
55847
17216
17824
91666
87567
59115
105411
87396
98440
107112
23359
63689
47821
16992
55124
86550
2162
10413
81226
35367
83603
20451
50079
79217
56592
5806
59130
92860
91094
90862
83516
81962
30915
30843
76365
34320
13103
54793
86116
28740
62182
70985
95915
2378
6791
38947
59386
66329
42698
94268
19449
100400
3363
59541
72916
95356
50716
25759
71092
17424
24574
43524
86791
64517
13125
988
21981
81728
64674
69580
77734
83918
89306
76126
34436
48376
11752
52763
89229
20972
23776
80865
66541
84239
104549
56337
13453
82630
11331
7606
29591
486
35912
30627
33508
98298
88160
24447
27274
59337
66097
36450
19964
68331
54944
3163
108232
5744
104965
77047
24224
48664
92845
18123
103893
82443
84627
38989
105734
76238
93276
32832
11299
104644
54302
73040
43238
58748
38486
12760
12455
99587
81877
35605
61137
6813
4430
9600
84601
96304
92594
29677
69377
104785
52976
105247
54786
7872
92450
41947
36604
71611
65825
85317
99924
13509
32703
1724
79124
51225
14301
74876
90529
75177
66192
42683
71483
41640
105553
59413
68193
63854
35057
92864
78515
77860
11386
25403
100435
25316
28509
98253
61099
86370
12709
8525
45733
31244
41840
38538
38719
54704
45324
40096
4190
71139
32547
16872
59071
91927
26705
42109
96331
171
52968
12438
73242
38498
47459
68282
75946
39401
57897
58460
23875
95710
18089
8632
11270
8363
100477
1290
48330
91716
61904
83336
82122
26639
27833
20479
34833
103637
38207
14965
5143
422
65437
67593
21230
73460
35123
89162
79551
18427
13419
38908
57312
86692
96798
88804
89398
59887
55358
40295
14364
91523
73156
33319
24745
28889
55789
6037
15912
13606
101371
42325
88682
83468
12319
16768
70273
65762
88473
2210
26636
6815
40883
68398
104679
54084
93200
41221
90542
105963
60587
7073
55298
98920
72711
92082
85098
4368
97154
103276
105578
4577
81643
15182
20752
55780
66712
98931
59383
39604
85865
52347
85001
86845
11520
29656
35669
95672
108410
55638
92421
30019
21667
66209
55497
12037
94060
74057
93130
6044
101141
95006
45853
21585
10653
1324
8869
88620
35103
20584
99172
388
22440
27050
57948
3388
90742
93906
78005
75542
49805
98535
90244
91944
79222
82388
34345
63019
93139
105570
58745
37716
8115
23155
86428
84901
17199
92530
10561
91479
27401
36810
63260
62760
38360
24748
100214
70828
70673
44162
5626
8372
80347
97824
365
8076
16963
64210
87077
47126
66401
71555
13009
11504
66695
92662
76762
41634
101686
14958
48567
12873
100321
96927
33245
77182
57284
39312
53919
91396
8226
64681
75384
3858
21978
50318
42834
75768
15045
36947
70440
107963
31540
50680
28599
46901
28045
45621
69611
79016
90658
18891
102516
19819
47846
72198
58281
80441
88044
39513
30056
97151
41827
52572
99864
75217
15551
83730
35493
64669
85762
85192
85935
92571
49994
55117
89287
48234
99499
87285
28192
1731
23285
63923
71692
80265
103581
13747
68054
13339
52045
23297
82911
54885
65476
59255
1269
19846
23092
104145
53503
30993
16893
91082
42304
30992
45136
33641
68212
105509
3196
28776
30299
17867
59077
80097
89995
37158
45960
33358
8953
75656
86890
81296
78238
62619
69028
17606
54835
47791
71272
40574
71516
19262
51787
107218
32966
50482
99615
31020
26151
101556
51890
42998
33569
30004
51822
4420
35908
15419
14888
42428
81921
45380
77143
63475
75702
53968
40003
53436
86066
13072
23968
34853
83362
107660
49722
83050
96259
35488
75162
103466
25302
27846
43610
105739
490
50794
23081
43882
52975
79781
44100
58134
91152
1355
93721
23661
54004
81137
94937
43917
85423
52027
82559
91150
101880
60494
26147
10613
69627
95759
23664
22696
72927
33012
75261
18295
47257
74193
95225
35933
1612
2884
1835
58163
18463
106807
85513
63439
100962
39196
10674
103565
78505
28175
8073
58239
61263
56273
24730
18751
41724
102290
30679
5363
79537
60313
25218
97688
16689
54383
33590
77689
66276
5166
97049
84677
90719
28459
10766
55167
65455
88764
5024
67592
89418
103366
63794
59716
72123
4698
81911
90347
22742
25262
22096
61033
104784
21476
24831
6240
19330
77752
19057
24954
70462
92025
855
2100
51081
83825
3399
20258
33230
93411
67324
23102
15015
44691
30006
34934
79091
56527
46009
76777
73974
35618
78267
99408
25476
69231
32648
39449
72724
43819
50395
7458
43331
53956
86406
43904
15109
25743
503
40749
78451
16224
49048
103013
36051
102713
68829
82723
2454
23589
97599
38178
100146
60340
53334
105248
39239
16642
98236
11141
29928
106553
81719
29344
72588
39193
75322
34366
53689
67692
14647
26554
44476
14575
49519
36466
64093
24841
70858
102722
32916
43542
99030
57854
63775
89632
37262
92457
21502
89031
20305
94829
57467
20509
15247
54656
20226
25894
82434
77304
60935
20882
22791
63182
16621
61639
71992
47252
92466
9129
84409
31788
13998
18109
6819
73237
62537
106967
20207
68433
22243
75224
79355
97145
27153
6422
29950
21721
67117
81102
69853
63548
95102
73211
3360
96690
15590
51276
18075
55648
90257
54805
73431
9919
107808
35976
42685
100595
35917
101121
2488
40822
64179
18370
3953
81335
89144
25301
13406
27984
91114
69
79932
102924
60067
79163
3535
59382
6305
31093
21635
78030
72782
31791
74918
64975
97949
68889
60389
93287
59138
61985
5601
50456
80219
101949
71725
87238
92213
84268
64391
3455
80931
99758
58580
43308
87874
77625
94787
100311
103330
17363
58313
78622
61080
8835
15137
75830
68149
15761
27551
64467
95834
44848
30242
76282
67972
47656
8475
78257
42030
71298
36063
67409
21082
1708
2096
90152
82655
3219
26790
87017
86894
85326
100660
29609
33942
18338
44962
56055
60728
7319
53857
81844
25779
44893
11911
91844
3292
102318
88700
36929
10970
98134
13214
77270
32960
90986
1370
48947
72157
68550
43168
106938
5922
93207
9737
63126
89649
66005
14831
9666
53650
41144
89026
65544
32571
98694
54369
20810
75472
26311
16987
95157
25445
68171
97918
1862
103148
91595
86474
18404
81308
41728
80582
85054
86307
53967
67465
25506
36401
24098
76178
53014
76862
7619
5262
64965
25330
48550
28223
87787
106554
34706
92685
6515
105786
35692
70869
99954
60304
18718
55803
67212
94487
24579
46575
84329
86798
74220
121
34244
99546
55699
43526
56032
9455
11001
49463
41596
23161
44271
20781
18069
11773
48954
35296
86421
14842
94615
65744
63020
90351
80543
30421
87165
79871
42980
53115
85356
74145
38001
104589
16477
70850
13338
3361
20736
43249
38158
71110
70437
51935
102769
94598
80409
24981
78195
80946
10437
75550
82802
33060
75908
78149
79965
68015
24256
18785
24651
76245
86773
84167
41625
82396
44109
60945
97132
49978
32394
92392
18567
58612
35984
20889
83752
81945
55794
38827
11509
54870
71157
50981
56134
33995
57398
51877
23254
28745
88588
60615
104198
66972
72425
46085
45973
93640
51637
38938
103248
42135
4627
87926
18983
17247
95533
60332
80615
80122
33582
49922
51084
74157
40504
21450
17603
105539
47134
68518
26585
19995
73739
26939
28080
7837
74744
48252
21566
40294
75022
72323
96889
67847
33882
23767
32695
63446
58776
87409
49746
7786
81538
75407
42677
80014
28445
102144
75695
29568
6181
68638
33290
21864
37548
49968
76402
28225
49799
102810
41264
91014
90995
21676
1505
100445
105669
37927
15426
8343
48662
90671
47514
51109
44925
99717
18251
1562
59027
18655
41225
51521
103093
81834
24230
81664
8947
102063
97556
12235
40244
103395
69271
89244
98972
9233
784
16830
38718
55143
47748
33215
98852
101115
11482
897
99171
22977
11467
105614
34221
75968
94772
92146
82090
84632
18234
4020
62251
102423
79983
30602
81152
74529
13864
101273
15214
15977
94161
75419
87962
56065
83749
99156
23967
98153
74601
6949
43432
95044
67321
98148
77407
94609
49860
90863
38780
1431
61724
69838
3714
31423
21936
16505
63492
25901
45762
84556
62035
55547
71795
92707
43229
61436
69668
101883
80567
91208
14946
23930
16172
47250
24602
42028
38402
22464
40374
19366
84844
23834
96904
63611
48904
60715
100939
2773
94133
39161
36305
56744
38048
15893
82945
53856
56118
89152
51736
23863
6028
2308
105579
95235
97877
36235
41857
23067
48723
18227
69398
11673
77799
33924
9048
21725
91298
68484
65747
78278
91142
11209
93651
36116
56384
103496
30475
3319
6030
101859
90183
81456
72577
80924
53816
48736
86385
23877
73267
12175
53191
81025
53867
31022
24215
15389
91764
72159
103138
38002
57559
33833
55176
50613
2276
36164
80232
79802
10956
763
98683
70302
55507
106994
54213
75458
78678
93143
102203
3905
60538
73397
80019
80495
91473
23654
60080
3840
17491
90107
29706
4512
77048
73786
5409
85280
94474
44318
89949
9926
71339
52506
66410
78848
8750
42186
60274
47958
72353
48521
98937
105397
12000
31503
67112
52236
101431
67220
20062
50159
95150
60213
11845
24442
72021
51331
91880
70757
903
104574
55444
65195
100580
95916
74027
25031
58615
23952
18758
83646
14500
86416
20294
24221
7115
69316
55741
21956
33023
36715
102832
65021
23926
3054
68820
80715
100501
81049
12663
28238
21527
20311
38261
65895
104874
32762
27700
79536
81602
71025
64947
70324
17831
47135
7140
67430
31605
81146
98966
97079
47336
9104
66484
78022
11856
74886
80304
6551
40477
99290
19741
64225
41594
25665
94433
33875
93133
13268
49040
38076
22797
32822
83328
5142
92760
14798
37229
14061
85639
77864
50413
9747
30227
107069
47680
49896
106645
89376
20370
79061
87975
18866
39018
64642
59643
88514
60338
67355
54968
18406
25393
72818
62702
70099
10331
97690
41495
96546
22288
14826
46194
45857
572
93597
10235
19674
107075
43044
83578
10840
60288
66825
107301
78185
86343
75116
89621
22317
107337
83101
87212
79987
43605
92697
717
90672
29943
17738
91188
20774
50096
106487
17459
25062
18117
11625
18665
42453
94791
74596
78850
15477
13988
39003
81529
54339
104208
80450
97453
90960
62707
23153
81172
91083
58196
89855
62249
94412
37036
97490
16688
50145
96554
57133
88164
81099
10971
27433
58356
70397
20138
106790
56840
2573
11507
39790
80375
85683
2469
82002
50983
61195
62785
27499
82590
15211
89891
55083
28093
22666
65491
106723
55293
103303
3619
86333
29868
78788
24362
61364
107850
92346
21404
75688
15114
22221
31670
14251
24571
60844
82878
74942
94231
8351
55758
31600
8542
57399
59043
22352
1347
11835
24896
49295
69576
53327
84939
84684
28003
60578
41550
31909
13112
44671
17586
37452
53552
65534
62906
50184
24652
31709
53349
34688
24721
18872
60395
71870
8162
40091
106328
91611
77430
85394
74770
95626
73090
78029
15801
57628
5379
34137
51176
60822
83746
65227
100466
12393
38599
50777
21915
107604
18047
106308
30756
14416
46601
59814
36870
8193
73648
1230
86824
37170
23681
31537
2970
34390
15857
46696
69916
40654
61450
11846
68834
27164
37130
78126
60605
91575
43815
90432
66368
18937
44251
96666
48087
24650
39482
20922
29041
32853
72967
31804
44677
56829
96285
29057
104742
54085
52487
23987
28611
48058
56726
78026
72797
28114
35507
42392
47825
56766
98432
58630
42515
106849
40988
68205
54708
42338
55779
16991
74313
96029
60103
50682
37960
78283
88816
81724
104234
54713
41233
88320
8054
75990
101944
79784
36914
68291
54757
48566
33163
81653
101355
22869
40067
33547
68568
76560
13542
11005
3811
94580
65789
37670
43591
61746
64362
77102
74204
10870
104261
40148
35174
48308
83003
26149
5322
64025
17100
59400
66195
23565
91699
1513
70418
84375
40595
49160
106735
105024
9295
78529
93610
65460
103306
49635
55738
37530
74043
39932
25855
59572
53371
80683
72435
68972
61935
29250
105305
8173
60202
10711
26569
69303
96571
55208
93101
77831
62718
105516
28898
2599
104857
48512
55194
35281
83671
67877
4387
9270
4058
32246
74240
70819
49278
2078
13816
98195
83834
99597
19557
94687
38138
26372
85776
55754
99665
8734
807
864
45933
52185
29006
2104
4419
96896
50056
65489
79327
93570
100083
101056
99214
18902
42177
82481
22884
18841
60895
56756
20914
91223
8216
14744
3850
76530
19164
102392
11890
100770
23293
36065
12135
46801
97270
99816
55010
58843
101828
38978
46135
24968
66563
94077
53181
66981
23077
10969
82037
7527
101395
85260
103502
86398
47497
78123
49430
57471
2973
49366
23942
87383
100429
94654
92771
72160
12611
16581
68335
5274
8381
68030
77926
90486
5284
10793
2882
79676
55634
103246
30431
16363
9561
60915
81669
20270
31259
8265
77267
59666
8510
75288
7311
92737
95493
48781
23866
41322
86617
3726
82673
100314
103662
92710
104415
18993
55535
67561
65175
65493
12171
83262
74804
55098
41880
27908
58355
62978
7525
80197
30281
37521
34643
35959
76612
82330
53717
1490
80504
28372
102675
24836
33549
28657
28138
79563
21966
35420
456
1518
56459
3510
107397
34006
6872
29838
3973
37235
10334
69991
40263
57321
102371
45080
67201
75293
76550
37477
89880
49545
11355
13800
83860
11419
75394
43045
25644
76096
42702
31098
900
5157
84336
19461
92273
21117
88480
92394
67925
107976
84342
74219
25624
27638
94517
80788
64832
75703
5762
88065
59173
85247
38492
19
58939
34610
52298
102036
45618
58266
74002
80620
47298
17880
87437
56498
15942
7642
77272
48631
80250
14977
41698
87506
12662
46100
36848
22102
53418
101224
10453
83401
83120
22793
20004
72702
26494
70556
37411
35010
78732
40664
51978
103132
103633
67104
6086
91192
10219
67906
104467
9422
31826
33244
63765
41342
27608
92667
75080
13460
96456
17391
27005
70553
98151
67392
8821
99687
17632
38627
75247
77410
61653
71399
84348
46580
53756
5087
26339
83848
20826
46536
38439
3582
31817
106614
1437
90229
62353
102043
101058
11662
78015
54783
36948
69491
35777
72951
37581
24325
99668
54912
47392
85834
76958
34056
96696
95104
86476
32100
39518
95680
82016
68225
27091
67512
86070
94399
12011
58062
55830
57412
74950
59804
99570
34146
19630
58994
37434
28881
31597
1755
15145
16298
105136
47144
62462
69481
53590
26632
26931
67687
107199
56499
10684
47093
76541
62425
27917
84887
105837
32416
48955
64675
8645
101707
6373
8653
7556
106642
4559
72668
102173
34544
69848
2186
81797
83757
102572
26176
58659
102080
49338
24371
64643
89394
90602
104440
30895
35396
56105
27451
75348
44910
52007
40735
35417
105550
106264
19182
13170
69462
23313
86179
18621
61766
72406
95236
96556
14082
71872
14361
53799
18900
61924
56857
18312
53013
75708
22811
84040
22776
91578
28674
57817
36507
60156
2137
68775
91086
77114
64256
82057
83488
17602
56166
59547
72531
81017
50509
52790
52728
50381
28305
32649
64292
47089
102814
35268
10385
15405
55435
22804
14210
55805
62809
10322
93449
35401
50336
80645
24321
51907
27102
60091
96902
56912
48458
104630
16833
90666
79878
23493
8970
98494
105138
18651
34585
37879
27857
102848
53881
8719
9701
99289
1453
56154
85053
6681
65502
57232
45498
8468
70431
73711
44711
34236
57168
74511
45950
60363
57710
74323
96098
59995
57341
40839
58429
97913
10239
53447
60433
101712
38972
28737
61063
23844
10702
95206
12344
83670
67933
35181
47318
76456
33344
57989
59511
2122
24889
38050
83460
60914
96005
99361
38846
93045
19749
25995
47806
70499
84395
21849
89075
30259
33726
92413
23623
57750
99585
56872
52867
43368
57062
25796
57919
49443
50866
61527
16245
378
23007
60692
42604
23339
58465
54331
104680
17332
16424
66116
16393
68443
38135
44593
84356
18102
95968
29681
41141
67412
6274
108056
71663
21547
52609
11252
17701
86780
83886
22215
91759
81123
92426
91722
6781
102110
78438
93929
76846
53882
48190
81310
80114
90327
67294
56930
76346
78921
29574
6541
62988
93581
88301
45957
30185
4463
31422
8965
80997
71591
10105
6828
53437
44902
26203
55864
85966
35238
38573
44477
79405
79401
43483
38432
50389
89101
55102
40178
88615
13095
12993
74543
26805
70573
30117
95826
67148
40197
84676
40568
94432
29543
88861
96375
71626
93479
57556
6084
7994
88742
81410
43107
26507
42052
23543
53619
69802
64884
1625
12920
98408
1489
22768
68508
80579
39354
8518
22366
59352
53429
6886
47765
45236
97275
23036
8569
33146
79834
21944
52372
20684
58164
72439
63958
33058
45813
21778
49623
33933
41069
101678
57980
16127
107310
9689
76760
65379
95982
60478
82765
84055
57706
5819
84714
21116
64115
19522
39289
91347
2566
18563
102610
31442
75341
39224
29362
17422
72489
24108
102890
66526
98033
26723
47508
24418
86863
51267
95713
22074
72786
41168
23295
97504
4594
17924
3754
106147
19327
75264
97769
34840
1514
93154
83508
12863
45475
96007
77889
66395
13043
73355
79337
62543
13349
26125
16290
48312
86973
40545
56668
19870
5728
68846
5279
17186
70455
10629
66043
14483
11725
53776
50879
23201
14953
4174
33100
39656
57873
60128
46181
9227
27606
25625
32816
22759
37206
10338
69106
10599
79116
79756
32665
18246
95185
31000
27156
3697
37307
55431
36510
74663
32148
60426
49629
107214
77775
93508
72094
63595
81855
29082
62715
45649
62272
33760
6186
87685
44689
37079
2296
8927
67511
66979
51970
98908
9880
6299
108084
39231
12218
16729
70180
90456
65242
1238
67876
50799
101773
70148
71797
102467
33450
44899
9546
86638
25931
32277
97555
53949
20408
14406
13307
82969
86424
88997
1190
70457
4802
80747
68921
96807
55869
74571
51302
4007
34272
38071
46817
92351
92228
17940
21835
28441
49349
72393
41149
14965
63639
261
65088
68907
6630
107867
87265
68526
45816
98217
30835
21312
38456
48130
25949
101420
44546
98313
83933
106362
5869
84657
7369
93495
71241
23318
106949
86741
10135
78298
17258
104702
93216
70513
74872
5144
59457
79429
33651
82764
73149
26632
18699
