30547
17330
11665
70239
23352
64848
75990
9289
50647
85821
21317
52934
46219
66291
39580
54971
93539
10251
102178
84285
71983
101198
73949
37317
103618
106135
73426
48524
4698
64678
58469
40401
27715
78574
60144
4313
93506
90409
77382
71597
6516
89002
51161
38028
56634
15400
87682
70525
15437
13946
7740
100759
82772
25572
14788
25421
13892
13767
91557
97551
26653
16655
33808
17872
22188
40299
7859
25939
16860
8735
10088
13991
3827
43429
20660
70624
26339
61754
87343
8965
28108
88027
72529
85136
47080
10580
4860
59109
64028
89236
61265
84395
45475
60551
27640
48499
64686
27488
3116
67723
34179
66257
75078
94344
93026
94308
49416
11314
71289
41455
44691
14419
90980
68644
62328
2295
19581
57401
27824
65522
83830
8091
52258
97000
49540
93453
65210
23779
3281
19647
73998
40160
69787
17080
43037
45058
40306
21322
10248
79408
90411
37441
45440
8604
8491
84410
99008
44547
77345
68967
18553
98943
49016
101812
11061
94329
51297
32863
96814
77286
100865
14907
47199
20596
76011
17570
18328
93158
31387
97172
5081
30546
71511
61253
77809
35546
33643
50375
53267
83867
749
65365
4019
53466
15872
91135
69952
68148
36594
63010
20237
61095
43242
45045
82650
66675
9342
86713
82813
90675
33827
92247
62413
57660
70780
39692
29079
54905
34543
103485
18895
63471
29910
41421
88044
61675
73979
41963
87738
78693
5893
11280
79778
104515
24997
60346
83761
4469
28421
7067
83215
51552
41218
43038
73742
67985
56903
57834
1650
43721
76848
11788
87055
12144
21903
21648
34888
52856
91558
46882
8530
88733
46440
89689
90862
24772
85451
80208
36119
25339
19954
46600
83536
7733
48633
70557
74201
61330
55683
64097
59357
50130
75162
91471
67785
97061
79554
95618
69830
14578
51414
84657
13084
6501
12175
74783
99145
80776
58378
85552
71479
64228
1356
42737
23462
43392
81439
73564
55580
24351
77935
23832
55040
34453
81699
5545
60416
74437
104704
46404
17621
42042
92461
46083
23111
37962
73609
86446
34314
29945
86709
21605
103457
68972
32401
58490
74206
70325
51296
5304
27546
56474
55997
64405
31528
98175
73141
96870
42344
36459
47823
51792
14233
95029
34143
29266
19219
81565
46676
77668
32583
25360
74113
96988
90053
86892
74592
31556
35175
81046
32528
77213
69107
10737
74251
73874
20692
19644
63228
25633
55115
45663
57256
82239
103673
7413
70800
75031
28442
37906
73878
32484
29486
98807
26665
96322
12343
37385
23374
86933
51041
23192
98311
48172
100682
67011
78879
21058
14728
5312
91994
46751
93246
58354
4329
90046
73065
104417
72544
47119
52340
63132
48461
104009
58220
88203
36724
22144
90707
62288
18026
71862
55633
91291
47904
86336
73708
104645
102210
15919
23362
10611
72680
29453
13110
73046
4942
59699
15915
38378
88454
30705
12386
78608
64526
70925
27308
41817
57291
4055
3487
28788
61425
17563
33981
46065
103064
81706
86047
85244
5950
76072
1475
75291
102431
61498
60226
12717
58315
52184
44389
72411
84451
32315
48732
28733
79755
8198
42802
28360
62165
31106
48228
7766
103917
87205
68314
42693
12558
71424
26073
65081
85357
42692
61311
74173
20411
78866
70210
30282
68718
89192
105699
42722
48327
89725
96206
70347
101861
99758
56113
6610
46086
364
83357
9060
90146
22764
69860
19874
17919
22673
19425
24339
23946
57826
25957
10799
99786
73674
90402
102345
21733
30576
63473
18301
26920
52097
39090
40828
89213
7184
36514
38550
30927
27371
59629
93012
23256
40522
76284
39382
52778
34229
73765
14998
12355
97932
2653
74961
57983
46337
60535
33046
30321
17564
26045
74718
66088
105838
12034
95421
61178
71305
17920
84493
80598
38375
37888
29443
56883
101135
82897
23893
72749
44955
63193
54920
51096
18028
71679
69929
73095
37016
48010
82319
17263
28250
63936
103649
40961
50202
59295
48440
93133
55383
64334
43784
28105
94484
53832
99905
32727
85681
87189
67189
10395
9277
32358
51266
90669
44183
62164
39343
16323
30567
6154
15116
11066
11132
22860
53986
20306
63323
20881
30983
80825
2526
4866
3646
102171
31365
77081
90722
87758
5652
4914
34271
33908
28453
88135
13832
28006
63476
66040
91218
65129
3634
57673
1908
51520
38348
20402
15784
539
89063
25517
86053
101032
64764
1388
48988
76358
36950
31124
100294
22852
17309
79999
57720
70477
79648
53944
54725
86549
87908
17448
90464
4750
105185
60648
72770
102169
25732
91872
8660
26727
100118
50455
73409
8532
47193
16091
53138
13570
14528
21236
79293
30802
79853
38059
60776
94100
36364
9347
40586
88587
94185
31602
79133
40219
95340
24341
18404
71880
55272
35255
70041
72981
59731
62357
102947
14766
6465
6347
43308
13494
90254
42232
98540
7756
26111
45976
64792
96567
28197
3664
64659
102057
100656
101554
3069
40563
78818
11363
106116
71405
97512
27713
6669
7598
89716
29345
79830
96008
84422
100194
102867
25758
21084
54701
2967
20149
95635
95204
2024
70771
61535
44417
99971
37829
17020
68014
10718
11582
49980
16777
79467
16453
73112
77170
66339
85185
90061
49825
66445
62613
92334
52361
94352
37654
44128
74946
72958
91770
8796
8839
78016
85732
75717
37293
63117
40081
30354
59024
13279
50108
58386
72781
101128
74362
827
24435
80620
77187
9174
75415
11691
48611
96510
63324
81113
27072
65731
78164
68816
46842
102276
30400
58003
33077
61807
77407
15610
30043
53469
6412
36336
85701
64566
23683
12202
78076
26486
74414
60434
32342
13609
98170
2733
79420
30332
9359
7995
58281
102477
69319
79421
89830
96843
97818
75653
9791
8998
84190
17543
5303
56586
103850
82691
26033
12255
57991
89095
13214
75046
91230
51377
77905
30603
45895
24060
19951
14036
86935
74677
91421
7231
70147
100686
92886
24613
60170
94869
25209
56932
81456
6010
56417
51320
38594
105124
44652
67527
91469
72017
11572
80752
62616
11046
78299
91533
7710
41326
29071
72173
40510
97694
81716
103768
23148
60902
63968
64060
37375
48766
9890
113
42673
12395
58429
71475
11085
39650
6729
11824
103667
36097
83368
15946
87317
8291
91731
83993
83168
93638
90579
66481
24492
69079
38402
41899
90311
74360
75784
5075
59974
97944
101591
78261
27891
493
41627
25070
63612
99462
84988
84194
39320
83044
72091
36412
59133
67653
52599
57594
19041
25121
388
49547
18776
40355
56541
52686
74514
100932
61758
70710
57491
68082
49727
4252
62308
100939
72288
92734
99677
65019
64227
16341
2676
70117
40411
96495
98599
34069
21457
96684
62536
51586
85889
46265
74139
46406
30913
10691
89699
83518
14694
100852
65050
93298
91423
104815
80823
91587
60847
102999
73237
6226
32741
96796
85006
58125
39611
13541
70954
37846
98600
23476
82184
70824
12043
43686
90742
72471
10765
7416
52048
10212
85823
55128
8983
42571
65612
90369
10259
34328
60697
73374
82637
14623
103464
56921
12927
79779
55043
17089
90114
52003
46510
8947
21293
36585
55610
13736
77891
101153
68005
8061
48721
89964
767
60846
18710
58110
80018
32086
64504
14027
22156
13750
44343
499
95716
50435
12496
5006
26614
7882
100744
60610
94572
32158
46073
64842
104713
17631
33611
1647
48711
26753
73287
2737
97283
65794
43456
73201
7038
42451
12811
84315
82853
44638
41774
81858
11414
98866
16273
46134
80073
11298
42100
12951
85218
59176
15893
33939
71650
94981
101060
60858
44277
88595
46909
44370
72483
53482
68729
44978
96356
37899
42569
42668
34388
45209
47789
68210
65915
15188
37668
25716
100442
50620
33097
28298
65493
95399
2327
103571
97213
48759
62964
71032
50176
84445
50423
88227
83918
16830
54471
3333
685
96236
80994
11152
70799
53486
97651
89199
46758
42973
88329
44988
47822
9399
76925
75972
73989
7078
66647
63549
60554
9811
26627
83043
85722
30199
56734
102514
36094
102908
64398
94617
95699
21494
63489
23891
3084
77146
50337
23680
80720
95374
103918
104531
25155
5619
17153
10139
5433
28320
86097
36185
31916
90911
26151
40513
86298
67257
49095
1858
48051
91156
44436
99457
74653
20712
61848
29165
28400
25194
23361
44633
19413
56246
78381
160
30446
99678
80821
45644
52461
19250
24868
10858
71215
84086
72645
69688
86493
11081
32333
17366
85132
73498
1757
49017
100387
80742
52196
8298
13074
15742
30035
66975
29247
63529
75249
48718
87387
93589
15228
1631
23010
62632
31149
21859
87653
96287
34545
54891
49464
83101
96048
42433
12872
76440
91365
39820
67143
16975
50498
39124
89302
9500
85469
78296
18278
18431
98008
78673
95056
96418
43012
92199
8006
8020
33252
71572
39710
88639
86414
101454
35050
77885
17168
38199
99954
45043
43734
39601
23740
4581
33931
93285
39847
35794
28395
11831
90651
61394
779
72774
59167
45532
91345
30681
37463
60097
51452
92521
43798
7408
34406
21445
72360
99286
24271
94464
1468
104849
38836
32119
51726
81275
24965
5510
35178
85020
105948
27459
24722
77001
78712
48226
79201
84554
28053
53173
64635
62986
38272
96705
21411
45388
54182
98260
92214
100037
65988
35132
6685
14805
60866
50309
62207
80965
54888
4060
76610
73620
78487
83727
39801
31955
4078
17195
82131
97681
56119
73324
5552
76679
57365
50263
31259
96929
47325
7035
53611
20562
50589
32869
44912
76110
90546
58848
34753
68500
75710
65786
44326
9643
101586
50283
83451
80806
61885
100080
67730
21030
32265
70143
34320
11356
1783
55525
96445
18717
10349
36662
66832
9947
103562
101840
29000
92228
78995
63530
99811
38672
33104
87724
24347
104748
7719
30748
79882
83214
80862
45827
98447
6350
8769
93552
56233
36725
95007
77303
83744
41624
98709
85699
86215
39432
77302
93189
52770
21471
69847
67181
97461
91435
38078
42936
5113
94814
9670
83205
93456
38726
27789
53715
79367
66693
39502
63903
62246
86179
102234
61268
58591
85526
14082
102875
45755
30702
54790
33782
103895
831
103685
77224
54943
67041
64656
82589
61534
68943
96077
21912
99624
40865
77305
60857
68125
62431
56540
13613
73447
77695
91762
52511
75938
3201
50825
79682
35437
21780
28623
21915
52667
17988
55228
50146
69839
7156
62374
59309
14796
91944
85113
90488
52364
85663
19768
95152
22907
98903
101987
80949
70746
22814
67294
53616
41809
44035
89445
98438
21242
23176
28622
18058
94067
16106
72562
94142
18530
75601
54705
103244
11742
7563
68118
23126
183
14821
12640
59159
31963
40010
21429
9013
11806
57563
96096
73639
75258
69331
12516
102877
44423
58997
103443
93516
16296
4265
56721
85109
9169
72474
73238
94044
48658
16981
9579
8779
23175
15635
67099
78360
18090
88544
31072
28052
72631
42530
80886
45678
73364
5368
27727
59671
33541
22992
2998
92076
81466
16141
62522
60819
98195
27176
60121
81966
30166
62778
80511
98445
14651
27033
59005
76578
85023
68988
105739
9887
103558
95626
19859
25387
2464
61022
92730
3585
25591
59022
8368
32860
58086
4331
10890
70548
6944
29584
23093
15748
62845
46206
43921
10560
20756
39176
27053
103297
14389
65107
92951
2374
82841
30223
37945
73435
21766
92474
84280
63821
89468
85513
60973
45326
24383
20241
101544
39325
41375
55294
42325
33246
73651
86619
53697
63007
46780
27980
49591
52190
53125
36031
94718
58129
68832
14614
141
65322
80691
30127
30017
36575
40100
17171
6773
5956
62042
63800
75491
3081
41091
85115
77340
87023
66519
30219
62021
80894
25588
53195
65128
9168
8856
2469
23592
9544
78989
95196
31395
61642
104222
100374
45260
98319
93141
58487
28538
47900
97204
59248
3340
64730
86380
13269
30595
47244
8861
15651
24787
92697
73271
43452
52092
63383
28092
90552
57779
24662
10168
67993
80754
63452
66215
77020
13492
22949
79380
23368
29091
105311
15936
3016
56716
25424
82576
43222
12423
34338
45487
59062
17371
76930
41891
73668
89906
87786
43943
103093
86171
90658
33211
100016
2004
15358
21694
32331
33850
76616
46175
102771
64330
67616
20383
52893
92434
84805
56596
56276
83345
58266
59678
45436
23999
44399
35252
38373
42704
102671
8784
94179
105880
19277
44827
86760
43667
53330
10149
52225
97334
6005
23624
89125
100299
75131
64739
14333
39793
25902
73677
48138
96940
1434
77609
99405
79285
42280
55174
34946
29842
92253
32550
94153
70855
69402
6863
57889
74434
48538
79984
86322
54582
95457
39316
27409
18939
15378
59312
40065
56829
36012
62912
23936
2786
44481
54918
1514
29370
13869
18959
10886
2527
24458
100819
20715
80317
18055
13718
66128
82328
73260
48217
14885
101427
2262
80234
63045
48134
65303
17592
42890
48412
63405
77434
60761
23693
20876
14070
92335
82081
47859
72188
61179
83356
74024
43418
15329
10192
36086
93891
10584
48308
98040
11629
103474
53597
37926
34722
30837
48114
100780
93634
71663
16750
27759
5489
32464
90222
63581
22202
35633
58833
88293
23163
18545
87560
85124
49285
64740
66902
9260
8290
25931
96192
62919
98636
77132
10597
83307
50391
29904
36744
59880
16546
29756
4960
86106
98255
21345
3199
32653
97330
85089
53626
26187
84222
59810
45606
6398
36757
100400
50838
33511
66475
50600
37552
29765
6461
54662
63467
47263
90353
63689
291
78421
41354
68522
15282
85667
93406
5586
40225
24874
88582
5812
82994
97637
10906
82631
39937
8690
66870
35202
30304
66053
71334
102548
20550
209
94422
46476
12867
35907
35479
12914
45500
37917
96727
64979
61190
15220
89122
78771
48961
41719
84199
64192
20161
103032
80118
88836
9067
60248
55637
9558
73205
30770
20708
60918
78437
13784
75783
83859
100095
99034
20824
46599
51968
33
35825
79872
43797
7454
37337
73546
31964
55919
78059
77946
7387
70823
70118
46292
69483
95616
29131
19370
33563
47449
78039
10403
38956
53581
74874
25607
39735
93410
44407
73876
15078
784
68846
45420
99996
91600
12796
75243
52578
88156
31594
86726
66571
47434
51983
67886
46457
68099
69530
17310
14593
62045
100633
36993
81057
14954
36449
8456
1211
93178
28088
21008
12540
63352
73951
18766
2159
87810
93152
35996
57802
56138
3779
67711
28725
67247
6900
16620
27439
39356
76000
52932
46198
86234
63548
58586
71018
100630
33465
73126
14934
102852
72908
28477
43395
49918
4799
73123
65919
50532
7692
17248
60539
59004
69918
39231
39850
49814
15191
78186
89474
24273
15445
18945
52220
84034
83875
68653
92380
99960
97948
43895
83641
52472
19780
62905
26319
3572
12428
41252
7746
2276
69117
29763
57009
45469
28101
4564
34573
73771
2840
102702
42595
66596
105579
18259
67902
54049
27764
89753
89854
52990
83552
43779
32248
87324
66460
95536
36891
29941
43701
55901
43687
103001
52613
35533
15710
16927
104066
4935
39142
18401
97957
60265
103691
37151
98491
62064
9398
85384
18599
76231
64053
48514
41988
33954
19166
95507
32501
61117
97823
29959
81448
2392
101223
98206
85036
97882
17185
59189
11803
46548
74269
77385
38976
26280
64443
29035
4672
16297
28128
101293
80712
71181
62157
72246
89317
74679
7011
33240
55020
93547
66300
85940
15104
38599
82808
103228
80942
35766
84457
67569
93599
32602
34206
2565
4848
10346
47740
48264
95123
52017
100773
49432
79478
75958
73786
72818
31901
72290
28355
39664
33893
44764
100668
10372
33135
68105
100420
14846
15916
74522
65980
14680
12958
19149
103932
96750
4744
39587
42063
3692
11847
7795
6674
53586
61654
73924
8855
43432
60483
8235
7208
81447
7232
7879
77813
29438
902
34288
64319
69576
76852
94646
16765
27936
47645
32259
32993
39871
32492
90041
94682
9931
53602
51314
38626
78375
60645
96792
585
72573
11903
4745
32064
49043
98692
96723
56374
46023
72593
36670
31815
77489
34999
18160
70027
99466
82228
38754
80296
30715
55285
91873
5960
7155
79107
75111
17253
13273
48593
31548
100909
100812
28860
21757
101892
23393
16192
105166
31544
88694
67042
59031
21850
67020
83942
90557
33734
54141
8218
60822
87101
20008
15883
105028
43692
42999
74526
55206
53529
71796
13107
13256
16135
75101
40994
42238
54227
11864
40285
71589
86373
72520
57452
16606
22547
56137
80602
72611
96734
69157
105293
54241
70398
3382
30653
11556
33671
972
31424
81507
80122
79692
106201
10766
63741
17526
28621
47526
63503
83593
36471
57927
87319
42766
90755
101631
5540
17158
44077
60738
70066
73867
40872
104016
95944
30630
92625
29933
10398
96447
49507
86995
53834
11467
39407
34694
98459
90213
45182
33685
12241
35130
35929
23406
7493
33496
7991
92033
36947
41443
18076
66530
6569
62889
54915
14700
41678
96688
1627
54173
11995
60462
95206
46771
105685
44506
16116
77640
66511
76709
44926
102459
101713
85299
17035
79705
57529
28516
71406
34915
60129
28949
74376
53656
17515
7220
101802
53561
59377
97668
68371
50463
7464
19669
41337
271
85160
12986
78700
34413
15271
56928
65141
41446
78570
14023
51287
66554
73042
15196
52565
43945
19817
63485
17996
8446
54348
35524
60328
86603
20314
85281
56059
68880
36213
9682
38739
15764
62557
4625
71037
65822
84283
14306
80244
89934
36269
85164
14537
39837
66108
87809
62715
51671
33786
53686
54001
97098
24956
105212
70375
71686
17829
84358
91820
385
12127
19758
65084
35951
22739
26868
99018
79568
87046
8068
180
39182
58738
34497
95063
48734
30142
33117
100309
2225
94783
7892
55090
52300
19956
13949
89219
29248
2608
81799
102196
10652
36819
64862
39319
81648
69419
49550
62154
89997
31105
100784
53119
87814
68995
103320
38961
8099
56682
34814
40974
45565
90002
86043
68279
39282
78626
71048
49967
43612
47969
11448
70218
90124
68870
32848
74917
91852
59787
74913
56638
46095
89029
77977
58179
73366
93548
51716
13326
1870
101
24542
16086
2204
4700
64491
22682
5242
4688
101252
80269
63240
64553
100592
61742
37167
41247
84111
1461
43026
76173
30721
91455
68204
67783
17883
7707
33604
75640
99583
25414
85480
6712
44991
31463
104840
234
72939
100891
51951
24501
25518
84782
23618
62107
67520
4943
52316
31376
19743
83683
39187
73244
93701
34602
27355
63669
2141
23408
27992
46551
91023
42200
92480
9165
21964
7582
76376
6975
87698
98279
27009
85414
31975
40296
103630
76138
74165
30099
80699
17176
44353
29652
3332
52943
39709
69236
49725
4763
12227
70080
56609
24887
94899
30301
104461
69133
46955
76271
35826
30396
64177
24631
80555
55941
89767
12646
75151
45994
58218
85921
51063
58091
41040
31026
41707
78948
88051
36103
47371
4207
1890
32870
99042
62601
96373
68083
88107
88729
29953
71485
63774
62213
96342
31529
83803
34998
33262
9709
65396
66285
92372
5814
15006
63062
13128
70340
90949
886
31421
88579
102509
61399
65924
8010
21562
31792
63531
102586
1301
32462
36261
68144
65475
16336
12433
65779
2406
98508
21343
93565
85527
45820
67216
57763
96652
100461
62788
19346
15096
81556
92501
97084
69429
18064
40347
79054
94663
48409
57235
80210
51214
48610
92317
28430
73193
13010
54162
7005
60488
46900
81078
23972
45756
64339
51299
71615
68454
70826
7079
29298
436
7955
82601
45836
59071
104194
12189
56218
73032
63705
30791
73658
38350
34468
32959
17690
25106
6423
10674
79160
91594
2677
91411
19239
40528
68137
104201
101846
78845
32704
43669
59513
4118
30583
22322
63307
58262
199
6083
40609
34731
64261
96858
25956
106165
20371
69840
11666
72354
40820
15988
71811
9767
104984
90689
67824
6861
6048
78738
27182
78312
75122
20024
53479
37734
2231
102858
66856
68661
13167
48307
18949
33607
40713
65252
56917
3106
82871
17912
103867
38873
6436
7844
79978
6526
19604
69070
16850
19630
30289
14666
82012
59907
16387
988
33469
93088
94077
65584
84691
9666
10786
41907
61132
5005
11150
42908
53005
12619
5890
99337
57104
24507
94937
79377
46049
27425
53376
18238
63681
11520
69645
7772
67037
9658
65553
66009
65323
21144
62481
77106
43446
56155
77227
43342
29690
28831
78832
96563
104705
71223
94302
63356
2337
62381
78914
54714
80145
81850
49843
27946
20762
38141
28289
94316
15735
33471
75044
100574
93381
104017
44217
92753
27198
62230
35979
16747
89498
60420
54209
53229
36214
85180
18847
6696
53537
93171
3308
20846
77827
23094
38889
59540
44595
56162
82204
61881
92364
49190
16195
12931
38302
93939
41415
56462
36759
49711
53894
89231
24089
27474
36371
53447
90372
78692
25176
93812
71993
41696
55412
86715
63227
94018
69451
80157
12041
41225
31229
12827
15352
66012
29930
82294
91096
76404
5838
105076
4968
25048
17670
25722
89802
85208
103947
25527
100836
30706
94223
81346
67980
65631
50507
10662
2634
26956
23377
92016
6830
93137
90455
77266
57052
104647
11877
9984
98226
71931
2055
59722
836
61382
44177
59446
63687
20382
52725
74191
84658
35710
20702
21200
14698
79075
31737
67600
65429
51440
54045
31936
96049
4703
3231
67270
17706
58681
57972
100042
82575
66122
12988
67831
1936
66443
9480
1974
37449
79562
44989
36726
31831
80027
14523
97364
84424
46082
46964
98964
32171
98996
42005
10647
4013
44944
62909
85570
27577
7088
19590
38441
50425
97361
77755
99171
51009
11246
14327
79198
6080
21730
86512
64164
25628
59859
12446
41318
80910
99354
40143
99425
67151
14631
57078
86874
12776
54146
8074
60176
83686
21549
25927
64930
97294
6334
31134
71495
58483
43188
5717
40678
347
77060
24244
84418
93721
70972
80923
13383
35744
65008
82003
39880
42454
93559
47647
93930
64321
49138
58811
67000
75254
24550
2685
33441
40372
27481
61014
9103
55623
42112
32325
51442
50401
6279
80501
47320
40173
85908
80005
32703
32694
71328
37433
95780
1706
78713
31049
76129
24558
40431
40839
100385
71519
56359
65232
57520
35469
81550
84905
63204
44516
47974
19816
69095
33807
16834
64140
48626
49894
64338
87282
71925
27482
102170
9595
76179
16909
7750
71016
53132
97195
89700
24815
94539
7585
62590
6051
87565
84986
88477
1166
9440
52595
4931
40004
56252
37713
88550
20795
99611
54873
70471
30194
62597
3425
47589
5751
93615
90248
83494
97795
4737
98391
57150
35630
78011
27666
42505
88363
31125
4599
15969
22769
62008
96935
52447
81037
22081
56316
63561
58834
22829
62934
75057
17178
81779
19837
91657
96564
48301
101182
76548
17322
99113
54847
66882
64743
29170
79647
82262
93994
51144
11967
86792
15656
7737
76254
91467
2226
85162
20332
81786
17596
78916
62399
54332
45748
11547
2492
16659
66662
25144
10720
76789
66448
32420
81861
55624
72078
26106
56245
52617
38597
85848
52188
11037
54517
106140
50001
37696
44792
13995
100049
7266
45035
45363
98027
82350
94371
26296
20517
36839
58239
101602
79057
15410
59217
82723
1703
24394
97540
89734
38767
9466
56186
55265
569
69990
55118
70092
65335
90528
68191
8841
60972
51117
64280
86123
102175
8166
59440
27502
53905
50722
105036
63606
93972
25185
52516
85405
76645
84704
55208
19905
85476
3156
87536
90522
40732
95805
79827
44067
35204
25416
38161
103529
74490
38135
4963
67462
34362
88022
95922
85998
61894
8079
86112
3549
55240
102012
11124
25052
55137
59900
102665
14600
65387
796
9624
70170
12377
33695
6322
97074
51599
27102
68535
88815
1435
22014
84917
1428
80934
49084
39341
33985
57397
9667
736
21604
21383
78286
5066
90218
66075
6891
99969
85751
67763
93953
29342
9297
55418
134
3598
3202
86607
28642
1386
100613
102621
21977
21275
40013
59965
62701
78919
59240
87632
99608
31671
98858
35304
54750
18523
62291
71646
20737
2113
39083
70742
99647
7792
64165
53862
78669
3926
32164
8231
64827
68865
81876
87275
10340
76742
43267
44088
77764
3727
12704
50249
16332
5930
74827
25808
102423
5102
97929
13668
39376
98178
90963
37619
13998
96991
35314
77362
43
47668
99175
58571
34908
102413
76306
23466
63072
30485
27685
72965
26715
66774
50724
25854
9181
25288
34296
48863
19738
75009
20656
53059
102407
22092
75844
8387
18872
5705
30102
53363
105374
71483
31035
100988
16047
80767
83548
30372
76587
30858
60103
47804
45569
7711
40587
31051
58787
102634
58155
6163
33058
76513
88647
69294
691
68269
7414
65569
95310
41812
25977
79241
24455
67956
20207
24712
8464
79019
75849
43406
85928
102173
87402
25191
55787
84640
35010
59720
52216
54285
30443
61187
76432
64936
46782
55613
94168
67302
76368
15081
48029
37294
74184
85084
72284
49863
7475
48714
559
51283
100209
91181
43651
96125
89701
53413
16664
32765
31651
14706
58637
50429
82118
77574
4961
56879
52776
22976
20445
27933
5214
6274
52453
58278
32829
81976
1256
8509
13264
82644
90214
14643
26588
17389
25325
86160
46733
59398
84909
90119
95731
22757
22680
72343
27173
97045
73968
93086
5217
44280
22416
82619
38067
85058
91011
64505
55449
58269
6781
34783
46602
58504
101568
24577
50204
68451
65469
30119
74011
65327
88018
57836
33883
11844
99727
65165
33514
32987
39251
10679
35391
23429
47461
61451
35379
71949
105435
103628
11469
88507
101442
75176
83517
4045
44959
90236
104844
5562
69745
65034
86803
49865
87836
47456
67289
12955
11393
91732
85635
16037
69891
19761
11785
90609
27392
104383
61759
58258
30772
75858
18002
57425
2308
17161
34076
2483
68979
63441
99589
74597
43251
56107
22519
61811
21054
103007
24729
20271
4198
96852
65067
57173
59507
11168
93934
38787
10706
54988
77332
67137
20204
70051
82170
83331
18741
82205
85473
51632
74496
97661
25480
88143
47144
70145
67412
101087
93047
11214
75572
59230
33884
76275
70838
52513
102848
43231
38949
60460
104631
42253
49224
38126
79714
75993
17875
70764
9196
22579
87582
97781
12623
103533
85601
27883
1876
76120
72664
88130
49707
29372
36325
56870
2832
43506
17668
37840
9300
30643
16461
79598
47539
11646
26801
61260
24726
20451
90490
81383
64034
21446
27200
10127
93082
33698
80205
6736
12695
83346
94892
65663
95233
81630
65480
54831
52827
106001
66512
81986
44349
45564
33197
47719
104205
47505
554
43525
64494
55280
79623
35598
49500
15152
88677
10496
10235
85540
105526
86165
95496
34681
25791
46238
2201
69631
46889
8878
56578
8529
13599
12770
2993
2207
37443
33018
94933
91628
15419
102305
9319
61701
93385
15316
68100
84849
52711
55508
74859
41597
21729
34691
45545
55388
1794
87988
58651
60561
41978
56196
98047
95561
89962
24390
67093
82697
10379
97397
11606
74555
35668
18892
51763
10096
1458
18842
101709
92819
75240
4178
89505
8274
24327
65650
14722
88670
30665
43989
17445
23767
104022
82562
29194
92381
78616
47782
24821
46090
80181
75092
55273
80006
61155
17689
45987
15500
27941
8203
78403
91742
22076
54270
77422
43963
30790
37475
74032
24947
89246
6895
92545
3166
42924
89353
56746
38661
27052
24608
51060
52758
19790
85992
88531
24160
101640
27790
89412
18864
40985
30461
34492
77050
64534
56717
41982
63627
52419
32942
73596
52263
51565
85374
37562
6573
18009
11776
36924
51733
57775
52112
87067
87991
46967
24506
23674
79783
89020
40606
39610
42906
25840
20661
87763
99062
27726
33774
19493
30170
94241
93111
26294
18733
59957
12768
4232
95042
99156
87448
86359
30777
78083
13988
99530
25542
20593
105679
81970
37605
54006
79425
93210
46528
6040
76084
6565
33487
77921
19271
26509
71035
92475
28437
37743
47883
98699
47032
35750
64404
27988
33619
105809
57146
50918
85883
85660
99408
89682
15833
41396
11413
5026
7151
76551
79141
70366
72804
80532
4172
89489
56141
38756
89106
38503
34650
8705
76455
83546
6538
3962
27515
96119
99814
71380
33798
49563
61723
868
60344
30890
8857
20730
37302
66500
27042
34993
95735
36168
26703
54160
59277
45369
34415
91058
100985
36262
97462
9095
31545
79108
48135
34913
73729
91832
86672
99797
23041
85201
42517
26191
70657
50485
95391
2784
67122
937
5986
76333
99581
13424
80331
69693
630
63248
85280
8286
54530
35017
14324
100059
19430
104303
80134
59906
37013
94687
31469
12973
9246
48100
61183
23695
5269
14316
65641
52738
7554
73093
92565
68959
49887
93183
58199
5973
103332
38294
41360
17053
32439
77591
98639
83103
11149
23278
101996
75030
2760
46128
63926
56550
49819
11484
79959
101497
47517
41658
37964
6933
1147
2773
53274
66593
15213
54388
24849
1106
103132
2843
73202
67583
74344
96913
100854
49209
78110
5172
70589
82884
10170
16964
70962
13791
85680
40366
12302
91200
91189
18247
35380
90895
86571
68133
82780
35532
33733
69596
67019
54935
55809
104199
100137
33206
22506
1240
77098
90313
41684
65576
50750
36541
8251
104873
83994
49101
85826
12195
105367
78462
90885
97312
87360
67856
21692
65891
46243
48822
32114
1463
32904
21048
29713
39235
11358
21792
11882
22557
95810
14481
85760
26382
51771
88574
5388
26379
59691
40394
97959
84153
65350
43197
69309
7274
78722
37371
69581
23892
27499
80349
66480
29569
57848
8888
17225
33726
53331
38094
25122
52808
34330
7514
8093
80802
50036
10572
73644
53445
37206
73137
37974
31451
43427
10359
33647
4585
87216
57120
104204
32139
19887
53501
23502
25241
59019
348
3828
69187
75772
20990
66725
50322
82898
75874
34662
5033
92941
94812
83016
70965
99400
58881
96036
84279
34472
73726
67781
16966
17527
4607
63083
58478
93076
59281
31742
71787
12528
52137
19574
1146
94645
14183
10309
14540
8440
32611
54949
23255
21879
29483
923
88480
31777
89418
66106
92748
50237
25503
39727
47516
12740
13962
98874
57538
94013
6512
96530
56958
43374
19793
92878
63674
105220
18920
105799
72237
32746
65290
54194
15991
102256
48506
33098
93206
90509
34047
33878
14225
74390
101271
29692
96907
100111
57648
66862
54685
31122
88002
52257
41290
54075
27867
55984
31148
58363
35317
88737
10832
38521
59773
38939
49325
99493
98914
79874
876
41638
11357
57383
69194
3644
143
19880
1401
90159
20220
61673
70817
33547
22843
98839
33738
88546
27461
15230
78766
16832
1233
27539
2325
60177
65340
72916
2854
82379
98213
39100
101908
34720
55640
24853
56180
66704
18142
60924
43264
60739
100155
70361
57223
30123
35513
73483
27962
102088
24869
51078
91853
46059
30500
61480
33942
23805
86891
45766
80747
26850
18020
61890
21319
63411
74975
38519
30428
82789
94523
62518
80308
74369
44901
28403
62405
51997
10819
2514
6737
9040
36771
16837
24847
23803
26535
73135
22782
34542
62204
83233
85705
71648
60480
72325
64802
20943
50067
64510
22497
34612
43986
25770
85707
4170
103725
64542
26741
5241
8330
91680
79536
63688
15837
31859
37553
102454
91186
30471
93112
103418
15604
26970
63887
42306
85161
55703
70575
1279
24017
103915
65725
86278
84728
76100
103621
2196
27029
104276
37967
43486
50350
3269
86374
92169
94556
5443
99910
32564
92093
35684
20109
95874
90486
13647
25696
60166
79994
47050
18700
60410
37242
89855
69536
53965
45497
86220
34249
8155
98845
21607
25740
20734
78231
34017
103005
95004
9663
27356
53699
54263
66488
42163
48449
60351
17972
67983
98843
78961
79266
73345
51187
44908
68845
63873
35994
26537
50366
66903
98422
62187
30696
85718
39963
49994
24522
57379
30275
46151
87314
14711
9753
34066
78539
33204
100978
91504
18199
19878
68258
26729
24134
77393
99793
14039
81345
43909
54300
93354
51288
103398
77456
36131
47599
32762
92294
26815
37203
100427
95843
93563
32522
83516
26960
60633
63892
27333
79933
14822
14946
40547
11844
89061
77692
87810
101369
10628
21796
30480
21960
91267
81591
99231
40955
31013
82580
59815
105053
56201
4004
28943
9852
28279
72155
96725
98578
28965
7646
47849
77170
19088
35155
48859
65813
48091
76253
59977
73114
64771
6105
55601
64460
16319
14580
71165
14745
76580
12376
2342
16778
61120
66603
65557
88785
31245
99729
15311
34216
22868
76256
20807
50501
46809
57319
86351
94760
16704
40428
73342
43610
89577
61658
91245
33548
28375
93014
3364
25520
45111
69461
81476
52174
93079
31747
46906
59503
74649
68048
99600
58206
85569
100084
82345
36752
87736
86990
42992
70738
27585
22605
99624
74989
22775
34110
19367
78660
