34488
55678
38245
5457
34197
80659
16909
86666
67052
79234
27161
76181
87528
17229
21023
27545
43737
72715
36954
86728
99174
62087
4214
55268
91728
84303
75586
45801
14115
44592
16920
84205
12967
99712
107787
96975
59285
47184
51535
92518
19950
33390
86104
54502
16854
64845
74865
50210
8465
98621
2658
58361
89876
30839
56988
25871
31491
42669
18444
99815
74635
70036
27607
102540
45554
100356
25552
101827
71263
55369
84698
107156
82361
90095
88912
72036
24078
13110
90577
66494
91431
4172
68593
69353
16771
8823
41117
2872
65298
29719
88135
32536
82493
1495
48092
26349
84281
94213
64068
92176
23692
51936
49139
60865
30756
23663
96988
90983
51906
13910
31663
49726
68090
57429
68800
6209
74935
48246
33285
36482
99290
37939
84779
8213
33673
24560
73816
55208
67799
49042
45952
98140
27917
58857
51314
87506
24933
69107
39147
21683
91180
80206
40204
10000
103251
17223
103641
90759
72583
8022
10012
66059
14539
63104
40036
8
74568
95285
58776
56717
93769
19411
32806
85235
23368
102091
46650
19168
71842
16948
53029
31874
37563
48041
66745
21071
31407
27126
85710
23821
98390
16090
91517
34113
33431
87583
100700
77783
58965
91755
37561
40614
14149
10988
69785
8924
70143
101899
19343
66962
56611
20116
30257
94612
40384
90116
15249
2245
84062
72026
49185
37641
91279
1394
92540
35033
7974
16322
34774
36534
92664
65743
41845
73705
393
27210
45251
55816
71687
73019
79656
4523
32455
20852
17858
27803
34928
52921
34686
63108
45608
37016
69820
55705
82249
46433
1930
103203
54845
16676
43412
2139
26233
81830
84487
1146
28417
63618
76950
38640
56779
4351
96317
103489
18910
61931
64178
37902
33401
96773
4966
100492
3857
33814
9621
68670
69384
99145
75389
81922
91243
38359
10928
20932
82564
67545
106361
73665
19976
39304
61004
51413
62641
23751
37637
56266
83035
49970
60361
16435
6611
12552
13543
5880
79260
14204
48225
12311
53443
82863
71118
54768
19271
51937
20845
57552
63167
91494
18889
72770
41462
34651
40453
75203
56429
67237
87913
4792
27835
71707
46221
55265
3643
84829
71945
62622
96748
48636
32660
72658
51462
94149
21922
2204
69293
36046
79055
95487
41018
68862
58561
11876
26309
32690
15455
7584
16163
41824
33445
25504
10949
56747
48913
3087
16503
81337
79589
97164
19373
11472
45036
56826
79166
73391
43388
12914
56049
97852
42130
12959
66437
97868
13723
42722
51226
68667
14211
7930
48083
1149
27155
61391
88983
43317
54542
81698
47912
37835
98625
49787
31517
50757
85870
49804
12413
83900
33523
47516
20283
46251
83135
9233
688
100317
3556
19306
17610
59253
3035
37933
59176
69605
33583
20977
39727
63822
10457
105208
31284
8233
87667
106645
8286
85250
46059
72355
31686
92920
66619
30931
63786
66758
55011
74008
8229
80573
29668
47720
104014
61840
47677
38843
55107
19236
6668
34655
39633
55322
21415
91565
50082
53933
51874
73445
57947
100999
800
19626
98043
56949
6029
15828
86759
96440
87632
37853
56363
51438
95155
20524
22559
67822
26134
52208
94170
78611
107653
30156
22494
28806
63677
39240
15334
81586
52949
34707
36364
82709
63854
94489
98449
17944
48956
102413
103657
75221
102663
67603
50024
14275
36602
53522
9753
8714
43561
61129
28773
41388
61592
24195
68040
90489
108117
8291
35924
5732
52084
4783
66611
85303
23223
56705
42334
71985
61702
49536
43449
25937
6564
19773
2156
81705
94986
85233
100759
57704
78938
58914
27709
9982
45332
93095
91612
16504
84007
82957
102228
36287
77656
38159
64997
80628
19816
1078
372
61732
104067
29319
44766
43092
61862
75532
37684
84309
25151
8186
85938
12179
29347
88285
9721
26972
3875
70745
54481
108154
12854
69759
36282
35397
107134
95709
43764
56511
22811
43046
69423
5231
12466
67309
54218
13979
98105
85852
27236
64759
4865
94238
44564
43500
40442
12431
83476
9489
78887
26971
46964
76654
74163
62472
10277
73431
26512
21782
51465
103736
101856
23757
22038
44016
41618
19250
105678
7726
24185
90574
85461
32678
48016
65347
314
46040
20470
104903
51112
30702
48964
48763
84962
92256
101765
37168
100861
4050
29312
69004
53186
38833
73670
84126
27148
90123
44941
72398
52215
14942
47547
31071
37267
17805
41741
85901
21611
93558
29746
20106
25410
80759
5806
56430
55198
88113
49063
84900
12064
55649
142
87878
75487
9817
108164
920
87566
61825
96340
39343
61646
64766
61436
41807
11545
38850
20502
92686
16146
50755
28401
43975
84580
29222
81334
85824
92595
78704
44695
30376
60375
50631
59558
1446
38800
69171
65992
6775
2965
38406
30844
80189
4607
1223
88512
57981
90738
45010
85151
40301
80550
15802
74225
2259
8487
23424
74352
21024
88789
28975
55395
101804
47968
90304
70701
63469
68443
40596
89953
96007
70876
50704
15662
101881
91788
2885
84355
89745
39093
35971
885
37904
26933
102695
9417
73414
70984
44801
100807
8217
49418
100851
96918
69529
64008
10160
22939
34332
80534
28930
17629
44572
29212
42133
44545
2675
8272
30711
729
42350
27517
19566
29340
15798
88413
36328
52126
84568
7749
84757
78528
69516
72234
79168
36327
71797
49507
98890
54678
45514
32978
70045
43456
27078
13042
87723
51078
51381
27951
101322
79312
85006
43704
80719
51947
45170
107085
15322
38648
45473
16342
83940
30948
98146
83705
55907
47225
47334
67947
43070
63984
49274
52486
28447
80263
29977
54712
2077
73418
66929
73971
12277
25625
34384
18359
71279
6141
7760
59012
66284
42791
72158
48500
2465
67141
49676
249
78096
56195
46500
87931
61236
72346
65465
102800
15192
93044
88325
48729
84574
48806
49101
75608
2693
75179
20190
100440
69139
52509
12749
70374
19010
64864
102504
98048
61327
6255
102483
83524
84072
11285
53226
83310
95471
6573
9248
60733
28663
95942
23680
25234
80670
60685
47785
88213
27566
40535
87813
50633
48381
54353
1620
25538
13625
18936
13841
107342
93212
61786
46789
102188
54099
40128
28392
10912
100910
13916
69510
40992
87122
71799
64085
47114
41091
101729
25853
64803
12072
94424
43430
64391
72099
43680
7165
76435
54496
104314
39169
33662
31130
25776
103929
44529
86646
98954
64659
10851
96731
45692
81065
80015
18903
93787
37498
37680
45744
54110
89626
66799
56463
5192
77027
87237
47805
19444
100982
29613
88762
76207
107567
70579
106459
76983
6766
59998
23514
98244
58876
54134
3741
57349
42859
102364
35726
97389
33199
25186
11416
95637
31988
2586
80656
101683
7710
62132
33333
27897
73635
52036
74319
61496
107829
63608
50540
97864
48557
21217
33933
14350
13614
86048
26548
86378
44064
94747
40112
44686
16225
7806
26765
25753
70949
55640
12403
26424
56599
99963
16836
102024
104499
88645
92577
105722
97042
15256
102360
47585
4371
66049
12738
54438
34625
73397
75953
82660
58383
55532
52859
67261
46923
30197
104778
50676
84576
99225
20362
60225
36188
66721
78313
25016
8307
22921
61175
107117
11580
70320
35710
68123
103943
64398
1140
68611
72892
56135
96593
79213
24597
86767
60373
24389
4205
75622
9868
103593
34149
100142
37815
49632
38532
92159
19844
95822
11022
6412
62190
53195
21364
95563
39923
23151
86765
65088
45919
32772
3804
82246
26585
92359
84083
13678
40386
78649
71406
33747
99185
13772
48905
10649
19635
49359
31854
47168
93223
17074
57897
20178
96129
53682
99989
57161
41608
6576
107042
70763
89922
45676
8109
50036
37663
73602
16629
38865
63008
59041
61394
70870
44588
53212
96312
3139
69570
66850
102700
49257
47074
9815
36421
35194
72311
44035
24422
74894
69245
82433
4133
8270
56478
87593
16026
74429
100100
60287
70403
21253
20741
59295
23379
49598
96879
18363
3475
104032
65561
15218
25230
21262
100913
4080
48424
82851
20179
56965
48329
70886
83652
57009
57219
100825
34995
58485
82355
58750
47584
47148
49531
84047
105267
12181
78805
26251
35998
30986
97514
20375
77967
75371
90174
36142
99955
104187
104627
38099
28863
40744
27372
82830
64241
86661
73192
1851
40329
27472
16652
59541
12734
99300
2627
80783
69518
63075
20758
68454
2864
97830
65343
49234
38158
16965
94021
49434
72128
28274
10417
82523
78602
50030
63635
72328
22573
87165
82703
63085
53484
103053
69112
59546
44711
3940
21896
95019
72935
20952
38271
31999
71464
91264
93894
10621
76715
3669
24145
60781
66207
13802
15092
31760
28245
4947
49040
2073
39016
14351
63945
34565
47008
74605
5725
19806
21284
77455
45812
60230
72918
75121
89918
69760
72623
52635
61728
47329
50123
88707
4779
42917
19757
28996
100027
104767
88982
47179
43219
63655
2584
705
50545
82938
13146
1240
10404
98249
93079
65869
6424
50188
105288
53482
24030
22313
36382
32307
67726
64252
88880
83848
33995
11434
73459
48323
99373
84750
41506
44800
64863
16553
107168
62598
72137
29
96353
37047
62387
105453
1960
53786
74410
65766
20848
37463
40043
26734
49115
58624
100157
69295
68305
2700
82681
28927
25419
35794
105884
127
39876
61009
23018
77037
3314
81212
99083
1729
813
27391
42801
15729
51923
65948
59982
33290
102976
49007
33495
71782
86097
73763
33419
69459
75259
72810
94796
106234
54389
22431
65208
100249
7070
60969
87394
105500
31888
65302
59778
65330
15186
92483
74720
57993
43261
32917
44205
91521
18814
101174
19291
64131
36820
53703
65057
59326
45897
81908
19205
7138
56735
105088
90559
41311
58480
100712
25248
52870
61315
87781
76992
48728
50072
43022
22096
24935
51469
13175
52978
84427
37065
25040
67845
14258
20236
106379
80912
33875
57010
47466
37828
59465
84163
54352
138
24804
12418
26579
44498
17282
76595
31754
68434
18276
96519
41426
9534
65544
51888
14404
45624
53192
84453
67103
81919
31575
80960
8328
93024
10392
83506
76726
84492
74617
32213
39915
58359
82154
69513
98958
101763
103254
98716
48985
44072
12459
78898
15358
82226
19007
94745
48453
60040
28607
12994
5372
2574
42112
103940
28705
68779
32173
3818
91862
94936
99840
68650
45577
105482
18782
74150
42995
11735
95448
32593
62040
30828
79237
96261
50168
57624
96463
81514
26671
88452
14753
17055
92021
58352
41878
68994
26146
102464
40225
89128
84624
69984
57236
98980
79022
49449
99624
75733
50854
61483
10679
32534
15509
59309
25826
23608
80706
95233
19602
52993
78648
18271
74997
26005
80970
77448
42293
55413
56116
22027
91828
70873
88517
89466
12926
78638
79438
20312
77968
12199
16058
102019
65414
64217
100545
88499
31741
91099
89076
64821
99682
32874
7925
16625
45946
99073
24981
53640
3090
74153
92840
82034
29573
50404
85040
28483
39111
1715
5461
99526
86081
82030
89355
49509
80198
30365
63076
13054
43364
7985
81811
106529
89445
82069
10448
90392
36182
44836
1466
55604
68140
15214
101688
81531
6609
26676
99277
13583
97996
67727
88
4715
88731
75635
50614
40638
66170
87560
82895
74604
26262
50699
88988
76665
57455
89788
62616
20146
7458
98238
50095
84798
1102
86928
76404
61122
71863
103811
100720
37110
55844
96280
105418
104579
4487
29914
97112
65679
81538
25740
70781
67767
15086
97653
40516
26156
81823
105196
86933
72556
14733
101735
11255
43330
104017
75355
90564
24082
19674
25754
80950
56962
92692
8076
76459
2585
20543
37978
84751
2579
68907
86481
51934
89667
68502
93089
51338
30698
80786
39369
50251
39191
104241
86699
103220
22349
75977
34927
57641
105138
93621
65900
27085
2737
29297
84626
102901
34680
4908
40810
89456
88817
70615
95253
6966
50055
7804
14651
64223
44350
62991
45204
5387
100292
81494
74437
14505
19959
9838
57553
58307
40640
93735
30874
50580
87003
50987
105188
24439
11117
67789
18498
91670
104782
62412
21972
100595
78373
9978
44002
7685
89611
57998
78020
50488
62878
66637
16899
99403
31383
75190
10187
22091
25445
9327
67643
89519
14485
89463
88145
98337
82824
92720
67692
50808
1730
69058
92765
42597
105772
95547
59147
43720
14946
60729
95051
7886
107172
59097
340
92215
63161
41979
48797
61159
82729
90251
97495
72199
80669
93702
24668
49529
85234
20231
41252
19705
78324
57658
41509
48208
59168
73643
17513
28774
78623
103562
31457
9034
33667
18891
95068
69196
28850
98466
1603
99423
78619
2392
69061
104276
106873
52516
92986
95136
94780
108016
90293
53730
94516
49085
78449
30769
49807
19321
7354
31098
78857
102457
62547
103660
104677
8080
5023
71344
79138
89583
102533
69219
51129
94202
107773
78678
65548
24436
28368
44216
87694
222
79645
94921
47066
74140
7598
105556
55645
49881
98839
34274
21096
36504
31297
85730
92467
78766
59634
58389
63882
88992
9654
28834
100585
3744
53864
90356
24547
56110
17342
50928
103568
32666
105362
17285
15553
32830
39456
8290
56106
61535
75110
50327
80796
80005
76819
97979
49978
11480
97410
94607
105124
107647
107724
104890
58594
53700
34138
26750
92824
53874
106903
50207
48353
104735
91299
11779
83329
47579
7093
105603
63250
33711
11168
53024
51982
93743
47142
54407
86316
27044
41003
65958
65941
77193
88513
627
80443
99636
53018
52428
61842
51103
4503
48075
21162
98888
90298
27675
10883
82068
7336
80323
64998
5982
85816
47365
38086
15824
97624
96997
69774
78756
6830
12133
42234
12222
7390
30736
80282
85280
77398
97093
87442
54613
51660
82143
35384
50010
26483
85328
52781
63480
77055
45341
106457
104486
63246
71671
10999
81745
100034
88345
75490
38709
53468
29065
9446
99426
102283
63739
46904
32896
29622
8756
84759
69044
42063
83453
71059
78483
52438
30480
14334
6259
86237
21935
991
3869
45571
104350
60535
74680
100581
69436
67819
56999
2039
48667
47302
91952
78685
64442
60085
105304
7724
48541
101208
98330
66383
26664
99869
56912
89947
61446
25808
86947
66726
62377
34561
60400
3889
95386
18960
78645
85311
65760
46092
101535
7646
42764
34143
27854
44251
94068
84008
36206
80498
33230
50113
70248
70184
14474
26366
100701
103307
101269
25160
11956
46270
59779
52112
79829
17738
2777
64999
30079
33853
37362
50700
57436
91210
98741
89248
101607
16498
108076
5226
39051
37127
6853
104446
2916
97800
59518
15547
26995
74121
56608
102485
19562
25569
78089
49992
29241
58114
78474
85687
34269
20070
11161
63954
53280
25380
87887
2962
81642
43284
29112
54112
14874
14905
10693
86505
78391
16297
3081
64014
66521
49985
87115
3141
81102
10595
76068
30782
62285
48804
22068
51586
558
40222
27733
100596
91372
31473
1437
90343
25063
25494
84953
105885
75748
24614
3346
29054
82200
103283
65456
72348
82916
16136
32386
77426
54266
44834
97233
44000
103594
26511
92724
32245
91668
11460
85914
50719
93596
55497
101004
57729
24051
72844
10623
101029
102896
6770
24176
99194
17859
92570
75329
29880
62727
23677
16586
88613
4150
64587
9338
67208
66525
83507
35090
85023
12757
27413
62247
93169
90680
94156
102702
56176
87372
40023
2841
95842
5156
48548
91480
30397
40736
46737
75362
91988
20565
2243
55067
97857
60587
95778
98348
51476
42326
68032
8196
23957
73932
51802
89700
6019
74848
57399
78965
27519
16116
76982
34216
46688
33585
6584
80050
88777
1687
89666
36884
24096
78206
20079
97552
63230
13819
66288
98966
95255
105467
41626
83905
27457
95262
70386
93567
6390
78294
90817
29807
41034
104748
13046
90733
47206
42533
100143
85030
31243
61942
89814
57415
83316
31637
34624
73584
69742
63031
77369
4099
12558
94034
15595
66069
6940
92850
16976
7762
102251
35315
36334
31070
38166
80082
32947
60003
91639
102518
55837
70751
59851
39418
74273
10836
61638
4807
2630
58289
75332
94979
85578
103479
70325
29225
82978
63429
8412
79633
64419
43473
70978
56488
92331
14724
78472
87943
34618
3310
54883
2418
98242
76888
36501
55205
8836
76394
24830
101873
17201
67628
68125
59699
56782
30754
97943
34773
51223
56241
72561
17340
20740
34370
48097
36394
92018
56603
45004
7614
103916
98011
54254
83630
15819
34659
87810
4990
97429
37934
93092
102637
68210
16874
22858
44313
10910
20214
69243
41777
61096
104189
33710
73237
41583
39309
86701
89389
49290
98107
68362
35114
9180
70270
13027
82419
85219
35574
58238
85767
10605
48738
88362
43869
20882
44719
74435
12539
45764
87899
97156
99094
16939
57597
64855
104934
90284
17614
22660
56803
1147
88103
35270
75952
73382
63535
53150
72145
70942
65798
102936
31856
20610
5882
8805
41249
25168
64474
79240
52952
46200
39106
8639
83273
44250
62825
38000
90527
29699
13619
46852
86242
56428
91526
50640
72684
96958
105791
46770
95651
8921
2628
39687
2639
27593
33578
99805
62645
59385
82498
74345
21424
55124
84414
19292
77013
93359
91013
17947
29242
72452
51322
44316
88268
80406
75536
6385
92344
40691
48304
69312
63973
40504
61691
80329
61826
105861
56487
58325
81109
38283
64533
60880
6628
63288
63109
100690
46233
55736
25821
1239
71130
17216
80483
70845
55824
19815
38198
82409
25651
58707
26775
74180
27885
44106
94985
96151
105114
41669
17453
87898
1698
27883
13793
24391
22518
49262
42484
93341
71147
45535
27840
73058
50741
101369
105424
95677
106073
96871
32053
68211
87325
69756
24592
37483
66706
12649
43797
12227
1616
83325
65843
31268
78080
89759
47956
71587
2914
74575
19555
60906
74114
59946
99013
98074
61761
76183
775
87044
14220
61250
51501
62081
12376
60698
96379
17288
25397
53056
81420
47448
78003
33809
15862
3685
36289
51897
28752
47053
40619
78599
23347
17997
61363
23125
79288
51861
54339
4717
31613
77756
89307
14003
6627
98708
32939
14521
13592
27544
1677
90557
39042
48455
101087
4187
26644
13368
13405
72927
56844
69255
50276
28565
66544
48784
104063
37930
16431
104982
85964
99218
96478
12004
12329
103215
15394
90372
80979
62648
77568
29633
24332
3524
85534
30015
23228
15909
66966
79123
40933
8285
72453
18325
82412
14006
37844
5245
74105
24672
45324
50638
32170
88771
36493
91882
10501
31864
15351
45490
2981
5465
10194
84947
66860
92147
104049
84827
19391
41944
26297
6402
72942
59330
5522
79946
107925
20815
99884
96705
101062
91038
61186
73593
20750
13922
34120
80446
9057
101277
11479
67089
93379
71750
103150
61261
86136
60577
62893
73856
18667
99153
56142
18768
45567
46858
1540
66954
74777
15788
24650
36178
85212
51864
66080
100528
94107
52753
96189
70042
25861
73742
48495
105623
76440
20800
25056
23700
100032
38416
80767
94001
16717
89755
70330
28896
76772
82077
7162
84202
66666
4018
5442
100215
26956
78452
3476
68364
12224
73357
98293
31337
27756
29165
29569
80017
73305
34025
79415
17269
46872
24556
66600
92379
44175
73324
1204
51416
58465
90551
83127
58553
45107
10849
83094
4582
23343
61223
48518
97693
87217
107524
106303
2326
32302
66
89575
12529
68089
95094
18217
21042
99830
30995
104996
71261
102155
85466
20431
74093
51558
36418
74501
6388
23187
21650
86736
5242
75024
81567
55183
42916
70742
29115
73275
51279
69194
58062
36816
27427
43541
100959
87341
2549
32961
33722
103134
32833
38229
23933
11883
71689
4730
55112
46604
43584
85965
59980
93233
64245
101743
74785
80078
46738
60057
38217
104167
94315
26617
52872
94691
3131
15815
88661
58913
71353
74582
26952
47869
45415
104203
1719
4678
10787
837
44718
85121
78301
6265
55541
72043
86648
1134
86733
37019
107122
29387
11238
60246
8544
44007
18516
102561
82899
74157
49392
97606
28058
49713
43410
20136
27646
94358
99555
62295
50223
53379
35044
49887
27773
86538
75556
16916
101719
38318
106511
71932
98190
46326
40276
51899
69106
103717
69251
25438
57714
76309
101953
40262
89503
34803
28177
89350
77964
28649
50908
28436
64765
84733
45375
101347
90796
12068
62505
47618
4669
49805
42364
38484
12044
25371
1762
99137
21736
107644
11386
2277
63971
83947
45760
102836
56994
80622
70797
63345
66936
26817
75198
230
92936
76735
79423
45854
82619
88480
12306
66206
81983
46752
60007
20829
91673
60262
3401
102888
48950
10186
47041
91309
82691
24716
92105
67551
26569
12483
53266
91894
50071
45829
93453
58355
49708
42122
68861
18969
72335
46655
101433
80491
29575
27005
96654
64645
82218
60826
2750
85102
10008
50429
60402
78204
4784
10599
55961
13903
82047
93109
95970
28912
78444
25343
9641
3710
89169
8361
21606
34702
39557
46642
22186
88418
86157
84410
23439
25630
51814
12332
12469
14030
12043
34581
11510
79620
2835
56179
9613
29005
66604
100388
59622
84716
89903
71377
37656
15177
23653
79027
12333
26825
21939
77851
36545
70997
4641
27816
76217
73623
35908
37084
32712
85760
45566
1142
66470
2058
53579
62813
23698
49847
24390
74017
66283
18059
46011
21164
51729
5225
90693
45243
63454
8667
63989
59388
43310
76116
30970
75710
13161
77875
30505
81245
57754
74423
91970
70178
41731
28471
40967
41900
53921
74510
52335
89417
66910
98321
65752
45815
77989
253
23233
46939
75191
99275
89339
40172
4805
33818
49160
98824
30881
58483
29978
37520
2250
48629
31331
8938
83306
82577
47529
77160
97159
13267
40743
19842
62469
19925
88328
14866
67949
21991
5859
8792
8129
19567
64021
15763
108051
79650
89600
97526
83266
92939
68920
52381
1604
106176
103383
69922
65176
94061
79958
39101
29014
85301
66341
1642
69141
4418
25276
59379
21719
22656
19442
64110
21970
27579
18850
13593
84165
24028
88443
47702
68728
56419
90630
25281
29336
62830
2598
2941
12035
28311
35374
1969
80489
81324
14697
68128
40342
27945
90475
83149
19605
22742
10265
73515
8410
98786
2815
77175
36239
103293
100296
87427
51113
2879
37278
564
26138
27536
106821
36061
69591
44148
84380
105552
91204
26254
70019
102050
86560
31769
17528
65581
46094
73463
93804
50199
48879
105236
100696
87086
64713
69637
45569
18521
39874
74170
66262
23868
6753
48486
12656
92928
59593
78383
80454
96228
9813
17234
78484
18543
67007
82008
50841
79192
71187
95090
17930
61971
44995
46702
57330
1897
37836
63543
31055
90745
105553
26563
93849
18369
20590
66821
32059
71976
86361
31168
49351
55281
55464
63731
83037
69499
73551
91570
101975
5367
95117
29930
40692
12553
96101
26025
46028
54839
106096
33587
36574
1054
25788
102989
7633
22680
12978
15178
86403
57356
75228
93799
47001
96643
94013
64410
61028
69033
19768
20353
49134
86536
5685
10045
32601
1734
51317
90023
43979
62765
48481
79712
3463
56185
28348
24012
97309
81706
25973
40595
21685
91750
74025
89247
73227
42532
99880
84481
95073
31522
44287
6115
86853
93909
11449
106339
40311
37796
11730
93386
66569
6465
22509
21826
23266
21661
71504
83747
32306
16274
19561
50907
65403
24194
106068
16889
31569
30122
72732
101301
63662
14846
1961
86491
64165
61870
10351
63778
47284
45652
97304
43166
28258
40805
61939
104394
46481
105883
22855
58689
23621
9725
62301
66031
31482
36894
37543
882
95075
50341
15768
85740
54938
23685
30172
70133
76076
40536
2895
86154
8000
78376
69155
17787
74946
16149
5762
52151
58948
5405
32821
24929
1462
24580
90488
2488
40973
3800
74013
106470
84858
32731
95235
17539
92117
59926
82327
45708
32330
24315
33174
85580
83450
46624
21771
1659
34796
11268
105112
93940
96140
103843
85714
40629
24757
85524
23327
12451
11088
97942
21266
99632
89796
58643
53627
4757
52389
99620
67399
18602
99411
95013
37907
80648
34296
87121
42621
46295
56158
10918
15975
78545
101929
45000
74624
100646
48759
73047
23850
13033
16391
9315
82270
98112
9667
74871
2363
46590
55512
46469
7273
6358
89866
12214
6557
12351
75249
72915
15549
7668
90838
22903
66678
12964
103603
85531
73565
57795
44789
76303
77049
55172
37849
32504
88166
13318
60994
23238
6809
79456
99253
26169
15465
67967
76106
56662
90552
8095
87615
27449
90368
36269
45434
34044
9477
6641
37326
6087
29269
81887
86552
71776
70328
727
3654
26008
88541
21783
14934
98485
97740
94976
11985
23561
30898
32764
104325
49073
211
48919
76652
92484
77484
57843
23690
73251
21374
68363
45188
27530
96942
72713
43983
29705
65120
7595
14093
72110
48748
3274
99540
86994
82892
106290
104491
72207
70836
34364
76608
20347
54205
7520
91027
88526
79932
17555
64785
25512
102289
76934
18004
58814
25764
96535
5470
60522
90463
59660
4931
102306
63131
45031
19360
38111
27058
10458
86667
68206
33903
23128
37081
18567
96984
71619
32225
103311
1095
47484
76319
33252
46678
25649
101032
12522
64233
87182
89853
37135
28709
40235
54574
44396
11468
57433
65529
11994
28903
13985
72697
50268
96981
78828
60317
56027
59511
27151
22488
61035
42429
6311
106299
83184
94730
17346
58700
74481
19882
22762
44628
43177
104811
6862
3436
87386
49659
11128
93569
71315
64892
86259
103773
46555
17922
13668
70017
66926
78227
15118
41052
43791
36476
73747
2676
25013
48688
1978
63437
50270
9771
72797
69386
104743
73915
64043
91812
91643
80087
67347
87763
85819
7482
80516
82805
51321
43064
30738
31212
25119
47782
54215
28897
87482
49297
93220
89448
42250
18142
37765
72171
11141
2093
31246
67510
35830
92098
96526
61457
82509
55599
52233
103998
17344
21682
47261
62570
6758
49421
96084
39198
64460
8011
98973
84678
87717
72299
52720
70276
82594
43339
53163
80138
36324
74079
63342
71574
97326
83131
5598
75589
56360
41057
35769
61309
105071
22577
101314
27685
49138
870
73651
56577
50722
56139
64295
12662
41042
29856
41588
64622
69534
40742
51989
85451
78798
33654
18534
68310
35341
22826
17498
82486
56791
51569
50669
63219
23555
98089
20545
21127
4573
74417
22972
94192
13214
73514
92054
14715
75690
63791
75050
28234
61328
52896
49155
53612
56993
19641
95156
3663
5036
69269
97077
47601
81354
101664
16048
98849
14703
65421
76579
34161
47155
8144
71507
92620
16449
67369
101748
7087
37321
107970
77383
74149
2964
18123
24513
80142
68293
12460
51514
37705
8090
30339
63496
18147
83746
67303
23530
99196
8303
54829
37773
20859
50189
16415
82701
16957
33448
34032
105286
4355
91950
86336
36911
98438
81474
6180
100961
70776
72483
107994
107906
15157
98574
20505
95015
54173
106503
59663
99441
66633
22190
100364
88886
65834
51737
43279
61418
27238
96928
66432
37976
19970
52666
70596
49610
17653
98646
14915
83995
99821
74841
21075
48288
5688
30164
94635
10463
47894
108094
19954
45211
31928
23065
21689
17110
43579
106585
104556
17780
30143
41839
17569
40007
107215
101642
56888
4162
54485
82552
14416
25731
16488
75971
94699
13977
15454
101568
2470
78864
83591
108219
88800
82282
85344
104061
30411
81950
76333
63870
87959
3198
73695
66103
10139
34608
11170
8457
13315
41081
102118
3483
62451
81468
84043
98237
94057
17773
93575
90504
100148
24892
10800
50949
31151
26636
103376
92107
62960
64890
12770
99295
6861
59471
58408
16568
92179
62098
69183
27826
101150
74251
68581
100500
16010
21870
106241
51118
12807
11827
48596
63372
58605
28612
1757
37258
96115
34679
66240
103633
87993
46636
84323
17245
22569
62415
19337
38428
37389
32291
72698
1025
8113
68205
73139
35383
57651
57976
8065
70163
36597
53555
87218
92002
75682
63526
26767
34095
97238
55739
25456
31845
59109
83222
57138
67245
60630
47087
98567
53427
32345
107030
80293
4330
34911
96040
58429
53825
41148
81654
21595
51072
13120
7109
14308
1376
82017
8288
14346
36270
13517
90025
106445
82272
63874
96144
101152
61975
56737
41029
5698
26885
732
5915
15481
17356
19953
89197
74514
50527
73365
35545
97366
56868
29773
44223
56069
48649
39196
50373
72426
2481
100520
20801
52560
1114
88241
77477
84503
91149
54168
25260
66662
88177
25800
32862
98713
103986
99785
23521
91417
29098
42046
14966
85281
821
78097
25524
9098
47107
60896
9136
44757
23951
33508
16118
51152
16543
91677
7231
78226
8385
1714
67401
96590
82873
75356
70750
41949
68058
10797
80486
78413
78498
97197
61733
99186
107321
30269
106504
53404
89491
37211
721
67712
27192
12687
65102
2473
82321
375
3740
49548
88659
104923
101241
87654
48471
75331
79938
93190
33703
26957
31982
72761
36535
38807
4952
91694
101844
31633
55540
85368
42038
79254
88421
10617
75078
58755
12436
27660
27499
79411
68341
4624
94142
28580
45041
91363
70718
11240
6100
56906
33859
87513
14624
72041
97456
34956
70730
13828
95444
44720
43165
45730
100780
3003
82620
49557
8373
49518
20811
34294
45153
34484
81547
59624
85495
72689
49360
91366
67990
2846
43225
60566
77441
80147
101204
2572
35307
91686
72774
61569
3382
104253
62411
95570
66067
22004
1955
21123
48132
86811
95640
101493
79335
32003
34987
4602
21182
97445
4381
27215
15239
58646
65815
24594
84981
100098
30935
37184
23140
82301
83234
40606
6697
104907
47988
3849
32405
16615
46229
57325
29493
4928
42103
21631
58491
32233
85630
950
85294
83209
82033
19216
1107
45476
9581
63356
50335
14005
56897
14841
3983
104537
45943
9119
82685
89872
29519
16594
98817
85053
105485
57490
2839
88085
42825
18926
58088
31597
105790
58012
99969
16494
101810
99492
5426
24273
9110
71085
80363
56645
7660
35409
14167
89975
81274
49585
101054
91031
59432
93423
49721
23117
13652
45443
94505
103066
9640
100328
25558
98096
54350
79460
21009
101496
2690
37038
49194
52924
85016
63286
78661
27919
54684
50824
86385
62025
44538
10551
15578
50857
18423
8069
46596
64116
37725
7168
94144
106766
51785
39677
22688
56863
104444
12855
83240
106898
86976
21140
2140
58938
34642
87450
26004
37277
36784
29583
32381
51298
79020
3327
62277
65967
94595
64450
36426
39693
5911
74505
49436
80
86113
10736
83012
73036
40200
40144
3054
92908
9018
23171
50984
26184
11125
25784
98637
97419
80232
82684
72700
40607
26409
18360
82126
4168
79523
4750
79400
61561
74318
87797
53913
70056
13422
103847
32490
107009
8071
29846
27356
16598
12918
57574
27940
22421
7873
7228
17810
4441
16789
83287
68148
76128
86997
62024
22632
60626
99582
85120
4593
100310
51050
7301
45986
91571
11052
85797
64789
25394
59673
77191
61248
87252
39672
26018
91121
75040
60041
83706
49174
22398
59549
74832
47167
310
10384
44903
64960
2539
49709
47453
25263
50064
87771
46333
48685
56623
82383
79401
25477
76575
52376
23603
5478
28166
93186
44751
29536
26807
102514
15143
65325
66448
49727
106052
15670
100579
107908
7335
75401
57562
81083
9752
52239
34639
100831
99143
62655
16684
66636
98743
72059
26965
83348
103413
36946
35372
45736
9892
25126
81761
59440
75565
86830
83870
40259
73630
90432
94086
26318
29805
44366
51719
46841
33584
56167
4753
30322
13359
48858
44289
12987
5364
50947
102177
46406
71998
19058
59256
72683
22998
83433
86471
30706
61781
83102
48931
70620
77790
78434
36440
37846
100710
30934
66075
107394
25628
69211
87977
91912
97642
68590
10191
58347
45772
6052
15526
13510
39028
75671
33786
74361
19638
72867
28196
1937
50344
86651
65161
107484
58297
29433
9344
82186
97527
18246
93628
96501
95302
66579
73394
40292
79115
67911
59032
54174
67038
76911
97211
19914
6076
32673
21227
107932
36537
13558
73488
41596
73112
16530
97241
55819
103881
9903
19501
83841
40105
103431
86452
104869
95353
106994
67955
31247
89732
81606
46194
43227
82620
78242
73888
14546
75428
75613
74041
62648
53065
56294
96809
6241
32931
98964
11728
4640
29824
27923
20856
42601
40735
73224
4815
54763
3346
81278
17131
8709
25610
73344
488
6482
95923
53646
78122
104190
56829
31818
17313
60337
30300
45705
50748
53604
86879
81449
98595
5461
38061
93243
92710
37593
82785
27684
20024
31586
105012
36829
47202
51887
72101
25123
73680
2231
107547
80363
30798
26293
62350
14114
39704
9503
26191
7067
36226
48325
49592
39887
2474
49739
57251
102821
102846
11531
1952
65187
4898
79434
42382
88677
4795
31798
36813
65571
76274
87078
33476
26073
84453
48043
88464
56102
74236
68224
1399
80445
91326
8655
2607
81709
30246
20584
48841
52646
83011
58418
2203
