41111
66711
8854
58728
45863
7536
6879
29117
47580
95385
37341
86310
62066
55287
49513
69973
16631
13255
86365
36160
87384
19809
90752
53099
93389
54607
73476
68014
42602
43171
55066
58001
12581
9409
13838
49708
55733
5976
57390
19733
67584
62020
60780
59392
65900
13698
60110
40038
101111
71976
23988
66357
1116
63700
88319
34274
14531
96261
78900
57800
41526
49793
12456
23441
68428
7206
75738
35078
60286
100874
69747
68679
78510
96763
49589
51164
98351
45536
88794
52577
4112
87106
66971
19450
49581
73012
6521
18430
23157
103355
49737
7840
61460
78295
78086
74285
60060
84786
6493
66380
68826
60737
10361
28681
92013
101539
24344
69812
67087
68286
63745
24684
34174
26969
9349
76467
87733
53299
56222
10691
8727
48606
71261
40518
25103
33287
57967
36531
5736
36331
35060
64220
88685
84768
43751
78379
22849
78675
90132
96586
71167
72789
16665
74440
69348
43023
71064
12992
99020
53676
93859
101436
74128
91702
13803
88005
7100
87168
50885
93228
82382
31714
1660
5411
24837
9132
36511
79296
92184
85067
11884
28082
75127
9737
45314
103231
92093
33698
89488
104336
40291
7445
11450
47998
71232
93963
11003
77641
83835
61409
23823
15858
20776
12848
36371
65476
42983
35026
32235
75310
48235
80051
57848
59038
74229
27627
78886
15086
61824
74175
101576
90140
47684
47969
31601
2380
92617
69230
62298
69613
39112
39618
92965
63495
59356
8843
100418
88491
104868
40534
8375
92507
67343
20960
79707
8930
8812
50081
93913
75293
26137
91112
83479
55524
60321
43988
79900
87655
14474
68561
42717
76507
97350
83195
70990
25634
87086
12444
86994
87506
46680
20073
86579
27834
14107
101674
42055
44653
11367
95118
102172
28657
55405
68482
78673
23697
51960
91073
27729
98151
58057
75799
57901
37518
87032
5810
1276
42924
86485
42934
75170
16914
65367
20423
48680
90571
65544
45698
22917
3883
51423
66012
12215
54198
67282
101231
79939
90549
59041
87150
50878
46190
61525
103145
19684
93420
65682
62022
35145
15253
81123
33568
47877
85004
33195
102981
1560
102258
95522
27841
46040
87442
49536
90097
71154
81185
71991
12199
75663
99332
54460
62296
99303
732
10473
31515
34120
87107
96222
59829
62221
3396
86070
69257
22151
7491
83034
34637
579
76036
34013
72663
84016
64616
84209
38710
88179
48848
10828
25328
57955
92336
1476
77190
21992
41777
31882
5298
85207
51887
19693
43866
46511
103190
84515
47505
104264
77894
75052
40501
104089
6935
95092
8562
14969
97296
34862
23239
88637
18005
82067
53505
18135
77195
5125
42045
74248
78276
73137
25434
32919
93407
47549
36969
56754
84592
17155
41237
27438
56100
71852
7139
28544
79156
60542
77338
52838
43515
33064
60953
73288
86312
100310
85682
22173
52913
11785
90085
94033
18319
57553
54245
62905
26382
11815
38712
34282
47750
76653
65546
70521
62785
67075
28935
52487
27735
92354
66384
7284
38491
6867
96044
58058
24183
52441
62037
13369
26206
76983
40852
46486
22829
32377
38217
25094
88888
29891
44301
85920
41445
50943
65770
73851
17445
64747
12392
60910
39146
56658
36377
68073
39122
8975
3121
76853
34495
103665
36036
62518
9717
103158
11550
85222
66397
4740
91750
90069
69969
21008
67955
82006
2007
29704
94599
68504
71790
61968
28735
48067
4992
103234
17521
93208
36990
66399
63726
13125
5878
28126
74794
1365
81572
61813
95619
28465
99496
85474
64922
76925
68583
91571
73679
6613
90004
94539
29513
84256
63421
37873
87094
27298
35127
15843
8563
86149
45790
45252
53341
27743
21580
26429
99121
95413
97980
55584
102583
4244
58704
78028
34987
52067
59947
92891
63863
12418
71252
81482
88384
74853
6236
14207
52488
100646
50021
58878
98171
63040
32641
75813
73393
30693
101445
101126
10419
100665
76625
36980
13663
90761
33375
65072
55751
45664
20791
36433
34008
51342
105767
62185
3260
90581
84052
52591
74633
23496
88188
29474
12687
60216
40588
55731
4178
97561
19641
79360
96250
64078
39184
53288
99363
42914
6685
62939
96404
42943
85570
58235
102089
80948
76320
101214
11018
79910
38029
59116
94855
23538
101885
34628
58985
49162
42168
7572
101039
56982
102426
75779
98750
15934
42674
56696
60456
67786
43776
3570
6871
14473
99133
43696
48126
6670
83092
83215
91492
19811
38833
19238
7372
27320
11930
77023
53367
96704
37286
41607
28678
62978
102618
80370
23282
57030
74526
7268
81598
81885
21443
102330
47759
76813
53027
10344
55034
11058
47815
69446
43123
81266
37779
64241
53029
100323
24210
102017
48072
71706
77711
37656
88347
31653
62326
39059
79387
62379
65587
63326
13395
67095
4669
99295
15472
69865
88377
31738
94441
5271
36505
63078
8865
78902
98318
58769
85319
41026
46836
69542
64627
62305
85597
9998
43315
85245
26052
30759
26424
27167
94767
69571
55438
33874
45176
84206
5710
21716
72639
60474
15595
42692
33329
98919
6534
16906
66443
31687
64667
235
27633
54883
14941
5328
82978
24269
37806
76779
77851
22599
41849
71757
64217
25139
34496
52068
71617
101477
63290
1929
12151
19286
53958
75671
102882
98298
13938
67315
91212
49164
16838
90264
91854
83654
43230
36430
92567
98568
4312
101780
52952
1581
91080
71395
7775
16750
72732
1582
55049
4367
43303
27963
97300
61856
83665
94017
19735
103167
45484
91295
89251
4572
35475
56895
65766
104599
96232
87713
16690
50444
366
15285
88581
18734
99181
82349
14558
90009
44491
27851
69018
63128
64712
39147
23794
91528
33371
95605
71138
25606
76443
39822
85541
85094
17438
84968
55111
30999
33872
24967
97760
64439
103581
81636
94838
95672
24651
96860
27677
33846
50255
101356
66147
42974
24415
103758
59261
13998
89108
163
16810
102951
93278
40077
50580
71231
24323
39575
31362
26800
71629
59426
84926
30466
75696
55736
18554
50726
38682
50195
30910
35088
101274
4733
14727
58869
29243
8218
91736
83151
31423
48188
86344
50784
44259
68330
88781
787
53189
90016
80930
44766
25372
79657
30055
4405
19108
22942
88648
19025
28083
5767
81591
57038
82552
60633
100489
58627
4752
59657
87457
66348
391
79983
78552
54562
78106
93319
62233
38921
96064
101663
6995
40877
21474
18414
84490
8369
20652
103878
11128
18464
95719
32855
6645
73941
42420
16644
88714
103478
83464
76398
30201
33285
24120
104626
68526
71263
29935
67024
41586
55952
83712
104053
47187
85507
78558
72550
84645
24386
91778
84761
52189
87550
22970
1384
21368
50229
79681
60595
56255
90456
91532
36996
89416
6227
13744
85420
68157
12057
26578
1820
93864
36145
9880
21091
92736
60668
41816
87049
29806
59463
100346
72950
36244
100981
97250
65461
50855
3853
42707
8702
808
40906
58196
50193
29834
79484
86508
72146
41248
13614
1221
37032
91846
94747
2379
10541
50795
90825
63803
101987
101351
15817
24731
1146
100725
94702
19187
59559
79336
70921
35937
4919
76549
36926
31502
69492
22733
77862
102904
99804
52664
43173
58112
51708
28987
57820
47326
99293
51405
78945
80822
102547
49355
49017
50223
45955
49138
21094
75372
26690
98824
20755
77240
77867
69482
25490
83030
68580
20657
52936
34130
45162
104593
85227
29595
284
20301
36295
84697
14889
71344
18968
100343
83262
26855
82352
61249
68155
12322
39074
105222
64933
93139
63500
89185
105730
36816
75918
93078
41371
99524
93807
44592
90309
33262
23909
63274
99955
59153
26590
90100
28699
66116
13607
57106
90006
792
59009
10298
23348
39481
13822
4950
72089
103339
22473
81979
64374
50087
57479
13828
61325
87035
924
47844
83147
26444
24695
94274
14812
61118
53485
5671
30052
67158
66304
74270
44573
89252
41794
26535
31651
97113
17225
48310
42811
31913
33324
5942
64397
67991
32159
86428
22787
64483
49067
23790
20653
21383
29445
64039
64602
11376
39983
97982
56969
11441
66128
28421
2226
15525
42606
101858
100519
78149
21592
70769
93852
60828
86015
21563
17748
53426
64987
65649
51427
13241
79331
17224
83376
95636
96503
83317
15119
58124
16410
4481
47035
72640
48821
47077
57
55783
14726
48309
96920
17552
100530
27755
29291
75952
66047
56323
79172
33974
20837
17481
39720
9595
50518
13281
39017
77816
666
21848
51997
59075
63259
34787
65370
46037
39086
31472
805
91200
63306
52544
5776
101323
53017
78064
71773
23226
58851
69042
51278
82953
29035
91986
95572
84046
87330
14961
55801
25773
62318
59467
98588
73563
89698
12855
98355
20324
73265
37541
37723
4899
91276
83845
50079
89907
49817
68293
6633
95342
24147
79335
1512
5100
8357
7960
201
99298
71113
38535
27592
57644
85455
84978
67096
11072
2208
50362
8237
14623
32408
50609
77586
40713
72661
80643
10637
3397
73843
43720
5442
74363
22429
59195
54726
47094
51445
72165
1864
52359
53496
44386
27115
21972
53383
100040
13862
32440
13251
57858
12179
75645
33774
57248
31718
97440
26982
89502
98995
8622
10042
79627
102944
69399
105413
105523
32366
95847
40833
105783
93590
25310
37148
104386
42760
44126
89459
61859
102595
54237
39269
38337
42897
71483
5997
98634
56466
103622
54423
27124
42301
12526
47183
11921
703
1806
56676
38067
74300
34246
24869
36606
40329
79620
67993
47218
38570
48374
95492
30524
80757
31497
73318
17884
77976
35407
82314
6408
15156
85242
14065
93992
97258
51619
62046
50941
78678
66456
15989
69250
30345
39840
44567
100008
85027
53717
11212
70860
40752
88014
30114
83533
47356
104749
104059
91876
37760
50755
18822
23569
39318
6753
76939
4909
9823
33184
62275
11597
64888
82646
44964
98354
53165
14528
32128
65443
6614
58152
60629
37333
47533
6221
3387
89620
69139
73586
44729
82894
2298
76324
49575
67325
22088
79966
81764
79413
87665
12327
51797
96530
95773
55155
90320
100865
71320
27629
75411
6174
53026
15271
96934
67512
59685
54274
97431
54844
74423
35732
84234
20430
83903
42268
100266
69793
39489
97268
81908
40959
13914
4957
4008
56065
55417
43909
87691
89369
1555
88651
53404
104832
69228
41441
62649
46576
12502
14789
61788
54648
72069
83372
37282
104496
57344
80119
25845
62842
104361
60301
47981
56241
56286
153
7192
10815
97183
10684
79779
4393
72835
24119
57230
48588
45131
71293
70560
75260
17548
8871
64838
33836
58392
99176
9087
104697
41907
67844
65870
93951
95771
1853
97021
17485
5927
23042
3229
93540
1747
4935
86458
52866
74206
2304
100701
52460
28867
90721
22087
17498
50086
81164
11211
101573
35911
15031
95172
73627
103194
57203
47033
47047
17807
5957
25405
3670
17993
34214
35305
42253
68053
3160
102163
101919
38503
966
29840
26834
16435
61773
68162
89172
87953
2811
25440
87669
92285
56400
84381
75190
88079
3041
59499
3639
70264
37906
63957
92225
20780
46579
70544
54510
64969
77050
61887
77430
25043
61603
39785
1359
31512
98832
85583
69862
40676
87731
6413
41392
98110
50339
92182
83864
65282
73036
14566
58192
27377
91266
52420
39668
3392
88097
56942
57693
99403
38614
29758
62246
57199
102887
41182
54669
55308
88553
16492
85839
94668
18578
102371
40730
18970
64245
104393
72207
103017
14131
46932
61556
12723
52136
45435
102136
48747
63185
13273
68891
39539
72873
9307
70094
77370
93339
81425
52627
79012
52276
35579
386
16141
73892
63266
74802
79754
36790
56734
82850
93577
64960
58037
95260
7136
20518
90893
94093
10703
2186
53357
23026
65193
59339
49405
14281
13984
17489
100902
52805
69704
58248
18799
15941
81612
63458
56760
15287
35550
4974
5337
91197
84563
77945
53832
86527
59254
4765
24193
58956
17604
79030
25738
94757
37097
54577
67018
1342
78412
42107
67261
63494
36563
55267
102101
77828
65689
91640
87517
53609
72658
97241
98682
61397
60871
57088
100568
46016
88717
89116
75008
95065
1262
32169
58181
74827
48879
86663
77317
48742
4341
16479
1942
55229
1113
87682
22458
65041
104916
20229
26918
97415
94997
89340
70475
100774
89413
92670
6083
95312
19427
93736
87469
87595
102142
27622
39609
76566
68836
101072
60432
84011
23605
90259
33290
13645
11819
72669
76805
68231
40076
24673
2518
83235
67858
12646
61385
2478
43168
78579
339
93136
22991
21849
20244
46290
27390
42417
83873
12747
92204
30515
17286
81994
104020
7690
86215
25479
17535
36084
45468
54664
96870
64974
70743
34844
41771
21934
50593
103895
105654
89707
29446
36887
13205
87130
76916
18687
23369
49186
7749
20821
16326
6975
571
59266
83320
3424
66977
29733
11039
61198
54709
104675
43508
103230
21334
52102
37638
50581
15682
155
36179
61966
22094
41308
49359
40938
2174
42363
10191
103353
6813
7720
13585
91224
47195
52566
18840
35299
9010
16328
18022
51864
11977
73471
25984
52120
39960
71798
79043
13028
13920
23950
89455
31698
67143
15873
79396
93509
37491
5070
32214
56298
71292
3185
37289
73522
70470
62171
46950
33527
65459
92254
32329
6421
37715
21104
70685
11166
68589
29201
25760
6292
19576
41642
47761
42060
53922
83901
43295
96832
74422
2515
27301
43374
54205
62538
79650
23609
25306
74810
66903
55982
82817
92870
52376
52289
8428
75445
82201
26120
51216
22033
99867
40788
36738
29830
80603
104734
105457
103690
60558
90804
29801
71830
63911
61984
69155
100927
98109
95627
64242
15560
86698
31507
14772
55857
30762
6640
62911
22432
47646
61491
24726
8616
23578
44188
9420
94058
95278
92572
65031
6294
68680
48102
22679
60579
92692
74288
73671
65872
5500
17735
92153
93608
80008
22372
28356
66954
18313
48499
78302
6364
42808
97182
29855
24612
29832
46686
46724
3878
37431
9624
28345
74025
33044
49754
22867
59386
67259
61524
17655
34493
52520
31956
7416
69262
40364
59087
98486
90959
61658
7756
76505
53004
100160
71238
83515
86766
71471
122
96728
49374
92960
69609
57364
26540
22020
39854
34404
37828
22029
4219
4681
65445
46830
8876
93692
14125
14333
97989
16127
56009
95210
51565
56989
98513
86570
76998
10592
95394
6692
49096
14826
67150
41087
36322
79086
16080
32636
1483
10354
22414
92032
88514
43434
76055
26087
88101
46601
62740
58298
96713
34981
52407
101689
76272
71486
54368
61676
70194
90481
97855
83660
70835
68527
466
88422
77194
12113
103140
14965
52282
34858
28920
28141
28881
26933
18357
333
102079
103563
8123
84525
3487
36732
74910
103862
78888
15827
33663
102730
94234
14423
60653
13212
36723
35416
93768
61141
95319
45815
81147
95221
24317
8989
57337
21377
62759
98984
20953
42317
47498
64604
35548
12904
38545
84429
99357
43270
37141
73545
16985
57596
10556
12873
90189
39312
65099
39526
85139
215
61599
74604
72647
45139
2074
77919
59144
44798
71634
3161
7163
71615
12401
35328
12732
96465
92552
87911
89960
71130
14517
28469
35272
63264
86011
88302
36061
39492
41783
10696
46436
80959
17059
18565
100116
69875
13005
89344
9709
17192
74453
3456
71946
34968
64768
16620
43601
85158
70660
87534
91916
13059
87852
25363
53380
28068
17875
101256
50642
82169
72415
95330
38569
80418
49931
31463
65359
60533
62544
25535
55459
56966
78438
59699
102818
101829
57207
25436
22421
50163
100016
80847
85203
94768
78680
51054
16884
84532
68087
93932
50611
11036
60478
65240
66657
45914
31015
59279
77286
67652
14879
65279
30288
15750
101334
75829
19589
103934
48538
88018
63780
9424
12403
6214
90926
16844
13248
8755
71254
59930
74134
52318
10204
49531
91740
30354
42271
88220
93135
65596
8364
21936
63763
50842
104828
7101
41890
5452
9183
69355
26555
104754
10965
76228
27553
82510
52202
103181
99216
23318
1735
58989
64234
46789
5020
61100
73498
32295
1465
50685
88875
2776
64125
32585
45004
102137
40573
93286
13888
16762
9615
42499
71439
87059
69916
46494
22388
95680
61637
71921
63769
26316
59099
97751
84176
102936
12817
62655
58380
30555
72815
18746
89931
49776
40352
3930
26946
28632
66681
65129
40085
104132
93245
47831
74507
66213
20533
3752
74215
70390
6832
82709
98804
91470
11856
2957
79953
59204
18816
50185
53876
46224
10478
31622
1973
27848
86490
11001
8829
67250
48155
58314
88343
83799
2942
28304
12102
66990
61216
58229
93906
97312
27189
80555
300
24498
20474
97830
35219
12405
2102
91013
69386
30756
66110
468
73868
100494
31290
61898
3231
88914
85351
102022
50247
53656
93070
7183
102092
20762
44297
89437
4109
8007
100306
3642
57475
79622
103619
38612
20407
94489
37885
73320
79617
38047
47792
66220
14557
68200
2337
27632
58654
47279
76679
58474
93576
28639
47174
13116
44355
72039
72078
1466
2931
11379
54559
44138
69424
84136
62676
34529
6978
91531
44770
26847
9445
42167
3023
66857
25271
83514
17866
38726
30848
84760
47516
31100
63090
58944
71690
40297
48258
40376
93873
104880
96367
28187
37140
40286
16996
47840
39967
8927
27530
33569
11639
58933
74326
32741
53948
2578
80749
45108
81034
13844
83914
37154
68813
89245
98052
96289
100800
95248
31440
91478
93473
54999
24521
84132
31569
57440
47129
44175
12394
37959
7269
34750
12183
71393
11862
45366
37348
11179
33191
89653
2873
36266
39635
71914
2427
76197
17618
16047
14990
89307
11786
23405
14418
76628
67725
5446
25225
47308
96671
83042
48335
105392
55437
99602
50325
59327
24721
41606
33738
57061
72545
20404
58916
76761
25618
84973
103333
65693
77103
30661
59157
57384
93743
34953
67377
30533
78354
26953
81810
18314
51170
61131
29520
92893
75229
13321
92864
31517
39349
33577
35437
12010
86986
104037
67284
96810
146
43005
31263
12522
103313
19161
4744
27770
84666
39815
86463
60801
95609
26072
40891
71958
93497
79611
33270
77568
92273
28196
12533
70029
68772
92220
49426
47961
62026
34464
47686
51931
62530
29176
2314
92
19842
8378
25544
45191
33343
35445
57525
91173
40942
86982
16288
24954
103424
20389
58548
10201
68386
34248
27097
32726
61337
29882
63934
14502
9813
3521
68674
28827
52267
6588
31775
57788
3337
46658
94405
74330
33833
74676
8306
62804
35408
2299
37852
60256
82596
93380
96809
17067
71687
88015
74143
1698
48333
58994
13546
7238
18961
44857
94856
43357
58612
57015
31872
4095
59731
53797
94227
1610
61143
17833
3344
55372
71848
74464
44128
16433
98091
87673
53322
46829
42408
71616
49173
64948
7472
51872
35757
50382
63122
16901
95029
42181
40406
70880
39809
19214
98311
34425
21706
57530
96452
24512
17522
29369
28320
46014
12825
39394
32346
77911
101263
89367
16376
78435
1396
87991
2809
29777
15117
76879
95347
85922
84419
41043
105643
37450
19834
35692
4466
3442
77684
77912
30643
43811
77853
40893
7848
22748
13216
58883
90440
41874
60285
77313
40667
10561
80815
20086
62981
11806
58625
86954
10820
63136
103123
41797
96098
67665
88169
53781
80547
63160
66961
77129
73372
95794
35789
18699
58589
25250
31847
95346
27871
49787
42579
84568
69648
10241
14271
80696
48316
2364
57803
21498
83590
40571
79987
70726
84166
10130
19703
4017
90325
5393
24122
55550
97500
19708
65278
35977
60355
65556
72318
8490
12107
82681
25093
18918
17982
74222
98048
6156
56771
16953
25528
104385
94454
97055
70206
30451
27331
66275
99641
11184
73603
97497
22577
11468
103854
5155
4169
34904
56782
64038
35791
92105
64295
29282
51880
92433
65386
23055
15398
58050
66156
26399
8933
19417
68645
96334
83644
34912
29276
42185
5095
81101
98948
86619
104335
21866
76674
57366
61155
73445
104203
18813
12268
76292
25941
100449
88305
16131
76499
12330
15655
16785
14167
94026
4020
68998
14305
84343
32136
17414
102370
27828
77302
85304
54459
60378
66724
79432
39598
75110
42936
85147
74511
18855
49299
38498
102173
75822
81823
94444
73169
82849
100552
81235
48011
14152
30590
11478
87773
34770
39437
90499
9715
53373
27536
85880
64571
19242
11680
4137
5569
89069
15363
67866
54800
19970
19220
42264
48173
94694
94048
25361
43031
13668
93927
75272
35845
24944
14368
57779
92554
64315
93622
36929
73136
13621
84497
61830
29432
68810
100806
12136
76982
21533
86229
84778
50978
100087
64432
11442
41684
10028
91172
94008
10990
81238
21817
90521
41645
7928
28265
54126
7955
50524
11398
6049
24624
40884
105394
60168
68143
82429
44837
34910
5843
102701
46620
68122
42992
104510
7130
90597
66948
15006
105425
16451
60679
89895
45868
7264
88807
36953
18658
43812
82079
95514
70462
67232
83403
34594
52680
67587
38177
52774
54509
81141
61532
58308
57431
95504
70795
98921
69289
18550
31302
78255
22341
12553
57122
55824
18352
32577
63619
40581
30534
6927
56688
12470
80669
98294
65100
41798
58895
73469
20597
22731
104661
85189
65886
98481
57923
79895
103728
54598
23602
10271
26017
55205
100499
89726
24722
100482
103635
38058
10792
74355
81520
42566
11784
88976
25817
48713
18412
92597
75708
105619
28064
8284
100986
35147
32253
98501
77917
11573
6945
105417
14526
86141
96585
69480
54055
52155
35279
46896
92753
14654
31335
39736
99738
34818
10372
38602
49467
52676
81068
88099
86847
57201
35182
26893
33056
66343
98235
76888
29011
95075
37905
5777
89250
74372
84705
84102
48790
97588
8530
49422
64167
24700
30444
84663
92365
5222
88823
96258
69849
89152
33404
25765
44162
17863
35592
25665
23333
71777
10808
40400
8635
64908
17780
19558
6220
50959
28555
79907
54019
22124
68554
87313
17428
42767
91260
6712
89267
78526
29129
22683
22386
61137
47415
66581
48865
14746
36429
50772
12181
32953
62431
43735
19414
44969
52670
40753
63544
93991
19339
12176
39613
85370
24408
1724
53905
81336
29018
84161
39839
1463
68096
34652
96977
61375
56190
42133
6523
40871
71717
22639
64994
42386
18608
14869
21630
30044
28620
20417
98716
102461
89641
58033
2912
35575
55718
71738
97593
61354
74766
97864
61668
101962
53847
4301
15348
4506
51957
34703
23039
49053
101125
76774
61749
104809
95506
28249
25170
31612
71818
61147
98145
7538
84138
83806
53534
26445
48215
57428
67965
92074
35803
76957
56755
95978
98672
43642
80767
49343
78587
40804
77451
19285
30721
73771
85160
99269
43945
1209
19622
90803
7772
61477
93309
93681
56606
70107
24729
63085
44485
27052
3402
100608
38582
26456
3199
101447
95630
11658
15247
71224
59767
101266
26258
101952
47513
82585
49944
76867
102233
63400
71553
105502
99284
53022
84643
103073
78499
50485
45613
27690
87258
84226
9732
84115
97228
80226
93907
92269
58282
82076
94606
92332
20766
17345
56395
28331
66517
105634
17015
28103
68112
26703
37460
50027
59936
93350
91646
49309
10581
72874
83495
85398
89523
35858
8241
9758
79984
75599
3921
23826
51311
8469
27742
88698
31576
11309
73331
34337
31208
98966
12919
52701
41914
34381
30262
68942
94071
99469
83723
94015
96630
52506
92778
48533
66120
84520
30631
74590
82625
89398
55626
17350
17985
39729
60075
58299
14348
28045
39235
104252
41769
32711
77310
31525
99546
19808
35828
23756
29381
21306
54482
1896
5404
15841
55240
87583
37195
84738
98643
3381
6417
26116
58784
2012
89363
4174
47431
69928
102779
47358
13986
99634
61854
84133
76568
51463
69549
51241
69809
6579
8986
23688
27999
94608
75648
98335
99927
41481
87742
28228
23112
60482
33051
58432
81903
83024
17181
67837
87093
90174
81343
11522
83940
30580
51705
10252
78056
100269
3038
33668
51270
42274
59082
65943
69295
93410
84908
81168
78860
963
29202
27414
33111
64088
85288
99747
38732
15405
89447
77254
56452
94398
67166
15842
41235
40821
96979
38872
29033
91970
29707
71770
96408
48322
71339
50458
34886
15597
22435
72739
40217
70587
12760
66734
32232
4949
71214
48135
89110
57548
16113
83611
81958
65926
33910
10773
15900
28817
44564
52726
96254
58479
20193
38560
1488
17080
34213
49172
24511
27637
9868
46437
57888
64697
76416
58156
31785
30417
54246
34256
58068
56711
56568
2014
79676
94094
326
20672
10569
95629
13811
2740
24608
22782
80672
26830
8704
17261
76222
71850
20054
62096
40480
95854
101485
20051
2815
43741
9995
97192
27348
64307
49813
88248
38963
36777
80664
27503
39248
62565
15781
29718
1854
80680
45199
42122
68448
91194
80840
55235
95603
100241
15397
144
22299
97336
48944
24487
88565
97885
9680
35034
90946
47383
20107
70057
54851
96141
82942
56781
87096
6677
72118
88075
84771
57415
62470
18087
36977
23816
47702
37073
7386
28100
16629
8045
61627
85626
97936
36130
76130
60236
27383
12299
54064
40587
75262
17245
20764
95354
50269
63300
6518
39969
4070
103510
3986
70058
78696
99
58911
102606
72324
67596
5089
50876
10035
2949
52055
24274
102783
12492
3120
82409
46959
74428
43135
63749
82236
6844
59819
17383
96808
7402
56666
11681
103359
61053
89097
73796
60487
48485
57304
75562
31251
43241
63896
77427
49637
64354
102408
36482
46123
49897
54435
91972
71934
25533
56791
8116
52321
5614
495
73093
30308
100382
49845
69526
63814
39647
79554
33381
59312
71018
57713
29871
9738
67400
9380
55802
47137
14159
73936
61323
531
6406
26623
76694
7111
73751
16633
50548
47228
85940
103481
9036
25616
8125
79016
60867
94965
67161
62487
74127
36632
16213
36538
28169
23244
27405
99660
95768
57117
35877
17966
5454
23967
45605
48013
14561
27150
37039
41179
2032
82241
73573
29998
18016
42145
93863
16863
9526
60186
4170
56615
8741
59604
103252
79595
10452
60429
69709
100293
93897
7361
51953
52481
69527
17271
43610
87886
64311
73989
9344
60958
65104
15893
91597
26810
84308
28534
25070
54095
15809
61014
15698
23411
14015
33689
2842
99145
44158
55689
87697
13069
66975
13391
55594
36814
55140
33695
85357
63867
16635
36694
69764
53437
68944
54312
82947
47352
67601
16303
10005
62399
48799
6032
90012
58069
40580
42335
4692
2139
62698
36915
62632
10434
69263
15747
82144
95780
35330
96013
21837
73139
39089
66185
49430
51785
52903
36097
22945
6959
8750
17932
64776
95036
66950
56641
9193
27952
36002
92646
11134
94273
25795
11466
2816
75763
8456
92465
13850
100469
46939
84077
65586
19350
76481
64144
22704
23515
61357
94943
43991
44410
36127
99078
72249
43429
45564
365
91145
260
62853
101616
53247
57831
38980
1096
50230
22992
50839
66109
50790
24372
64505
12265
47951
34877
39372
56514
41015
61313
67729
33838
86033
50302
86053
79970
4910
67468
14696
29401
32559
34236
92430
52200
97809
64926
45354
54332
96346
48739
8073
61971
12599
87362
39463
29339
76492
41886
50324
66216
31528
102116
84817
104477
2303
73816
95479
14156
18241
49591
49031
86884
23273
82710
77434
43834
102854
5867
57656
25431
64873
87034
48590
73915
77534
103498
80910
61072
69605
49802
31030
2383
59464
13818
71502
26958
16864
60512
8069
29225
49431
56914
60985
30982
57780
99964
93949
47514
41374
10193
25841
76171
84262
24904
46156
224
94384
92598
50112
44750
17671
68663
71200
31859
33896
19044
48343
40985
1016
20606
41744
78058
48034
63541
71053
65553
39664
32491
58045
36239
26369
3164
14592
90567
11412
52128
45597
17332
25799
64981
49544
85897
88705
15138
79298
53583
67711
83679
92382
65229
33928
58006
40126
87177
3668
84427
72369
19045
24315
43090
24814
79271
89482
87802
21013
56592
27179
977
70085
11454
9126
5425
61217
83609
53362
12811
41285
82447
50950
3219
92132
70576
25931
10257
90240
14393
47762
30491
57727
92142
62562
1212
66173
45362
76531
89268
36479
14090
17048
19841
81550
61587
41316
93064
50530
28791
33082
56545
7279
47291
46244
35639
8232
40756
23034
13400
29559
50250
9684
53198
66509
87146
86691
93016
76657
98704
48845
98398
2854
98999
49313
5394
22738
98985
15227
5283
66470
9561
61650
83243
92234
97188
41268
91694
5757
48889
24319
31844
91059
13056
62303
96890
84688
5677
57334
103413
84752
8785
18426
62881
13190
64123
22149
86944
83384
19977
89566
101983
54899
56085
100847
2333
82986
94223
71442
6094
74705
45079
11285
86303
82172
91083
64104
29321
3102
104050
9895
97390
71075
100454
29392
17722
76995
67070
43686
43900
45672
66187
92050
47111
75106
30459
60253
63556
37318
35041
32047
92869
65444
23271
49552
30923
56234
12662
18617
69068
75714
9721
102850
73415
60567
18089
43349
37953
4628
75054
79050
74609
60924
2027
13351
59780
92419
92948
7706
53508
88663
20129
37024
8584
63193
47265
10008
10879
84193
9475
670
7864
30629
24742
44268
102433
86191
94690
5670
63164
32326
9550
53494
13547
5338
99476
97276
104910
30611
53572
57019
77524
31640
52719
38986
64959
84809
74767
46806
81851
22350
17888
55159
22464
10423
53845
75220
82105
51891
16385
27299
69309
83963
93820
21022
67621
58414
56892
24084
18519
102317
24457
104405
31895
8064
84995
77675
52327
14840
9061
35918
72592
84733
103046
28058
68167
35345
92952
55108
5247
25075
35401
71598
41882
52687
88105
59616
83321
100325
94987
37090
60613
4214
62734
77424
11174
42261
1414
66031
1876
42540
5054
47624
82336
76769
61867
56226
20464
62583
83819
89550
71011
16740
20098
96464
10848
100066
10200
87611
67808
45368
63852
75231
98088
91649
51686
60969
83417
61926
52372
96449
11011
56659
68958
50453
47490
40016
68029
99991
10624
83434
70984
22706
76794
68457
48066
45243
86700
37423
65127
22013
76447
29232
90665
25092
45504
43280
86760
41721
91955
51052
27846
101593
53129
45834
69494
35648
51485
97102
92655
38214
88802
3172
69233
105854
54776
77221
1901
60421
67776
4202
34950
36169
104040
77700
45187
42119
2305
16401
84111
81854
91089
24709
99168
36852
75153
51119
88080
35605
63370
81555
71367
65823
58423
14634
89614
93265
94819
4047
91122
50242
83655
40629
86503
84570
103710
84988
78818
69509
68255
73820
75198
67522
53696
37995
39275
23166
17790
49206
53182
60039
70142
77038
5583
1783
43415
22026
69603
9402
92571
60928
88028
24284
105342
11649
30572
73030
32605
97197
84955
13186
42654
100588
8538
336
81616
3913
47862
70233
29333
97890
32462
58991
55576
32630
87509
35827
32870
86258
49657
48668
21875
103726
76886
52271
88129
96356
24724
89627
103044
28485
37818
25373
59383
31801
45866
54434
49370
82311
22813
46750
91565
88143
30379
53569
87394
8296
77440
27562
8728
8575
53831
105495
56310
43396
83169
72585
34462
59554
80974
95838
3671
73963
12101
37078
81327
30889
88374
52956
38396
47605
11724
8480
48498
100972
655
65030
21271
20267
99680
93079
55427
82207
8133
103312
95224
65874
9039
79269
93671
3086
42485
57632
38186
89375
69088
73156
40515
93882
21898
90178
86050
48904
69533
29052
75832
92362
17378
102008
29416
23118
84027
81619
48910
40024
20564
15148
13156
66310
24383
64153
8249
79203
44370
6300
79084
28096
46446
35859
4750
50782
49196
87215
90722
22864
28574
78026
49975
56026
7008
73981
14100
70035
87193
72471
84255
35353
57854
21059
89920
55549
6137
42718
87603
62063
80172
41110
101197
29689
35405
1067
90486
90246
33176
34782
64771
83142
80082
17585
34056
32946
36330
29348
35243
98524
31176
105678
48657
54229
17564
102751
63385
9504
3856
9638
81597
23616
27805
52934
88707
90579
22347
62699
102627
105243
53041
5610
101304
61645
97727
57578
54867
54951
30070
39051
77254
63224
94606
44754
87695
76178
33864
342
16306
83292
101524
72907
11557
2225
71978
14753
88708
83546
25018
86696
75628
54283
29345
55422
26493
31865
88566
66990
42367
72628
22789
94096
50344
66779
31799
7230
83195
40555
43431
12637
74362
67786
13669
35474
46949
23965
14672
36566
58864
58913
73809
69220
100044
981
14904
40341
27703
102826
101923
6410
59479
37861
2680
80174
87228
68403
12781
49843
29080
87659
93415
12159
80117
80018
22787
65902
101429
31330
46636
60935
32485
35882
78013
10302
94484
65455
7536
70287
42249
24669
18029
22437
82650
26976
69733
13567
40510
46773
60352
61823
14644
42180
51577
75111
102480
51432
80144
3878
81658
54744
1843
77430
36425
21047
72656
8843
78072
15960
58164
20106
98086
47243
35667
22710
65134
56829
88360
103833
73623
