19746
81242
82915
25006
12894
13923
40991
77085
54966
82040
102640
9458
86726
30665
92324
57741
17222
65561
88593
52997
82599
77631
24546
64967
63501
74410
28731
62810
82603
36028
91413
29218
98433
56257
85524
72330
31157
58581
47478
82260
2430
36984
3206
61844
6080
14547
28782
6206
59397
42606
10094
63695
61872
68063
55512
76669
20461
10900
9733
62079
1107
23117
36513
37653
31256
71573
15836
76012
48979
54778
37991
87453
37574
19873
46574
86525
77509
73354
7844
98337
63525
68495
18388
89443
80343
39624
77667
53076
24473
98572
17090
91595
50969
50662
42096
37253
26258
34616
12183
79055
53272
96987
88850
75221
95204
90460
53642
42820
1529
98452
46455
76127
39591
16080
88028
1690
52945
64317
37044
96224
4883
6134
47445
33049
2042
41471
96025
95745
65161
66248
59862
7174
80089
47492
20605
58958
94113
92435
59155
95624
75666
88625
18752
82345
76576
4179
19961
44900
61747
37052
18188
71186
8176
49738
83469
17880
69783
71809
46126
6907
102472
42862
42696
33805
10472
100270
26341
23589
57200
805
26718
98622
70518
83882
90261
40444
40272
67763
51569
72851
2205
49022
42655
71361
27042
72889
95925
88677
94986
31262
46310
57533
29987
92936
103580
17863
507
91936
8312
9898
81095
21635
100765
35301
100525
94714
9718
7294
56054
83929
58489
48602
6341
68843
88806
47437
12354
90039
38599
23419
7582
101664
92560
51933
41586
91766
11726
24985
75524
6065
25264
2736
63195
24976
75912
47390
52026
89792
12287
84984
35556
34887
30913
63166
94458
102987
81164
87690
66532
59954
33459
63950
10320
15094
54002
64141
88447
5492
44376
73632
82625
15594
343
74192
9617
50189
42845
59456
71602
33629
54248
51330
13833
84053
47981
7334
46589
58975
29437
59479
33847
5637
17082
102293
4454
82227
71916
8964
37665
101013
82422
11118
82508
23170
46336
65152
94537
18607
11448
45970
13944
53150
60418
45537
103302
43051
33633
64255
37153
84696
23214
45010
52896
84632
62681
84281
44589
42400
50581
42414
72204
77380
30872
103277
90729
7243
12799
43983
19082
102149
80908
30625
21829
59067
6151
51887
50878
79099
30296
37122
78871
66323
81660
23870
17571
15244
15995
32768
66577
50118
7956
48110
58835
3103
29948
66706
63463
42267
64500
36504
506
91476
21218
95044
54192
4423
88743
93999
26020
73713
856
13403
54312
24438
29899
56523
59407
41089
58332
33842
15091
40181
62634
13717
21033
37395
35027
61962
26317
58640
92925
65688
45746
29228
57832
11641
87688
894
1136
100705
6954
53124
47479
31566
31191
38709
57877
79315
82426
27927
11267
77964
67590
82897
56200
40794
20096
43462
7746
59689
6408
77078
66504
44940
60412
102658
96080
102364
65320
95490
32184
1269
48481
40259
13990
91781
36272
49001
50030
11088
67985
25415
9756
47150
64305
76777
100272
36762
19818
42044
15317
71048
90504
8075
27349
8366
31915
85261
96382
44521
7576
51941
100329
75963
40652
32140
34037
30216
55425
85691
26390
64159
20753
31979
26023
44817
65322
22098
24670
48222
16778
53033
97403
97701
89878
21355
23133
38162
29913
2607
47227
102513
92508
63153
83986
31277
4108
26544
58283
13297
65257
15633
36733
6391
5861
79366
4040
29688
32331
7292
61121
10645
18317
22486
429
4735
45872
82052
93168
88708
56972
63634
96240
43374
9174
50445
99576
60268
25754
803
80992
74354
41964
46526
34651
9221
11178
9143
96647
52732
72467
47488
80490
37089
33339
56080
21354
54444
67935
30786
56652
59528
9724
23769
76180
26576
41777
26378
89609
88727
23532
49727
62693
55738
75376
90906
66083
81897
95378
10333
49582
26930
55693
41830
53260
62837
30568
99461
89826
22973
52635
49859
63314
35794
72690
94423
9818
2258
91986
92202
38594
50485
77870
17871
93825
89044
39982
21744
87288
8752
83731
101530
57722
36635
12891
54515
58561
71404
22676
81910
33022
17004
25242
64813
24243
30403
2044
64032
32230
63161
29320
66850
44125
16541
94624
98643
44647
50509
46532
75854
46286
88095
7310
23069
101226
61298
90396
61785
79322
18777
32643
58387
54997
83925
25323
76934
8877
98376
102291
90652
40673
44743
76757
17779
18802
3218
68809
83674
22779
56000
85593
9587
68260
55218
40800
51004
95115
100365
1988
59740
87128
95668
42274
95936
8936
25274
32788
57043
70423
90413
24433
30379
33971
31291
101939
82877
70642
93963
54595
35902
69319
88123
71546
4699
80410
81912
65676
72704
61645
42581
88976
14404
28407
85072
52695
65050
51665
80833
846
27904
93162
50830
70152
19900
16776
3447
82004
2724
97876
86521
9896
23454
35579
102662
88292
64338
58678
39436
55945
307
11157
16504
78734
2741
45859
41911
88993
2273
6129
52123
23317
77912
44870
100578
88324
44915
56271
96402
62739
80973
22235
50124
19045
23054
16119
83873
29949
95848
89782
84519
53962
15549
23912
102211
26703
97252
3479
83212
83713
26513
66311
60776
70971
10155
23600
13167
19855
13585
61428
15883
7322
12690
27493
27488
67699
46846
46947
42171
29537
41892
29235
97340
1280
30752
96014
28349
71352
30359
56485
97676
38456
77388
609
58934
70991
80081
44210
68665
8032
99953
18302
13595
25993
81430
28078
44485
44911
16555
59078
85729
4988
30348
74040
41828
95010
32022
41175
11894
47493
31168
103653
82972
4101
12129
56410
74036
31382
63151
54670
25670
58031
77046
37408
18470
37038
39966
48384
102558
78436
8865
94333
80739
73006
58872
9679
39415
35941
58067
24117
54180
29911
65349
88348
56066
9551
3782
76642
80589
85215
70012
2353
103596
12920
9628
22756
59511
91566
29025
11391
4147
45507
88204
4745
21632
66823
58338
61082
23429
23681
14918
25194
41243
80198
7902
32569
96443
64508
102752
9566
47663
57827
74412
78952
41873
62641
26579
83064
15112
80731
55714
20621
47394
75331
102918
20314
66613
31424
30840
3756
26600
60187
33818
74710
40965
31526
52781
1196
6688
22069
80901
50373
36695
55599
77572
71808
72745
42388
11287
20502
33763
5818
69918
39619
49996
3089
86400
64850
8102
51249
100101
40070
2037
66734
93744
17239
59246
186
34995
75679
70612
36206
68079
39803
71893
22547
54752
50133
53700
56033
59344
58484
16246
85611
38861
17258
44992
82105
3460
6336
14359
82284
5519
50546
43974
10073
99589
46425
80971
54233
45485
91292
103671
59702
10582
94239
49819
76687
63473
12832
21477
85229
59810
65660
76183
43455
33593
28323
8940
66576
12888
74162
79064
72648
69719
73839
20043
12696
72123
91481
46356
42870
30283
39511
12876
72011
5549
30985
12514
11482
60718
83176
36532
15947
4124
97509
83299
86574
53475
17797
21940
97665
89877
99023
45547
81902
56321
70028
57834
75900
67686
24837
87584
74912
44140
68668
22402
14810
58866
9511
99177
92694
72679
43751
52963
41269
93426
58341
76210
87257
28165
41319
45576
63219
73662
5125
58246
41768
47054
6743
79321
71143
8529
37884
38315
41730
58894
35565
52389
22421
63705
17460
85640
14757
3125
65147
175
95219
93890
9012
49097
8225
76899
63993
9336
14867
61229
7828
78642
61673
84979
49519
98428
94925
68307
49368
10693
81381
13418
96994
24009
26261
12018
88874
36059
25231
56102
77122
54636
92819
27916
94358
88972
54281
47487
60327
15688
5563
67422
64567
89676
52741
36983
51593
42808
837
91330
63737
20357
63631
66436
9419
20303
10269
12003
23151
90618
1292
29450
39045
92184
27022
40032
9195
33894
88282
67120
45610
37315
28098
33068
33292
92832
213
20356
20863
41678
2770
43927
87600
64906
87575
74594
40914
97660
63877
77213
74619
25963
103542
70470
17435
99805
70277
25987
6981
45915
45211
86966
17014
87990
67014
81318
21594
11002
60986
14924
13235
50690
32914
47163
48900
38109
94086
88530
22856
103738
80592
25585
13604
74771
47053
49551
8628
50287
24848
71836
88054
32125
1762
49387
93645
82832
54108
8570
79950
83129
67954
64901
12093
37806
58549
67850
43248
96008
103253
28533
87250
102780
83164
64790
37467
44018
10976
45481
5635
27687
72478
86331
38228
29890
42238
82924
1
89247
58228
61981
30246
27131
3648
16432
12339
26249
68974
88355
51565
12784
57492
77697
16492
98330
101964
70968
49775
22816
100028
62134
101350
62741
13448
41779
95836
41034
24455
35284
52191
55413
15932
63951
67378
13638
45566
21340
81509
90714
65227
71743
89644
69908
93297
67589
79074
87829
44248
25854
45557
76339
36063
95122
81253
38769
97327
71757
35517
24622
44123
48741
70792
88465
91432
39861
29292
49075
23805
82365
103690
21631
12757
81445
88001
79867
68864
41670
11965
3614
68917
78607
72140
95796
52093
12985
9943
72835
85537
88267
87612
37927
66796
27495
52541
96816
97333
62871
97544
30994
66336
30067
11373
40725
36843
35037
42279
53904
19598
49472
77877
87951
48080
39842
93886
59916
33157
69585
29013
15422
88537
80220
24267
2394
58485
47190
20999
20988
45141
26064
36927
53575
60052
89807
71145
74768
85544
65319
20137
84435
27668
17256
5379
33766
51177
85883
99717
53375
67180
73335
21808
67012
87509
40365
56872
51809
72651
3881
37572
6906
45598
60176
48005
91515
10245
79637
51319
34379
7559
65504
49990
83002
31993
31775
76282
47391
45776
32809
13303
90996
75604
13757
57423
44825
101038
99360
97373
88833
39720
13706
67013
78687
38265
56749
90994
79356
92057
12251
73610
65559
7461
103896
47827
87950
32329
20366
44862
97078
100322
18598
7273
73140
71753
101624
52669
49989
64382
20955
32286
72849
9408
22753
48510
59153
11130
89095
71781
8576
48733
70146
90208
43769
26701
85040
87187
42566
29137
66430
3715
29055
104071
81537
18950
7627
92216
84638
66038
47958
23628
83373
50926
69137
69708
99963
10768
76462
20860
98116
62864
14357
92101
67841
87308
67511
34950
50065
16452
63363
72095
96814
84084
28955
3298
38670
16503
48819
11669
54589
81796
25201
93572
23720
25208
88771
25094
68339
77195
23582
58681
21164
21336
83958
74961
57883
68921
69301
36848
82542
4471
23865
38477
30423
33638
45308
44023
89359
79878
34250
47877
101949
54957
52456
60093
36290
48455
98702
92355
35524
81098
45414
8509
69356
73710
100195
37435
85797
63518
25951
65556
84930
97975
62920
34720
14162
36561
102295
51875
21854
64908
83647
68611
14880
65247
39397
25049
6230
45731
11207
68624
79994
37924
30086
4576
46930
54250
20070
15418
42838
45897
6720
55602
42313
6936
80793
51438
51377
35424
15276
59940
67505
35009
88470
15237
81596
46905
69454
8593
47450
69668
60411
63116
25715
84753
38462
55702
20921
95632
66890
63670
61077
7690
56979
54775
3851
1634
27273
30720
103186
3892
78126
20114
50044
46372
95250
60075
17241
97159
26
57715
30365
86190
76294
50971
80652
29363
68225
25427
59409
95926
25786
53109
28378
58526
45516
87248
53118
4161
44505
64258
47926
19934
58064
35012
56526
1385
52614
36141
32347
59494
26234
49230
52865
44820
3505
57850
28606
76861
23732
44177
52305
50064
29489
8039
78789
37604
87499
93997
73896
6754
99137
22213
61114
2036
59924
73793
19783
38306
12243
82113
11390
29411
21568
95038
46548
19535
52937
39387
33094
37687
88224
73742
90740
26559
43049
89970
24419
94541
34961
19858
29426
79549
86378
1786
39897
90057
94242
49867
98883
10372
17451
87910
19480
36525
53931
8462
77207
17200
48575
68478
54489
41496
64569
74075
71090
50453
55212
96435
15585
38272
34832
103890
92804
93570
31078
81415
59547
35789
68006
5465
22699
94670
12231
81429
24521
81651
61597
89049
13009
23773
65331
18532
66325
37133
83641
1420
100529
40431
21487
27220
85231
83590
92453
87831
58863
51703
75897
78061
2588
64364
63540
93198
82390
18763
48680
65476
8528
13655
91629
4829
22740
31413
18108
25096
74953
62604
48491
53050
47019
50422
29726
17427
72621
98806
74360
37554
53601
67319
102143
33759
21521
50398
27077
31655
7588
70041
47208
101832
17934
34783
29284
101875
93065
29431
76315
40756
23608
45138
42530
37646
13935
46463
13123
14774
46713
60992
47982
57865
9013
29650
83008
85414
33609
60452
75765
11568
12684
93802
13225
84537
90572
41096
9672
34510
36470
51970
7045
12869
82733
58476
66828
46308
17324
62874
96614
95886
67428
27770
88690
78376
14745
75748
56633
20964
50599
27219
44769
74034
93254
3169
58805
3242
11338
896
94222
45461
26388
89390
83213
29186
24365
78333
55051
39611
14907
50850
45334
95844
69509
96606
75608
21308
59150
40668
80228
87221
17104
97916
2872
57268
76378
8891
98763
61614
59795
11409
11017
87616
24448
6849
40650
9182
62591
35752
83337
82463
89050
16433
45906
16348
81521
94402
35861
24141
80392
2113
77718
47788
48375
37099
44182
98774
1981
46623
20163
57744
48422
27736
59430
82749
23296
46720
65983
38488
103812
48342
69732
64805
89613
33240
17730
19840
50818
95906
94357
77484
23774
84577
83354
14414
80431
38205
45763
11236
36154
26597
36789
31446
101265
82366
45758
86395
77165
46086
65217
1850
90502
101516
98620
42179
62674
40307
97918
56353
95412
28367
45732
45052
94448
51820
68729
16880
31925
74142
25696
2166
8317
21141
27215
81422
24707
57991
22445
10593
64013
800
34301
31577
3461
58481
84087
30298
22871
29130
93223
73152
9804
19208
76024
80397
35293
8563
73768
42402
52470
60262
62689
50017
58855
91086
88778
101813
71506
98896
71094
7229
50238
42281
89805
96444
46368
29561
19315
39290
15083
18310
73702
102986
86142
75501
20093
91173
52186
64677
55979
63858
45470
73472
52054
12392
72781
83943
41351
15201
62527
42965
28536
68067
36935
68541
39783
72223
90631
37213
74890
80216
98303
33325
63182
86731
45956
25117
59786
19051
26423
18502
12398
76821
8128
5547
69391
72766
20558
81332
46367
42460
41462
91528
21647
41404
52515
48157
2930
84870
11483
70978
54894
58150
48882
14254
101796
40906
63444
48589
69569
99494
2722
29154
98659
12179
4008
32531
70182
95310
14334
81394
65717
2680
71067
68994
5666
60512
98067
32725
37990
95794
93903
62414
33505
42943
32180
19782
99295
94940
35826
96760
9615
30579
51862
74765
73258
14374
30915
10923
20230
46806
3029
13175
39705
14415
36078
65471
76940
95491
65933
56821
89771
5848
37183
82659
37250
10434
62820
88609
15061
57355
100879
61838
103307
80588
66495
5893
26246
61156
14456
83049
52617
100724
29495
8869
21499
49722
78578
70340
25982
82818
29797
102565
88527
33136
7516
30604
18351
63720
15278
57941
15726
21992
1739
91918
44254
63578
39137
100167
69227
7163
96158
78597
3607
25467
19830
83426
25133
28902
28766
14884
8648
23230
15488
22302
18743
46255
80883
33206
17069
16298
28836
62991
17044
10096
34869
48112
69728
67931
61245
60259
1818
23033
184
6702
60204
1471
16583
36810
20420
67844
4337
40192
80937
54633
26264
59546
61097
21791
80803
33490
60344
86607
47805
76495
91326
35304
69562
57106
90434
102815
12819
67652
53598
46400
56720
62692
52448
77606
54755
10604
87929
63966
40094
80122
5052
34898
25165
98788
56292
57082
34136
63571
45590
39096
11024
96727
74219
97282
40577
60003
7796
74232
26009
47584
50885
17704
57623
38298
42074
30179
17516
35818
86715
40479
77251
48145
19352
49512
2049
4259
89950
34405
28366
101971
66409
26174
43232
52308
77092
50381
39737
72186
7206
58066
6951
94069
13962
30980
17360
81357
38382
51283
32325
67650
40191
56425
80292
36461
28394
73185
43743
61983
41283
25782
31801
71173
81721
25958
57668
49838
48620
9845
17746
81148
86171
16633
79484
49444
78328
92739
65580
53939
98460
52693
93160
23598
71010
74537
71074
97475
65829
5740
45427
101506
30719
62228
49293
98485
71423
95627
24731
56067
52493
38694
49687
16479
84517
16531
42297
22708
31772
45582
45780
35787
77982
61026
31006
30101
80429
25932
44285
1679
54750
936
37882
45426
33492
16584
21974
24136
27354
23752
11450
53652
99813
95764
62131
42792
3312
48494
84265
17578
41420
98922
1687
97433
78739
7894
83803
95377
47166
25196
35262
19162
49539
99811
45416
85489
25985
101740
38931
44432
99110
49043
70268
89203
85376
627
14258
89550
3690
52022
16858
13730
47046
6920
92044
34452
90069
12434
18640
72942
35114
64146
1111
88885
52950
88551
53129
67943
55900
14695
10714
75802
78196
49187
5025
9938
12370
92976
96214
7540
24302
37338
65437
65619
11215
93292
16629
37008
7202
69504
1703
1813
58068
19393
15029
4697
51548
67805
71571
1518
39197
73534
36402
12282
38648
20962
102121
94110
86877
77622
75862
72657
92769
11653
26106
71685
45909
68284
89197
47641
30444
72399
72991
58773
92635
72841
62511
9728
95817
28336
2532
33472
65583
75214
97877
35307
29268
40003
15142
73535
93108
22066
76327
34329
28240
24847
70095
62542
3015
38190
36658
42676
33476
13290
63928
8113
49443
94065
55495
60724
98338
56705
69683
37881
97680
81533
16853
91013
52451
9070
89634
46164
35087
81908
8365
96574
21422
2768
53436
67725
6048
86328
51326
22289
101406
69889
78135
85435
25304
92433
98015
35912
41866
94812
46940
85065
31475
87343
62041
80662
37852
87253
38202
100443
66201
62443
93209
33034
50319
64143
68392
52229
5113
6277
30107
50293
45497
20757
30643
94094
42617
89501
77849
41834
31824
12535
21435
60312
25941
93858
74307
51782
41282
15904
96251
103940
55941
59767
4250
43656
29158
9727
52548
20477
102359
54809
85302
20824
4861
74897
15568
6469
30090
17355
100025
77453
42086
46913
59073
29075
76469
77341
59711
78229
53867
52250
87428
45142
34102
90177
79991
92751
1344
29233
74304
15159
15762
5665
5664
56784
61301
98790
61629
34004
33573
23932
26743
94771
558
70582
94088
5985
9216
27858
88307
2886
90920
22407
12952
5860
55776
99257
78300
28607
24413
50601
82128
60681
48893
67880
70252
8861
96378
66302
86200
58658
3894
72847
32492
2306
19437
39122
66043
33466
55490
76792
63579
12853
20675
73537
75857
86460
52070
45112
23224
18682
43375
29001
6798
49411
36448
56466
20953
100851
898
29036
6259
95662
56923
38281
50068
69258
103602
55493
97218
21985
51943
46845
68448
31643
39121
96777
34231
88620
41813
40961
34058
57357
87725
13426
60117
82086
36243
3534
102079
49026
17387
98394
73241
64165
47762
101125
36860
4021
6381
71680
22513
31263
17147
52253
11005
92358
77837
40515
54643
42476
67932
46445
71531
36530
67951
68396
83245
28952
77151
10013
72871
4619
34715
94322
40664
2055
54629
78791
83417
21617
13843
41030
23992
11196
19968
73118
21300
17970
51742
54864
16089
83188
77707
45992
70386
12536
15097
71719
6055
18232
45015
12933
14519
98328
26040
50995
71825
92471
82516
20787
68220
25554
13341
76752
83294
39913
89393
23444
94775
6455
51727
61819
91126
24901
18447
17941
58102
16270
19146
19747
67241
73829
103879
63274
61525
59663
19403
85275
70412
42618
68589
34195
71896
46910
79026
53871
23070
1217
94830
395
23343
85968
20786
32511
196
95435
85953
67227
89925
18703
29896
80362
82138
64505
84738
78845
43730
64923
27198
37901
17327
16290
64884
33125
35532
82404
23325
35585
24639
35627
80762
102310
44814
77402
79492
90832
26409
80297
41912
83127
103244
62233
56841
75389
26499
35539
74318
89578
79094
38632
70484
50458
63528
12053
48101
100295
24406
74443
10056
36730
68418
31144
28172
14563
24864
49114
61472
58937
84167
76601
49836
84454
56139
49326
49248
30795
31612
38983
11211
14833
30358
19743
15520
28689
91287
59609
7658
16394
47434
86189
69332
72742
79649
7529
39178
4501
56927
36070
34508
57664
32587
45312
237
83518
84944
32925
95087
98661
23004
60832
73239
86590
19022
51130
17773
45721
7450
70243
78757
102716
95699
7387
60864
87095
48763
42545
19884
5262
35714
73966
90534
85971
16369
93533
84539
41536
49816
11577
70229
31929
86637
34284
62273
52988
90024
88323
78309
86425
11411
7802
53388
46158
5247
81560
82773
93996
95675
11275
29400
77209
20543
59158
91418
34234
96243
6918
34178
64301
34033
61881
57756
50126
505
93448
12195
88638
55196
77900
92754
36123
62425
79506
32333
88629
25643
52734
75591
48416
43982
56319
27543
63555
97060
90016
37274
65346
79427
3145
47676
19679
81478
92680
87267
84628
799
94951
43955
52142
3459
103499
76766
55105
8022
48815
55910
76995
86068
13150
84145
33982
11871
55079
5344
16063
59345
70810
48991
45723
13909
18076
61623
91835
6713
17701
33364
29718
102530
90123
88824
20390
49633
59665
23984
62971
32145
54262
23796
88256
79656
20556
16510
102326
101378
53478
62207
42070
33203
31862
91653
86188
63778
40601
98126
57471
60388
37848
11473
57706
61978
72198
98363
87151
90552
29766
94482
69800
83151
52345
41038
95237
71999
24979
4524
78522
49920
50416
77466
90298
52030
74670
64555
74786
30452
69912
77529
20463
14198
66626
39286
40530
18164
93894
84644
36500
12311
13528
96859
89210
47013
75726
83678
70108
29968
41758
21432
63990
87860
84567
5304
86492
90263
483
49330
25441
91408
103982
94917
18986
101580
57144
83461
9504
66069
39391
81864
94895
98505
15049
62633
27546
21912
89669
23341
61337
83666
32630
79453
91914
59977
24748
101927
96778
60720
72316
14495
20440
57425
56885
6799
40185
60824
45335
89551
31575
81376
51072
23741
73814
77250
77179
68863
70704
80442
49310
27663
102306
31914
67911
27857
77307
88032
80056
49840
78345
45119
22091
69960
70209
86579
87661
8152
24011
43057
11532
32327
43329
98633
92199
99318
84155
103474
64101
22297
44509
85789
6554
86725
7940
45442
96258
55385
9564
8172
34852
33555
102579
37523
20571
46464
68014
40172
39217
38450
13688
91762
12769
68078
18700
80455
63145
70994
64065
36904
74291
12779
90452
59323
41411
8973
42953
45828
50377
77558
25310
34197
19695
56032
91103
59497
102550
93467
12765
19153
15417
1559
58125
33746
63570
27027
55921
66215
34182
86135
56483
3825
30178
9275
1383
70663
73967
77099
3067
58727
54890
33885
103565
79849
36924
65311
28049
85021
75760
57828
69514
21198
59654
80040
69623
40006
81272
77171
78620
10366
71326
59506
58177
90799
28880
26720
74738
61228
19735
70555
72773
62395
81831
15385
85703
49446
23498
12309
59553
19023
35064
38301
93962
74614
6960
1741
64762
54179
43893
1873
24371
67340
45527
41289
47090
59290
102813
73772
41525
1289
55880
82297
20689
20151
16660
38498
31701
95587
3185
11299
102819
74249
20142
53131
95667
52107
52094
9719
72817
74859
81568
93639
14440
14095
50184
28329
33928
76316
96610
26594
74225
97560
8085
70265
17541
68281
74526
78093
100692
17191
17274
89492
1642
22466
39311
9701
58453
73262
72579
1532
86760
67646
83167
16615
3030
48449
66806
40465
38926
98898
79487
36625
85829
63133
50872
28384
3281
7297
37180
91625
44712
50913
32955
82938
45076
101043
82231
74627
88869
69487
63992
55593
82941
34494
61140
83132
56355
68670
90278
47455
52535
76150
23647
65405
22075
49585
90240
30300
9394
99343
14506
54100
7750
42396
28936
16210
68564
87787
18801
56343
6640
7899
34230
31891
7452
48143
74154
42465
43422
5670
85168
63183
24307
97728
90873
91122
57085
60079
90311
15856
101080
1212
63935
98865
65799
28291
94308
51585
65455
48423
86102
42732
6416
15184
23115
79897
23252
40728
22364
84423
41377
76957
46241
39308
41001
11550
18879
50316
6883
65439
76878
50684
33610
95238
100154
54509
46594
46124
83816
100667
27384
54559
78027
17791
48240
39915
15247
89215
5472
99339
86746
100919
75910
62046
23306
43245
57055
44499
7794
40881
49602
67486
29724
100023
79411
69666
99556
32853
75833
73727
88103
54144
92256
50805
86133
57855
32345
67246
2698
92280
27811
82000
82458
23146
59833
94416
44219
26899
23648
28272
63775
9181
21375
98876
69693
48712
10713
1549
40567
56757
10202
6407
79796
95519
23213
86104
95964
85241
84733
33511
44689
42211
94327
39507
35077
11936
53631
58510
31155
94362
82075
26893
68143
40753
1425
10
23217
38685
39610
37850
58534
33062
27096
18927
51800
76478
85307
80894
30768
19681
5170
52994
5082
60937
42482
55740
63348
67406
16940
10348
8810
39
88851
30141
23074
78754
89661
92015
87235
9088
96468
71392
74683
35165
2435
82262
18142
19726
5195
16870
45155
22715
9292
89260
3131
42749
73805
4871
67674
50867
51183
61969
24605
66733
18582
53276
77371
101650
14161
24991
22347
57481
96923
91007
69362
57204
36643
1099
25731
84067
68181
90838
21273
177
63487
49757
84545
7961
41561
76762
67543
61040
70943
16833
32888
34806
90687
66985
96281
78847
45018
16625
2149
10686
49664
15471
77616
47355
57371
65996
14736
78311
42223
76472
81801
85299
79435
65750
71386
39622
30201
100193
67538
13622
67117
37707
76048
7111
3467
85429
99457
65761
36088
27551
45755
72350
7696
72966
48723
30806
8109
15093
65285
96436
62264
58800
27424
54689
25481
74069
95330
6108
41805
71434
21149
104090
71445
96984
91794
15403
20374
69200
490
54236
88736
72807
18753
45462
4017
43828
27295
96129
52466
70444
49814
72513
34601
14251
55634
20212
42187
37431
82355
67100
5022
94004
86878
11169
25981
46262
51986
46199
39380
92969
32213
80914
7983
11304
65441
90724
72580
60777
94522
93165
77378
62996
69707
15814
6174
42246
47059
94536
22992
63306
100569
36012
52721
41490
82387
48253
3740
3593
98223
87529
75115
89681
92108
34294
24690
4819
35197
10223
50730
88477
4
73303
59847
78473
77679
25840
58573
63808
50551
70549
9702
87629
58553
48362
4245
42202
54448
12967
49945
5099
32944
16255
61869
7934
81643
46856
14878
26195
102512
91622
67434
96072
52749
51510
32063
34050
78833
15435
78113
42767
40705
22035
13183
35838
22947
4248
77680
4854
18765
31252
32165
31125
48015
89674
434
35602
99991
4789
65061
61724
25734
57873
56231
63221
13503
42563
27936
1056
77040
32420
36270
10892
2140
47465
30785
55110
3086
83109
57061
82479
36736
91217
35770
44260
81712
56041
36797
10668
6800
3391
45806
91119
62204
74432
26052
6818
102915
58925
24928
21797
31412
80749
36676
23485
93688
38595
26451
31656
84368
54679
91141
91788
55052
65684
101756
26000
8675
1224
61842
11739
6433
95440
57543
98269
92237
66006
86792
71862
84983
18070
27491
45080
7703
54723
15983
9479
10474
55255
56799
33392
84646
83744
4240
44262
61096
28174
54257
42877
55624
16044
80647
86329
61688
32545
62622
72934
19622
8330
84898
25106
38496
23009
41791
79659
2975
57702
52965
27796
87058
6860
99768
55631
88379
18131
47971
2510
77614
37944
41931
89616
38693
67115
9193
85650
96520
93382
37835
82676
79489
13926
74371
53785
69172
40960
41666
17043
57373
7727
100871
35780
67776
50836
554
35172
4785
64785
31365
65948
87923
25243
68288
23488
64111
71681
91079
59780
28632
7288
25736
50211
12982
11042
92215
81680
59250
78151
45767
76932
62515
27368
85465
1345
52725
48922
43195
11325
48917
44481
64422
36634
95195
8816
69310
85273
44759
55683
11214
85362
91449
33383
101061
1588
29777
55399
79345
3054
13111
81674
31167
34703
58380
30949
17901
85680
5979
12578
101475
70324
43830
30219
97716
43430
59765
50682
101701
43241
59967
97710
22440
30448
60392
54875
2561
72304
88719
17021
62785
51514
96935
61684
57604
68233
70312
8344
50405
13329
10011
40145
76605
27524
45419
96059
87955
35987
50311
60161
10637
52779
74923
59828
10997
38335
53137
61173
77450
34957
57163
71323
62808
44926
13787
19626
72747
14911
101093
64991
86909
31485
54325
65449
70620
62797
33250
11935
53017
57293
44027
99243
45923
58946
61092
60072
74490
26464
47759
103017
62792
81277
47672
5027
16218
32681
53960
51304
70073
32606
31002
81207
16590
97141
94486
59415
33739
32311
37031
54098
94398
49074
53936
20325
71822
25561
63039
68342
92596
6566
89229
24044
52645
80071
91985
37942
4385
79784
60713
45373
1916
48871
82011
74045
24745
22549
3427
22374
54362
3157
51858
27301
75584
46987
22049
100137
21931
529
19201
6379
71742
6390
37322
43630
88812
34138
87264
482
90252
99586
73202
100415
101710
62464
75791
101538
79112
98696
23374
66119
10888
50520
68087
77079
19130
48892
36512
33823
34474
52001
92120
2575
21759
54057
37421
45208
13327
34279
96126
55178
61147
51078
60149
3292
58241
16942
98312
93616
77131
89652
10656
68018
9620
73980
93586
65107
55897
99448
43280
20172
52132
56448
30841
3688
49058
63048
20131
82528
5402
77571
22100
75079
42826
5717
13847
35140
28415
29058
73474
15975
23615
82193
22525
35742
22764
4165
46153
5181
86195
50360
49550
25899
65479
6792
42568
27523
69581
79342
41667
2305
77739
69761
86528
47726
42066
65966
84455
10669
2805
92828
22139
28091
65898
2448
60285
28932
95771
58394
64138
15063
71508
17720
62857
62206
18885
55843
19059
16121
44978
15748
70370
95995
57438
35656
11814
35665
5751
34788
1142
29293
68859
23122
49568
57121
10221
26742
5318
41210
88160
22965
11781
90928
23510
91493
44099
61698
25785
83136
60533
65115
13683
19366
10543
12530
66690
5090
68711
67195
21538
64997
82042
10122
45132
3542
101786
71062
67701
7007
30851
2773
42640
60811
2438
72624
42436
70284
82884
58565
3239
53181
65588
40628
48434
78433
78446
95997
982
46884
60926
30295
27501
6285
19156
89780
68761
26506
41050
86330
9376
86294
84504
81326
74417
39931
3679
27064
37440
92478
97349
5743
2410
74931
13293
87293
68816
37576
60444
71437
28505
75889
28899
55877
2901
46817
93554
254
42650
15648
69420
87033
26688
85235
60480
69369
2526
12965
67040
19262
78735
49429
51105
91677
99817
89137
21176
40617
100213
3568
84199
39949
22996
70762
22900
60443
5061
75823
12229
42595
43441
63113
65086
93356
86997
2546
61545
51677
68324
8580
95721
97229
68040
74805
95774
74420
8776
34828
84578
50902
11084
79337
49812
87139
39977
38240
71402
7242
49885
21479
46838
23919
96995
99977
2402
83278
81679
7458
83703
49045
4291
78429
93128
36484
8114
49272
103701
101399
97610
28115
29224
61826
51608
37496
46492
3768
89018
100496
1764
33705
66374
52300
11247
14393
33331
65332
57398
53918
9121
12091
101136
37150
2529
61855
87671
104092
33646
16918
95372
73007
24070
65372
22141
4866
96078
5900
98075
33948
27332
5796
70171
15736
34150
21235
22713
24643
76382
2635
49526
60553
5237
68489
17543
13040
27562
30627
63994
50437
94610
35365
60909
32013
34771
7486
38438
32065
27210
61244
79028
31043
53180
80585
32618
60124
28557
7945
74006
40543
66212
98000
101323
73501
82911
22904
53640
88273
77259
21309
7212
93979
58821
23795
99402
44497
9265
31535
32715
2451
53603
85189
75770
83915
60245
33308
24409
75522
76980
8147
55953
98138
39195
77421
85754
63691
21999
61562
46024
29226
30311
90835
56335
30970
37362
69648
49708
71091
78500
67515
58291
22150
58120
57776
1974
30965
42145
52082
31988
100534
72300
3512
7401
61610
100843
6218
74234
60632
61653
81049
48798
76647
17593
69358
39935
18339
64876
79445
23943
3246
49869
55925
80807
34415
47719
78320
100462
78855
95120
4633
64677
76409
65337
13173
58550
35788
102190
62073
103679
52092
19992
22397
18866
68324
50727
52133
74143
15551
37984
18920
80330
87831
62795
70209
89514
61008
80914
56368
57154
66413
27516
67278
102881
45739
9524
85484
14770
42451
26259
22551
78443
43322
5956
50372
35609
2425
101642
73770
22514
75988
86695
6563
33619
68022
81748
101310
81278
23535
21465
55741
79130
2341
30603
90878
41059
90148
24347
69129
84012
42928
19946
90181
34319
40541
87380
67534
23885
8849
84469
37250
81835
51613
10203
52425
47699
89323
35103
1925
15835
13076
93374
13996
30066
79486
102280
1095
23694
65376
38236
70857
50034
3393
64497
23528
70354
41110
19432
51095
98041
47930
13130
19236
51537
72959
48366
52783
72724
41547
19396
6813
5105
38708
43844
71531
776
40626
42633
102553
72023
17200
2171
60880
32585
79535
