46500
94290
63441
20262
26717
49699
32171
26881
25615
10673
90256
67741
695
64518
49408
70720
13820
3836
80468
8904
32445
3128
66571
77240
36121
20077
85808
89324
87316
43634
97942
39533
52772
32495
28779
40253
94180
26659
12983
74539
1973
96425
53603
87271
87967
53193
32371
47115
72905
22586
36978
7995
49105
14976
81120
47640
49369
24634
102952
36904
58544
96709
49189
2922
21432
33209
59500
104368
85279
43160
62898
63837
5531
79038
6815
47559
27302
18535
51885
2907
87358
21886
55689
49758
85681
41630
105734
15129
30820
99255
53025
62384
46664
102443
87968
49802
96667
68607
86063
13896
50880
33397
99389
72462
7973
42951
13755
74246
66698
99588
74336
62218
24291
3860
63253
67636
93531
18009
56809
5690
35934
83779
92645
23202
14160
64704
56138
80790
95746
91830
5442
57616
57743
95604
82870
76396
45892
20636
43653
49376
52841
59819
14891
8839
66741
35483
22955
103069
44154
82986
22486
62690
91619
58215
63031
89345
44073
19649
71230
43816
49153
14535
72761
56615
70165
16471
17629
44397
78971
53987
19533
84004
61547
62944
51722
53470
21066
43407
33972
95772
74754
102666
55503
26941
95748
855
28075
53973
33130
49243
11019
86945
28547
20876
48355
17453
65945
92708
21370
36064
103877
40899
76198
46522
932
56427
3144
9228
68031
51842
43911
22435
40659
4990
47967
88320
61159
68719
62127
22733
10221
80891
90950
73691
63408
14585
104851
63626
40167
86879
72133
74058
46913
4548
54893
44119
59335
69433
25267
7017
516
49018
98112
10885
37415
91769
18471
79518
100269
94971
67970
46385
8045
61080
87991
55258
100260
17857
89171
74902
47383
26339
27007
55865
38123
88233
12464
49002
44375
37730
32627
66880
21993
13892
20792
23853
86841
40696
58623
9237
69403
82950
81892
24066
61496
34765
32570
48785
44543
7884
8382
81948
61580
10058
74639
32645
47859
67412
37090
46090
27361
80505
63435
103582
47193
19804
37073
41634
7841
4301
75563
12079
67259
74167
14477
69159
83340
14695
45390
96796
34518
66539
12261
47298
39044
45396
33332
77820
86247
55990
5013
43604
72637
12505
20584
74342
4398
86233
83219
53703
103721
86965
86666
26475
88015
88915
34862
2986
10303
64830
103003
75564
61997
103558
65346
37962
3518
66985
59527
17466
96100
49259
101939
57647
21642
63892
59294
102507
372
10085
56299
21633
31564
77842
19123
2204
60041
52493
27805
19546
20511
96067
84263
68760
62049
20161
11118
45115
56927
87676
62544
78176
979
49663
32833
1934
87952
74895
31891
88087
74065
42280
76037
98114
34391
11342
93812
19026
19070
27329
72108
4228
51709
41608
38781
33348
14024
10128
34349
39945
8053
50455
48650
79182
66882
21516
50370
15314
60753
66784
17590
88743
82323
101425
19350
103111
33142
65977
101171
93614
60527
38176
13705
81315
86273
77053
81304
52845
3472
87302
44190
51912
63124
88042
5329
38940
77286
97686
15033
26822
32537
28894
49912
23716
23130
105197
88654
8950
69251
54511
71154
29988
88603
77906
51833
8307
79493
23112
76458
41116
84828
85269
29692
47044
33993
74916
68200
52483
91437
96462
24494
68504
2420
13729
24029
47030
87541
43277
75529
47806
27768
39609
45779
59916
37899
69884
3688
58552
97282
71366
4933
89446
100948
45729
31969
82741
13649
76573
77331
71183
83259
83964
4321
4080
44747
1693
665
38284
45195
89685
14667
105474
90166
44019
18324
83872
79116
38588
59414
8373
48023
85381
2373
87238
82212
58593
44995
70843
10536
100015
84805
31528
76569
60373
22332
42068
65729
47524
5683
75532
101030
67473
81334
58254
84628
16859
38886
49986
35668
82377
72411
22293
49825
9470
66697
40318
74659
104028
27459
85420
64930
75322
22250
47390
13726
59681
6148
9512
100236
104380
5766
58499
23567
34750
103948
19669
58410
93675
48950
55082
78735
22901
65649
12527
20257
48952
92818
95836
101888
91689
18597
98647
80213
82559
68621
33850
63413
85299
80342
42642
44368
37240
5603
22638
96027
5814
4394
82421
55199
45144
20759
1560
30201
92220
76854
44608
64293
85070
8690
62377
4101
97133
55091
18945
23703
97333
55184
81464
73411
25092
105565
22975
3407
59759
86603
15455
15740
88934
67995
37241
14643
32422
7325
94453
42805
42563
78003
10019
32744
33626
76269
54986
46808
60843
44086
66240
19036
104346
36075
88402
24717
98186
69247
1390
90242
97008
35973
101177
35318
11706
59829
44163
27745
70376
103034
25131
96761
67329
33038
62561
37501
69662
78273
64807
64606
37735
53078
57429
11362
35965
49958
87948
80527
60294
76164
50919
76208
40132
102634
79412
54802
6506
88257
71098
7979
20423
79558
16228
98961
88988
75198
35963
2031
83519
31459
22318
3319
25612
49387
80699
24721
73743
60417
52763
95002
8370
87496
68856
21789
39147
94119
67870
12708
96106
80558
32351
11379
42646
12468
26322
19500
11041
58674
1359
17645
84621
34120
5509
62642
63814
53542
53947
14993
71807
59608
90577
57784
18151
65269
102259
61553
78015
37815
65000
8559
2668
58023
54112
42246
23846
91235
14932
8462
42739
78766
6789
24255
103829
16331
31633
62996
104771
54150
26228
25075
14834
31171
25545
82317
16328
91600
9060
93505
20742
27900
93734
24751
59913
38719
41057
27452
91056
6615
1747
42416
74275
36602
87240
73306
29888
37804
104070
103935
47954
67263
104373
35670
79424
99706
30332
60798
53641
43224
78363
24572
68486
31334
93721
3208
99524
71558
42890
72778
85609
102689
72379
68380
54035
1211
80304
15669
22659
72019
94774
59700
45593
9193
37080
91067
15828
61269
43902
79556
48689
40530
17374
29285
17726
47995
92323
75123
6262
25608
67535
47071
54021
36463
63310
60959
73517
3043
92231
79339
29711
52222
29845
75874
91150
92760
17347
25114
16613
101063
32327
96811
8928
17105
96604
26325
69260
39973
61367
56811
4576
85859
29890
19847
61109
74023
55073
22291
22119
94936
69264
52132
60735
73908
68901
78788
13151
3907
79404
18466
76221
10511
55920
59209
15930
6425
30789
7202
38017
16805
29569
97458
6451
76957
36538
91188
12820
40852
1248
3581
77296
67200
63028
75157
2532
14093
76323
33724
44091
25510
55616
71406
2291
4682
76525
75988
53483
46526
54455
96835
82861
27221
88695
15465
166
67110
87494
269
19037
38344
86399
40393
2690
78274
82602
8823
51646
92713
72127
29889
73696
21254
56877
101672
18011
32037
51042
90480
19438
65620
98311
78429
41829
56905
93933
79115
87616
3147
69350
31025
64487
84164
10055
5830
98822
100301
91038
84736
98317
2950
79752
69878
56891
12334
72631
17391
54879
16832
80353
37401
57008
6180
82955
102561
75971
33555
88386
13575
73802
72077
17653
7028
87759
58874
91800
84034
103222
28650
93116
7607
333
18883
97247
87047
70544
37136
24479
42120
83190
74655
91280
35292
52664
86607
85208
7938
40342
43740
71774
1981
46654
81510
28214
22560
62411
94775
41151
72800
63237
5112
57727
32150
30541
3437
48783
36822
61289
64723
88295
97157
57882
18733
40151
81704
49975
59273
48904
45520
25543
20002
52547
5915
30728
7395
22888
45821
40526
62283
72959
32257
57766
41850
54457
77436
38216
3504
87892
90026
16207
16773
51191
97795
80601
60101
66956
39878
66221
86235
23796
9206
58549
74476
93746
35554
60946
55585
83753
25469
45049
57878
98563
103002
77020
63027
32369
73054
64138
76294
12186
82590
27520
25177
93061
39036
98119
7428
86127
55318
100018
10320
75464
100745
50341
65407
42428
63009
81555
98915
8088
96122
48237
50549
103923
4413
50745
78368
20046
72801
9599
18827
59694
34655
98678
46983
70036
5254
53895
78646
76487
94257
21262
81728
41809
104332
43651
87197
68114
46423
79077
79336
675
7971
83289
17602
7402
35192
60984
56046
30627
92894
64285
11905
82902
67339
97680
35421
17282
17789
46861
39623
82812
7550
21929
26305
78444
71851
31388
74213
42197
12333
105103
347
46103
76144
54125
103123
60281
96451
13814
94949
83541
15347
22668
44228
73878
45316
58202
44753
78759
58047
14907
65712
97905
68778
36327
48382
97851
30991
98628
30741
2823
15857
75314
50602
47636
45913
57815
69689
12816
78683
28940
27089
102846
17245
9905
46961
82611
20977
94121
54724
102061
61746
38194
48233
3455
90592
74229
84114
21794
49211
45547
66649
50316
53438
64007
27877
56909
45410
35432
42998
3900
74308
19654
24158
51822
59751
92201
55021
96612
89196
74347
5914
103594
6932
83708
50847
76495
86330
67330
71016
31909
29536
10527
59034
31093
38020
93062
57669
59806
68302
4384
100910
36933
19813
32733
10942
8288
89557
51952
81004
84749
49235
82951
75405
35856
40099
101474
37821
48988
6779
18485
98536
35648
96020
7228
92478
56376
80331
84568
38882
68601
56374
33341
82838
74169
86667
17513
29055
4237
14501
69396
87020
93278
54373
31330
99407
60262
14693
9581
52073
52665
56488
81172
82614
11149
64414
18491
29830
19193
34961
97445
20924
87174
72809
91374
3003
11691
99622
10542
31005
46401
50412
66619
105254
95503
9346
81873
21124
11813
33330
59739
62067
38306
23553
75571
12178
18139
16111
43159
55950
84000
101350
70494
92683
30719
58493
30435
65351
92388
43260
86900
34128
75810
38847
101243
1023
53840
64444
32985
66847
28884
57726
33604
96674
17415
47654
14324
44307
40247
103451
29173
2310
29834
67951
86033
6234
55331
88968
43241
94403
97890
16836
24100
92594
101609
6364
54162
85980
12609
78035
8074
22192
63052
26023
18104
67505
67673
43701
7846
20684
20105
40896
29006
45760
104245
84453
9225
53362
44557
93011
88990
75381
59736
105612
26206
67286
34932
87346
34625
57579
22712
67145
58918
32210
100234
103500
93546
83995
85991
30354
79763
94883
90542
41066
15880
73141
92762
42309
2443
95985
86618
90455
28230
21398
98085
91812
19389
16868
21417
48287
42440
17625
54465
90628
11584
53709
508
98890
84745
19330
85875
47602
56401
101017
96783
46183
62497
51915
41791
51487
96893
95751
78423
49084
54933
21145
47571
64211
25940
2213
98762
97707
73029
97927
66349
99026
37536
15865
18545
40804
88137
38782
55945
34906
71704
99014
86069
97671
27407
54528
7294
17807
73431
96482
68574
78888
27814
24188
85234
49957
29099
68522
21109
99124
77078
19395
89337
103950
30011
21297
96924
24870
90989
71053
20838
81549
35108
96337
3432
53121
84149
3544
101767
95885
22420
15267
70056
75773
13013
88711
61954
76686
83485
68150
54570
9207
83855
66721
47473
53896
104590
42231
19598
23286
13730
8915
55722
21341
85390
2795
90519
27939
8528
78768
23662
55047
49061
7276
104324
63924
87041
104226
22896
61730
79596
77684
40437
16470
97233
20575
103548
33559
21685
79230
67040
94736
37431
72985
69057
82759
15186
26527
5866
72995
103809
55228
101923
63454
100275
84033
81651
45681
38287
102858
93719
1876
101214
90378
24754
43847
13384
45276
66093
16920
59541
63326
8187
20407
9179
29597
32004
34499
78476
27470
47287
59797
55401
49136
64840
17218
47546
72331
29440
20602
87330
104593
52934
2075
8278
8142
91060
18800
635
72710
218
13100
27622
41100
47165
97783
95783
59639
40674
16779
93822
32550
64238
91804
98611
32188
64737
99236
42141
12125
23203
64510
5407
60199
48923
94351
56065
22909
888
39513
102982
90702
98975
27780
72599
78858
21980
40879
68647
47082
14449
65243
102065
4482
19802
20270
7400
12369
32013
104772
29180
92951
86742
85133
5032
71327
57489
50647
94785
50902
62824
48145
14712
419
59393
56430
7043
78744
27455
54652
30531
76220
49150
31320
41048
65011
83915
56668
34647
44922
7136
35844
57518
54135
28203
3842
15909
7337
94186
37583
46204
93317
69210
51335
24085
65547
51184
35612
28341
51874
78354
103291
88887
58755
104991
40013
69151
65155
19503
61058
103488
68404
20570
44628
3700
56142
19693
53232
16731
69669
48104
94648
42273
9410
26663
78666
88951
79894
26266
71412
76233
93040
53076
79835
50559
22642
99112
82202
91326
51035
5395
62574
78669
23028
22316
56492
48715
31524
70929
647
22397
13945
45184
4269
34205
12106
97588
85460
91100
31966
92425
40183
1178
8286
93384
72457
47512
101435
81058
103546
94213
86223
37944
50759
104447
59948
91225
71364
63965
42327
51957
41017
105102
102092
98900
69028
11628
67427
34316
10579
22360
26038
95078
25338
63187
20474
80690
57693
47010
7477
81432
83207
77676
43318
83728
43320
50066
88778
15055
71844
1623
21133
24683
82940
95839
36811
26427
3231
96669
37024
102743
7168
4258
84596
28070
4193
13097
65057
87669
14944
105295
95309
13140
91736
29618
31511
24970
77640
84763
75800
92661
100681
2221
49527
31172
16802
91112
39175
10693
102961
103131
45514
18140
68314
44346
96042
19839
98315
89426
30071
96215
95702
79872
36959
27468
6944
82557
70022
34717
83631
42111
36378
41093
93439
92469
42017
25704
21770
59563
49518
51058
68782
72549
20237
34903
52046
858
6403
53471
19164
65784
36377
41995
99927
101733
39169
19948
78816
89783
83941
55695
4671
92083
92070
76185
79367
61126
50051
67514
40938
47542
91497
45782
81112
90901
89781
97664
99502
42879
10131
20329
34863
83947
21836
84070
41504
8153
48164
34446
12828
58756
68270
41273
10676
79796
19227
78553
62634
36868
86762
36976
97176
53394
77782
72891
71698
1070
605
65314
80684
17562
98508
90011
61105
44283
101951
28721
73846
103605
17195
11709
30819
81941
86700
22350
72207
8262
18909
61046
39781
103664
81206
49289
27312
70142
29486
37960
42640
36000
2834
65515
6634
81925
74934
95616
31471
3617
51343
67507
13132
84248
98190
79012
47979
89646
11703
65798
67683
81509
41631
20210
94268
62954
74540
73383
43759
73491
97015
39850
84558
54366
102408
42927
58672
2006
85303
1997
36231
95864
49662
84216
36322
37187
72195
94413
102042
92036
66567
26552
101795
7172
57392
20542
78847
58517
76000
79430
93153
97074
26945
100166
85527
33125
94442
11527
104474
34365
85018
80885
38665
42130
80513
73296
57069
49665
90952
102333
38307
25344
32581
14460
102252
15162
48085
40205
28954
61382
93013
37448
11330
72781
91783
58092
55014
31235
100080
55171
100957
84449
34551
104680
104103
81354
70245
10263
35429
102037
25008
86338
73499
26111
23857
85971
41556
94646
49418
75688
24643
26470
15411
25918
55028
10918
96914
81856
65436
26446
85970
99329
53418
24174
12497
95307
75181
85452
9493
92987
7216
85886
47888
8687
24980
23156
26908
12947
98817
18829
86740
80210
80950
1354
37691
20824
23289
26271
105738
59064
56213
84589
56848
10329
86112
5924
63857
24294
31497
103984
76754
40550
21867
100327
91851
17528
35408
99086
4117
74555
34110
56175
50347
56516
36404
77133
65138
27233
87254
87028
17597
35511
3549
31832
73778
102750
26162
5876
79087
36972
30431
80765
46047
14541
26360
59410
27901
97663
8638
34715
11102
69523
4610
46998
26549
49921
96536
102576
73428
44017
35503
97995
99100
48452
58585
70663
18215
97115
41571
5189
64022
67756
60316
42769
80589
87336
25043
32588
48876
75255
102145
14653
80704
56398
58597
104383
36891
61776
24744
35058
4474
96917
65005
90035
20776
41533
72821
103065
24254
71483
48326
35871
48593
74248
61492
16517
60333
1677
51033
23776
64012
53261
94376
15459
862
48441
92094
95176
94882
91136
31931
48289
89847
100819
55929
62830
93352
99714
93995
23898
49953
22575
104717
42102
2940
31620
79850
14219
62388
26683
73931
58262
103353
39709
104989
18322
52081
2944
6393
78554
29651
23820
57163
64076
14368
41111
31255
55231
76025
55243
97654
80192
68785
76574
83422
30095
93249
94433
82491
35073
51158
86515
46721
89687
75737
22500
53372
97316
87852
57816
77156
48789
18052
35720
83651
12437
14196
38427
59555
21659
67698
70951
36866
46958
11218
94919
45796
70406
41513
21845
53456
73939
39791
42548
52748
67436
2969
42860
6769
27683
20403
104088
48084
37572
53096
21264
44026
5345
7030
1489
69129
78431
76690
64989
1380
16221
78913
67302
39625
97630
94184
6518
78108
82456
90293
20719
48150
31055
38012
96876
58385
68174
78540
54386
46812
89667
18051
69368
6162
105772
82707
68524
10442
84123
43405
13619
47413
14808
27960
84958
88643
73774
85517
54496
90025
40584
41233
52656
92217
50553
15389
60719
604
8363
85873
54895
82468
37269
66861
67948
58100
1866
83888
4998
52678
98244
35814
82765
69797
41770
80969
56942
23012
95795
42439
13981
6261
40999
29136
29984
17607
82188
91074
45756
72603
84482
12813
30104
93394
31968
93593
85223
16225
60495
31302
95082
30693
19592
101281
86106
81687
64953
39679
966
21604
30683
74010
80176
62110
47120
0
39899
29669
96597
79499
50081
95147
41697
27756
96933
59816
37487
55912
77717
24461
39200
33171
23464
50910
65446
90240
50569
45109
103715
42086
100550
41798
24737
22747
50026
16713
94463
95854
10336
10989
72402
101960
63133
77439
93996
1348
80328
105376
74163
63182
52720
94532
41147
12700
4441
10949
84438
50932
48038
88368
9863
32310
92873
67845
42395
97711
45132
52571
13612
70216
27480
29515
96095
5726
96576
32871
26847
93802
95458
89640
98927
75417
103896
36563
50700
53289
38774
74468
18679
48261
57110
77489
41132
77559
43529
69901
25033
28388
90013
60364
3994
14567
80244
43548
47282
60950
28887
19962
47442
54765
59660
8700
92281
30335
84979
17198
55965
68280
9452
22286
59763
26188
17764
45746
9766
53287
90706
87464
47492
33351
6050
3462
71657
31377
77897
46957
6665
59567
45351
46581
17273
57933
85620
5808
17714
20941
89632
80324
82010
47569
84620
103898
45739
78874
82649
99561
59552
30127
46849
10967
54435
39663
7045
73514
243
69857
40386
14127
33435
78578
68000
95516
42793
78638
21877
75884
57846
14104
34214
57458
68438
31217
16198
59669
85134
31051
101559
66150
18254
3766
82587
62976
36128
4530
103709
54764
20366
74407
73275
89399
13536
61502
38619
99369
65370
29826
75192
35749
8972
19265
67602
58435
79296
97516
81138
18435
4819
48455
22874
34549
52399
77148
102873
90727
36093
23689
18065
49841
98120
99211
45194
47918
95526
64509
34637
25872
21316
17433
101958
62769
53748
48155
64213
65864
46253
16607
16834
78642
19235
44423
93608
46594
5456
93261
100238
59098
85894
75928
92209
6357
15131
59888
52782
103096
2825
66290
66297
57460
33650
56918
85474
7339
13702
17878
38418
13984
86001
55989
30865
11494
44062
96720
93327
78046
40172
64390
59931
19828
24336
56939
46729
105281
38867
13012
3497
54733
62766
42287
95997
6224
25481
83466
1828
58299
82343
92535
9579
9043
104855
5805
13521
25757
71690
59805
90345
55668
1049
56740
98253
22919
52613
54703
73543
64187
60582
63900
83565
75966
8723
59560
69479
81434
59187
75136
94137
75869
83630
8970
89444
30950
102967
52414
59545
97888
91787
22525
34260
33245
103967
36568
55050
7588
81139
49415
60789
84351
94753
60187
68400
52886
2227
50628
34067
90131
82807
87461
22443
40512
94601
93479
70302
24954
94368
70891
102537
20071
20345
46343
102510
43628
74873
14350
90092
15889
58260
6227
59420
23023
84549
102291
66889
64252
89358
15310
92492
12706
5450
9926
10290
17903
99594
95739
36613
99437
12525
102897
78987
37071
104326
27754
62698
20245
27509
63359
72458
101783
67922
24824
49564
31500
42208
75758
78026
58962
4202
33224
100476
55361
12255
33022
22784
80190
47007
6994
43115
2813
42265
36011
96633
9511
14097
14328
72205
18404
85787
47596
77642
81251
35005
49608
84294
12290
51526
17389
79610
31521
29575
85437
92770
18319
9359
56620
51417
36167
56321
25317
104265
64969
77173
29398
105793
324
70791
26959
16414
30644
8846
25935
52190
78489
25208
73151
29044
100652
74591
91731
91385
55287
59425
47128
83992
104390
81442
57958
8435
80009
66210
82952
70584
1066
81480
9143
72811
74643
26841
40464
76138
63375
11266
23742
14611
10823
39946
97781
61163
97140
11859
31614
19595
96103
3507
16045
6765
37443
96934
15022
29710
42484
104043
82725
105176
88972
2367
29495
24054
19392
91396
4580
94046
78522
32121
19734
53032
47309
81503
229
52494
6607
92041
60468
80237
8303
13749
52514
76886
44194
36869
77356
33210
39090
65846
42901
97147
40985
70277
77197
56389
83392
22648
101600
42281
2122
87384
79008
80825
44509
67814
3296
102983
67245
104227
25048
18402
41435
89225
62554
36299
43991
7965
68179
23150
43988
47440
99833
68277
24616
73639
46050
101054
555
91380
32209
428
42988
37836
43098
84014
15479
30988
8959
42961
88572
15815
19166
63707
69838
56087
44974
50057
42746
16852
87
86567
53894
37884
603
94309
63782
43702
94845
10665
48903
5560
65707
43339
65043
94582
78190
25028
29339
23614
31437
31044
21917
9964
16696
13936
37770
17422
100117
94164
45923
44611
28401
54827
48173
22199
1282
100223
11353
10688
24742
44481
45408
45153
69695
39902
85053
1731
9805
54153
95630
93559
47694
103290
63531
2904
26862
75516
68362
100044
8601
56113
11532
38895
50295
44477
81299
25772
5362
58155
87133
25357
34103
9533
42602
47714
83468
21279
34999
89797
67128
35485
45657
50762
83585
8422
61925
60673
27051
12104
51997
77981
46142
59613
70373
80815
9413
26979
91507
63617
47150
83534
20425
2737
31954
37988
50914
80752
4109
67486
49283
11897
41858
78764
44031
51556
17652
16062
33726
102449
15832
10000
33900
5955
15041
54991
59926
79631
34029
96768
25716
100180
2699
73026
53887
59442
81788
105277
1406
55262
37573
18908
39553
68581
30274
12584
10181
27073
54491
24719
66905
59282
61821
66798
4686
40545
96666
61287
18130
64520
102301
40825
20725
39657
3196
1104
42127
58681
54597
94890
91147
51486
83167
39784
69913
59482
18205
44484
67346
44614
71619
83143
54040
69970
72186
39773
84409
26831
55888
96790
40970
90578
39476
19118
37008
98155
92567
75965
103952
37262
77850
47121
51002
1389
44564
9699
71591
79366
18430
17016
52604
81071
53245
19080
46966
95759
61771
32118
16942
81857
102154
104471
70644
81718
19366
62269
53358
4223
92445
12185
31622
102636
8727
9541
35852
7587
63440
49643
39122
24582
5000
103641
89718
15093
21449
31601
26485
58442
37754
96216
52956
6654
89799
62275
93411
24612
41668
3340
42217
84627
56483
62711
77600
358
22886
40346
39249
56393
56234
91130
68346
99574
39296
88063
98902
24284
19384
66112
94848
46434
73011
44363
67274
50333
83909
33822
2089
55507
8794
28664
66941
98126
19744
49567
51051
16788
68091
41910
65264
64815
40851
34676
32976
93494
90389
36785
49675
64735
60341
35251
46891
13754
37543
50293
2063
43618
25467
51477
25068
87608
34835
39299
23674
14867
48634
34698
25955
71131
50958
101817
90908
42418
56048
47182
76658
33746
49530
39403
88777
64419
85009
23997
61089
57524
66069
36583
29777
47746
27930
51436
35805
34024
35721
11865
85726
45939
44674
83828
36995
56469
30567
21184
68009
53239
66133
15044
67722
80504
10220
67377
21609
48383
47062
10686
9636
99695
74227
8808
75944
36206
98180
60145
83393
68283
57977
43881
28697
14597
56770
5586
93423
61218
75841
76257
8444
100053
45895
499
65767
9363
81674
64931
91558
11923
102287
84484
905
85793
58987
59943
97865
97814
102013
95824
42721
84105
83762
72755
32217
96134
88485
74535
25323
29510
43975
47191
34505
25476
93842
43384
35687
34743
21212
88271
15575
91504
69367
98758
64872
17661
71521
58179
41276
45247
57185
43301
61829
93907
98363
92816
55843
64114
88489
98864
11271
61750
75301
19315
14404
67398
39525
48016
12165
65162
84860
40801
56426
97229
83261
75711
102623
42855
19517
84744
10491
76785
33579
45873
23477
44279
41176
19012
104963
99772
119
4590
46589
29487
27544
81171
23292
17705
94250
92405
48513
48142
66603
13188
52057
100955
35070
19343
65022
97581
83890
62732
101890
102676
99447
91717
33783
19753
101943
66183
87103
19413
89433
97288
59675
78567
41433
46884
28588
16439
83232
21624
101414
104540
62271
71846
93980
65958
17096
12176
36688
90031
57154
50027
94260
6284
5982
5904
82517
40206
68589
38333
20666
45633
54880
34991
45957
66808
101297
28582
82315
504
84562
56829
7654
86066
41395
29522
97844
3621
30058
91560
67671
54820
103026
32842
96856
26876
40400
61022
41417
87315
72581
90544
13598
90630
68885
56110
85305
56521
74889
40450
29564
71453
17235
84762
6689
6342
102107
80203
62526
84210
57893
73641
20600
72114
88472
76039
57925
16707
19499
38214
91290
73500
63781
76078
39588
335
45512
66826
25103
102144
8419
35809
43333
75225
95764
104022
13347
87695
97021
25864
43679
6082
6463
14600
44934
78736
49284
50572
33886
50374
86818
92917
100143
73082
46832
73697
68470
3767
14202
65160
45550
49506
32551
77596
71996
95668
42169
11220
59966
46583
64467
8884
96068
60155
100956
97830
97624
40420
73971
43888
30436
29952
90277
94212
76575
42946
83169
5964
68882
11160
72192
98531
16461
73451
2137
15876
75745
30219
60884
66618
67537
61365
102413
83111
43190
96450
67187
42379
103380
102917
71363
10018
35337
2618
15618
97756
40472
8407
89574
13290
62817
40136
98370
88285
78277
1357
75990
6283
25032
83896
100724
72643
87473
59010
7944
65144
56653
68079
93577
35608
92273
69310
28757
3494
67730
73718
102560
23582
98153
22981
41392
20399
79555
193
23954
72440
100542
38489
44802
84444
31778
72362
61516
97502
71457
94384
8991
47133
59686
89423
34339
31938
41040
815
49374
95103
6613
45640
73602
60270
20388
84847
68997
79101
105217
64751
28575
93986
100344
38334
59040
105199
80449
24947
49669
9034
27246
65865
96339
1345
74505
36695
32425
68177
32332
88775
5219
57992
84720
27471
104497
28690
61732
18667
100707
9458
24698
103990
65292
50595
56565
26176
85722
24999
60019
54762
84676
81594
52652
57066
93329
24877
38288
72558
103135
37287
66825
93557
66595
93668
75342
97827
36651
10154
48199
34093
5184
9118
27911
89537
17485
14546
41332
44781
87212
32737
49972
95851
42638
26318
42808
20183
86664
13234
40284
94490
19599
58836
82099
1639
58500
53249
12675
11222
86933
63271
88753
29906
27629
42585
19659
3974
48515
6931
59183
7295
62194
17344
89826
61161
46198
32025
3946
1920
68216
53007
59357
46618
85986
20883
69320
75613
92763
51154
100859
11876
47690
99278
89999
52425
39828
5528
63188
58556
61575
44916
6094
38376
1882
27072
21537
94619
32607
95231
42
63944
4362
42362
73794
7696
75144
62073
56815
67914
86061
75254
62126
44052
44668
50610
75730
63132
73107
3265
19700
89959
5277
1309
5153
10980
10634
38413
18076
99700
72318
33448
21904
62285
71159
33537
95438
91863
47819
57985
6399
23167
100644
44875
74195
76861
84271
101098
10799
39408
97170
27513
51280
79567
32269
103409
10276
64288
32165
73440
30087
57294
102165
88585
64994
92072
95609
11938
67291
40100
49381
105641
78205
83134
49488
54966
84340
73731
12021
81655
58152
73911
6402
71608
36143
6884
9941
49859
34014
38342
56869
74740
19311
32656
54198
43216
54307
79295
99721
78803
39723
25948
65100
18794
79926
46332
43110
96794
5425
6802
11651
9277
93250
95295
65097
18488
56194
87629
21302
89860
5012
41689
77577
73510
74376
100319
24743
104209
75421
5827
7690
67361
34409
38865
41106
75946
20966
66029
39599
34541
30592
21409
96077
87578
82648
48152
25120
38826
75402
48972
95476
43005
85660
23254
3102
104460
101984
58028
5696
33308
73021
29673
100306
4841
54410
29043
32275
64217
57534
44885
18972
19010
16448
66558
104969
11446
20281
90318
13229
74538
28789
48392
59000
12660
47683
20357
68956
65248
37908
79284
80040
76817
92563
26127
93847
92456
88246
9861
24496
95860
35930
105526
49629
102378
18845
10612
7453
30348
91213
100193
2186
23109
38275
103321
79018
39216
39424
80767
7499
42771
93324
5132
19886
53072
14446
42883
21137
92872
8630
36360
36456
82802
39359
27491
53214
65831
50279
29546
64558
63239
57836
65489
60503
24205
76022
1861
22349
27689
48503
90961
88946
30525
6736
76695
91473
17665
66304
57655
10319
38339
57423
21805
72752
3446
39046
32093
89850
28737
54958
44001
35195
26392
73190
85615
4647
103349
65899
54859
24370
4837
23068
48420
59578
93524
74491
37855
99004
42845
3833
46532
93120
34849
73240
84345
59540
84932
37837
89341
67411
31328
85973
91306
71927
71037
67897
65723
91383
88099
64112
77807
14553
84784
24787
2524
45651
58638
6384
25985
37981
36560
70116
49305
25310
102046
29598
68650
53742
25516
17874
83489
7214
98209
41645
81007
73620
20572
102056
86575
36723
2036
33427
29328
25854
51476
71058
53943
10516
69513
35927
21818
21637
93635
9714
9244
94963
69954
42544
49327
76351
21174
37887
8380
34951
70108
89190
47436
8882
57707
2008
41732
3278
1476
37755
52869
62855
83077
30225
74782
83507
52197
60491
76278
55288
80338
32472
68008
84426
25499
13645
25925
24214
23285
39159
63793
14010
19827
76868
29374
101639
58021
15654
58205
69313
48599
29678
71448
24039
62884
8466
8888
42377
19175
12353
83650
64855
12467
95740
574
102517
53333
37714
34482
75955
96547
99929
100665
6842
39316
33211
1415
50758
33202
72172
71527
28910
94086
101339
42380
83730
83032
78389
46455
5633
98619
61328
97069
4675
46006
58474
28039
7621
3541
5687
98671
57230
11093
24923
47389
79713
90292
104150
16818
15027
23394
41113
73735
47406
56957
63459
22189
56015
36164
3825
33267
91172
22925
23670
44348
96349
30718
200
56628
24516
26685
45017
21033
34796
82297
14341
38646
103192
27984
56694
82384
84782
45500
4856
41078
17124
66309
31561
18007
27549
1960
56952
101370
75786
27543
62478
11977
40872
36066
60430
75008
59663
78513
93121
54089
73350
97774
13159
92391
88950
101856
50355
15321
50771
39117
23146
19420
72709
57028
42958
53863
102768
95569
54039
9068
16235
76206
20703
64635
96507
8621
53474
58004
12398
103774
22006
58437
34944
28108
19968
16116
66846
68946
30445
102345
77307
103614
1627
36633
101308
57222
45926
3282
43443
9198
9790
61736
18012
5094
48945
43033
89131
55871
2982
20044
10120
17420
53098
83237
49593
47887
22791
101221
104076
73629
53979
104101
62816
53482
28781
83022
27593
78061
46244
47313
93343
91707
61351
82772
867
14046
27331
19129
25623
24953
84361
63875
78702
88897
96911
83116
55864
86255
48626
5802
79681
50334
44420
9641
20362
28350
4297
4920
80975
27121
79299
22879
37510
11490
3288
32902
39622
100621
24220
86579
97411
77921
74546
38212
57747
3111
66686
54505
44691
21872
34102
45669
17887
33831
5741
42641
33634
68577
97692
94345
66328
68865
30551
16264
72480
95306
51061
74116
34359
79028
88065
57782
11275
60594
93845
72753
76048
50671
56459
14645
27613
64220
42007
39633
93422
39074
34725
89889
41676
23602
41720
57758
77336
74238
37219
50306
47701
92424
29271
11999
101701
76978
64264
4804
96615
84267
31818
72776
7839
34052
31661
18663
16352
37524
87089
63881
96609
93052
101621
105359
77849
78351
6800
70967
94952
17145
93928
36683
1695
23032
43610
39733
66206
15274
63557
32632
65685
37791
71979
16597
100093
85258
12612
104098
28559
64382
36356
53300
102468
3489
71324
82128
97763
75878
6299
175
71834
73476
28461
15268
57289
89387
49060
49944
55027
43108
34176
23910
54523
18699
79653
62296
94026
54085
104622
21304
1143
2284
91085
46003
15875
20448
58605
8410
19720
80917
31814
53114
80563
7176
9595
3376
38471
73165
5938
5632
37221
67238
81909
101293
102620
93954
49505
10644
85947
14815
15194
86122
13919
47654
20626
100457
32002
63964
64742
72479
3861
54120
10474
13932
49500
53417
19624
99150
81841
55760
11612
4683
44492
17458
83502
44725
31908
36212
24726
9150
33549
14942
28995
21811
68547
36152
1666
1826
1178
89699
95986
84426
20061
1469
20286
8090
12413
64083
55869
87874
8176
85500
15533
29969
41657
42302
19558
49591
99614
14127
21548
38117
32176
97578
66489
76747
46085
64705
26578
84591
93845
19941
47740
102425
10171
22909
