22345
2239
1858
58528
33346
14981
13206
39008
61014
15134
4492
7753
74985
65887
34089
84876
71218
50706
95112
55274
105075
39093
65513
21960
26861
70226
27112
31007
77714
91030
101514
57894
69046
62601
16914
8131
52268
43553
86043
26073
93355
35560
95924
34897
22649
93268
12327
92378
13197
49644
34817
105699
104206
72947
71228
16210
34977
72532
24563
54913
5736
10055
21426
94081
48257
20766
71361
77250
96664
7796
36101
65110
103112
16165
96962
21270
83793
67979
42939
47232
71301
74132
105866
16984
93304
74779
91894
8608
70279
30306
31721
48289
15266
86700
95201
31224
16557
44877
7910
51878
89614
14268
47797
69234
2319
44918
86556
101019
108190
31783
93286
6703
58254
450
77492
62205
27036
98316
99702
60804
44491
50351
72143
98138
3260
18943
42580
85713
37599
2708
41882
97124
75397
23961
39113
29343
46795
36558
34313
72293
67957
77117
92288
14614
92075
72567
9656
17139
70088
103960
103901
19669
58012
49252
74715
4027
3914
98302
106587
79609
2668
70723
66757
103803
84397
69990
5469
24523
75423
59828
67951
33737
65395
83654
101433
52547
100269
114
3366
35163
5218
6786
668
44656
27870
79595
1349
56139
16337
11685
5000
3908
35293
90969
12761
15515
22286
95647
31275
82032
33353
82816
2883
2410
48368
63319
499
88597
53212
82004
45084
18477
98759
19987
97173
17862
52859
20583
88105
2493
23100
66276
76521
95607
1255
81117
79718
12861
106948
29044
97903
58557
104361
106233
39904
68648
91805
49600
98486
24104
43408
52395
44889
9426
87829
28359
61059
25779
36187
22143
8224
83165
6277
33630
71000
73099
100258
21002
75444
26905
59233
30229
79804
57529
81213
94883
100694
58676
76557
56560
104536
28366
46413
12202
77848
80298
40939
21997
88921
62387
3931
28392
46080
9898
27792
49372
59537
17255
95667
2944
27409
70015
2835
59469
43966
97017
21084
34418
37289
92424
11763
60843
65700
55166
63787
53840
61637
90139
33519
61999
6770
78203
107959
4791
60251
93844
88833
24399
37229
39876
39485
10803
37570
1850
13997
7639
18405
25799
23263
30432
69944
4706
30382
7782
93059
28202
66506
93125
37758
61478
34028
57637
46103
43811
71283
42268
104414
59508
4268
64051
3405
14392
27859
34445
34663
14717
58745
80075
51781
21229
88413
104962
96924
81931
77465
85292
50322
3494
93374
76606
12816
25273
67426
92973
69157
28844
84095
87726
57301
22887
46069
80951
95154
38183
31515
29671
960
90412
32460
44468
15689
39482
70966
102802
3146
103043
71265
83189
83475
58113
58930
66250
108063
100885
71208
88309
21539
13725
373
48758
102597
39588
87038
96607
31583
106085
55598
25613
94827
18601
91557
52576
81340
11972
101015
69519
78552
9203
79650
10147
87809
43666
19865
88403
2382
37437
35735
255
20182
101318
78231
93072
62643
5494
74695
83293
18019
4262
57476
33693
45962
80768
59367
77456
92321
66268
49758
73891
58795
12443
55200
70072
88360
76181
43628
77517
45597
91523
16306
25376
91570
106101
51749
13892
55018
21241
76751
73664
71798
104897
57082
98638
67910
63221
98252
38807
42844
33845
60617
15981
14275
33170
89608
5427
25591
47703
40248
22410
72540
18540
57811
65757
6428
69968
6346
27625
38788
96621
12517
84806
11752
18472
41218
2613
46957
18632
64484
21931
76823
52784
50932
107225
30168
41460
70833
98107
44182
48017
68647
23703
15247
103931
92946
103429
43160
61714
53506
76417
97284
108015
46447
98682
22110
32870
88451
62961
76186
57219
61776
100691
12544
78419
31494
78733
1531
50521
30456
44226
20315
14241
78042
8758
69082
48906
7175
63804
33577
65427
84746
56379
14094
69603
72966
71850
37378
105281
96937
29069
108252
93211
49399
62275
21022
12886
39230
88963
75408
28482
40279
73611
10921
4164
21388
33763
12433
92580
64135
95528
50585
901
70311
63831
84056
35813
5875
2355
102688
97805
104012
38865
49022
8057
89488
89136
80026
61715
80842
95023
94172
27684
56523
57814
74736
38475
80702
82433
28363
69665
90186
61564
87133
37101
60794
13826
29518
22960
32902
61562
42767
50060
16155
24930
97076
50355
92206
105872
3998
69040
91758
43227
84718
12452
62999
16390
84370
75725
88967
44241
3278
12698
95459
104147
9902
84646
36782
22885
14207
92401
74738
20245
108046
13117
74024
46773
66280
379
16607
101369
52963
89328
38700
37174
77677
59693
79359
99183
11300
84617
76369
43495
87380
27410
8756
21214
25454
3528
76838
26878
69798
58858
94090
40899
49436
35418
10656
96770
96556
38321
36489
85253
69268
40629
7010
98929
6560
81928
66003
31954
63080
26060
31280
7478
31972
53528
91942
75782
40594
95092
85273
101719
92333
91831
42770
44500
4876
60781
106237
2716
12198
99966
86456
44184
36968
42473
20728
23174
39594
34621
6739
94408
104463
61141
49659
98680
58541
44196
71273
74655
89774
66482
63331
92086
99169
97210
53071
8907
87963
78639
54620
40486
26793
21727
30087
72320
24136
95520
94292
60875
42652
7870
37306
20756
61177
37820
17768
50866
33
54883
4019
78905
71552
52396
23671
57701
65303
7521
18524
84408
39170
54658
90513
88498
76471
85056
12653
54971
14912
20746
31117
99326
43066
68834
86785
94946
80983
26572
34408
53077
70765
63517
75674
32971
75566
90629
35155
9064
59094
73494
44260
68296
31682
63880
79064
32669
52024
77107
29942
53526
5874
98262
9924
54024
5947
33943
100102
61356
8059
45908
90118
38457
48740
76554
99228
25341
88855
100689
96968
17498
22188
57940
3500
89537
88038
73095
14811
97541
85531
49899
38934
22388
63368
108255
3247
64806
4719
92938
69463
39947
26135
96341
91208
71757
99618
48556
107231
50715
47205
37853
93003
29991
89225
42721
10731
45766
65618
93218
86005
61539
20875
77819
70426
69055
71969
103745
50829
52498
28973
66368
36129
101188
51653
95574
93007
100961
12396
98970
107663
20994
36303
85419
79456
49407
51881
82513
57117
57341
70053
90520
45206
73634
15163
17673
90504
85971
83441
68375
19151
33740
59900
29917
88412
9508
81112
61723
3584
8804
77651
1001
3012
95875
86896
27933
53074
26858
55296
105430
26478
45041
32660
11414
1561
16515
58842
32283
36884
97586
25657
98153
95600
81862
39663
44374
84700
8551
37034
82217
9129
18098
99062
69935
61286
35515
48520
77697
39441
2503
92765
46269
81677
24948
26602
7951
69162
23651
18179
105510
22090
4137
54936
78162
68463
55630
104680
92059
51963
54804
62271
5961
95238
65756
75447
63582
6510
52651
99703
60048
96391
24319
35666
52624
104360
92680
96892
43647
95081
78932
48771
41595
65662
60154
12061
33040
42045
35328
26493
11480
54161
41415
82343
93029
6070
56282
72780
16128
27171
2532
99204
60954
3390
7022
17896
88886
26283
98029
55414
63488
37826
90183
35698
3321
22829
86337
66778
22288
68986
32261
94536
57015
72994
98717
27979
16617
66238
32545
64651
42914
59183
92804
15873
48812
23259
77934
15490
73292
88430
78115
30373
58294
20322
52311
81184
97295
36017
57930
76813
13338
78485
6886
62841
28658
60212
50019
51526
32589
19145
45764
37786
103677
56222
49704
57088
25198
1216
57263
83046
28447
20762
46198
66288
47268
86193
37714
47316
50467
14346
7834
61826
81676
51520
46425
26521
1037
80675
64233
8189
73116
28943
68949
84389
34213
78901
74222
63137
59896
14795
41053
104815
95365
13508
2938
34510
103779
102268
102594
28839
103422
41701
28094
66335
15883
90593
82464
28813
107713
65284
18186
72049
6222
32507
64165
89261
98169
88098
56403
79258
33132
89675
1654
28018
10529
87807
16353
106063
40500
65852
70786
68000
92249
104440
40370
62796
80809
77003
4837
45372
22675
45874
55758
40376
52511
62741
64312
26958
6686
30635
69126
44884
12651
62264
71946
22258
42
79402
23184
54273
25392
32206
3442
85346
52763
53289
55509
74852
70834
87936
42171
20588
74635
96971
35406
88402
17748
28999
40479
56875
91513
53551
93948
38702
42894
79845
108229
54815
45239
44591
91654
18923
96656
72611
98781
104097
10113
2996
61777
61680
67824
76821
3545
54278
60286
100074
106891
18248
92816
73086
100491
18692
10358
98851
31786
62447
69836
54356
21730
38507
64080
5280
520
5489
75148
47206
87662
33110
26662
39868
32271
58664
99013
19290
63385
24558
56719
90628
105951
65273
35778
34002
29124
21598
102895
47515
7344
25833
93173
26816
45344
21545
48697
70058
44450
43727
13563
73880
58112
12572
37845
6714
9908
40192
17023
23655
78416
50690
12411
22172
61470
69300
61476
96436
4762
76792
45691
61557
35960
26923
45144
4409
15172
52423
84538
101652
77939
70564
22539
438
48603
48979
57037
34724
34831
89653
87752
83339
25770
15055
86015
75629
46318
99609
61137
8483
70381
22764
55645
37953
69209
44724
21553
37134
59636
92512
93329
24501
4476
57522
52645
40650
59088
6288
8349
34507
15676
32846
12824
34237
1033
80109
79788
25123
54852
29444
80485
41120
79491
107110
107361
27901
49089
60635
102655
28691
55017
50692
100816
30695
56881
35829
17171
72135
16242
33963
103767
82478
17072
96371
89235
103719
23767
56407
50208
99234
50577
85685
26342
100412
16612
69756
26568
84430
63089
18837
31591
85412
85083
104112
49208
63418
26251
101730
36624
86718
90361
9989
50115
99231
57180
46883
52108
91401
37391
64186
31086
56158
96287
93409
21843
13133
52189
84912
18708
105415
80295
34095
67753
90422
84774
59509
95556
83617
55781
53508
100619
3140
98607
25225
26180
80697
9759
81892
101447
768
91717
43822
92390
9355
28037
5971
4603
979
40928
1724
43996
27553
8135
21999
24895
79848
50581
83997
89399
54725
96673
5198
23681
88988
9865
63024
62585
30945
43405
64401
21144
75015
8967
5950
1287
43911
4773
57764
30755
78774
45142
31455
4605
24084
6503
20805
61170
72778
19395
92342
65947
98582
91441
77367
8578
14342
86445
60935
75834
87824
18493
81905
14752
105603
86577
55292
30913
46213
27838
81700
24467
4558
96579
47052
87948
99115
100
90976
66432
43564
102041
86961
12926
11560
84162
45011
23491
23894
261
72158
97492
76722
33645
33201
40133
97891
92614
69522
37919
16045
11401
102374
41248
95422
44677
18125
12183
63357
10286
69951
74886
29970
77595
72136
90339
107002
108240
36067
38059
34987
56733
62713
28175
52017
39052
45049
1343
35086
22290
34253
25500
85528
22085
89595
54288
94166
61236
63869
95833
101850
85189
25036
68007
97822
43803
90277
63564
35194
39675
30106
82889
9916
97753
89448
72726
76613
89711
105661
56215
52621
41585
37968
38594
85711
18413
10098
33154
76478
42305
37874
46253
105150
64441
2930
78218
78658
72175
63185
8683
22007
96828
106603
71658
55979
40294
14621
97882
64719
66106
10580
12917
94686
75224
33513
556
10293
33447
83315
9962
66391
74197
81382
29229
25020
3723
55748
99853
35254
40199
20826
65793
38437
87652
41192
52458
5681
17618
45191
33847
42226
38710
20567
84672
18382
87970
41125
100517
7978
68758
72583
4559
68677
22591
6526
8808
80772
55986
49457
14660
47119
17256
86210
82534
53725
69608
96217
71198
66850
94687
63842
60930
63267
107255
69871
93128
95739
77388
32305
95320
85121
41725
73044
40542
21724
65567
10544
30865
40019
105374
5917
39774
98720
33528
13372
32715
14042
75049
29634
29361
29979
99564
56487
61323
95210
65981
107915
59679
87884
87025
100116
85122
30375
14381
19220
79347
70562
87440
69708
10343
47338
28322
71838
81920
31747
95118
5394
34077
72832
97398
72842
72368
95033
88907
83677
82718
90585
30819
102539
52016
101856
6015
17178
29791
83381
103894
33511
35402
64325
24235
41147
30191
94
12922
10651
42513
9819
97578
52442
87644
4840
44187
100974
89811
45299
31142
68862
12554
104845
76847
108399
30660
20323
34291
10608
52526
79789
45122
37710
41098
96176
34048
63202
94424
68199
33714
8883
72922
74813
11358
99976
77066
52453
60503
5055
100387
32572
35132
4917
3166
97825
96003
19655
45265
34422
48578
72334
82001
31701
77810
12656
92146
51219
57428
14477
13791
60034
105606
57154
36018
24957
2324
15281
53173
12657
34534
35272
17579
66899
58023
76499
39616
8700
50991
66747
93026
3743
38980
43204
103600
19828
37126
69445
49878
43062
70224
65190
81028
77642
24033
7355
10125
70879
70935
51299
134
82306
82117
49216
10765
83948
23034
14190
84760
89673
54929
18990
36435
19840
23169
54201
50160
40564
80379
2375
74704
101005
83890
32664
84582
76255
68090
102815
80213
39024
1270
70061
86960
100969
45270
100854
69183
93919
69150
74524
63697
11147
90185
25994
31351
10357
41332
55842
41637
92726
46600
1696
93279
16682
77932
23062
100220
13564
97992
87665
47928
91639
40994
5934
98314
87672
16973
79290
28405
30260
61646
8823
65271
5820
60880
78030
15065
47199
30051
78530
71302
78554
61709
74069
915
105238
55583
91980
43225
87202
100883
87074
79165
43927
59979
57672
73102
61411
45362
38747
53489
84472
22431
59153
85046
7859
47038
48128
81912
90917
796
19954
45565
54206
1162
3259
82538
75907
13249
69527
89739
50665
99311
81376
52126
94294
52966
96029
67542
25434
31795
101444
97512
85136
36478
18089
34970
45124
17817
70179
8799
11490
78543
60216
6763
14115
25407
7594
56511
15370
34409
8028
28212
47807
2528
94566
78497
61391
71553
38454
44561
67072
93414
60817
62836
98315
13161
105961
84541
20504
106290
44915
77509
22679
39732
25145
1787
13533
58847
58264
49076
970
7562
78099
87009
4431
93789
69480
21629
78952
85033
11647
81853
9532
48759
53016
25735
25596
22620
1562
53662
48087
62591
2830
59745
86574
79729
44756
69290
50540
3717
69993
106259
18678
84077
28417
78319
9454
65472
71897
80104
14411
81173
83957
108498
18199
37160
106493
8575
67728
88998
50048
33150
58853
89319
64074
62994
66705
75325
79975
92268
79450
38748
77151
92011
1515
27688
96482
46285
38663
60805
58262
54117
13944
65742
53788
78660
97187
106860
24021
22301
2895
105839
41405
42047
60239
10886
22482
65722
36679
1757
65909
46094
65150
74277
81133
55493
59329
77181
75702
59866
65536
80898
51298
78502
18368
78683
12900
14399
69605
42439
96135
62344
14652
18982
9742
35627
55998
61813
28150
62958
101962
79598
25162
88443
61602
14945
70531
101431
14318
11046
101382
31911
20489
50218
10179
62263
43348
7322
62824
72867
3125
79155
31592
8176
79129
75260
73922
21830
86827
45781
86813
30555
56248
93845
91517
36922
53756
27156
29939
51679
74754
45232
19030
35860
74109
68901
106578
33273
95881
42479
19616
27450
77080
42333
31690
101629
1666
32656
59326
78821
31560
75910
48943
57202
61320
33226
61651
95969
14068
107817
12166
80332
23049
71019
15786
75175
75936
75755
26599
37674
84562
78360
107475
26815
10547
93798
29803
11971
9688
104157
90847
38188
9218
42471
2433
97421
53851
64863
13360
73735
44763
7044
94317
73458
38472
1201
100044
15657
32427
3479
14304
67543
5269
39902
34106
67889
30159
34123
87861
81314
92668
75401
62866
38370
68450
88936
101893
82461
101537
26470
28047
40561
34705
533
78009
34565
11341
73055
107116
24498
65835
19285
60594
17377
19909
42485
26308
105477
36883
14211
21831
103674
48310
85935
77796
5017
74442
2782
107806
29745
35792
16772
70047
72344
31201
4396
68753
83402
60409
80344
56990
18525
1107
15179
1942
74089
76389
25331
21778
55700
5973
48283
29258
84590
31334
31389
55992
22173
74908
45543
96225
63834
80816
99351
38238
101649
80084
86162
3714
51285
92352
62890
97686
45259
99888
71607
19916
83653
89336
25785
8328
30052
15229
59684
106088
45118
84300
105567
36473
1893
2273
32204
59198
61032
28406
29237
19891
58268
72738
28166
10533
97936
25353
94438
13470
45337
74045
55863
80794
103246
74756
23470
72369
35424
70192
12232
47432
89072
49554
12654
21895
93513
49218
21014
66302
21625
35371
91958
107884
1103
13609
56261
16983
57004
102868
74983
32881
50570
37677
90812
53564
72305
9391
34412
45143
25390
28618
12512
40951
82443
94069
97718
19892
4994
79395
2111
36918
70478
33374
63575
106067
83606
59396
16356
23668
96641
80929
106962
93083
38182
53237
73620
19657
27791
30313
99667
2265
41574
55172
12825
66387
730
98055
35059
84390
83914
47061
28362
12291
9629
4439
39936
12466
21465
65444
22327
9464
76785
25190
64593
66713
1585
86308
41939
34282
42872
86916
79671
62489
44572
51132
97666
30941
107413
67361
5546
27193
39133
69098
47726
62014
31412
101587
29319
77696
74147
59334
35231
67549
52710
88240
65985
58273
81052
20941
50296
85765
54512
76336
23309
108064
36191
87266
94401
93676
15514
11055
10397
42461
97609
3335
8831
76194
75898
90006
2820
63782
5322
58627
19101
37903
67795
44406
68282
50678
83540
80223
52291
54236
33000
8194
70970
18673
55440
100238
29536
105428
20110
95478
22259
107168
96061
27097
58053
68429
43307
96421
13324
34665
68844
68134
43050
82485
74873
91931
48208
653
38285
70020
98234
9487
5644
97798
91586
56373
49367
92187
90895
106762
26288
92226
92720
1101
69086
10952
48836
79361
43264
93267
3393
104329
47893
59864
8888
72972
26471
59468
88301
325
102518
107897
106403
57640
105121
97964
63127
32872
17189
11961
64609
2551
15835
53657
1626
99867
49611
33369
82158
8381
87035
77693
19043
51481
44776
67961
63458
78425
70142
75275
7126
99653
64728
46402
59321
2443
51957
106445
22047
78761
6667
43921
104884
27526
7474
6941
31452
62316
10437
65704
44189
9285
59911
88790
87151
106521
31408
70019
82566
16872
8742
23692
92239
584
95636
64095
32557
79263
65380
35953
34069
36602
19104
74938
22324
13635
91256
92368
31757
38274
59459
68354
4857
93137
828
63128
36853
63442
96595
81197
17899
78902
15525
31553
9085
26498
52781
40806
84227
2041
54480
87792
33536
43295
23522
25781
88291
11626
36637
36312
62502
37742
36857
54737
28837
62480
25491
99247
43317
9519
15404
80797
56930
83136
71220
57505
41250
77427
55175
84525
61493
90792
49174
44381
2804
43370
89566
79580
65210
82982
42042
13289
94146
31101
70835
73234
79134
9287
25425
9379
103219
55189
15411
50448
89900
83828
50195
108432
6987
100098
90744
34116
49244
39798
22014
31269
105358
8544
27985
15289
88707
47914
53871
96682
49579
17381
51535
102837
93282
102109
76587
6467
16868
106571
59155
34189
103812
101239
94434
3732
76784
105006
31073
95322
7921
36487
76755
8859
95565
71146
83649
27926
22909
93079
82941
43889
77233
37666
82504
49565
45995
55277
33136
75982
18643
25340
39776
60893
10826
52627
40190
5154
82226
55325
11304
65321
285
31966
107679
102717
75456
82546
107943
9575
52425
12205
21348
13200
42780
26454
59376
11443
12302
99705
85195
21955
21190
30097
64866
41410
39750
4205
80531
20571
89164
11581
83093
273
9877
46264
13291
7394
40767
67263
83060
24994
15440
76221
5572
70267
54818
89349
10647
25271
13459
83892
269
49486
83011
96714
59868
69335
67680
52579
40311
27491
99660
47509
100487
3621
34050
41183
11733
55196
56700
12821
90866
34713
72207
44068
98187
13300
96795
18954
27535
59422
14665
12867
57052
106349
18872
11921
7693
89578
74594
22221
63121
74309
19568
60086
20920
666
86979
22918
23356
448
15217
13869
32151
79160
55087
102033
90674
84730
102797
32789
49175
102039
21376
60649
68452
5642
19556
48750
75173
43626
58942
66337
59613
44993
13209
21554
20495
74238
74773
59867
70914
16237
2292
25134
76577
3913
26124
101312
42322
48292
73912
51711
34300
45475
42190
40378
62292
100688
60657
90182
17989
95206
73690
13987
63309
62777
22999
14603
42589
66942
27367
32531
84587
9233
30909
71742
79965
62330
44064
4063
71842
82912
34895
82123
13135
43834
19569
69190
16818
68695
90719
24593
42782
86683
71120
68641
17908
90251
27089
37711
7472
48927
26952
38108
51790
36158
20691
99678
25310
45341
50963
48723
1271
32849
65542
6735
18742
101892
7413
2429
45496
105760
76251
28562
103729
78124
93897
91207
34857
56255
101288
87908
56811
16802
16478
97866
40345
1165
62986
87527
48326
3872
56788
18031
89838
13747
100707
41503
46040
14581
79390
103526
62754
15023
36402
95165
78013
53650
94678
97899
3487
107500
1311
97154
88003
106366
89763
18086
39070
31323
69001
96895
45772
101963
58994
104180
46557
3018
38328
45383
5385
2862
105921
32866
48965
41950
29619
83510
82801
36908
67946
5419
48616
75291
58650
73707
5478
56172
54627
42708
50732
105102
9242
37804
73166
60304
57643
104305
37179
92306
21872
50320
23140
14910
58623
46817
48593
52213
54264
43385
71883
64496
52239
91361
88208
55699
70679
91301
38259
4016
95885
85156
106572
15487
51538
41495
71136
13160
57713
4271
17510
57108
9142
104758
52203
71478
13134
1403
101672
56294
19396
9931
49832
4649
88527
81020
79349
25899
13357
82426
21774
85694
28351
27471
25072
67692
91765
12447
29490
70090
81580
24036
71517
50113
77546
76985
84004
95626
88408
42512
14508
44208
69497
97456
92245
2690
104422
91117
90988
58670
3962
103510
37285
18777
27237
14932
27841
75805
75588
9969
25678
41446
56622
97748
62737
52556
81458
27475
27086
86499
83174
82009
107287
60429
38963
11357
32016
68968
9008
55102
102467
14851
99645
92862
48135
22547
6420
80002
6780
72413
25257
101192
78810
51187
106071
93446
15340
51797
102569
104941
52613
95791
55826
16972
68323
51993
25843
82082
36925
99728
88692
26850
30736
19834
41269
36538
5378
43200
32590
72962
56054
60321
94065
32456
96275
33143
65077
14572
47134
68768
16138
19500
22938
29233
95588
78393
82421
51518
101891
5436
69716
12631
84998
104181
11772
52005
50593
12581
79941
38529
49340
8434
88137
34009
61686
58891
88028
40270
24105
41264
80165
38861
12171
13842
98310
19805
88742
85382
71671
33071
72557
49980
2036
5076
11134
3280
88683
49751
14966
1414
58239
58044
69854
73491
9286
6262
65205
3871
60408
89283
73841
16518
74302
84651
86949
20810
37756
53769
96944
103552
60911
18882
38615
102721
23708
44908
87523
88129
90984
28924
9794
85843
84892
88109
53815
39625
13366
21048
36777
106628
20673
3898
57967
10468
71299
73585
88969
73783
72734
10579
11417
108552
78788
51831
13502
66526
61245
3694
76077
14192
5727
53426
46225
57279
43639
69621
39169
4030
102331
71945
41734
41622
40888
49673
105359
102321
20816
45824
105953
641
79358
71078
103882
27362
17176
106000
64811
21254
26337
20960
4241
33322
25826
8207
98995
10252
87648
67009
75997
15460
48547
20818
16068
59388
70768
78856
104052
45497
70332
24257
64445
21057
60062
89926
83865
88004
95141
77888
31550
105066
90376
50613
94340
5540
55179
57619
1400
36693
28647
80823
97749
6026
37485
48134
42601
77103
22816
3906
101490
81707
70304
77305
11706
85779
24969
43427
55940
42319
49582
27705
77501
2760
15030
50084
31516
10625
31955
80403
80986
48668
34765
11010
57651
55948
7583
53247
59824
66523
76361
93850
76841
36823
25279
16875
41928
6245
86480
12273
79512
40708
51956
21016
70909
40599
3563
41586
37592
81386
26295
34240
25016
64505
34881
95011
4787
107275
85381
97246
45640
16075
11456
102267
54316
106814
87141
60799
16937
36423
10341
76805
39745
72298
99650
50447
15714
43989
63143
93065
48573
39817
82360
6236
28812
70704
47157
67854
44148
37153
43283
81761
85846
29065
56689
48536
16895
39724
36687
76555
26928
83155
21738
95443
58653
54462
63223
7209
107807
89834
5009
25859
24970
76187
100343
38764
75383
67264
23227
79028
54393
37102
83818
6160
94811
101731
18875
4750
91394
49707
93104
80181
35308
7714
98673
2847
107693
84299
80209
92615
55055
66240
44803
6976
39327
43868
9501
31593
31832
41079
22347
71637
107632
68975
40547
71235
91848
43409
66598
72568
103001
40368
64608
39921
69211
69599
104821
4254
49620
97069
26828
106107
21976
106397
68234
82829
100097
16227
87221
100940
15364
89217
16635
4311
76429
62658
25918
32318
57621
47609
91838
78559
19431
32029
27973
31090
35839
72989
21599
47333
95832
73753
85576
89428
8206
3507
102779
26400
64663
1404
44527
92
90031
76524
18528
17364
18565
49697
59372
12931
84824
91136
105223
22522
48854
24069
43091
69306
35332
24624
47538
58508
107554
25083
5695
282
5253
40174
104438
70692
92161
80576
40915
49065
97857
20145
55338
1946
72301
6496
102902
72706
56064
63930
107248
16653
102032
103791
50955
13377
80661
60305
73352
100250
44671
84452
27950
70404
26913
52285
103880
52700
2520
75759
87062
57959
97546
45657
44202
42953
24172
8371
75996
87124
22953
10155
87902
41515
34833
19053
29135
16563
53397
72552
27878
56547
49657
2729
25974
18657
68402
1734
48333
62427
55064
53423
65614
96293
508
14391
3686
103716
37201
43716
61207
74561
80009
8874
22732
31621
55530
17472
98932
48713
96412
65548
73323
81477
23002
104997
24775
21820
86824
40712
21678
7854
91326
577
54762
83768
10846
93295
50006
41661
52217
97690
53854
31775
10562
20328
68920
14145
90432
67413
78659
2148
61156
41537
88014
74033
12294
18353
32010
36122
31913
68121
54266
99912
5539
13021
2574
27296
18964
57053
35018
34094
11198
26875
37037
2159
103805
37806
44871
4378
50328
87197
79408
60467
20170
105156
94189
58690
12692
102762
67000
24354
50984
98505
92375
62595
27428
13951
12535
92119
2068
92448
97252
50603
105703
100768
53545
17786
18810
77945
77384
74512
65025
65269
60698
101505
48566
76425
7399
35898
72841
60131
40920
72367
4234
29890
41084
2087
28211
57834
82693
65168
91559
32288
83645
38080
39664
94320
8625
97243
47083
59355
21551
7676
12080
11191
90566
16754
107506
35643
92072
29205
107282
11607
15208
4219
91518
28280
30250
66231
28367
36264
64068
84007
91547
21260
41213
104355
78977
48317
62038
67464
57468
47945
44856
66945
90712
43488
77690
41738
81207
29437
43432
24637
87939
94604
16874
103515
6744
93154
16918
43677
32420
42170
70967
108343
107430
27071
53961
27820
54366
17939
50753
2274
34909
60181
27403
53452
4720
67278
22024
100732
24680
61881
88489
22671
58114
51438
56122
100838
102783
60466
41266
90818
64781
89862
96716
60943
23546
29882
65846
1189
95891
7779
66201
59264
80669
106450
48880
36532
104133
90954
26805
99967
1484
74619
71950
55577
8132
40721
23815
79125
9620
49494
65962
47723
23415
80578
67204
48072
44098
29305
6233
83656
44404
7541
106236
16578
73163
83670
44795
61934
98121
60798
21167
41762
24439
26242
92507
60183
85340
82929
49162
19256
3737
94442
87903
3096
51836
77765
2225
80907
86932
5363
26302
37236
8915
93143
86166
48212
86007
43515
1747
101038
90363
36196
6045
93437
32038
17792
95368
39004
82120
100002
40018
51501
11435
2461
67192
67352
7285
3367
56531
66304
4541
94906
33412
43990
63015
101165
35040
13320
101082
25018
39578
7397
11451
93246
1434
16323
106335
16474
74836
7066
63213
816
72270
74726
46690
63152
87298
48765
94548
92442
51051
14427
98961
67017
10514
20450
69292
18251
35004
64704
69648
19059
40912
13995
63469
22300
10251
40354
21641
68342
103658
38715
9564
920
40819
68401
81970
579
26573
74646
44018
47832
20916
48676
84727
93324
33565
50863
41438
34740
46529
95038
46205
66207
53582
100418
31656
5081
57058
105947
37427
36147
65194
82768
29360
100011
7547
2512
72330
43215
31552
9769
47581
23352
102024
61244
22451
25149
19075
88456
29663
5905
55849
18586
63544
37423
98236
10044
21149
22704
5389
32693
97489
47001
28015
32834
33450
91555
68010
95077
60462
28132
83961
101634
70169
38139
57352
44637
46887
8613
53297
82071
57119
56071
104959
87350
3053
54130
14664
87642
47016
69620
11790
34135
80099
56988
57779
23647
1691
81555
104490
29884
5266
104341
99461
8002
16903
82027
93299
54328
95614
50333
72674
34367
53140
6762
64929
11183
81570
15057
107334
82424
61621
13165
65817
32431
10599
23629
47553
29188
85124
23611
28568
99851
96019
4491
29019
89288
2050
13915
64889
20081
71324
43674
107320
56999
18247
55368
34955
97415
26085
74061
60400
57575
4062
21030
80190
53562
51921
70065
14896
30277
21581
62234
57958
82364
14879
97997
95293
95371
95921
39007
29926
63401
102880
9600
42075
67505
52118
55933
83515
64930
78904
85359
102692
37023
6364
26484
52620
75134
16712
50259
83025
34924
3350
92868
10800
90330
69297
5072
3992
66168
23704
51986
69354
29222
88363
33421
1306
45538
54948
43605
77403
64001
69289
11207
102685
60545
26412
31644
95252
54521
53629
3875
14143
55557
25996
94582
82945
96680
9859
82942
25417
103780
35084
18242
93672
34997
56690
6532
23302
1544
75034
12058
22334
64575
11799
64859
81508
78316
105301
96159
97560
34330
20040
57000
93141
95971
100336
94386
12285
14485
83096
88851
7654
59245
94222
62902
10546
68546
103245
78562
32644
78515
101063
14872
14563
16060
24005
55041
94819
85574
78922
18975
77582
71505
62376
46958
90944
102357
12491
11567
44369
1376
30101
41281
70548
87485
63297
33479
53098
69862
55415
78170
42561
24266
30745
6446
19467
94705
72496
13862
17977
12717
16388
5186
75648
43027
32895
12274
80291
15496
60691
4410
11754
95162
7739
90830
54351
59914
78817
35143
44192
47564
2636
35068
106092
10709
27310
23290
47436
79902
28536
57255
82907
60949
51079
15447
83963
103545
1124
66371
45037
24538
26555
28731
104525
14307
68066
42000
75341
60486
45461
12287
13682
5815
45915
103337
18104
54421
88588
94662
153
41283
70193
83531
64027
33296
67116
22397
58418
69073
43627
18045
64031
15533
45742
83636
57950
81431
68275
84180
71164
9790
106287
70305
62856
25603
7507
73834
79112
30100
87803
95650
92628
106018
83230
60336
17617
19072
26562
34245
29500
64912
78730
102087
6465
96363
70083
15941
50596
3055
50954
39025
29206
10566
57810
90117
14434
47802
23810
25837
97841
2940
97611
62166
95328
4943
103169
74940
25679
67536
43529
59988
60457
98947
46464
28395
101342
97959
82164
89777
3001
63677
9791
23760
72655
51970
51849
56823
18992
41826
85354
19643
70712
35141
15709
82655
64626
30718
80915
104775
46162
82420
81434
78113
103813
43339
56354
61682
75689
67339
49855
19967
80537
76922
99510
5003
32306
88195
38910
16855
5655
108035
38844
101494
74043
46938
50212
54456
75551
85942
97044
87051
96089
96730
103839
65841
102433
72325
33704
65871
65492
55430
95640
71330
27970
11028
47475
12400
66390
90222
1935
30708
21965
90237
70242
26538
23686
18531
73252
27278
94504
72762
77166
74784
30366
91702
10413
64198
69936
43931
96380
94874
5150
79590
26753
17870
9745
25476
83246
81210
54624
33900
21092
81329
40453
71289
94513
34269
16994
71875
74934
62003
53172
40134
44311
29166
69645
96184
21579
40242
105213
27096
1782
28752
54637
48521
93447
10999
21377
978
47425
66080
37555
15742
26444
92740
58532
38796
32858
76210
55882
14234
78432
95949
10086
49037
11325
79816
45307
73150
39322
20268
63005
20397
94853
105698
86503
69281
77523
39818
89079
52162
65438
55397
2866
66571
52344
96990
23667
74277
6610
61656
84822
100488
65544
51783
56967
51841
100514
77003
36197
75532
81712
48036
59433
104870
36503
85740
33611
9786
83094
20226
80078
24693
33205
91258
78736
15793
14186
97953
107774
87903
38858
91266
57703
44073
94824
65208
63012
82563
75217
52632
37116
24549
22315
63369
30765
85939
39173
3334
95885
18531
20401
2580
70974
75204
2324
69271
26521
22311
101406
44399
72188
38477
91358
43437
83328
79258
102589
70532
46574
37401
23166
80241
63965
11533
15449
9220
68602
75925
33456
97130
47122
23566
99589
48362
67559
102896
43847
92571
85168
105426
83864
14975
46253
99412
48605
47172
94659
48493
103980
73270
64408
33985
56608
72969
65116
104173
47017
35699
88985
26828
33603
53478
43045
105765
23433
17102
3942
73162
36862
4804
2905
107082
74377
35647
94197
11855
78743
19068
7177
25382
54103
22465
3769
94944
75766
77740
3098
74255
66213
80068
88682
93104
871
78048
24398
7931
67938
45014
71878
