63706
54234
38786
78143
93160
94721
44257
82380
25450
33127
72967
25996
59724
37733
98089
99551
54419
4088
93197
90947
10007
4572
91331
44279
61868
95405
25415
76849
17005
15835
9023
72190
35622
93759
71072
18595
11605
47541
89574
74631
7681
56669
65210
96342
50761
7207
58482
75370
11897
64389
53659
36817
42770
91353
52389
38734
86058
9047
97502
33605
6907
66941
54564
42431
78326
42414
39204
94743
75806
43804
102216
6340
6877
60919
19472
21520
88016
82957
11098
67706
62028
27149
6519
21344
22902
45157
40674
137
90941
3946
16345
48810
1931
11010
80207
84124
37369
68332
24411
26420
2056
47553
22276
45624
42689
51173
79465
24419
101672
14445
82190
24869
48367
63322
7765
24423
99709
90629
46478
37024
90717
72671
3567
66272
65796
76016
37136
40753
26635
82668
17550
22615
9399
95372
59314
21888
48552
9151
65495
5335
24800
3041
10539
94840
38662
86045
40400
102413
61384
94646
102500
99928
58244
47588
17801
91462
18299
85587
55919
23400
11944
21949
8430
16610
87579
74920
49281
60317
483
67862
3608
44787
78087
35079
98686
49680
96063
92403
18066
54244
21748
63707
34232
57983
79632
55317
68347
80387
100192
77047
47862
61138
29274
91562
23958
45921
55672
50767
74814
88957
19425
58669
62128
15988
24536
93580
32593
21387
88447
41712
61309
95975
89649
8324
55700
53505
37420
7457
24052
22020
68920
11197
41864
41681
16255
36143
43301
38624
77310
27715
85662
11272
74506
11572
9931
42767
99692
91406
87131
50721
77577
91686
95783
56541
20201
32063
17125
27841
55053
7662
95831
73967
25270
57120
10484
34568
5014
38684
103033
15770
36602
17517
83620
97027
16078
68168
34028
50636
19022
88898
53548
30269
20773
87068
11441
10439
69985
15580
48377
68220
77833
697
87668
11068
71157
30750
85670
49522
67507
83569
31489
69772
78900
33475
54175
48001
68523
55510
20304
52179
26377
2373
68042
56211
65126
9860
82007
50782
95699
6080
20902
97873
72873
62898
92095
1024
4404
66401
56111
31179
93926
55086
48599
90609
7529
32987
43183
7143
70234
93182
13077
85682
68962
42816
60791
16390
32818
4846
4261
10266
26985
55198
29631
79115
50059
4917
17777
73725
21988
6840
74334
32556
35744
30913
32727
99419
56719
31806
1635
12135
9762
14991
30810
51057
45501
87502
73853
80970
100172
60001
78464
93516
48535
70774
29961
96922
13984
92126
67356
50788
45820
90080
93824
79899
82704
73049
55208
52256
103719
16122
2783
17444
32978
6863
4999
52714
38793
40389
10572
35447
952
36793
86445
76487
66852
32070
50922
101394
66322
66460
53147
31896
49069
16792
43306
36120
89970
44321
62106
48251
55275
54747
46448
17909
51742
16104
91982
67874
88782
20995
20858
11470
12736
2413
192
15128
35339
70814
64056
5086
82615
5475
88392
11189
20031
37089
24449
94174
31892
14668
99094
24375
64736
96903
12848
26249
88136
40710
3432
76778
70818
36283
31772
19464
90791
7874
61335
34619
94503
10021
88549
34930
80826
83562
51912
40447
60354
15644
5643
25823
66414
61288
34274
3208
22278
11867
45771
64927
2596
13576
36957
37810
15762
13440
54
73959
93572
43103
25668
82832
62282
30024
45823
29635
57321
13220
66245
2034
38470
82781
100687
78520
34094
71047
69777
48551
91010
103035
12182
20090
74126
34592
97588
74606
74311
101598
39460
38984
66963
1575
82084
81958
82651
48422
88848
84038
9689
52885
44553
13403
54662
19626
44894
88022
77154
13728
9349
41238
41940
74953
70905
44304
42419
37766
27499
3447
45648
26961
36211
90794
82880
63845
65916
25277
62625
74659
94809
10968
54733
97683
1749
84616
56060
97122
34241
71201
55771
20177
26972
12745
34842
62642
48960
47048
47702
20449
67869
28864
71390
45629
65660
80919
102527
343
59321
44332
99436
38887
13708
91113
7230
22729
36116
87925
35145
13706
77600
2794
84772
34287
84106
81339
69936
33828
34067
82146
36408
77590
75050
23564
20418
87474
27347
41676
93832
18039
75338
71280
43847
54182
7584
58985
44013
10388
87156
29681
68833
66471
6066
62955
17101
93368
51750
52676
83238
81315
91119
54420
39060
83631
39703
70328
87837
22102
46086
26389
16899
84583
61896
61162
2491
414
73219
31742
102881
97091
56199
15997
97074
27239
29918
87380
87493
24742
91544
100789
77412
52687
82065
34612
75522
61372
60091
1053
59907
69300
67262
94866
53665
4376
66283
36247
53597
81296
103744
17266
38077
38132
58946
22626
28471
40653
41512
47652
102579
2012
59296
2519
91101
50600
158
50681
76140
13570
9571
47294
38936
78928
56383
1624
52420
55785
71327
80237
95965
3369
1975
41675
100743
89359
94607
1877
22283
33209
88152
70536
58065
79511
44141
61623
94713
8782
69140
24273
69596
60843
60339
75955
23251
32654
72066
87829
22621
4637
1236
89252
34148
94421
66907
63484
68886
77843
67867
53728
23190
91822
1570
78750
65132
98830
47083
45681
41348
88636
81221
72128
86895
64648
100392
32277
10801
15685
99883
86936
96822
93339
10353
101865
8181
61119
29577
15883
22254
64709
56823
86208
98570
31738
15023
18765
48003
35103
70391
96340
76654
38456
98114
7464
71441
24175
30722
76280
5581
102745
33218
81259
5723
74696
27923
27530
80978
5765
82026
75739
84644
48554
72329
60621
84605
97949
55422
78064
33669
77638
43319
38291
23577
20616
62819
16816
100012
15610
32483
64221
81510
103182
71255
59431
1817
82060
45457
20009
30294
69585
15797
45678
79278
36794
46095
31655
31265
63260
1798
31515
16780
56207
81469
4834
76688
37235
71150
25459
5278
79224
36240
34753
26067
49455
51944
8342
30184
75446
51121
79230
52616
20268
30414
95018
56032
66743
41344
62913
101623
14975
22074
37133
100678
97851
49775
73716
26584
14308
99999
38665
72695
10723
92243
39443
74582
18845
46484
28499
52074
79508
47302
59864
36145
40770
13477
90805
29326
99763
15954
9813
55111
73989
32262
37233
31967
22848
40344
57847
58660
102287
14664
69705
21122
64170
29723
78529
102484
10606
78028
15989
36506
20791
76863
65951
69655
84115
86568
62804
31822
26129
33104
36222
10658
24914
64664
19983
79086
92077
46297
81475
75624
66242
77969
9757
19796
48225
77999
31493
8172
59733
87796
60188
40450
30968
82238
62633
57206
72262
90848
12004
28612
68134
54468
4297
28203
20460
32350
30660
68223
60148
73021
3927
40505
46140
3371
39947
13581
91316
44021
28552
67783
60367
80981
46106
58070
102194
56123
54409
48631
807
34235
60514
35841
35582
46037
83794
91246
57630
24373
31732
21301
83483
296
76450
10754
9111
92511
13390
32281
86846
44031
48087
49454
22821
78615
63871
47928
28008
1621
2347
89119
10485
8675
76640
103325
76597
36787
48401
51199
78445
64754
85543
21693
100934
32758
76812
63682
18605
56456
101353
28771
34657
24853
2026
62561
20080
67672
86085
82231
8916
92211
72015
29484
83030
70271
22358
41980
32159
84396
86324
61377
34749
102894
60820
80117
3346
9627
6615
19227
33458
44490
61381
31867
81637
55044
11092
91378
1274
68589
75612
71114
6777
35191
23968
61992
38189
3503
11230
24056
43538
68358
85746
51339
27184
87910
76483
37395
75654
11472
104228
57838
35773
68763
35390
92387
28809
21427
34575
45611
42232
67608
34966
33147
27722
7378
93202
87786
5917
89817
26644
30746
45815
24069
64016
77887
67453
48184
99572
92532
16144
581
3151
11923
26216
78286
26839
75438
43999
77288
56782
20564
74908
11512
8808
19997
25822
10241
100950
68296
43464
46758
8738
23384
47205
68126
95876
89349
58588
1946
25779
77030
72342
19080
92787
7365
34918
97083
95194
34275
14123
71946
102662
44264
58873
84674
29892
86068
4649
39281
82233
76537
80720
3621
60832
77419
12237
84510
7909
73647
20107
43398
64991
87441
70402
30233
66732
89292
38958
80760
36539
65253
56914
71989
43659
4220
66467
27570
83276
70354
62502
96802
7837
13348
28479
97750
50982
58368
71117
2878
48828
9635
20891
52421
6101
17505
52017
97050
30326
28007
62223
28743
11770
64706
25012
72552
64229
35105
92153
52883
63084
11529
91971
56571
31453
22760
76273
45981
35387
58997
51047
25085
73147
76390
41193
14861
71124
90777
92401
48568
74073
78886
52505
83424
31220
78745
34757
18011
25571
99145
93526
78853
75764
91890
50929
64974
76624
90512
75713
43241
71496
4025
46385
103313
86400
55492
80609
1658
19697
53204
83666
33415
12844
75084
89921
35197
11169
44520
28920
7191
5503
76058
15663
92286
38376
8225
103890
68630
20878
34649
58910
69619
32683
32058
88536
66463
49073
37084
59387
71894
54574
73200
41263
45303
6140
82032
82798
78364
65544
8865
3498
72147
5074
46620
101235
82339
60565
21335
90397
35720
26194
51898
101541
91156
862
24676
71000
91304
25467
9073
71781
93166
66987
73010
85954
75938
18293
93067
13912
50292
43606
100249
80029
93888
29481
91125
82313
34969
96561
86366
87116
19848
80226
62940
88060
90258
5630
99657
58864
13555
3491
5270
97810
19277
56462
25820
59451
83037
13203
25308
68035
35260
21940
42404
18175
33380
35658
66725
62178
74807
43794
45641
8889
75267
15422
26777
3742
65529
83979
11299
27905
44683
52796
26578
35215
99846
4152
85520
9139
74351
70112
77675
39228
100800
9978
48926
70830
87463
76409
96860
86573
57126
21006
73468
73149
55689
3612
40139
69725
18289
79296
101644
79590
11713
59791
69916
5508
12787
19063
5223
20283
57772
51760
35055
29489
95000
73189
64822
50834
50552
41291
94109
98973
59694
34495
37725
59032
44422
66213
102988
39301
3495
19617
9335
69166
59784
36704
59838
95842
55191
5050
12502
38548
51137
45159
16419
45594
70167
64628
76732
69333
8948
98024
6499
43352
59693
23705
45878
12559
49239
77490
42714
77099
46213
45530
92869
37413
64503
49174
26918
52804
5894
59554
26929
73488
84572
4919
39748
66506
23646
19328
18850
85536
64471
88914
52492
91245
94115
42197
19101
30226
38097
43886
22383
79189
33248
33135
18924
5599
50567
48873
81905
70346
90884
62825
50775
14706
17400
39138
82092
21247
83417
55270
29876
46215
50689
64331
24782
89551
2029
5843
34887
39787
77684
92074
47307
458
4266
96043
59142
12824
45135
55690
42952
44106
16367
89534
71810
54074
26302
61276
72010
83765
82175
6328
17267
95309
29520
87420
629
12369
62343
5164
36687
74792
47401
67858
42633
61912
32896
24466
38587
31103
11483
29889
95269
89390
67646
36171
45660
3614
101434
24682
29205
40857
8645
67822
100486
92381
4332
19931
66237
20626
10566
66793
76333
87525
637
20169
93408
250
71176
67174
20189
1136
77713
24178
12686
84757
80540
51830
64948
30405
53972
74571
33194
13767
23044
68443
1735
12247
88092
77495
81094
83250
61359
40600
776
103444
62906
83262
87932
6736
71566
4154
90968
92558
40588
30598
29327
57798
91590
52002
59308
11331
73623
73925
98415
71487
93702
66547
48876
9891
93027
35292
3377
50566
6469
91811
25040
9892
3699
34690
92141
73263
18562
811
59406
29924
14261
77500
33327
2289
101005
3923
99679
93965
95188
11158
68689
8721
93084
53206
60992
90704
61664
57963
37452
68164
61233
21208
57053
85242
56813
84147
45775
81693
21226
83911
66747
63941
82566
52111
77284
42519
41031
34294
103823
88051
39872
50855
35989
35074
20601
56020
66003
73026
34668
84369
47300
86019
74440
24658
73761
2113
99959
98724
2294
94252
18362
6491
61014
37876
102120
51887
44491
53106
94675
59013
32191
43343
44401
90955
2520
81832
456
85995
86754
30178
7367
3483
5297
4496
28862
10988
78073
47979
69925
99966
52894
17464
51069
40113
92597
54938
56141
990
47639
71406
92895
337
29767
91689
54384
54312
86942
49179
20515
29307
18597
27103
73041
75734
89441
37811
50958
177
3509
74969
51784
91673
32629
82413
73973
64077
16827
2310
30555
44389
37023
77838
47733
79402
95922
14472
55019
32854
23102
102717
99162
724
87667
11760
1423
36149
38442
83969
15563
51024
88907
3593
94166
53171
59566
42742
47457
85933
18964
46904
29357
48908
65002
75300
80355
13674
19913
13261
19021
102366
90094
15428
79830
27947
7399
31038
36364
3468
11341
90784
92600
53248
71350
6240
81118
93898
22037
80603
38782
41290
68733
1662
50310
59767
6785
62193
82210
3069
103688
2333
1854
23797
39369
22589
82288
89993
55133
100682
67318
7444
63623
40316
77300
51524
83550
63376
92709
82820
47052
68004
71239
11157
30135
80651
70124
93703
76199
4924
38388
25826
83017
78359
100297
57417
96075
10896
37468
78011
66981
37966
26438
20886
27375
45831
89952
42719
11597
85421
24837
66779
98096
40427
17580
15677
31507
80347
84223
78243
18313
5680
37719
57782
67765
3365
48650
45310
43585
100612
44846
24482
92803
14765
100737
78734
87272
88509
37005
50798
47841
90187
71823
1938
84704
16993
64919
63933
23678
70060
86885
60173
74037
66696
35696
85390
24390
26829
44500
51819
90577
25343
93611
62506
86368
13529
86023
6500
21862
67621
78650
72011
59459
6735
9778
4847
96117
54155
25640
29424
81160
56271
92402
56591
83876
33848
27946
79001
21452
71766
3061
44704
64248
83767
48808
48180
62639
72434
6568
91124
78322
5874
29248
73099
56577
8385
4016
65196
47257
26825
4115
55289
67296
77598
91568
31855
5577
77805
32757
61676
10563
78594
40832
4542
82286
43719
98987
34303
48020
95749
40279
26094
7991
70855
42727
43167
62029
29368
48829
22261
22416
2561
64739
80577
22459
58653
7186
51063
76760
79013
92791
103651
23470
67902
17501
62628
22519
56421
82188
35166
96028
81628
8507
28388
65695
72211
12992
23342
52313
2603
71895
68562
1697
11378
60683
24620
54056
75584
83437
16651
101836
61195
53686
94202
66208
29047
45715
31355
752
50824
46671
26456
102941
98573
60939
87858
11349
84750
9985
44507
34720
81443
3419
95793
63666
31203
90737
17371
10211
15074
2544
79871
9526
50613
30510
20751
71275
79450
89909
76399
56038
71673
102058
54324
23695
73420
80116
25170
83047
94976
61333
242
99397
93518
6312
102244
90758
6395
37756
36284
34140
77504
99566
40839
26810
16100
43935
5957
79557
23018
51662
43452
30118
45390
73353
87806
30752
81038
2437
86692
82145
6287
17914
8944
86685
64212
54055
23388
75827
27393
96726
97958
61351
69153
53607
7794
41401
28733
100735
90226
100403
5333
37159
25500
90287
13258
74603
66280
87820
22078
13665
15572
9831
19429
9507
77581
32203
36510
96500
73755
46849
47167
47761
92850
40764
58725
47160
91975
7277
76286
32037
68831
36782
75844
33939
69804
80827
266
56377
8493
46835
2374
64687
46479
95032
27462
30647
39991
58826
71297
32278
84864
64066
44104
6819
77433
96086
60378
89997
68715
27805
1822
13737
31044
100818
40242
101416
96059
27845
48732
57786
3869
72817
102138
24043
60232
69746
45839
51787
31423
36946
9398
12524
4141
44826
78309
4160
42649
45615
80258
26531
22424
38864
2165
17410
59163
21402
55162
6353
101153
27460
88374
98887
50948
62307
97914
52798
42437
39293
101254
3835
33702
56685
49965
48023
36387
96115
25551
91318
40192
25902
87912
55340
32682
51234
3849
49933
71570
63523
40443
94592
56188
83673
69673
21175
33938
9286
35549
41612
79076
66007
25375
58157
16075
66211
80477
78236
25628
93625
46687
58442
95409
81173
66156
72396
81174
32756
14177
64617
15387
97953
53374
15054
27909
29899
3095
3361
31571
96097
10308
62210
66611
59964
58570
46314
64195
65754
54924
88056
40478
27058
64475
56438
53531
80818
89423
12048
80808
17457
34606
88162
9201
37866
65985
19006
35978
93812
97311
88246
70226
84046
27108
26245
81395
90305
35832
86552
47876
17814
53676
22446
57530
21620
12893
3650
33897
69266
92135
73568
93981
94433
3201
40372
50679
27097
53596
36962
5461
96085
92418
49266
27971
68799
86695
48037
47450
72934
101830
95667
11816
93118
81520
99418
60576
31681
94606
49089
61745
78527
72829
53736
80641
39529
67818
8582
75755
3705
52385
59133
56513
52614
14172
82943
33344
49162
102777
68087
53621
20892
32510
13710
74858
71434
84994
93873
63629
47914
7792
7850
46730
13462
31407
32472
95989
48635
103614
27728
73730
64714
49202
79350
91884
84779
14030
30839
78515
34563
22380
42591
67639
11530
89341
60020
71437
73463
82244
96751
64538
66527
18326
86689
23632
59522
60202
63453
89542
15001
28227
25614
4757
18435
16994
21004
83012
11109
89124
11647
54524
96010
6828
28423
98910
84705
103789
3953
41035
74127
77641
39768
46127
78276
19233
90276
5909
96278
923
59558
83023
56616
78571
54161
7561
95101
60113
27240
96400
81418
15936
3776
2389
70882
69048
79604
38012
30237
21366
3929
57005
30955
82534
47248
913
11978
71937
92555
76166
94128
38209
76598
6903
22560
10977
101521
52028
100409
91844
11008
63051
33322
61938
10496
37987
34007
91203
96430
34737
23412
65901
33949
49339
15055
52292
47007
85483
76904
87948
90939
23131
63539
50430
12130
18198
32592
13212
98321
15009
11013
42864
83344
21567
78452
83112
46447
21765
68852
99532
69706
52185
23442
65706
36377
25666
49304
49186
83460
41793
41316
50356
79757
103132
5639
53152
20736
8130
69141
59820
82465
48936
23343
41141
82002
85087
50096
50475
54447
17158
76692
34195
98612
26338
81106
31235
37834
18409
47605
25164
59917
89607
3759
28833
43637
55720
77147
102789
98362
97541
24519
11449
32979
33900
38
60098
47028
90918
15316
89769
68417
92396
94186
24826
20415
89773
45031
64867
30428
24248
45237
24136
89147
52732
13096
4274
15477
91710
102311
4207
97832
3054
27457
25153
59730
11315
44819
99484
40318
84167
38098
52501
32820
60994
96440
59816
98030
102036
85120
34653
83804
91431
98511
21337
75594
97782
69240
65552
85988
63096
90174
93444
41485
67364
36594
51829
91106
38790
48813
94409
79801
16932
57339
24164
33793
21198
27584
1253
66877
65367
89706
30171
66870
74830
56705
90063
6176
43122
20502
13953
44523
4588
90050
61913
13160
32624
101325
93282
77973
62169
48900
43742
69978
90252
72487
81235
82321
22243
82531
68518
91422
12863
70231
86758
53951
89104
61598
29273
50592
81131
62427
57441
66000
26000
10716
91472
12041
77643
77116
62699
71831
40644
73404
62769
54269
72104
33004
10246
32755
59960
36230
5502
26940
62078
7894
63086
21177
84833
20946
51336
52089
42928
44663
46139
92159
30691
27891
82119
52626
68826
11606
7211
98111
39253
616
9199
20864
41429
36425
56433
10371
25921
75356
1340
44047
48443
28722
1977
27818
59947
5022
8596
50037
56911
13941
87186
66097
87078
42219
97047
71606
23858
94694
93937
44397
61920
57473
81503
21295
7603
2035
100293
89715
13444
99322
79281
75615
70051
55171
101265
65564
52449
64542
96411
70650
39041
18894
30290
97918
82334
18321
208
38631
31226
69479
24946
101092
48550
2466
86908
49550
103723
41531
64610
72516
85685
42713
85766
56010
28469
2132
46653
21647
92896
68994
78354
55617
9548
26415
35131
3949
9472
49029
74194
92519
73483
15732
83648
62309
54721
7590
47791
71771
9849
52583
3958
100770
16356
101976
57146
69715
67959
74321
59022
22279
25917
54071
40058
44483
98657
20362
46390
25743
33899
61200
23906
34330
2359
73065
2193
13040
2873
19367
34066
5161
14787
13998
74652
62975
87519
16592
31193
20173
84881
70627
29538
59310
55839
24510
65036
83207
34661
7085
86653
14783
59045
37347
91697
90185
23935
26781
20731
41453
97770
36796
82956
67319
20306
26807
541
74358
50002
81476
35976
56560
64143
49303
66650
77285
10035
4117
102393
76085
14870
50715
77692
64372
49206
20687
81379
19987
13007
91798
65082
37568
18476
22556
42570
53009
60289
59983
95616
21439
36876
74258
61318
11986
33533
48708
92991
97056
66955
59786
89700
100923
69584
92486
95881
79606
103661
36324
21659
94874
51421
103806
61976
57128
28241
86164
28932
37071
42245
99583
98251
31258
27011
49515
54824
293
82842
16788
5750
32938
70849
20705
90083
52773
6882
83141
37545
79315
93912
52018
68818
77682
60532
91915
20671
44549
47455
27121
4366
91216
34448
51823
99468
7048
37956
40422
42831
60165
91381
101588
81970
9589
78823
53902
10751
25772
93410
96110
102030
4902
64368
88943
18524
32989
91293
11756
100408
28075
36371
57033
82856
9143
77808
88426
71979
19144
36382
46662
13030
60445
67700
18296
73970
51427
61805
77748
13086
38362
49316
46957
82400
4022
30514
29343
45593
14978
72729
26689
43922
46268
76169
56788
8588
61284
28404
50164
53689
37622
22294
91335
37258
75928
73673
4929
97003
6816
76662
95729
13830
32580
33237
51592
103897
83291
92677
60492
41532
79380
57484
39649
94289
56363
68372
44357
9229
979
16598
90087
28650
83575
84968
39766
59140
28987
73545
75409
56122
74701
52102
21725
18739
61659
29425
12967
9144
60284
53576
21101
14670
62257
58435
48639
54243
49655
3128
66521
33428
38508
8366
100238
50886
25325
20474
34221
45732
24412
381
10983
89738
103822
55184
24494
62973
32113
55427
102119
36338
43811
48542
36178
22429
73045
84560
85434
40438
5286
45618
530
69336
63368
34449
44287
62873
63693
36910
75408
65212
88127
60774
82278
83235
39446
31294
62261
91952
36295
45255
76605
60326
66320
47153
102882
92522
78008
56324
42830
14731
11528
101837
56479
70015
102703
36828
89582
28004
99840
11452
51351
27640
67571
9230
35010
30573
99912
65380
11563
53339
44325
86922
3568
87434
72187
1354
60821
50079
89392
37952
38490
15915
79160
70030
10083
51918
77366
13305
40798
22587
36558
37926
64216
43586
7087
18442
63090
44691
7624
29454
77876
42550
75017
31931
60221
3947
12457
31947
26171
3977
97960
48724
26381
60792
23997
64907
68118
37051
26215
90309
20355
103386
39105
71049
6159
93987
57466
70318
60012
18395
1722
95153
59695
51884
14827
37749
100752
36161
12
65576
28055
5818
15071
95739
95675
73071
94291
38742
2943
36530
38557
78036
22670
36199
20395
63356
912
65455
95184
29791
34553
17236
51952
23437
46009
86780
29091
32421
86501
91330
67223
598
28916
77271
58798
21189
22685
53740
22820
66439
2126
49936
56710
11927
39528
102240
46926
78912
57103
95966
14324
22215
68442
14199
1150
100722
49261
3239
5724
83418
77234
51849
99446
40646
35228
81071
3642
33592
26604
84815
69539
86761
4742
83577
61922
30550
5981
77652
28317
47845
88921
19826
15058
36081
31141
14060
55619
41183
73910
14532
32750
10909
59749
20845
16045
71965
15163
7682
25274
94327
41613
6977
39609
5754
74425
4916
54137
75424
3875
29025
45696
69386
81158
87545
56449
41110
17481
63494
81866
9711
63310
14923
45298
27556
29818
79272
64951
24829
21963
53334
62834
11027
30395
30535
72865
61239
20249
20900
48130
26270
45627
45818
6663
91892
32439
76618
12253
12399
39236
104090
11514
9135
35538
23544
12638
3624
17523
1763
8065
78686
81665
77706
17933
75412
67589
78589
23006
55488
45887
88304
74340
83482
45212
5268
14775
18309
15275
32359
52841
58140
90322
3037
37182
64190
46511
66312
56196
37305
92975
85907
67519
89081
47822
96123
53593
73234
83228
64252
7426
771
18492
75559
11648
24594
81438
54831
89834
42728
17536
27510
93475
10612
35373
33619
80906
89879
92830
85155
75927
43524
32737
69061
18891
47227
15045
52452
95968
50072
23575
5034
67911
22191
13945
17295
73988
1582
67310
23713
25740
62719
30599
4932
88394
80141
71237
93570
56268
94642
97840
1334
97451
10122
16812
10341
39544
31891
15636
66965
40111
65950
89254
57361
389
86299
51517
66037
62549
68989
44
29377
52807
46177
2342
86013
60116
62272
10962
6970
4982
91315
100187
98038
86078
48310
45107
40426
50061
75873
2098
52884
33584
89810
81240
30104
95500
94012
9070
33933
41134
94436
74831
37139
33893
58952
67003
44670
61273
62671
5046
59423
62668
49948
43121
50484
67386
2449
27315
18136
21099
8762
91785
57836
14834
66614
17411
3938
10709
77911
493
11695
68291
81459
81371
30654
54364
45345
17908
60556
81671
69592
76245
61508
51538
64442
67520
30611
38837
85636
94578
35995
85505
9825
22389
60090
27300
17779
31921
60075
17904
58454
76438
44965
84081
98220
15920
44759
27414
81871
34665
53155
56429
40260
50673
23166
59995
88062
57673
38373
32990
25096
18847
53556
22967
4815
74313
23050
72555
48691
103837
13955
74244
72181
14591
95143
47725
24291
22856
11919
22803
30026
3022
97259
49235
89236
79783
53478
61407
93261
100175
62555
44497
27153
94911
3085
76797
78182
14115
32038
69021
16595
3002
15119
29713
4613
65203
80099
92833
67974
73333
61903
17377
36007
47823
54315
70040
92263
30586
44033
96747
36795
14596
71524
39638
6619
31444
87621
63431
47071
68056
93145
12322
12761
85509
47682
65052
33027
16733
9049
66603
59668
97659
67337
8978
34796
4520
103922
82641
35954
84213
53688
23027
14875
78210
62162
56319
16668
61528
8402
24348
5674
19928
99993
38765
87466
97662
4157
19174
38749
10158
100078
48278
72276
20102
38452
53906
98574
50326
103160
1557
71613
29222
21747
39344
93104
83589
29300
96792
73216
44436
19783
77863
40856
100315
89107
100100
37790
35071
88712
33960
31424
2548
71456
99146
69614
78657
62460
77854
99951
79356
5873
79605
12419
4508
38524
88071
70441
25090
99440
90428
39414
83423
30471
91270
39785
50581
51140
19880
95694
80489
69877
31174
45281
67732
61213
83232
52342
64751
29358
72642
6778
51914
72167
47338
18490
79603
19988
71518
1058
64635
48169
10206
79556
102815
37845
18937
52301
102364
91023
48950
48083
34136
67989
75970
85508
60359
48805
37928
76818
103599
88781
18745
46910
49010
32650
46825
89034
22079
60322
32970
72225
30693
99460
95012
82194
71215
62258
59092
58412
42438
95469
71873
82016
100351
79728
9120
51103
20085
42514
39905
40116
100082
57930
39977
70946
23569
77990
26906
62981
13969
92409
20723
56592
81473
12059
45751
1710
6700
60190
74262
30112
58017
84822
74116
68875
88480
39074
8140
93237
31907
86630
86097
14158
67625
63670
20883
17118
50659
103146
88589
59581
52477
82449
78488
23010
80621
51537
92281
52727
18997
20203
27565
8237
66807
100007
6655
17826
26595
22069
94276
55037
96258
46533
31077
65587
61093
35722
44372
92324
43863
13009
92867
77944
78150
58415
59119
102773
77757
57357
45640
68500
8601
25425
61678
94535
53803
73178
22673
28345
97933
22827
23750
81961
61949
17462
64202
2451
81839
85652
15199
53643
44030
36830
12194
26996
94986
255
98356
14175
66495
48914
25860
92127
61091
87821
15728
24534
98250
100828
38605
52206
59670
79376
28935
83285
43973
63429
7104
18704
2724
43523
49312
4307
70323
18125
95370
86235
19982
30390
1728
50777
13602
80443
26256
43387
35011
69039
17954
22461
9112
30133
65562
30315
1818
36730
24691
77498
28560
100300
2032
27320
75229
85497
6007
1843
16608
51936
33422
93597
81052
81640
65070
54408
51651
62436
50848
20329
37933
35512
31959
100469
52607
36745
71696
91814
54378
21534
74220
81638
103274
52508
35499
40647
24191
56467
27040
72813
56968
37856
24817
1903
72264
12951
65235
42471
74881
54359
94769
15999
88461
67376
89227
26416
39903
45488
75914
40919
71052
41803
808
53089
52938
103828
48580
69402
96074
78665
53143
45898
83524
90306
32238
90156
46125
75602
24206
743
5847
31054
13501
94438
15371
97780
43554
26843
70556
53672
10115
73096
72990
13606
90827
28776
43004
53416
6085
51000
99204
101418
81725
74589
99123
92701
28802
94658
70430
37632
75964
100887
53999
42950
86386
2260
60700
65023
77321
15579
53789
16057
57808
15748
33609
83616
66228
80952
23808
4401
4442
44109
66787
66349
22764
12099
71647
87722
71748
64816
60061
74386
72018
82784
24993
22588
60132
82743
52948
53456
31520
58319
50395
69327
71449
65598
61574
81568
5753
57852
4888
61272
40541
16866
1300
99481
52843
41079
65326
97876
91349
19127
39949
34869
72090
27529
97513
65271
15460
49035
92237
32627
68975
94919
39055
69408
15698
59703
95698
17060
103407
40177
44328
76939
69064
45994
55632
84980
14041
22916
13443
63508
26164
69007
8465
99887
94148
102110
32167
73093
61953
25651
81674
58413
68827
94386
46953
17018
41593
32313
13463
7385
37683
37760
91605
69487
80436
83988
61815
37231
2001
59247
92431
3575
79037
39297
27105
82216
55913
58193
28020
59873
92374
14234
93656
91421
80889
24949
53595
35849
87365
5029
34685
44993
21493
34077
16074
6191
42338
102426
73017
16962
30036
55990
497
91730
75467
19872
23199
91476
88140
68588
12648
11507
65248
78223
93060
19321
99640
11653
81512
9692
14920
86337
21596
35522
21882
101385
14766
17300
27384
74446
73066
80382
97975
63424
84691
75552
78218
54766
69247
33008
56006
43893
61853
94401
59766
53004
82945
19667
20770
32457
50031
57583
83474
71307
74113
26865
81582
82986
96966
41770
11741
19189
16833
53480
10524
9206
78616
5775
100943
39466
51894
85563
89961
82576
53174
21802
63326
62386
58548
43048
9521
28097
20260
72797
50342
89608
72141
78724
8880
84739
43993
88801
77543
35288
70057
43667
68189
86480
16553
59828
70372
21269
70585
71735
405
20664
75276
85928
41390
75781
70583
90291
102208
94237
4238
21185
50957
102104
87572
74294
16563
15910
83175
71078
59367
65341
74015
73899
49893
18402
43205
40703
43027
94803
41157
90601
25572
77642
29532
81652
94737
6227
4600
26259
24293
99357
57885
23492
38191
54032
28573
84762
84727
35471
78137
53043
43656
83590
69885
36750
2245
60786
14650
79155
36411
36036
91169
36524
56832
17666
42526
23358
79206
3078
61514
72321
100244
41883
11634
4168
89056
78525
88028
29029
100157
28737
65569
100998
21280
37874
31271
49794
55831
86944
93199
77199
57167
43720
17584
10948
41221
71939
34512
34835
91339
47029
66071
62171
6409
22091
13418
103757
32707
80670
21074
58225
92886
25946
2632
4878
75693
81952
28897
24815
6753
90654
82989
73946
82360
70481
28620
48871
28767
31752
79297
56819
72943
32017
71525
69942
44892
58262
86544
8013
59402
42393
62249
8303
50833
57262
47136
103022
69559
51566
99345
43369
70861
30155
57796
15873
101843
91180
24716
36279
101523
65462
34146
75034
22590
5331
102277
64775
30115
73642
18506
34545
76823
88586
55058
48386
101104
23877
50763
47601
30293
87774
47664
92569
76000
67205
32619
80932
24468
83095
9987
81765
59910
10419
49578
18194
39985
58609
38922
16377
65430
67940
47784
58797
73751
42569
99091
66127
63932
94935
90875
72585
67331
69791
84667
98809
100957
97223
49618
45834
55200
8078
34515
34941
33376
69548
34956
102600
80386
32664
31466
77144
11265
19384
98949
68335
20241
35913
37707
38581
15902
93805
889
101288
99262
13354
38532
5575
31789
20452
66990
95581
57520
7268
76566
77070
52952
82906
53601
104112
47814
24662
60078
65152
90490
14699
68702
32036
84434
79257
64999
86632
54170
95132
86151
72471
92658
31118
75157
99948
46505
1640
88225
15287
35138
2535
31695
8061
79267
102441
72604
2192
18188
2772
51896
27807
70230
10969
55908
52137
64397
41975
52417
93971
85361
36980
72735
89762
3250
98834
96547
71304
62716
71091
50335
67121
66115
6833
55675
81487
20960
12523
91592
46937
96984
19597
1592
45771
22350
57600
44649
15313
8813
41115
6334
96662
15510
101699
6381
9790
50516
29378
24255
45117
65763
7011
93524
16418
62226
70598
85419
38311
13393
74356
73611
33611
91882
69719
53742
17535
307
41961
40761
63270
86223
75706
15524
16730
59993
55288
63181
4999
45406
86813
19082
69155
35363
35886
24307
1173
34450
26605
62407
103412
14434
103915
57687
35713
66671
62203
67281
34743
71648
88786
58150
71034
61850
97762
41502
4752
38064
8269
98177
68809
44249
67589
9918
12883
83062
102420
77846
19485
35990
87092
25961
53296
34775
26558
82769
100100
89086
68624
77585
102627
89627
12409
101238
27789
57571
21211
100957
90671
68444
53617
17747
100315
73741
46485
79253
66334
64539
28690
