17102
61321
95354
55477
47552
70709
39054
10436
96684
54391
24115
57741
95069
52888
72022
87297
12838
23061
24673
95170
83499
21206
88938
41217
52358
27895
2552
59370
74371
2763
20935
60762
25095
30967
71536
28140
1730
53416
10060
4060
57278
39924
46116
27340
55863
78122
64205
3416
26290
32489
38535
31795
9296
51272
60066
98907
18030
94672
5145
52668
99923
14414
86798
21111
45138
59807
52131
10495
67022
33070
15763
2874
250
5746
32215
27184
39879
80803
24922
59571
24325
53465
95959
5336
72129
58080
47110
79469
90451
57734
33023
96433
26401
47163
78346
21324
30458
44304
99796
33311
33493
41176
39575
55861
60079
20303
19225
15142
48499
81051
33893
52269
87415
32660
35771
6447
23825
90320
7628
91805
6464
81687
98406
17874
72484
34368
16161
80065
9437
77445
16284
78138
7806
31922
75352
75534
80623
58406
98245
40328
79355
8733
56836
21694
13792
40824
26803
2758
41215
47841
39592
40721
36915
20748
84237
73792
96801
19422
26598
20529
10556
16940
815
78421
95868
13557
85552
20732
24263
90249
94430
78913
51584
54302
92769
69353
58710
26628
47431
55392
71115
90283
25068
97370
97405
69130
86182
43623
77009
79480
77296
50501
70323
28950
30986
31602
5343
33587
92415
60897
77282
81517
14520
88080
21663
40536
8727
18306
63690
59277
81021
90880
36676
74959
54047
94210
35051
47857
7559
41530
93423
85918
562
14219
61359
15895
19303
8436
16202
49062
9828
29627
26906
34796
69870
65384
2014
54651
9009
22366
69251
17582
87492
93501
23
29967
54878
9033
39102
86145
46
3891
49576
61248
48518
4710
92274
36360
68352
97701
79341
15930
70896
23955
50214
81115
42970
70433
1728
39283
25892
44924
36596
51732
45151
15834
42840
73514
584
34153
42812
79326
36722
88040
86833
29687
92528
16047
38005
54009
25116
8268
23861
26501
34128
72161
33569
37389
57759
10803
74495
11412
65523
2597
82813
84241
65555
37679
90829
83368
54732
79366
63841
20947
53246
77563
27268
68672
3478
88843
26985
26457
42253
1664
75224
18594
39435
97563
7389
28405
27398
11893
96845
91974
12253
60321
51343
20003
99094
76590
33349
64122
31542
49453
89014
15528
89634
74276
88393
92966
30138
30145
97329
45840
69520
55830
71201
57038
75447
98938
73185
83567
62672
27135
88583
6823
29794
83008
22172
3814
92019
14982
72699
21557
29384
11653
48215
69868
72073
64295
53624
75072
24222
54755
48061
3108
92275
69567
95109
38866
72758
2195
87395
19434
92352
40164
34032
61082
86812
10499
97738
66912
27841
55820
15905
19668
2331
57530
73847
40623
18795
45081
42513
38915
24119
26699
86291
98334
14088
47191
48557
34640
4498
77941
48791
45919
10745
96842
83210
69391
25030
20586
51688
41465
79354
23796
71726
23580
2321
1698
76303
53509
63213
30496
50425
100056
15678
68958
63431
37242
56387
35601
43847
93094
74374
27941
7332
45069
55238
92897
66286
72826
19114
52917
87956
39507
2930
262
12315
16811
69627
62088
1904
19061
91718
24694
45881
58843
1954
77791
8734
20857
7772
38336
62018
92977
14652
28598
7850
49466
59753
7755
76024
61837
64943
80100
13898
52027
96465
26509
84654
35786
19595
55107
23772
37043
69452
58910
69639
64531
63992
39286
80144
60213
13236
91975
83136
71177
35996
89355
12837
8150
95480
20714
96274
82334
81665
46287
9716
66012
2511
26766
71932
42759
56306
63614
2009
18315
71327
42395
99335
28433
35091
63366
78188
26359
81745
35829
67078
95904
24544
31841
87543
41026
61119
57058
2419
91485
17362
45382
9295
97475
78585
72054
59789
51492
27952
92146
13992
31866
91451
22142
98828
65719
82295
27634
26462
19264
14076
22148
25666
94054
2062
12437
14986
22226
68931
12412
48697
76908
4787
89020
4625
15200
39155
46082
76397
68337
93619
12860
70236
6416
74511
90489
87519
72923
100085
68560
55585
56918
11117
24655
39400
72951
14646
6274
65094
576
18952
94433
20350
66736
49187
8067
60044
4888
74577
43129
61233
93818
6585
55974
96974
83978
85024
92702
54029
98542
18504
91652
14730
70186
2114
55123
15270
31164
53709
40056
71832
13133
53362
84956
1164
6690
55746
89519
3543
86076
68692
53033
57815
15899
98937
80398
93491
19562
26950
61122
18949
43003
57826
13339
12797
75289
44849
19713
29331
55512
32967
69124
45469
51754
51642
89505
13295
57632
70326
4604
51386
56407
43574
31436
97905
76227
53918
79622
2300
48243
94293
53721
83228
71561
2945
30729
82770
9077
12480
90029
44887
63458
4045
32098
78123
80377
94066
34908
37477
48037
78389
22437
64916
59466
94382
52960
82925
72933
39712
90539
72940
41480
54015
15928
61948
74435
79362
68347
69402
18837
16484
59879
5970
33723
26464
64596
64335
71979
19324
74290
44818
78852
11912
11003
83178
70833
75188
95221
17703
78953
61014
60932
17662
15882
63479
35876
82510
78203
35930
90542
46891
74193
1158
42522
38676
29179
15400
49171
98100
29937
38455
63706
32255
17492
64490
56681
3753
30538
21197
75954
70
88593
19538
14811
47371
33722
48195
92296
9263
47355
15094
91419
33450
47213
6824
53838
27055
65542
91613
91321
30221
8471
9331
36407
65254
60133
2157
70128
35558
24255
39201
48078
82725
7035
5864
11913
71052
84173
3349
12654
8302
21618
80876
61145
54100
1384
34326
77610
2339
80806
42087
47696
25368
36403
26330
15503
89724
22381
90805
98709
69907
86522
51866
95861
30029
24417
27744
36713
87690
41783
45934
82225
62435
23355
36495
25577
93048
27644
56575
14742
12081
33835
72332
84603
44563
46917
8155
5266
87606
76887
52440
34273
43968
80404
65167
3088
70726
46220
9457
52680
17413
94545
55171
13574
55857
1451
49723
83218
84972
26296
28623
48036
68231
70593
2346
75995
20653
45866
81962
4168
52604
61541
92801
11147
37337
2489
60336
13550
41047
75071
6780
81774
51638
87614
44257
30373
47614
15684
45651
3717
98798
14087
26582
95672
70437
22526
82944
16394
4898
57060
99269
81881
16729
16923
96676
77627
76442
76756
51631
85736
223
48726
11328
65703
265
86781
60292
66787
70706
83644
43083
42293
6165
93771
24748
75132
66033
62981
18623
98657
44828
36830
68630
14514
31707
55927
77607
94231
214
28246
39819
1329
21
90749
56362
85464
10518
27193
82744
75678
83005
73039
25652
37606
38252
69757
3534
47396
37505
22412
22254
89733
63967
12959
28519
11718
9878
69241
71549
28604
97919
37460
73598
82252
40511
29960
90509
5960
54184
15788
66802
43099
44406
28120
32218
80730
32190
3468
35656
52772
55155
52021
92802
89952
4038
90554
76500
75630
87644
84470
45029
10816
41601
10838
34112
17476
55682
2531
55644
63603
32477
42854
95522
7963
43461
26309
12681
78474
59408
48811
76929
26779
93925
69245
23132
12403
66986
39633
82176
9591
41329
58209
81205
41021
63053
29724
93356
58533
23846
26114
31142
34795
70178
22533
79690
46101
53265
16772
11997
6775
87060
60718
36449
43858
55015
41090
66075
22023
38939
11330
91369
29132
30440
14724
52456
96347
15283
56711
78215
25864
52952
14312
44242
7268
17493
49896
90569
54449
36625
63024
80437
84352
4846
7643
534
69150
78806
87446
9189
79281
22838
70675
37631
41505
54695
75480
96187
12172
21034
94092
79189
7015
33246
70134
48944
32595
10723
8071
98967
98415
6843
94685
47993
68816
28938
88329
2529
8891
39502
76715
95455
94390
39668
82327
12917
77219
50421
70953
48598
20697
25209
5090
91327
405
91027
26886
61187
79337
2003
11497
30739
26924
85660
66849
54075
16535
58492
46480
53316
33607
50334
99681
3211
32869
55666
76359
81281
30731
64722
29852
94366
44560
54230
93137
92433
31547
98205
10850
45103
51357
48214
74520
67451
57758
52282
67600
475
71696
10434
36719
5462
1754
93722
36727
37350
43058
25203
41561
67164
2566
72294
55181
51195
80195
79694
26900
31763
64256
87560
4904
82673
69999
46818
34130
52979
87619
92589
40444
11048
78586
77060
81153
72421
81480
49808
48276
44971
58825
39768
32317
43359
17074
42647
44804
81530
23976
33844
58029
66747
63717
3640
66477
86519
92018
69580
45298
13373
23371
9111
47386
11772
91824
6687
9688
17658
37541
26168
49021
98839
12683
7902
50191
68707
88569
14803
51929
32704
49072
29798
53857
7958
80593
58794
50529
48651
82340
29005
83988
69862
97992
99463
86619
94630
51190
27505
19758
37120
54019
2571
66289
18931
76705
73827
98756
30972
14851
66964
52060
84185
7155
23207
41562
97779
55775
44509
87052
87523
71172
59246
61824
8879
29334
63577
20792
17249
51451
21884
389
72032
65118
35547
32329
48453
93989
32789
92165
89050
43824
23851
38861
13045
92750
42374
39194
70492
38425
6767
68145
80473
21350
8051
94884
11250
94740
30971
47944
62398
63725
88133
41744
68381
36534
75474
3083
5114
54618
1210
72155
61723
71352
23925
86420
84037
639
31553
70819
88900
73063
97016
11430
73887
61832
72696
90496
81450
42519
36606
4085
89782
64967
16389
59388
7893
5091
85878
67632
90291
41803
80274
41595
30009
86841
16348
7026
93092
76369
10612
16477
36063
83411
8174
49341
22540
50242
57960
162
75175
62714
72066
70129
26918
22178
16317
54821
42927
12548
61755
22042
79274
17438
18448
46492
6062
36185
45724
94110
65586
58488
67636
29987
36367
4372
83412
61192
26347
44301
12836
26365
26273
30448
888
14328
55168
86380
57545
43353
26744
61691
87649
35145
11575
1977
65977
41066
53433
18538
21394
63355
73626
33197
93390
37114
84150
87564
52716
28692
34437
74026
90924
38548
12199
17912
93047
11993
52259
39387
50328
23591
76203
56773
82651
38148
61208
85332
9221
99217
53242
35856
20540
47851
60400
57497
18305
95451
75219
81192
92240
58999
9949
87434
54986
42529
20867
54810
82590
350
35798
40586
64504
13151
2365
25200
62927
33448
1426
29400
602
63810
18241
17386
55197
76710
93028
53871
91007
87593
89742
26742
39071
37106
63815
3350
66158
28768
29878
24701
52551
63379
42958
55583
43318
24438
34053
88009
48392
9545
63947
26592
97633
55641
37807
302
81006
24359
64565
14903
73000
96739
29568
42158
96898
37066
26047
37259
22539
425
58153
16909
81423
99450
13686
55557
44338
15746
66988
33413
52170
84076
85159
74834
88154
50797
43169
95674
32328
31666
95749
1029
72214
93862
35915
34688
44155
32099
89714
48694
92428
939
557
46989
4468
92494
29417
86549
32267
70018
78754
66349
6663
67692
79606
88613
9069
5795
53340
91225
39179
17809
86478
8096
80199
49679
3508
34572
47390
43364
95944
30091
31279
28793
15966
30943
86992
75668
53284
99003
23518
53186
11985
25150
41308
73862
7896
48028
70734
80378
33258
82912
75857
65828
13613
93866
20305
40225
78448
85846
98181
80536
38639
44147
34107
73875
45027
21701
95073
42219
44762
86561
38647
74687
92951
78313
97615
73752
95412
8279
58543
54528
17700
10299
17274
32667
72760
16972
66442
39985
78200
52482
92608
18679
6263
4520
78748
59704
66543
97664
12510
74391
7895
71131
723
64272
27096
73948
22426
76047
24729
93571
31774
83785
43302
28843
93064
599
50693
4930
88456
29121
39903
14433
60661
41419
44717
52418
21514
31491
16110
24733
33956
10151
68788
5527
96335
76300
84575
11275
9969
51044
41182
74
11395
82717
20396
50484
41213
84028
94019
75113
81567
90560
71687
27246
73109
72771
35984
38923
14915
82807
97685
33529
80882
47305
27227
93463
43034
94356
67879
64377
50830
7951
86069
12120
65106
79175
23758
35302
91384
7556
31828
18722
15217
31362
18444
83749
14515
8004
36680
77769
11878
87720
2148
39846
93008
82545
65733
32417
18955
56486
79728
45283
67774
64441
39687
81494
33887
44624
19107
24786
28910
25173
60432
39366
72623
44061
18454
96791
89199
81526
13634
87586
37656
5351
82516
78985
75393
96429
22415
98957
79094
23506
78562
62265
12246
33428
59202
90327
10381
48327
58233
9308
6087
26655
87127
64791
41349
2622
56242
14662
61377
43202
21181
10095
63632
62430
83719
97759
39262
32672
52508
30358
47122
86848
89616
76223
80181
78121
84602
33379
31321
70136
21512
49841
56087
10030
46291
18077
67455
17136
64423
53786
47053
70189
46384
40433
21488
82055
14760
65800
86301
56709
65463
34417
75119
8763
15671
49307
2072
82484
48953
65530
32298
33505
91343
50406
26060
90571
70431
20457
92410
61753
98304
27949
75262
73314
62026
69720
68456
31715
42628
82124
40533
38072
36754
87157
24236
39040
65334
24962
45036
34628
5140
6044
68977
16172
21118
51088
33043
36613
80644
55965
71989
96462
50662
3714
40658
69237
45819
22353
74789
2565
67350
69487
13968
84775
59483
79498
25276
59886
81876
53907
45030
79305
76087
56081
41108
19614
94922
90425
92923
59765
68113
3218
11486
57630
14367
3515
21446
31102
24471
54401
20241
11219
7529
100063
19871
93141
59160
11116
24043
72737
68992
13414
10441
52516
7073
11368
83627
45421
97624
61667
25991
64167
47956
82001
15825
36164
41549
73240
36595
2017
82950
60577
65252
24822
2043
16850
46010
14158
4815
74148
78334
41919
18483
5396
68683
74207
45582
63606
3423
60541
23381
37140
69165
3066
12665
46731
36128
77193
2801
85966
33562
36897
7906
316
17922
20008
610
10156
59917
13742
17776
19364
65153
75786
36285
74397
13955
34401
42734
53182
13104
41718
98815
15364
96810
65058
94873
34257
798
65896
78003
82413
49830
37568
64080
16671
35807
42735
17417
28343
98526
28627
31205
47463
65300
67721
4813
48584
20400
24444
68742
78092
1949
69863
57503
52305
64717
42979
29842
20273
18083
13313
44441
50078
75816
48410
6352
60028
65123
95271
98647
51963
45557
22749
70574
43116
75946
74934
8904
86181
16845
64911
88979
39803
35965
54340
3335
53677
65411
21234
1292
46421
92794
13728
12691
21043
93699
34367
22770
6859
36178
36594
11307
41486
29807
33591
63830
51438
73743
877
66862
54421
98270
79541
41156
90631
86658
76318
11062
11375
18449
76304
29309
76249
85378
62915
2670
20475
40534
32761
58280
26530
63933
88640
75590
84427
42157
6109
83257
61155
18064
8884
31636
57040
325
30549
85958
5275
91851
45365
38606
9768
30049
12415
65524
13080
13906
95594
94418
18786
61621
43995
27026
25282
5233
52869
40053
58717
13533
72454
30600
55751
41580
93865
8058
88629
22143
58201
92784
68656
19763
31885
13223
36392
95840
21633
42847
21089
95333
66803
41687
32456
96353
22762
69021
29817
56318
46787
73335
20020
14727
85621
29288
66042
87416
1264
54762
82249
53647
50213
78678
8331
54555
66980
31974
36459
33579
74794
72522
29029
3265
96277
87117
99524
42385
27887
38078
81252
93223
73358
17070
99418
21233
69108
93627
93076
9382
88677
78998
21330
22417
13257
12520
59391
56008
67420
61354
53685
38167
98737
13695
6331
16465
29907
95402
30451
32176
49138
18477
36747
36646
91036
34078
76079
86807
93545
63481
69498
37549
95905
82283
62587
31875
43450
20418
29982
98544
67281
48467
39415
95192
78712
95907
22317
56937
29755
96665
87996
91686
29599
5390
7180
36796
35270
58445
99638
55657
87495
78831
2700
89372
8132
1895
63549
95049
21707
58079
79510
30397
72126
98353
80301
83523
6761
33142
65763
42990
71363
45484
47120
88419
9836
38801
15096
21191
46440
444
11635
95320
2389
76481
48962
71594
65246
41472
45911
2306
56288
20131
37681
87590
97997
58324
89552
33411
99088
23137
68775
19870
15685
89772
45977
5899
30261
35769
58922
74449
48107
74519
87250
78992
220
80165
81707
35841
14122
6440
79700
87210
94997
82999
55431
10849
46288
96961
45217
79033
80503
68803
16868
34512
12704
51867
46918
65235
9657
12540
1745
17951
49469
40330
1898
88210
51113
52086
37784
73281
27671
70268
32670
51969
53941
72520
80516
29023
54584
12579
37059
23741
77373
43542
17649
1080
41976
32677
19858
19072
3609
65065
91725
10882
37180
66651
49843
83061
47836
41276
82128
43271
44706
63598
54946
9844
47097
41126
39193
29652
17175
19318
88047
71531
90854
51360
2961
46977
66729
15496
2581
2146
21690
30187
90303
20640
21809
43048
22290
87111
95851
67237
59147
97317
84423
68407
1401
17605
10512
24129
25374
52822
7165
21817
91837
85791
33250
70853
18190
79623
3053
92992
3125
87120
32671
50703
89142
72067
21621
99194
76284
1458
56432
46038
33521
23333
92327
514
24370
29931
82325
59600
54582
97489
16366
18687
59181
93311
59717
88596
20314
21786
20041
5720
54139
47030
61793
58135
72899
70674
13558
74560
938
25637
36718
42194
64928
94250
8065
3518
2152
53820
30539
41171
34658
20710
99498
79978
40772
76833
65884
39586
67182
66389
68425
59200
27563
26648
8304
25893
34382
58586
18580
68142
37924
10106
85914
44342
82371
65378
98013
49179
22383
94601
62226
92698
13299
69135
59135
23499
39031
16622
6112
71828
33773
64121
42400
79444
24702
13420
58872
93682
59415
24794
92490
72368
53816
27339
26848
38566
55153
5441
25569
84992
17729
91210
74976
79893
67154
51271
93231
84940
33155
50134
7287
71934
92101
86585
33461
95363
1845
69711
64656
68983
77916
22740
2727
41955
18219
41620
76424
14601
27202
1268
31343
75948
56668
77859
22272
48776
36395
21941
16994
89221
98877
94193
92737
33898
17355
80771
72122
54628
38757
25253
39999
69890
66532
56015
67560
49846
39513
34119
94834
18553
50881
39973
72716
15273
42572
87347
58248
66313
64983
69285
18684
65736
82867
86933
85140
44422
31915
58189
29590
59478
77587
97591
68265
59303
30740
99615
94678
93432
34873
35055
95532
57828
64576
28037
15201
67126
80647
87750
97655
38162
7808
11327
85572
71505
60697
90730
91486
89503
8689
96592
93701
80827
8259
46227
78133
65667
20614
91202
83635
48721
49917
55872
70498
71321
24159
70070
11544
80024
89575
39126
65541
19578
25358
78834
67327
15901
85037
42101
88871
33651
53645
54187
97031
72630
58558
59263
35596
82804
37487
455
13771
64698
12889
28273
36762
91657
88727
43300
38174
79548
52651
95800
32806
62134
84014
58159
55314
8857
34301
75563
40950
59813
97138
97861
6305
38390
58861
68760
91332
53220
86956
33801
68510
41100
71949
94185
52622
34913
63628
83754
15548
40077
86391
66221
14631
71151
96224
27329
19479
72413
86682
83976
89063
66608
11210
87929
21827
93182
81627
100097
67351
22784
63052
4229
90536
8323
37228
60395
49141
39757
20053
91791
20315
95884
52286
42936
31166
43415
59482
51862
2115
76552
37339
24483
11470
2500
8969
45901
73922
30339
54837
18466
29188
10407
39130
278
88899
37149
512
34989
50528
15507
93207
22669
70443
35977
70321
30046
17478
88096
68553
20769
910
37464
34917
8334
21356
11214
60033
8877
72048
95276
54410
12452
86824
62063
73020
60917
68508
78150
58286
49253
32376
68889
3988
47171
52161
12804
16008
73644
87193
4121
80791
10043
14580
5631
78654
18097
27746
3157
3154
95262
35813
57518
33538
53315
9275
94757
25601
1618
32938
44736
85857
14237
61672
85299
49855
9890
34082
51370
24640
1590
79279
65639
84127
45626
42864
27976
30778
23940
13960
41309
54094
1328
51063
42911
51345
13241
15397
35797
49814
79959
24964
44178
33596
73235
58736
80330
54915
90244
78551
83226
89348
6201
3043
86689
25483
16281
6117
72213
3541
34210
74375
35418
44872
28960
37408
65908
70550
86962
61026
46282
92542
13389
11373
45058
61865
63164
26417
5448
19461
63922
91584
28361
34473
50409
19281
81887
95360
36388
10525
24368
14323
15654
6927
28020
34865
59888
32817
61493
87766
6216
71113
21883
9865
88246
93908
67804
53800
86907
22146
10564
67456
21815
56628
12653
30141
55191
77970
71494
61613
16184
10459
92609
90799
99757
35040
7890
21886
52133
62764
74719
16059
33952
16236
17537
87792
72442
26081
37441
92995
25002
85715
29633
9819
54882
98306
86216
69815
63695
30074
90801
31098
19346
14096
79764
29224
32842
5902
13007
54133
28167
54028
96311
90476
72590
35847
69044
20281
29124
49266
57211
827
19611
98365
1129
67762
494
48749
64798
95757
67921
5280
78234
28412
73804
76596
38402
65355
96688
11029
69850
40925
25456
29162
62826
50060
30349
49785
28811
3744
59468
97071
87066
60408
40893
85396
58664
23969
52941
30244
50829
15199
20294
43873
63848
43333
47964
2395
39608
87173
14193
62898
44571
15101
13456
10449
10321
21953
54711
40176
68338
14910
68578
48761
14352
16087
12489
3822
68074
12194
63501
80081
24405
20352
41362
23668
43937
87883
95065
97400
24589
99514
86043
91876
26392
32896
83995
27032
36384
59703
9935
90636
63406
6903
9273
80247
85242
13471
54938
42113
27229
55048
77112
53068
97324
13519
52138
86597
45198
1947
29296
84067
93283
2883
83741
40295
25703
80064
83897
67832
2284
45266
57002
43602
95018
15771
19243
73110
37201
55838
26772
72779
47385
53087
82451
40261
61699
54608
29684
38723
12082
87392
31152
59150
58933
49101
81931
87635
41101
42955
92753
13661
63339
77089
15866
62684
38446
27441
57820
27459
92905
11990
28721
52656
68341
32406
45410
28407
54764
49559
94479
98571
56791
49564
62933
9454
43264
58327
84852
26377
90978
34508
34765
62261
8427
10435
69002
58446
93763
95483
67831
37757
34674
41343
60151
3060
65955
31025
35605
64309
80356
4448
49468
42175
75466
6792
7159
12921
74414
43942
21717
28497
78609
38714
3214
13723
67922
15942
39643
73610
31173
81430
44952
74929
26299
68745
73822
24113
76086
93593
81410
57120
39273
53736
26426
770
4722
68138
5805
28225
94886
21498
92502
11907
61630
90627
27147
3982
2400
52191
44757
90704
31849
8076
58796
42192
43022
85894
97987
84754
12930
29871
46185
54843
79933
76793
36997
93441
44647
21657
6038
43160
95521
34289
84318
73878
60655
35219
22901
67306
20967
60141
64241
54599
56328
93467
46631
58500
68018
26522
96403
5051
83047
48927
82936
34183
82935
89161
48379
13336
35511
52454
91635
55345
45566
42745
72927
46616
68565
55187
90670
33994
93879
35921
82081
48407
57210
91767
52075
19431
19260
36846
30760
98887
65872
61137
64285
14198
37482
29175
52363
79841
15794
96823
47978
42179
90581
72255
8361
1170
34158
67667
64953
42537
13856
81445
9281
92672
29102
98812
72528
58040
28110
12920
8694
29012
62024
66121
71133
50555
46663
3830
25683
25591
12723
67910
68256
67440
83683
44299
86125
54167
20437
21303
78151
63362
9026
57753
87177
81386
33026
64239
21893
22981
18491
56605
69732
18793
68154
5995
60503
74158
1800
93449
18212
32880
55919
62991
67817
20374
72178
87656
28812
66605
8686
59841
18331
52699
38849
38969
21582
86099
95790
4766
84545
88773
621
66110
21966
45396
38249
17971
17311
59134
36327
15118
11339
41141
15315
4218
60651
4439
24635
36296
67086
43247
41151
13932
40915
99385
13762
94502
2360
30952
74047
16482
53628
86896
71002
76583
75374
79176
38244
49624
42728
63221
17751
14013
52322
43753
12508
29298
46826
37266
56722
16516
85486
97277
20976
61698
54425
12392
4137
9596
20982
39966
12436
52303
62444
47173
84636
44816
31265
45300
24915
77978
60121
77867
85493
58357
50722
56970
31627
22790
24717
6212
36312
8985
21443
71849
51669
97459
82167
19644
83442
57674
11200
87713
57248
8443
3273
30861
27402
12135
76471
15643
81522
49398
17368
58790
51099
86147
25737
7310
70512
45936
70174
87524
52330
30180
61531
3903
35658
16691
34340
61249
5204
75967
75752
4178
70945
60040
70157
83236
86568
85267
64185
40996
31382
53017
15582
58826
47998
68968
56499
85875
46412
54062
86155
23366
3309
31860
23352
42339
81256
40236
56883
82889
24069
58379
47865
82242
61722
46328
48551
75453
30149
90090
67332
26191
39412
43915
13909
32901
15520
87923
80780
85249
48421
80236
53318
87894
93498
29068
30084
23187
82551
11584
11196
93623
33242
32373
15526
17936
99841
14263
54881
33416
32695
93560
74527
91687
31003
94409
60154
47050
36686
9981
74413
86067
8022
66727
55146
8091
55764
51557
38684
60031
29348
63229
37111
75230
76014
90713
5988
75873
52805
86878
49308
93163
91956
55624
40076
95987
55499
16777
80416
37154
34019
2876
63820
58808
93976
19467
80629
6539
18486
15618
47723
62530
24474
29867
75323
60972
15940
56660
19000
5225
73325
25362
98491
64612
22697
87130
59815
28502
64920
27792
16524
24993
71000
28922
74935
11394
54798
25539
40432
87695
69373
81670
60459
72682
64279
81599
48869
19873
79887
29999
29600
46006
17719
39860
36381
33995
85731
92911
33820
21547
21631
20015
83381
43594
60836
50026
74675
41732
61284
61058
13717
35620
16006
32681
58232
78226
66895
19626
95534
91907
9808
6360
15416
31195
82432
69490
54091
2556
27384
80408
28792
56994
23939
29961
17323
9378
97678
91342
52417
5800
61204
15403
69811
80486
64912
51349
16009
75162
20852
24869
75227
97204
95193
93663
1805
98220
36910
76900
16050
73265
19599
51454
31605
16841
87189
40620
63823
39399
5563
9995
31569
41660
90548
77954
42428
67276
72985
71019
40370
77718
8773
55504
41052
28909
75620
16880
8017
19464
17443
27431
84742
74433
53613
93154
818
11560
47759
13431
62177
32570
98023
86651
92268
21366
8278
99414
3221
31437
17608
64694
73850
57472
28557
82781
52995
12522
48308
81676
74622
9762
18659
13037
9235
80014
74053
42830
69403
33590
36940
31052
75197
5037
100060
82860
72217
14544
25778
91965
39591
49569
96483
38788
86123
3987
19663
53688
19196
72302
59525
76675
32791
13736
27289
57471
97745
35462
26241
90565
88089
58049
7380
55862
75969
62414
22236
9011
85698
30457
33578
74970
95195
59756
68607
30504
57888
24857
51515
53035
76045
99777
71776
65358
20456
26884
67628
53530
24710
78212
46394
36899
64630
81002
60593
40641
80443
94881
42204
73457
61847
96332
26079
60135
23673
56209
70191
72399
68446
74617
51675
45414
20623
33319
75068
83341
73126
33659
5645
78610
8099
81958
13169
85528
98638
24097
23458
82886
9384
70949
35360
358
26127
11800
41759
25405
5253
58481
29964
41254
51624
64618
87051
78040
77262
89258
43329
10644
21604
97795
16385
46262
82759
46514
26968
57867
13749
34516
77027
10590
7353
4465
49173
58148
97151
65886
19054
82052
37542
51262
22248
99046
90584
72480
17336
4251
80657
45001
80514
62299
53950
67413
19379
85845
44969
48110
54926
83501
72328
87203
57139
67052
57998
28917
28474
50604
94074
6507
36709
24285
43287
82964
26107
3656
78416
24506
11076
24055
88166
41057
80630
85488
79360
38512
27565
56104
17724
22507
20109
16419
61103
1836
70905
2633
8391
5928
72675
47680
87014
72900
4616
67773
64144
13602
86732
6854
18303
89240
43372
79954
89785
12385
27099
41096
30822
1582
26846
24650
86796
80038
79483
58404
68952
26280
71300
19811
23197
57196
71489
98735
1308
4478
6848
73365
48748
42091
97911
96230
70337
18725
37930
7107
33331
67352
23177
51338
20252
26973
98347
94843
42238
96840
16306
32209
20306
20583
46237
10421
44524
38070
3598
24384
83110
37360
59375
95048
25101
66444
97069
42212
94151
14222
25096
86041
62201
22455
19902
84943
51353
577
17504
19328
67949
52368
18344
65952
25868
10812
35496
69009
49884
2299
61730
78699
51037
60224
14099
65335
29560
30516
60291
81646
27872
65481
82980
57354
65596
6878
63377
52377
14052
43190
84058
91689
99202
77031
51919
76149
71105
62079
41707
49166
80759
78889
68720
56977
55363
34222
50260
44861
12151
18132
75937
97206
43997
4129
2084
13537
63689
31906
19504
24309
33011
94880
80316
69657
32286
73927
58030
8607
65840
18299
95259
85108
4939
29614
35617
51694
22759
86508
56361
13353
16101
26909
60849
80327
51167
5109
33713
21295
64137
88673
30355
41403
36436
45627
39057
23498
96485
47889
39312
5954
60361
75921
24796
62596
28195
91833
45440
94084
94924
2625
19329
119
13364
776
19284
17612
77571
23529
53809
59534
9135
87784
55856
40553
3654
73115
92870
48376
30532
73898
52214
41007
58784
92799
27492
18019
95447
89276
19528
42843
73234
14009
88653
8684
74997
26435
12427
39306
73093
16874
9660
1263
86448
48795
48147
81107
84632
16450
79942
79858
18708
46297
52449
21463
10295
94397
9134
28757
24080
15492
53851
36474
92947
41200
84717
89426
14922
18909
80788
74897
41456
61450
55369
26138
43458
9226
48741
5421
55800
41896
7452
2676
359
56468
44500
2313
93935
98402
3241
8050
7740
23392
95828
90625
18220
58806
61373
8359
51472
58917
20978
71235
96286
93391
64448
34955
85482
32628
85141
20341
4534
82359
10415
34418
71331
55699
95517
96385
33973
64088
42174
8360
27578
29343
22173
54518
17946
30749
5562
28002
74669
57531
91259
76940
28924
93299
6666
11748
18240
92286
97264
32206
76655
21231
75043
31252
83054
77305
81258
77602
63880
56522
44029
61694
61156
2311
63825
90270
72905
22268
40455
19903
74874
72679
40280
18517
21927
60449
85556
59604
65914
53350
89202
55772
39241
16744
13432
11751
66369
9592
83547
90120
51350
4308
69347
7269
15187
86890
46735
74311
27893
97309
5663
95041
60441
55366
45057
47002
30156
43550
88310
37382
74510
93723
32737
940
49228
37229
3332
7921
96601
49450
23200
9849
11216
61418
35034
66402
77172
84034
7115
60409
59093
27216
49529
60784
31823
71853
14740
98046
39139
5093
82046
8861
47814
90969
20343
29576
72615
6574
98044
27620
85481
55860
85659
7955
19084
13027
67789
74389
86515
92147
8809
2183
93355
9150
25875
6207
5489
53454
49931
88198
71100
12947
84721
20392
47187
51285
72888
16371
72839
53618
78611
65540
56452
40867
3136
31637
37435
8283
49980
286
74130
48042
58450
91186
57155
81446
81495
72824
56712
66550
8910
44620
60596
28726
28967
56133
3555
25534
45231
4294
99536
72090
17861
28093
34303
81684
11622
93382
7167
97074
53593
12222
8270
54161
20612
61275
38247
44998
37517
59932
26222
96633
58388
59966
22555
63038
16626
4999
3280
82308
59564
43954
9240
18164
9543
53320
82665
19746
80979
63288
1838
35754
50316
96645
42630
22265
50025
36592
52959
38685
692
20787
91472
39851
86357
97305
49026
88870
60869
99719
18158
6553
29416
85273
23319
87553
31674
88911
14670
59694
30873
45894
47073
21955
83229
49201
9899
66456
48898
44725
64633
62676
34429
41674
72408
75438
324
99240
2310
37157
6312
87880
50370
72508
55763
13232
13319
92879
9359
51503
75446
21800
11144
52053
70261
66299
75144
1354
57583
40846
41758
70891
83069
44976
29950
96945
21960
44351
19669
4417
55385
62914
48553
16683
32350
9724
19860
47689
52773
19927
8995
81712
54363
23872
76332
38913
77051
52025
92068
57970
33204
31180
94539
15362
65947
76778
32439
52432
34856
88915
28883
46839
74054
49826
4098
86244
26444
87906
59419
9573
81417
18073
15027
62037
72897
7112
67486
82654
46604
66922
75681
25160
41289
50815
15863
67590
74823
22119
45822
18727
70479
65436
1454
92413
64581
25338
95641
18246
34311
51832
65569
41860
43593
39117
8538
96792
27825
17984
19220
61605
16958
10646
80049
35835
11933
58868
24303
40571
42823
80399
97726
54969
37529
66402
56033
2326
73536
72818
8413
37244
67528
46031
81285
10312
25088
41697
62643
4694
71588
62764
58501
46689
1840
43093
44367
8764
1889
5924
28921
92932
47328
32149
39017
87206
6919
16180
8568
28536
91455
94761
1535
79265
66278
20713
12107
9000
33195
54831
11116
3674
82713
68335
34829
45143
32313
64606
64724
16038
94807
20236
82235
72913
19377
81927
97259
69148
36688
22348
16437
57983
28522
19305
83992
38409
46068
52410
82679
27890
91134
79895
54957
50867
32936
2274
64057
28693
69595
92804
33048
96095
43644
1833
48417
21104
90542
92098
44802
35874
7272
55446
86179
84102
28784
62126
67719
93193
4668
20297
94568
421
15262
39244
94737
67317
30085
98948
49475
77653
89566
60900
64024
55427
82549
90256
64362
57228
19251
32082
11596
32478
