63124
9654
57815
82452
91282
80409
57799
101536
6440
4709
20316
20523
94784
67652
53933
46236
62726
106185
3837
49838
31777
103330
15115
29035
76585
48091
13998
67484
29523
65176
98978
84050
9168
56011
96052
21422
86525
44676
28574
24852
64400
67122
80187
49281
29552
60538
101956
12855
44839
70987
20026
76338
88083
78781
326
379
75754
80476
69165
100713
18125
50461
103130
84026
33244
97585
10689
50236
11581
29659
42313
81965
67180
8494
81768
5271
27010
26205
33991
89930
57612
67139
70574
60611
49469
8442
42012
3490
101198
64492
77984
4510
95406
50451
48482
36317
32776
18039
36291
87417
62055
60285
93254
56723
10430
34571
40490
23718
63889
38795
45050
20328
33627
2995
15199
74439
74139
30337
104666
19970
4745
38454
2256
81131
86623
30086
20346
94105
46298
24881
539
78444
75782
9862
77003
58716
35886
43701
73878
88126
16132
87049
88799
70610
79325
88356
52422
102802
57194
75380
88014
96979
96761
104020
25253
69745
31556
69749
74147
14359
98430
20130
65825
33540
90848
57106
55101
44626
39882
66074
93336
34808
62516
77238
84878
22636
16739
79240
26454
48809
102797
71503
48138
11226
51773
19620
40445
52946
23393
76044
101180
79859
19423
53604
9547
45811
102838
42553
101669
78183
94758
78013
6830
46382
13060
28086
100507
39843
94077
80820
17767
75944
12774
5084
73256
83643
28267
12925
76373
32363
62210
79617
15088
9487
30803
98112
35346
90551
39218
66531
22055
16520
4746
81321
37546
66321
30867
28678
35452
37421
82790
84284
85752
41336
59008
89107
39268
21802
46745
84518
56338
71813
66388
69623
98696
16518
50084
5154
57243
84316
28946
88262
80061
54182
42364
15491
7622
10607
71516
98676
19298
10803
17172
25124
71885
63997
41770
22733
53845
9650
32045
71229
70270
29989
45034
30330
254
25966
2279
21523
61927
22652
15474
45133
38648
41902
18611
798
77137
60384
83016
13929
14635
94625
18206
57591
45363
5845
79510
54554
10855
40612
103072
48378
14416
21280
74046
72312
84420
90925
30536
54429
65662
103377
4343
64714
42326
36541
19108
36469
35060
19216
34080
14985
50522
36945
49621
81143
65601
71428
83973
50086
28631
2622
46130
2527
76805
38077
12099
39098
23758
56951
80067
26408
88852
14988
67290
52845
43021
69102
28019
62357
14658
58953
9809
71873
58343
7339
101990
65647
87764
60765
44294
25305
50626
4805
104442
11234
86206
59146
49230
47934
12996
102935
20454
31521
15477
43585
2534
24992
100744
80050
82847
79449
45531
40398
102735
7600
81015
37331
52271
94090
6501
62899
20769
27410
24552
4420
17229
6531
84327
75056
49040
26073
31244
16204
61849
47734
89667
99944
74356
33878
48838
78559
11840
67003
66390
14972
105626
36066
4802
40578
45850
63244
45559
96516
64836
35600
49384
44114
11542
1172
16096
16476
24000
24276
100650
90746
34918
23182
70542
41642
61752
90321
13418
60897
15701
46818
31232
13550
5049
34021
101241
18870
63417
81476
80524
44216
28017
88205
32789
15421
93682
79897
78144
101577
30526
65756
105180
55870
37428
40134
99137
15367
84156
25389
84527
41210
33802
9757
63242
10967
43372
72932
46965
3826
26594
59415
17867
32212
60678
86180
63428
41209
26842
32500
89004
34781
49321
105274
53492
21999
93198
82767
13976
40937
57923
26618
62485
54631
63129
35023
63306
61618
74271
46014
52269
76267
1683
101870
10353
27366
18591
55593
41696
82802
53320
80815
87558
3594
5201
9202
29790
98670
14498
99599
48126
38355
28438
35923
29846
88378
73205
88256
5610
81344
41034
49534
88533
10198
46939
76018
22598
93626
71726
12865
86379
53934
64355
7693
60202
83572
91252
57988
50137
56798
77477
98700
38096
91179
27126
103288
57625
57957
32535
92186
72295
91183
91213
26155
54708
18932
95408
66031
95994
94313
57009
35884
51595
83829
52345
100777
45255
47610
51382
94716
31278
89873
61882
72691
44377
58127
94149
88481
42757
2466
81404
76421
85667
23380
31707
9198
25865
86130
51202
31267
82463
9781
8505
92468
80244
34008
89556
3252
50668
33787
37715
16487
63273
58786
64167
94160
32894
45521
22798
82878
84565
94578
96250
64508
63664
7586
63922
72423
6948
17327
11402
19159
76746
12383
72108
88964
16690
88418
70193
79459
64138
60256
80364
12572
48336
87669
98248
66872
14609
11204
99872
50705
76525
36689
30153
87588
50384
2160
31840
73060
17230
99414
22052
54328
12376
48989
62689
72888
98377
104230
33176
73792
68948
95008
65342
294
88930
12617
98470
4293
34006
78122
80689
89245
90304
44312
30758
3132
104913
34007
21286
82250
81195
3506
93038
32198
96709
69519
70690
83379
92127
60561
10447
11431
29962
43883
64950
15682
71472
91840
49243
25924
42222
24016
77179
27220
40933
4179
25100
72407
102381
53264
101110
70330
12448
105297
96416
29715
78162
60544
12287
91885
73835
75382
71018
2891
72556
47860
58018
62318
81453
1103
93330
46774
47753
45371
255
100543
25082
77445
62477
32079
71909
60811
8485
70276
2093
68780
70422
35693
30270
70257
57987
37997
73263
16651
93135
68265
23779
90699
8350
67644
25997
27497
31572
43862
49675
42210
21622
65840
37511
40616
66560
577
8949
18678
99895
43347
80018
65593
29638
45547
41628
18436
29603
16587
34340
59864
17482
50880
47849
44072
67179
10720
3187
90273
41134
105054
71400
50435
1050
102872
96559
71421
57895
76572
93309
87541
74338
19265
10440
58379
12789
21207
30923
101986
93089
20431
47992
53847
22241
36088
59006
100428
83282
28607
47566
58817
18342
64462
11479
100620
45924
63492
98228
29860
104680
4889
17668
83323
5269
47827
99790
19869
81790
73225
18118
38673
56864
68916
79908
8901
27433
35793
75035
69755
17321
9008
96885
92199
51042
82399
77344
96297
74392
102341
23005
50744
20335
38272
20031
79679
83785
54962
646
38790
6408
82045
46556
79799
44389
38624
48593
48889
76767
20670
35161
65075
92503
61
102853
24335
90567
68961
43758
48375
18892
30714
74407
78614
17895
33292
8068
24872
63990
99738
17901
35897
39552
575
56513
44530
88876
67366
103485
17411
89606
52272
6881
26173
20394
105115
101822
14576
82568
66843
61924
82451
85559
75721
83978
73283
70322
57931
55296
20109
98952
88589
41268
37966
45805
91768
66323
102479
79117
67916
46819
14183
44479
20693
18560
25844
94298
4547
19357
69435
25572
383
58691
15192
103713
98965
24390
101135
101238
60059
49553
69161
1061
50144
23125
43441
97131
69429
89015
43855
36211
21441
93177
58223
20662
29257
7580
66572
24948
48001
85542
37054
70830
33481
27164
23371
8247
9954
75814
63972
47800
102383
89304
104888
76392
10493
49149
78945
15641
35475
69819
24491
1686
87942
85829
95273
29651
40912
45263
79594
92781
95818
91236
47155
30213
74787
15029
18604
24315
60210
27758
67056
27792
2531
51085
54025
94868
13351
73396
70779
30814
102834
24663
81111
58894
41961
174
32254
83784
49349
49372
27123
55972
73535
10883
79352
12374
52055
100215
44182
4811
97407
91859
69789
21249
421
90577
88811
58812
1236
90225
17559
20503
57004
28612
96493
6901
89821
67562
89472
22016
63283
26480
28186
86185
46795
44008
106195
99934
64194
72035
5070
53030
65414
52762
20673
22011
99144
24137
10734
7012
58479
2363
102298
59266
44809
29526
12359
99451
37700
24049
81059
11039
43474
67309
14590
3488
80461
83136
15783
24374
30523
181
76217
66736
15291
32372
20069
34399
48594
64303
57321
54087
17265
85198
10319
13457
24191
26181
3088
18058
96196
54609
78155
33499
78323
103799
54453
12391
106236
22102
85498
4702
26520
4928
59225
101185
87226
59825
7166
32114
94816
76294
33650
96905
94960
80444
43987
45810
51088
28265
87907
35893
84064
65603
14563
99737
90637
803
46693
42608
72286
33586
50292
117
81603
71963
69568
39728
10054
6084
7573
105031
33341
103226
52059
82156
70759
47472
66011
80470
42004
99796
84368
26744
33434
17809
100799
23555
60566
97648
13644
59679
70775
48618
55623
11305
45401
87363
13561
59663
32860
63928
8741
49016
74140
58014
63644
19260
3109
2296
34053
6892
74088
18719
5421
53326
66445
66486
31313
41929
1893
76708
90996
52749
13496
68751
45538
30456
60409
8406
44453
16506
101693
21420
78720
5461
11821
82846
24005
88785
45851
93515
25440
76034
101395
3874
20928
82573
58276
19956
11629
37184
53165
93421
49903
85803
73462
72807
23110
28227
77698
61399
9360
56182
58932
58239
47054
5496
105283
12201
61370
39413
99210
35446
895
34832
34251
22349
2356
92008
96524
100570
101325
77836
86910
70876
36606
15986
79386
51359
86423
77348
741
23042
66645
70710
82889
57272
32037
85694
29511
95268
93570
72580
103734
4404
51477
20242
39999
8089
80808
2113
38357
66614
7998
77309
20917
37766
57609
63268
85833
46108
81135
31347
23561
57203
70329
41980
39546
101466
47038
73320
88720
82825
84839
81880
3949
99727
80937
66639
69716
48982
104686
104250
85521
97316
19953
98702
9598
13650
34864
45505
57297
84477
90991
17434
18816
70348
65243
13979
56215
3249
17123
24261
88182
18633
12837
71661
75306
66713
49572
90825
56652
56414
62585
15554
8619
65171
53816
85964
87653
93861
7272
25595
26275
52909
18700
89580
29449
59519
31920
15919
69237
33579
1830
9715
73700
48384
50048
55556
44584
29917
18961
88405
57777
68551
1500
43793
41749
57316
21282
97716
68694
59543
39438
89486
4700
73941
103129
442
82447
19718
32649
24282
14341
25937
17083
81741
72735
25957
48538
83496
83162
69697
71981
71120
4546
35603
54145
78324
63034
63627
12882
40274
61928
74863
7593
10289
61606
79064
97134
55350
23320
102063
9863
28233
25667
80113
33277
435
41425
72304
43559
80139
69036
4193
64862
83559
69822
50997
85900
90975
96369
69963
57853
82857
44090
26107
29506
95305
46814
46524
35774
92721
57525
21576
11603
21377
68358
67330
17391
33248
13274
92219
13460
58755
92498
66189
90284
38259
52885
87166
65642
1977
26326
79498
28024
21263
78384
23213
48557
76621
54133
28869
795
26525
63488
65812
36077
31635
11661
78353
3580
637
53292
4625
4140
102604
95856
16493
41403
21891
48507
11191
71189
18840
21492
81939
7470
54973
6644
31893
76275
40189
20193
6694
49770
38315
90389
27873
90663
4442
58228
14072
8427
84387
80522
102420
52858
81462
64623
37956
25033
59588
20369
49505
93358
40918
19079
58123
80462
32732
71031
90932
17780
37219
88933
104983
71719
59303
3144
53463
28944
65181
18915
83309
16167
70078
36172
59099
82071
16044
12200
68758
100209
5830
44655
71225
27049
98042
101229
66682
10515
89352
67458
15194
91313
71377
81416
59643
20317
67024
53194
31253
57587
60031
13424
99627
102161
12499
28892
50761
46166
82732
69219
80509
54007
49187
64410
24861
12233
4075
46187
77320
80468
33475
95720
87662
78086
87333
34898
10800
81122
66125
26147
93139
8003
92491
24251
98286
2661
104064
42323
65569
25518
38047
17934
80906
40705
92856
63220
58867
7944
94799
89216
75349
13993
37363
68613
43315
97228
1249
39324
94871
51131
105884
33619
4826
16977
84437
22795
40704
76886
100045
65609
14042
4120
4030
53059
63718
31639
83127
839
35267
86071
101994
77600
5778
90908
31852
85488
30032
38679
94418
91277
83405
44223
44763
11453
23613
84418
91436
36020
89478
69051
49002
15282
31514
86503
47570
81191
65156
101748
50757
70768
85019
43643
29778
67765
89479
104317
75372
79042
7436
78269
101235
26467
34865
29005
25902
104099
80918
54394
21913
85010
61451
42119
86606
30269
2487
27805
30200
50738
38025
76098
92644
26124
100280
86337
104977
52064
37944
79724
26891
8596
25626
24208
64943
90755
61554
5533
10275
58830
25904
77255
39900
56087
95263
105823
93736
13605
91101
67735
67744
101454
32386
2568
28757
95206
11250
105510
39063
20237
97667
60121
68816
92676
90042
16950
83799
47577
56262
25795
38428
67743
22907
46894
69645
76859
54438
91280
85991
13215
72106
93146
48629
101111
27945
90157
97003
32634
89848
80801
99541
8419
67593
22002
52239
14371
68416
49627
86855
5780
100293
4134
57586
23629
50024
20630
18303
6784
88977
40447
97816
3693
42522
86560
16829
14244
43130
42473
19808
37196
101118
29702
86468
62375
85447
2016
20000
54551
53476
4261
96364
12288
19660
18818
20004
6551
101233
32911
34792
89512
4892
85000
95071
22233
951
72291
75803
65175
3518
70911
17766
12824
37505
103297
95526
1420
81502
96744
92565
1892
104252
25848
34219
70729
39925
53372
85125
106088
340
78181
29675
96689
84227
56565
6629
61094
97562
89290
99794
10904
60237
94220
42654
84396
56649
96654
40042
31781
55205
58016
20453
2040
22146
60941
83098
48461
41133
104110
8290
86963
99723
15412
12197
52111
30293
24435
33195
46348
34683
5599
82793
54512
77296
13251
86933
95104
72498
65353
16933
51213
81633
10573
70662
81148
5523
4473
85069
48290
80368
11928
57011
106148
97952
14048
15600
78650
20974
27737
102588
65206
103176
54765
95260
45065
57113
104682
26198
44529
95342
29252
26498
10781
102310
69844
42820
30905
8414
102926
105432
53911
55510
2004
10078
86352
71413
46505
10726
3298
48898
66174
101328
9329
18109
59769
10589
66962
99450
43946
29891
27036
75906
71492
87795
91427
14987
8718
39570
1648
38167
4248
63781
33942
35871
36312
79927
53746
98839
83762
67922
93838
9594
70403
44009
10725
29362
42630
50838
48737
17060
88563
33651
57581
10737
96056
81261
12166
50680
56725
27432
53408
54267
22457
90579
85735
40225
49996
35587
7727
66948
103469
53906
39095
24193
4018
85207
27636
72936
53812
16489
17525
6313
27614
58043
47502
7866
26471
30354
103055
95060
81598
8487
73124
97409
42626
10432
89709
71165
10839
78859
86293
28593
10174
92088
95577
76349
42506
5673
12669
27865
59185
77268
85146
89495
469
91334
87428
592
27626
42476
67205
63896
8133
100228
6702
5316
58090
50531
77703
61763
104675
72656
1972
79095
105775
56159
23316
40071
475
67223
66866
74232
73317
19134
23961
20967
75911
64850
33897
45102
64788
89499
34032
97921
9276
36240
64412
36781
97883
8490
74923
19713
99234
37410
59570
82897
49659
56361
5505
67373
100063
41308
5746
9420
95911
75412
24319
21368
68236
72856
17066
53381
79719
65111
1477
85358
26223
44876
96296
61806
9052
20672
14945
56178
82039
73338
31838
43237
104371
37368
54349
78682
40368
98537
59613
20471
32555
20101
25639
30663
7681
46721
70316
91601
6112
30570
4103
51561
88036
79967
88796
61479
48611
25493
42758
89549
79152
14869
14191
4394
86702
71941
20508
37678
75562
88243
7115
100984
38222
5943
36736
44935
5516
75915
91575
103324
50127
58574
10706
60008
32751
1007
89972
101285
9438
48311
68732
94942
54706
1793
68083
28865
42867
47182
17067
85852
96921
48659
33367
102626
48754
12705
79434
73337
85832
1965
66751
8644
91908
75503
78296
72202
4733
62235
37387
11316
68793
59796
50373
71496
37492
58492
5515
21200
40858
14623
15081
49028
97549
42514
21726
102359
21900
98389
62622
85134
54057
37461
8855
55348
42430
19261
80874
105987
24118
103181
99138
16555
95831
77742
62413
2917
96733
32976
31599
22584
16647
98021
43510
60495
8695
15896
34607
53905
47008
44241
99209
45036
25487
76245
90083
47942
104652
6204
23587
13437
92537
90597
18425
67536
23163
75795
93679
40347
34477
82894
51653
100509
463
95943
63469
16060
66159
19643
35807
58166
52044
17845
77848
71864
3378
13430
73980
62299
53110
18211
1508
85858
103595
37128
67683
38184
100234
35578
98009
41184
18469
14976
83682
28580
61909
105128
64062
26870
51135
25125
102508
55200
29938
58793
98126
46308
6309
10067
4174
90360
99704
55088
66648
91196
42501
28990
82225
79647
103892
88476
60891
55249
28730
49020
8679
23988
3300
39425
16582
26596
58748
61810
17858
61662
68728
83670
100895
18855
101517
60234
98224
4144
46433
68978
48103
80236
9022
53689
32095
93668
49984
77557
27258
85776
7364
1749
5479
76240
93852
6041
81695
3883
23420
13355
47821
68350
96607
11673
73562
33425
37559
19493
56211
20424
85068
15825
56387
36299
98825
104218
53991
86779
74378
43979
86292
57797
64816
69760
50462
23518
64704
18513
60780
3043
61773
100847
101427
100940
55112
32175
32089
94872
69308
1993
69508
39856
30098
52694
28023
16403
72641
58265
42799
29763
87574
12978
96576
10228
41984
43117
27862
9753
87893
64986
47326
30196
29397
102649
42711
77452
38633
70986
92970
91249
49212
47024
11606
58979
21864
35695
23370
5893
77214
6387
6014
24010
28939
86859
85020
34089
4019
43293
35707
9443
1896
16467
65658
42728
77050
5455
105754
101947
29788
12016
64868
68476
50977
21461
69799
29413
49175
2690
65321
784
3884
13223
68352
54888
3946
93813
80505
36163
34076
71769
7698
81114
98674
9074
20492
84082
18065
95933
67741
56830
5014
21557
5721
70286
72152
44108
37473
51162
94734
11781
101730
16843
17723
1286
48693
44848
28697
21575
85067
64701
82080
60443
95437
74858
67924
62932
77026
44176
47295
54873
74451
11676
71592
37484
24479
14000
8266
59849
8744
100039
17160
8788
56341
83455
45951
325
4971
45664
1748
26375
2571
9552
29088
14245
25261
105850
84454
69240
89408
86762
5579
54290
35762
102874
81800
41103
22281
78894
13137
22538
73424
3945
15685
87513
88854
58121
35853
103162
69060
20235
75370
80550
23722
61047
46109
12489
88855
50370
101093
57266
27236
48253
57436
82426
95661
60293
32697
38612
36797
67257
23291
24807
66520
84722
28740
105059
82288
11604
27703
36694
39880
1160
45155
25956
79043
21479
101921
66994
8647
92901
52309
70310
45075
69249
92593
84937
28047
56961
105234
36807
83035
82762
29379
24511
56775
11387
60670
40238
64622
21772
19848
65742
6405
96544
65931
76416
17273
91007
85714
95158
60815
8524
86526
50433
9655
90345
13245
30943
62030
93318
38501
47385
49668
1573
38095
96361
11777
51536
48994
34688
81094
69410
101030
95025
7352
57648
70218
27357
89585
103478
65250
77270
24571
25240
9874
11752
61171
42990
40117
15662
94373
53698
83807
83651
56277
50749
70345
97372
101784
5942
54387
32231
44708
44542
34494
37390
37464
14736
10069
24859
9012
92016
86269
1688
94342
33736
27789
93213
34952
37707
79952
14940
51683
52101
71484
47331
94932
50213
27319
50610
42695
2808
24248
41229
104296
9599
50869
67465
790
62291
32536
96367
75123
61291
78350
79021
59407
35630
86995
76521
61966
52833
32076
607
52828
49528
74798
48132
102326
41118
18533
88107
35021
26770
4793
39478
19533
21565
96656
88672
13227
16344
42013
77372
33178
59575
34072
4329
68299
78606
3738
49019
11118
78115
83814
71541
63237
103824
23102
103999
67572
44353
64925
8386
39454
97902
53490
542
6841
64475
92843
97682
38785
105450
49480
16848
79705
44329
100873
89527
82298
11229
100772
31801
85743
83224
74266
42183
26725
14621
11427
49616
28786
47065
1397
87631
54788
6831
19551
102841
13844
37286
80179
80931
51266
93878
58373
65274
88801
97012
48462
65108
66882
53963
82780
60753
48122
57738
23322
75580
31025
70703
38827
44512
84726
48561
100995
11670
66926
7425
76057
23787
8232
23357
50195
24482
33308
74857
50922
42674
8616
23043
3489
101930
67040
26613
80381
78356
36444
69338
45756
3746
52750
62445
25796
84638
65842
89167
101032
24999
41075
23219
92509
38705
79376
76841
62515
103979
69395
46173
32668
21283
161
45626
39921
22626
72001
97084
48855
57152
48767
18698
64632
64881
77476
23976
13112
87276
61596
97244
102228
51835
56243
46244
30055
59177
25552
98133
44103
69781
72861
21932
46390
88542
76670
42932
86774
57496
1981
54332
94667
60438
52530
59747
12285
34088
86400
18685
77510
28725
80234
60933
36115
102654
53647
74408
84661
33606
51658
45496
20034
71965
62861
69034
101908
35505
1905
70280
8532
80228
19246
80443
98353
30358
54134
8873
98722
32836
100148
62910
85142
41919
82658
61527
72283
4386
69062
37372
84021
102177
82765
75678
783
36944
101767
60880
15666
18107
52682
9692
77952
53072
63176
5812
9910
82313
67245
72819
101029
87330
36409
70567
74702
22401
13665
3325
62493
57522
13594
94211
16267
51743
89981
65476
38148
95498
52318
55844
53970
79283
102199
56786
70401
76542
3246
16944
57774
73823
101542
43936
92834
34222
84495
48551
88703
6589
32401
16595
34433
44386
37348
6232
54667
35407
19654
88382
88016
86909
13353
48662
65582
91369
12718
74404
15901
10876
103917
95737
2574
30059
78365
26873
19981
11619
7056
5894
78805
97477
54489
21702
80484
40848
26309
23739
43447
7252
13500
8716
7959
76942
91009
86983
38494
76296
2554
32094
22543
33763
27569
101324
53778
9908
93414
18163
54880
24030
66878
49088
20183
28794
6562
52587
4659
46950
5837
98211
57787
34774
17564
96897
22392
82097
14589
28645
62519
56698
3830
4060
27965
18628
101169
48949
104887
984
4561
4236
96195
104370
62953
41788
64703
6935
102464
63292
11279
9882
64724
103746
49015
96068
25406
8864
20450
27563
59390
27045
19682
59286
79110
29804
98685
19193
26552
73196
49888
31329
6013
104951
71456
53307
45405
46680
53149
69499
67401
73250
69433
40852
81348
100085
86377
56089
28021
105420
39529
66935
99696
33110
70390
81231
103475
28232
60893
59173
59831
83454
38219
47179
27212
78465
77647
26647
34756
15320
49123
27554
65121
11136
59716
104487
45039
83029
97560
86116
4132
57687
99909
54278
33566
63438
56166
87137
61887
88952
26113
79667
59013
4863
104495
74418
77400
50552
26331
3690
1315
96816
79472
26523
29218
61286
81551
72759
105968
7193
67070
57188
98344
94855
86460
70828
91404
45619
39782
102700
8759
70201
75204
40626
49995
64197
28724
94834
80453
81678
82777
13643
77105
78121
52399
22148
1046
40673
3768
2633
32325
16089
99453
75028
49242
26464
19540
95878
44080
2994
21429
58405
80141
62156
32349
13903
47102
77992
68320
31551
12523
35441
45373
76699
21969
16310
22637
32763
35012
105167
31051
99639
97997
83985
49157
10367
29627
83314
3648
42234
87444
105947
103821
100500
30926
6745
55121
29595
42933
62793
76756
42248
56137
3659
14447
50023
97940
46230
72068
63963
20446
4463
104875
27808
33592
16937
20514
26629
15077
71023
59044
7571
98727
88872
17557
80035
15939
14441
47041
43476
47875
64160
13182
40689
87800
34921
96539
78935
103467
48227
62776
54815
48440
42792
94085
55873
63787
41474
21466
16114
28930
47347
84621
23687
53863
51083
37189
9440
36591
13295
75957
72357
19517
12457
57637
86753
91127
6577
10426
68493
13737
53883
83180
29667
57174
23671
69402
769
32411
51294
24550
87306
5183
100182
56234
89425
63077
96668
79681
91232
87834
2170
6127
26760
93312
9970
61207
94777
76402
20956
87181
50718
29934
53590
73934
31991
76552
1380
75528
52693
37341
103266
72364
4098
42422
105424
96602
29202
93465
40012
86991
78999
48875
48762
59824
25635
73848
63855
72380
55405
39987
97303
90467
37680
44959
35798
25087
52437
90944
21116
7075
62544
8128
71396
50530
4630
96971
77651
52899
41708
66557
57710
28173
35838
54194
24024
1566
40573
82731
6008
44003
95573
102386
16098
42521
21006
99628
20030
80305
23130
75800
23815
39960
51919
83368
76723
60895
51036
89396
70351
36354
89140
74045
43223
93456
30550
22923
18629
88905
32944
58257
102577
59045
30604
44441
80563
23135
79879
22845
99561
89718
29351
58591
104994
64170
101581
91781
95507
103854
97864
15517
45522
100677
51226
52743
366
35611
103871
58557
52658
83119
14467
95521
61255
83693
75742
46703
20121
65478
61842
33678
89465
66708
33456
23469
30902
39387
43869
30839
43688
103592
62728
101480
17720
100891
10211
88373
15172
48112
93418
101594
31177
68813
93286
99069
40958
65969
29168
15110
49038
79618
55293
32488
32963
87543
82417
91765
39353
18355
50497
79028
102538
26585
2570
65537
13076
101999
45445
21880
34490
96386
12413
34923
14697
2312
100869
1392
13582
31910
67289
5311
63160
30392
84483
9306
84285
16116
20604
96925
28031
42045
63613
93433
29569
68177
31972
56598
56635
14208
39203
6029
24333
62024
68696
83077
47010
14044
38093
35288
94720
48059
59897
29153
59870
44165
41876
37697
56731
9379
97634
103745
96176
26932
21944
79081
91726
16570
41351
35263
61302
79248
15619
74449
8922
1303
670
1911
50882
85479
95580
98463
87422
14150
39739
27473
32464
12186
95366
31342
15593
71293
22471
43487
93406
94093
95417
28429
92092
15726
7214
96181
98268
1611
16702
16557
53271
20852
86698
72524
73576
30453
21155
55053
28102
5748
45696
31999
76551
83827
60163
23942
57471
49721
90049
49009
5694
103563
67137
77303
44499
39819
47858
81096
29019
8005
97755
37587
55939
93190
15642
36405
14090
47292
77997
80073
31448
10481
85605
50907
14747
10615
89748
15131
70274
58845
624
55371
75711
31841
56710
63688
60399
80192
21314
49113
45757
10543
9042
13910
62826
16481
101654
16713
37631
89184
62808
20290
71308
70632
5255
61546
103689
62202
34721
78022
29219
80463
102760
59435
14399
207
17757
8537
57643
55260
52805
66216
59208
58202
36109
19526
35311
30155
52230
61741
92124
102156
97149
68132
55267
24638
7125
54542
89411
38907
86850
59954
73091
23438
48591
14434
82084
95757
10048
706
62823
87253
68998
35068
39227
12937
53500
78100
74505
76559
37266
71657
16925
11529
17488
43524
3306
58076
31408
94965
67913
28582
6979
71808
91951
79046
75837
87224
45117
71798
101601
30466
101909
2054
101818
60403
3887
58522
7699
24909
27441
36225
18990
28282
95874
65523
44803
7676
63239
34488
24906
39149
67100
611
11985
10055
36988
16744
15981
59876
16966
98879
27039
50951
86339
37117
31775
35100
16177
84667
5883
88786
97198
61776
68087
5676
85015
76653
79408
21292
57461
22865
93909
72887
55495
93917
4145
45142
89013
91513
81535
39617
81944
70613
41016
78545
67254
99702
22114
49687
105679
37256
64679
51362
9495
21820
17418
85442
27512
86216
25896
52831
39777
88711
99750
94839
74065
16971
97323
8697
33697
70899
51191
46933
99935
84555
89045
27992
96108
80618
60275
6780
49334
1197
2440
4943
2281
15195
9069
38741
77251
54369
42115
17663
77949
14827
18297
48927
11593
45498
12674
2686
42435
85772
35102
87279
55540
8132
7623
37470
310
12556
96147
96478
92924
68326
993
93310
20958
33816
19652
77652
3169
22694
55518
90979
14887
95484
38292
86654
104029
29387
29336
3954
34303
8527
75158
49756
36355
52672
23733
68755
25154
89842
15952
18743
32837
24652
9777
67470
6960
1974
7647
99095
5988
28326
99391
84272
51568
22900
90920
42325
17713
23263
102423
5733
6706
39262
85491
85389
66734
102263
87148
30336
25946
76272
83437
3533
55904
76617
63093
8597
28905
37962
46091
94684
11149
46577
41053
26289
73641
29191
99946
64184
103740
74333
73085
63800
56847
43165
66197
85875
16024
74724
67762
93056
75785
44254
79241
97507
20814
98591
32828
15450
35535
56532
56873
33928
68216
62746
40843
56563
60928
34592
87182
83137
84318
33913
36778
45768
46994
35045
9531
37657
13210
102668
956
59460
104938
94951
13630
87945
60145
30374
31379
83581
14037
88181
34795
102380
4583
83347
81955
600
35666
42714
86664
41508
21370
9930
71422
77658
52416
77103
102476
58462
62914
95191
82994
66241
92444
38464
40226
50773
17049
37443
30622
30928
94700
84767
36671
22816
52723
32301
35480
64485
17843
75796
50724
69967
77053
88584
58214
9702
23660
10556
100116
11785
40758
92621
24301
12437
31983
4521
62801
58085
38750
12557
54197
94074
40577
24345
47309
8220
3983
91229
63029
20166
88576
17365
90161
63812
7722
53657
81580
22222
77193
23261
93095
90649
40733
86123
60696
57659
78169
25777
30706
43804
80921
47529
7417
38041
33914
66162
10764
61158
78714
45513
85921
66565
63555
35892
26723
33371
32359
105875
24001
48534
6587
26386
19917
50431
55700
1553
52307
13825
101545
88296
18053
88764
38911
94138
93558
96685
47815
21588
38103
44247
7985
20529
72533
56478
31869
40902
94254
34356
63655
55938
13289
100622
75231
40140
455
62901
61044
63475
25035
57230
33246
76468
53069
79478
55195
77511
100143
20423
75982
40875
44635
4238
31642
69158
15133
88117
65314
46106
34872
88525
87876
17831
1363
54739
16029
74899
74714
79328
66110
27812
61434
76918
28222
85009
11148
21860
30658
77150
46025
26245
90175
5514
46567
33708
65110
36101
24606
50070
37314
23870
64025
76613
104278
1074
39037
70271
43769
23319
99346
41190
62177
87355
30503
39887
62631
97345
16808
49057
82735
92098
89908
36641
65269
55671
15486
91083
79301
78366
30950
11886
101243
87105
38314
46493
36913
78049
87154
100814
32570
42054
12810
45101
24153
104569
57284
61403
94962
64415
103307
41116
37535
51829
59892
67768
76909
75480
27200
97183
46455
73617
25464
95789
10242
9794
2598
19077
90382
78832
31760
50377
22708
81219
86340
22320
63255
44561
91719
35986
57252
85088
59117
26566
93936
73152
33633
68090
76024
5390
105935
100273
55881
38772
40823
78527
50252
43473
6720
341
36253
91822
89893
27032
28193
62948
80627
36919
59676
83972
13209
88541
95524
80638
94542
86544
64995
57401
2025
84247
42878
60884
5525
84965
100004
65697
23297
81162
25867
97760
81718
96184
68392
22156
33380
64470
94153
81847
104360
105257
53593
83896
69628
30575
69876
23820
90530
15785
17946
64122
16615
76529
13833
10761
27727
104759
14451
86704
36239
11780
78959
34769
29843
40719
85282
76043
37795
73943
72949
46207
55385
78954
42431
64181
62669
86625
57190
14226
26839
27350
7024
76703
57509
34175
69707
68431
73546
49992
9213
63028
89599
55690
33265
11314
50484
63012
76664
72651
6203
100957
66234
33125
382
15553
24855
92047
104755
95075
37245
21357
15374
59026
4877
14329
74307
71914
24723
1398
29182
1428
58834
90684
4256
9137
3998
19223
98029
102043
74763
20610
74465
48047
82245
88198
75256
36685
66467
33114
16109
97017
73423
104148
26398
25341
76801
40400
27723
85317
43928
52850
12335
13134
9645
30788
68744
72993
56494
30370
24593
35243
67803
67624
11538
86975
79430
25689
45532
93811
66089
45312
83536
65673
64186
6808
27730
19507
77898
739
44688
37327
66573
47123
51129
59551
12168
44301
99677
83695
98223
5707
90846
77795
38276
17048
44166
41761
52323
103339
68067
22421
65671
105441
25065
65977
74752
73705
5939
42418
8164
91870
12638
51603
41324
103083
98552
17144
3293
39871
9281
102022
4383
30931
18924
10019
47264
69202
100994
98720
21503
10291
9433
90523
64566
66980
11323
35300
98153
99529
52971
54476
21838
88658
88364
38868
66235
65408
103312
42542
92241
16361
99222
47857
38427
60635
105723
3603
21954
23017
27254
100868
61733
23203
16139
2340
63203
26653
15255
92035
31621
40911
64145
53772
14354
94557
14483
56315
35095
15096
70717
95259
77885
10110
76709
53508
78898
32511
95898
2376
87789
55186
22285
73794
36437
72074
8678
73836
27507
76710
5611
61783
67628
24761
103465
10661
99190
81570
23471
15287
3486
83098
55121
83010
44391
34057
76956
58685
3996
104937
9151
88197
40306
61563
90309
23236
105161
66787
10531
1478
15911
80469
46735
2545
23802
8581
73228
101336
24037
39658
65527
59856
47970
13915
96510
99967
96024
28496
3350
23738
17359
5014
96371
53526
103760
88416
69959
5853
31936
72268
1794
93289
4705
41357
93027
58993
29166
4613
44160
36968
77296
1305
47139
16745
58459
89375
14764
17523
80932
35046
80184
63796
105608
3452
72111
45033
3582
45970
10774
82476
101742
84317
59033
27849
91349
65427
33543
81670
51740
68524
23854
57474
41238
95634
5606
72840
83017
13323
92012
12302
11219
35766
101560
22914
84559
59067
57322
40142
67220
51434
69733
9596
17895
72295
93615
71426
25910
82556
32733
4996
89992
70207
1125
76110
43065
42081
70118
3020
5807
3098
106118
11147
3635
24516
3372
25606
37784
5747
96831
6049
34183
101115
