61837
58392
1883
55172
94882
39582
89448
102326
89706
63077
79099
60643
12833
81654
105996
30460
30197
43080
94344
89995
92757
35273
94650
85803
73953
68940
74675
94507
4033
82362
84458
91667
86225
47255
46993
71209
22137
25700
54232
20903
67174
57025
61411
68115
61036
39700
95902
35015
109283
62474
46758
5915
54152
72087
60324
76211
50505
53361
2039
9384
75216
92542
13649
33170
1234
19681
80365
23873
44488
19517
84429
54930
87455
31951
21714
97831
8098
76626
21481
65985
54346
63046
55601
71009
105849
89701
43594
63827
29381
32982
37188
31066
105273
38423
79156
105479
84600
57894
31899
20793
85422
66019
20036
59135
1334
102151
106964
108205
17782
30503
75290
45036
909
48779
99053
62990
105819
17454
30384
84266
18297
49975
37207
72845
73444
89982
7364
87629
62822
3338
105431
20669
103702
82235
68001
32413
87847
98862
82993
74533
105642
5873
48658
10473
12778
11298
85659
82187
58699
15847
50013
250
22538
13313
36463
46338
80257
40635
57159
62801
33183
10845
77076
81007
29608
43384
28564
9663
10185
29540
60359
81023
23599
55422
38930
72607
14413
56182
85230
62055
27712
18095
162
21854
58472
15480
15228
46237
43581
104103
8143
55714
15233
16393
9365
14243
1068
103925
78294
20778
97721
16994
16584
58021
108363
52493
103059
89449
21981
47401
38298
54552
54095
54971
75721
57481
85910
14339
35647
39115
14411
103161
88583
42425
76309
39519
34896
100252
29584
25149
18573
49438
73410
52497
79584
102875
34182
64450
96250
109236
10361
33494
3835
91254
4107
53795
82760
30544
30814
17991
42431
40950
90054
60796
33017
59008
8761
103956
75369
98427
91704
15714
9639
17380
52207
30728
49537
33396
26815
68362
29028
19284
75858
20525
253
29796
39072
31271
98387
60055
42873
31595
2291
27369
63860
88540
1780
30029
38647
55929
68490
38793
50865
82365
15454
102998
22329
75170
51670
16537
29343
22501
62594
95976
46541
68664
107947
99395
98009
62144
84620
16432
59621
60651
42030
49700
51924
104035
76803
80133
4594
45659
6739
22225
93884
80872
17938
91402
7373
60916
107674
67941
81549
53276
54968
102274
80897
87098
64610
84132
73211
66575
21737
19571
43850
71383
44591
18904
70344
70469
13295
26962
59374
32103
74171
102423
64469
29604
63214
17729
81957
3299
55326
47974
22813
54537
27840
62735
33537
51380
80539
25452
17002
85458
70288
107404
27537
93146
28558
51079
81166
19229
9461
75774
60986
13392
27276
47713
59115
80810
100582
80847
42814
105265
5738
10783
60633
100430
93511
87963
37060
5215
109224
56669
105161
22402
68336
52578
45874
20900
77846
87384
98292
23758
23157
100030
35206
72437
44745
31243
85635
55816
88312
9203
27289
105048
68517
13504
41851
88598
83495
9774
79313
89744
36997
36502
37564
70916
82247
15185
64289
54043
38370
103033
89712
10729
18891
9408
83898
105129
95288
100497
102229
57718
44951
57733
61330
4368
89593
105371
27467
50278
5310
32887
104299
83217
91599
45245
81182
101123
101635
77065
3662
14105
21744
78674
36785
86681
90183
95553
48963
9971
87065
49980
982
107543
64532
100513
23257
57455
80245
19126
76036
45706
96186
24209
54162
37013
52250
70884
68226
1724
38616
101331
78442
76043
23335
63119
67511
59750
17221
109347
94978
105378
82015
59980
24296
72207
36823
41611
44213
42674
17548
23846
62222
11952
59913
5407
52239
85156
61623
71858
39017
18132
49895
5127
45816
105703
83964
99851
90449
16715
108759
42911
67791
93877
100774
8671
20165
85786
81203
5546
101366
41106
86540
11810
75112
71923
61535
1481
104046
46201
1029
65312
39594
86963
21261
40951
38923
42553
3880
45509
34329
95917
9483
94214
97617
18325
252
72327
38263
73430
91490
48161
15288
97842
65380
51054
59053
70552
5609
89276
80402
24538
9677
102541
76394
86242
76274
30865
35399
62501
104880
6155
14497
32149
17569
79599
83013
94552
1071
81000
47893
58625
67772
94446
87232
13804
8739
41281
22869
44108
74413
61455
66086
23564
80395
103023
89065
72613
19634
70759
31026
25493
2271
36672
66424
50367
66708
17328
63887
94786
26273
76900
93313
92788
602
96709
71379
68404
81975
9228
11785
16474
101082
88750
77255
5245
64424
54461
64080
59751
95737
104476
37365
88697
25630
42239
60103
103407
75714
78474
82334
44917
78203
28425
61407
4869
16225
35483
62952
29279
44299
58227
47644
42716
25000
52832
65536
19940
85287
25256
91929
39510
9660
8503
87477
86606
100763
19236
64353
8250
25648
56742
60248
8586
63655
3817
86046
93930
37489
16172
38580
30889
80837
76965
44987
55557
61874
59584
77225
98898
28952
51386
87437
49974
45284
26208
57109
43266
60533
27151
97725
97550
98742
92761
19243
24955
45007
81362
5335
34487
45996
33977
97285
79249
30746
51428
76924
44168
36961
59994
5392
38696
93900
69951
94349
86273
79017
31617
22081
38827
107729
102313
16300
77854
42271
59576
14157
50149
96391
19864
101459
47959
78090
100936
44856
67292
21386
87377
68718
100160
11154
84677
15540
49268
70982
63954
85743
66928
24375
94499
90311
47965
91418
47145
80391
28589
70391
46653
27133
15287
65778
21496
56222
82363
74648
15209
62846
108611
65587
67672
25692
22245
107905
14178
97518
1353
62557
41944
2507
84274
24239
47493
17771
69497
109075
19722
15220
72191
16116
93455
77429
97055
28373
98667
70592
71459
99840
26692
108736
45444
83967
97354
11697
92944
32618
39280
34176
38721
54549
95848
12642
64722
63513
67033
55787
82433
108867
12475
84851
89060
2819
16191
21003
106531
86578
88461
6607
14598
27693
46977
27813
80821
90979
50170
48920
67706
57556
52877
47509
29223
47776
71180
12210
77438
55187
65207
46075
77453
95498
86365
96441
96922
108851
98314
37101
54041
20503
6226
18584
68050
102253
59692
106712
86128
61071
67358
61592
2224
49129
32539
30038
62789
100096
15208
10896
49410
63143
96728
69065
67042
33888
61528
64246
3913
89683
5820
104855
107989
54742
74671
77037
52311
95070
64568
46966
13522
69622
47173
76807
78665
87487
42601
68506
55318
10419
53478
7815
96863
44009
31074
85948
66230
3148
67207
8532
38299
27125
71633
25661
90388
87604
47351
96903
89986
52686
81556
104696
16561
106545
62701
97673
2120
96871
99609
21216
25505
106127
89362
80781
89381
29580
46483
42161
13541
81472
19108
56611
37273
35648
83282
86625
93779
78468
36640
74063
31779
73828
96132
69438
72020
72399
10912
60663
95770
33536
25730
27886
88505
26501
2119
46975
102973
39987
55527
74586
18249
107264
100118
26950
107374
55637
35063
27665
8177
66195
97251
88885
12499
108157
26051
7261
33989
17401
90460
62811
53076
1997
6535
93766
50703
66196
61260
8189
43533
46359
49021
59129
86133
50887
44504
81280
86868
5257
74572
87349
107855
82202
33585
24628
85984
71393
60140
31563
81884
81416
41342
56610
20082
87985
53098
16801
87476
24691
87658
6322
40561
48248
39732
76228
61420
39070
90443
89645
92927
70251
76074
2383
49336
2361
70049
39326
78236
54948
31815
87030
67692
73571
11920
57192
99658
58741
19218
95137
29451
62244
67768
26385
69498
69610
63758
45267
100033
78671
44963
30722
9336
48972
22810
79776
95249
10636
19480
48566
97219
83922
4335
12880
89407
13367
12130
78642
99009
1967
100469
34679
25102
78767
24316
27661
53750
88114
78389
21576
56885
95351
3137
3622
70307
58253
103196
99616
93631
89786
32083
24136
45156
57602
7392
108045
13635
79357
81869
25054
94781
56779
93844
34661
91649
11333
41373
19624
31516
38019
90478
106405
5250
83389
64834
15383
2794
70466
79292
37503
73910
27535
103664
45358
36366
2921
5819
83490
92420
87256
9816
62111
200
51781
88035
75075
104117
1711
14759
775
68239
86650
97162
4205
12451
23723
42385
50315
101850
10800
93732
6050
16949
72783
32694
15503
20440
336
44491
48981
17502
72593
81517
108079
6704
47234
18997
18810
108829
33665
97513
1154
35343
73328
61606
72440
47871
40208
3164
98106
60555
13341
13828
54820
85952
56075
41090
70665
758
695
44892
88093
53996
54837
98807
53253
59747
66921
62009
77506
21967
80684
65990
3238
12485
3251
83238
12891
51349
28909
16423
28403
108621
103388
42756
106255
80624
8361
1839
29371
32935
36099
15553
64770
47348
11597
18262
29416
50709
22010
39145
49953
90909
84454
81102
8701
107988
30915
4079
91381
26207
12222
32546
34357
42472
11011
85524
91878
52329
52872
98163
69299
21752
17445
102199
94619
11715
101013
9497
90745
9950
80501
100445
97226
24222
106681
66292
39308
82559
80462
38828
95299
41436
106795
22327
41854
90660
49124
36778
108968
44897
41494
92130
84664
61257
35042
108333
36895
39634
12482
110009
105966
53372
107615
105522
54282
82057
62886
57055
33915
62466
84370
11029
50895
102407
97540
86654
26653
47403
17040
56519
47754
981
32184
53791
67430
50986
1433
81220
70819
101292
9409
26236
89247
99846
8970
73263
26685
3257
65811
57523
52174
94244
57850
94251
27978
1778
82558
102373
84792
20436
20532
40935
83904
68010
11990
75466
46502
75591
50575
31149
63996
48836
69629
76822
39619
10910
87896
23265
17364
72517
80608
21755
77477
41933
79958
73772
14934
104799
5508
82027
93075
80660
103624
52554
59663
58908
12814
43985
95123
42908
103079
50516
14600
19161
21265
56151
64358
74966
65345
47059
74850
23372
54177
80856
18416
45764
21413
63992
104702
84101
69397
29091
66022
44698
4012
76369
21731
51684
36330
10675
56114
88939
79398
88332
55112
108624
59011
21418
32730
71648
15643
9039
86718
50065
53054
16084
67773
6651
88355
108490
69139
104297
43353
49367
11889
71168
20679
24374
20980
43103
63465
59084
30402
38275
43257
6676
41451
85702
97458
72486
57091
56473
85518
53380
10838
34575
44111
50727
80860
87060
15870
32108
101423
9951
58926
102172
19970
102605
72533
50700
15993
31455
46339
78006
62946
76183
97301
54559
79840
80793
4026
97025
95268
78918
75139
45211
63544
42410
545
41831
74571
11130
62332
49421
5734
39957
35007
36889
702
37360
40230
54079
51488
104685
11714
45875
79549
84051
91961
17223
56684
34769
67890
4628
7862
51672
64267
19083
58413
85410
20515
9806
27118
22769
29393
95891
36514
27598
44018
34111
61731
79881
72764
57154
72242
67611
13477
36139
98523
96650
96348
100834
42445
72045
82570
63729
59982
87258
5449
43369
100104
48395
66597
36830
69770
34622
13955
108542
55415
57060
50974
12944
65051
65954
601
76855
43668
55646
41076
95088
1642
70031
89797
48995
51922
98599
30313
93835
59392
49396
21736
92972
28378
93707
6850
62243
97652
39927
77786
38608
1935
75850
38287
34442
97246
51889
33368
73739
10343
89563
68000
52131
9602
90968
5607
78482
105231
90485
48432
95482
7523
93427
19216
24168
95656
42985
100619
83927
88352
33933
93476
9071
14446
85511
21530
45114
12629
31854
25173
48352
51405
73583
43868
51541
19363
107785
6540
31923
92348
27015
80158
571
88245
53082
108526
103509
85818
94130
19830
27193
2280
54284
23962
38040
28442
34832
67995
67712
18340
52115
58377
100464
26490
70573
70222
33087
41127
96264
41443
41910
60126
85103
11346
64732
27293
30979
15788
98829
10189
15568
50052
43976
10083
36996
87181
42923
76385
104759
3284
61858
70598
104522
82356
105029
69557
108646
8351
36393
70286
39863
86717
68083
82649
85495
2521
51859
6185
7422
25915
44257
88482
28452
29924
57402
91041
99388
72980
95928
7826
72883
107873
49600
97503
14100
20100
86158
79003
106874
50050
309
40541
69510
80833
41055
77305
1263
106769
90895
54613
101144
4614
488
34258
23222
108578
56576
40011
23414
88868
57985
105982
6178
56844
32956
34035
54388
50471
14741
13270
40611
43423
89145
77325
38456
17712
50072
69855
67705
78379
4928
82851
52599
37759
39140
88520
62568
68068
731
73154
17789
86468
47876
59574
23245
6064
34339
87403
50572
51593
11459
39179
21696
43144
95740
9012
78111
43345
65530
72894
74823
4024
66834
106915
68086
31534
21784
94890
21122
56370
62843
92004
45314
63749
10957
52070
50140
52961
16267
84584
5414
86002
101080
36468
78656
36634
51810
44616
26189
19753
10103
12558
25164
39966
56582
70700
53717
90331
66640
40647
5841
71699
63285
2955
1982
23484
16427
33115
42345
25488
87075
21973
28458
54759
93176
52358
1209
44443
66417
82074
19770
84316
26985
12173
52631
44652
4467
61527
35608
22296
12627
17772
75888
5397
76205
69874
17007
44364
16591
36326
44738
18334
97069
31829
85120
9252
43283
34818
30769
107687
96951
33717
103897
76845
44722
36964
69020
89697
35768
32193
81909
58736
90619
70874
6807
71222
78756
59693
3002
31707
23776
58119
72068
79883
45741
43274
108426
39355
4171
22172
92546
85253
99821
73726
85967
30186
71436
71834
52370
76784
65155
3447
39744
67951
97374
95062
67818
105447
55115
39850
47229
63590
79232
45957
21529
22565
102723
97520
83642
3542
25154
57610
59737
56205
39558
3934
1540
17298
70728
27212
16955
35256
7483
10690
88853
105159
103476
34369
56381
105155
68205
86838
68230
49366
78102
92041
79578
556
52639
56951
28259
11837
54539
86462
39779
36949
80832
37349
34257
12094
60971
6107
33961
94593
74779
29375
70734
90766
106841
108866
28593
18298
61769
58791
90791
39295
52223
10608
4300
3633
33617
107272
35995
13157
63448
79195
102010
45172
71888
82038
20119
12616
96032
44469
31994
15856
67842
108359
59790
6327
88766
69123
81984
40459
58348
27553
84151
88469
101870
31270
10600
104968
93773
74395
99165
54850
51602
108694
96661
100102
108295
30962
80550
2754
85224
61568
14379
42665
76775
97974
5235
95454
37676
12772
90620
20221
35998
70611
44667
94657
3665
18324
38846
1953
38001
77104
13741
88660
105877
52516
91136
47596
38917
47524
18365
55050
12308
5780
65143
54702
998
34161
41088
84184
60626
40558
52945
24019
60451
42913
2853
12572
74580
35498
70756
4906
55431
39186
95435
56161
62772
75356
88662
100376
87710
12074
85165
101476
48067
56545
75387
31964
81835
13358
29570
58298
92055
69532
95393
21729
105525
22031
36967
21498
73378
110036
32325
60074
99686
33780
85421
26100
19557
63866
26831
8769
92914
33866
92403
82725
21839
40682
47155
49604
3889
98107
47866
64636
99295
18101
26200
94763
823
23808
6447
78308
8510
32365
107769
2618
93292
100348
49628
99393
12974
40622
42895
53228
25892
439
94644
81010
102890
31457
103564
84288
91910
74066
107742
926
71121
28286
33386
18879
82500
52766
22387
92409
48367
15768
31775
75054
14887
41156
85551
2691
40912
109912
78583
97986
7686
830
106839
49055
106136
94227
9198
62352
3367
90794
103030
23942
85874
71784
17451
105468
14729
23720
24355
58324
96123
5881
31507
33745
98601
72568
4672
79220
90099
13238
76306
102184
82292
56089
106411
22240
83921
21958
71273
47037
6600
95432
40726
80107
14890
49409
45281
12265
74872
84753
92767
60031
52165
71547
3826
35583
24664
98354
75305
74799
92780
88615
63707
103930
83522
5573
74917
21081
61365
54114
22649
2856
31120
86878
5534
47093
85361
28939
73981
68611
67346
46942
37276
27129
83197
29200
42560
108414
37981
47338
100316
40412
77927
12646
35391
94225
19900
106351
38629
64741
59413
428
41543
86829
18774
49657
44735
89581
75550
24226
45630
45137
18787
22032
5672
81237
499
8917
16841
102203
105015
21600
37338
8782
58026
96624
24301
95128
50755
31841
75363
7406
9041
99618
29709
60168
41949
88851
9132
56736
5126
99303
11141
19502
86652
12721
49377
45341
30847
30625
101323
45551
31544
88107
25947
87461
52621
20431
72308
60669
87439
42475
95490
16887
80264
12126
3194
81709
89511
57656
43289
92847
74725
102452
35779
66735
54034
12502
58470
12782
61664
9377
5572
42247
12812
54021
58471
2590
5403
90219
69270
84751
71149
41296
1880
22931
41618
31911
47661
70753
9484
35309
371
90508
64517
105678
92786
19282
91228
16833
10663
4309
77111
72849
56804
84297
8630
43002
18770
47989
50814
50744
89260
11729
91324
99622
76934
4472
43501
58740
95564
108923
58164
49170
102052
106822
24387
5121
67699
36051
22034
36571
72241
99769
84886
33759
58748
52184
86246
80359
8417
8389
49363
84990
66701
53310
16254
45944
100310
20844
57797
60435
43115
106602
43661
30014
65873
39185
57288
107214
15986
80238
95800
101642
39855
26528
47794
98304
72157
70694
52838
99245
105403
6054
8044
1640
80183
63175
90862
89425
13818
75768
5875
5181
100332
30837
19685
49043
75360
89010
42848
5233
29841
50265
104736
54124
105187
96846
60301
41542
98801
74713
7328
14711
8922
106789
43535
47150
3476
52634
62622
3567
2538
30073
27283
82729
60955
35603
5669
63343
98715
62525
28915
36189
84293
42070
95779
62879
77029
53804
32294
50522
108474
2444
104295
50117
107358
91340
63318
55191
75773
18362
30542
100290
69642
18117
105107
51113
81793
101063
4511
104673
17227
36664
101502
7014
74036
32233
14811
92491
23381
59573
62540
73351
29329
52889
91155
4360
54762
5555
75644
45644
31401
74366
49423
102637
88972
94741
73022
6096
105032
19728
35529
68023
97078
17386
97587
58619
36736
960
85621
104141
24327
88208
71329
40893
71829
83565
6826
30932
8798
103416
36840
85358
104876
42800
57804
60946
60784
98522
25945
40061
67488
67618
37857
87787
27870
105825
71116
32718
100248
58473
66782
110011
15636
106724
102550
77545
23033
95362
63450
51895
105428
55992
60320
47623
44565
1324
76398
64146
57912
76670
29255
96454
78228
21001
66431
68116
57254
64265
3892
95979
69162
18293
58341
46373
33313
34292
72668
32688
82271
107179
109009
22846
74256
65777
96583
59296
21531
8289
64735
489
84207
74783
50735
514
43514
72797
84955
89908
35486
6094
75137
84643
70964
63510
50723
68021
11204
49186
4681
39557
39127
50217
38681
60036
12395
28921
18231
81387
21814
81576
67015
74895
11423
35166
76007
765
47537
55317
87808
41759
12631
4010
87759
4719
50311
106273
38360
29435
30334
104015
64139
25849
34817
66453
6190
92998
52735
78745
16059
44146
108066
58698
1538
93897
23323
39936
43529
55487
50297
106792
55709
9287
77994
26169
3068
86217
82379
27835
90664
67973
50295
76725
61990
9169
93221
82604
26058
51069
6265
87522
10431
92870
46652
72444
14380
60353
49855
42732
84742
101468
41787
57494
96071
67673
25024
47455
11746
8969
61093
40309
26047
18499
29905
67928
33369
71350
42685
27352
15813
8219
67774
34659
27188
107128
51794
96611
49726
107148
88549
89014
46617
74182
3734
30121
77190
54297
8501
34352
96307
47619
32367
12754
108397
55274
53982
54659
41709
63601
107850
86823
82791
43555
39335
71848
94658
85529
93968
1307
58854
18921
27134
32520
42623
31461
21526
61629
35100
47872
72
81947
102022
20439
76940
73156
91312
21807
54454
69341
56099
100106
30682
36109
45590
106008
99831
9273
39371
16722
78722
54809
28649
76330
27783
49707
19719
77546
83353
7544
47204
3629
78374
52958
103972
67159
58035
78129
18874
37834
71685
42441
46393
67595
59777
13928
25794
29384
59076
82496
4035
17545
32158
81348
45076
25596
37307
86253
108135
20987
45266
83700
24054
3539
53789
12058
58787
50184
101201
60740
40585
99220
43774
39827
53138
72175
6966
37684
54821
99406
6222
19355
91199
29063
26000
61235
62480
64093
80918
75225
70557
73791
96707
38572
88859
70428
89055
85125
8609
108368
73805
37289
48269
4445
66433
98675
66831
54126
14693
38049
31949
72403
55801
84341
9716
15397
12501
74541
37037
5423
97902
62521
95613
78580
60605
85906
68224
2801
90100
84899
103243
14959
76623
82481
23077
90990
31061
81469
11818
76964
100371
50089
106343
45850
78856
42607
99464
7667
68584
1810
50978
63112
106362
36860
17431
78800
31940
65963
67682
72648
35055
59544
22946
8063
23703
15605
109119
86410
79677
4627
68364
63479
69846
70057
85490
73235
26990
74175
60196
96434
42058
9462
79579
57039
5124
26030
74370
58044
60875
101368
15637
73295
71468
97190
69949
2605
30841
9248
29082
61919
11
59608
61390
74173
57062
59676
58903
83678
3277
12733
48111
7277
90116
83585
13329
42722
46006
108575
57907
70331
49178
20533
10273
29320
85272
6679
84504
29560
76828
623
58723
81718
35644
66529
33495
43570
81650
26198
22506
57965
1954
67823
3558
92497
57557
73479
42547
31049
83018
52500
76708
2244
6965
40648
35335
12349
97397
87581
269
72266
27240
48081
21750
18257
29132
76678
23822
8964
96643
16118
18057
504
20381
28137
46644
84223
46703
38986
25150
107153
37114
106787
103912
5658
102502
35831
94901
28046
21409
59019
104321
6250
33998
52388
45056
68955
19790
31403
37437
95363
25723
83340
87333
76151
47025
21716
42969
28270
41775
42136
20751
101367
44971
69892
92581
18807
99852
20930
44160
84422
51281
17829
22324
76991
72856
65991
238
21415
7715
41495
42391
49778
67905
34730
61521
58291
80985
32229
43092
67597
21025
27512
49704
45293
38769
94610
1805
18483
55605
91411
64355
88814
73422
50750
107959
77782
53266
44088
74393
61899
34248
103890
46750
48453
75980
4113
16982
12030
77812
96552
37751
91709
57562
588
78877
30479
11876
84243
71056
18016
4131
7971
48158
82680
11585
53324
87721
67226
813
22608
76506
1591
69833
64253
32788
38607
32993
94378
64828
40106
52458
14765
73798
86194
68685
23507
94405
28260
30407
5803
37737
98677
54303
29596
39683
12987
93121
31237
34963
12615
24018
46669
12994
8606
27217
65280
54360
56897
50366
54799
39822
14276
52579
94203
69562
49498
2101
10332
143
67283
4067
83211
64075
102188
10184
86370
1671
95591
81462
74136
60811
93542
32353
11667
45960
11996
79628
70864
51204
58959
41925
18809
70623
33250
71123
60559
10437
108786
100625
66426
99066
100355
95409
42890
2428
96911
45401
61696
33143
77039
18764
77321
25946
63093
75204
89976
88738
26771
53261
92378
63412
41062
72393
98573
10065
96472
17476
31052
65009
29490
35592
41303
86240
68749
62475
107596
39546
63644
16567
20191
85074
34517
19325
1650
93441
82709
103606
7870
41989
30720
2758
88181
95099
24328
99934
95899
46735
13740
37653
105414
45122
75842
88507
54067
36629
67678
108477
1659
88740
14748
28996
22773
27141
47760
59662
65964
78479
7640
87322
35165
65615
102850
78956
44034
49972
20096
69697
19249
35065
94635
68026
98579
104487
44463
83469
89022
7988
93132
14780
108977
12665
72603
36958
42568
49384
77052
30081
84687
29690
34068
23910
83169
78139
102828
109526
104921
35950
94396
75232
53830
40042
74795
88297
42459
16280
71248
40757
73363
68910
11352
78276
27940
92149
101736
10391
60787
52629
39996
77850
82600
32237
70701
33273
80580
83372
88054
90529
15493
77133
39036
16961
42584
95122
13616
74102
85298
37319
8460
31713
76932
108297
63003
33463
6476
69605
80586
96501
104528
88029
58134
23672
103062
3831
98052
74079
11073
41945
7969
78524
3282
21447
44335
39226
52723
74271
45270
50451
49218
101191
11672
34322
10517
1759
12219
32819
57456
16455
105157
61328
67332
67742
96029
90903
20862
90506
42175
57510
25646
84788
64107
18125
96719
56204
106389
99838
59839
108211
39839
71172
14901
81092
72612
26811
13927
69261
57061
69609
109724
88613
60145
28242
9835
99968
77078
23016
6157
21889
37145
3635
46924
1269
47244
105742
21665
29765
94803
55240
12272
66587
58453
23949
17539
64935
41181
68589
92947
85823
29979
53657
79296
92818
82339
20611
17202
32850
44618
109878
15815
41415
43670
56899
1746
65660
60298
88869
73770
54343
87124
12438
27622
43224
42363
109087
107529
27719
24917
102603
94559
28059
84554
66456
25446
40390
9432
40939
95350
43118
54240
30089
85376
85686
39860
106048
45502
65210
20890
10439
1795
79620
72044
1207
101925
41760
34875
3490
23223
12921
50574
49114
104741
53153
71211
15257
28446
51335
82376
12446
86581
11419
17719
6019
93895
11779
102509
29907
89244
80811
22398
75488
101306
73332
59879
5706
90515
55890
34256
60447
83124
24254
65916
79392
71781
100567
44211
38977
21224
95717
45206
31251
14262
12669
103673
86653
57242
3640
99397
72025
41020
5846
37868
81820
27214
77468
17456
63645
15466
35222
96605
91493
46044
63538
84587
58433
9441
15551
85752
103327
15064
38304
77494
89335
20818
47632
104375
66912
1686
32948
6874
80748
29981
61640
40898
8698
2245
78755
74174
96809
87891
48112
7151
19484
17262
102696
85866
16595
88844
66205
61621
41573
58448
41699
77189
55140
78630
23768
51777
11501
105012
33740
70227
14103
68341
40739
63703
81477
96155
78402
48781
68461
66124
8527
21838
88764
88578
54476
9918
93889
5049
84377
59052
72283
21873
105964
36151
85469
91307
70232
48760
63514
86196
73608
78115
84705
64978
74923
21869
25555
997
32013
62634
101002
90712
102197
3595
90398
64947
91526
30554
42053
43033
81906
95001
16235
27077
41980
48221
123
76690
24858
67855
100885
18614
66488
40537
79884
54347
87805
109279
28906
66800
93996
93772
71486
96710
64206
4991
65096
19237
23584
76440
37468
109803
6818
94632
26176
13055
58042
13110
60093
39602
15425
64241
88265
9878
101549
39078
105386
18845
19315
73817
13386
47926
55940
83965
34241
15352
98193
77674
68033
33292
87661
48627
13406
89474
56796
96850
60973
34684
31888
42407
38497
20342
51876
85566
28360
78966
12659
16624
29314
2887
61771
75965
60018
81554
85641
109330
84155
48186
94211
79522
32734
75172
27387
99895
14512
72208
62621
84514
91219
86498
85617
50669
97555
72682
8801
98056
87544
80072
63261
26316
40836
73551
104594
88668
17339
88404
48004
97292
93665
45031
22472
107716
95161
37295
20714
56462
107867
30159
17325
92090
59111
63127
17625
41306
63416
10209
93055
69469
63967
75995
66371
94561
69306
83553
98285
90524
24926
85214
105922
102614
25916
4184
29926
88919
25429
7325
83010
78996
26802
67034
27041
34379
68020
100287
9307
25820
19461
42785
96681
85593
77387
65829
65719
17158
30391
71519
2223
48250
36295
16555
9712
44726
40548
92451
53371
59776
107229
101915
32979
68430
72887
34222
39489
62532
54389
31304
71150
64803
98059
40837
104205
72863
60731
13394
63952
79841
33692
88129
22774
3389
89749
35775
3810
61929
78098
104956
10665
50581
33235
53044
86611
57721
33271
19337
32053
36655
92909
72439
67662
92291
66137
6313
108763
72605
71776
8332
64194
18612
15300
51690
28332
79928
34233
100377
13754
49612
78069
89968
65293
68748
101023
26913
34595
78132
57800
79396
59653
81574
4505
47078
88327
24461
19220
3100
18475
60902
76203
98853
61031
93150
39458
7180
68263
86541
2028
43531
39511
107304
43428
76706
29176
20078
5641
47703
31499
2351
63270
104484
72985
50290
33810
55937
94099
1573
86247
98952
99740
72815
29639
88933
67040
82136
53608
14051
77370
104475
50166
45777
9138
23527
90261
77201
14047
102365
41398
77597
28856
19070
86440
31214
3844
69474
33415
1551
90300
100076
4978
21706
105063
93901
13695
42351
59297
35360
27872
92868
21196
106815
88111
89627
18222
74847
39172
86570
33896
582
81952
67551
100884
43332
25960
50029
96031
15609
103072
55961
83652
46252
1240
40036
68213
35585
79181
10252
102094
38674
6435
25311
59498
80064
24472
46001
35208
73542
18467
36743
16226
96249
87539
1376
33081
4724
5842
3710
27507
83165
4751
66168
40422
3322
33042
43295
48272
2060
77006
6611
66765
35782
93586
10364
72084
90763
102626
72654
48734
48610
8202
73561
13774
53600
62161
27703
96812
69774
51163
78243
45084
33104
63096
44859
51809
82300
85768
71192
79845
59164
105435
107588
22006
33129
103421
76863
5943
86802
70494
61888
18934
51240
73598
77567
73837
106398
96666
71783
47485
59523
26900
51032
12310
21480
31761
40896
77955
51521
21532
55659
88254
93965
32787
89699
100012
75632
1261
105912
83286
44340
3955
37309
34253
20139
9459
17547
43397
69352
68761
41617
32314
23039
40900
4074
53277
41653
63300
13451
36492
87912
108687
68207
14397
44190
63016
43682
102675
42288
90162
53820
79418
78392
100483
38687
47121
99876
22082
2530
2596
69332
58732
81855
52564
23816
15654
103505
14284
55260
25917
58523
3042
19009
11070
31365
69514
3040
53504
72289
37725
22805
42040
86596
14573
56123
38340
43210
42045
4336
49708
8859
109127
22181
89692
9212
73096
86509
72422
40333
47103
107135
44557
88601
20659
59443
24855
43386
70875
85741
20691
32249
89118
80144
13195
8447
66650
94388
64297
84778
72053
107397
100742
34499
68235
74907
1872
99061
92628
68740
95568
8264
35985
77427
50910
59739
47937
86406
87557
97409
68385
21855
33217
76879
60988
12362
68488
52219
83368
11898
61644
32492
8712
33432
53241
51960
17621
64437
56352
69792
44086
74159
12768
28117
90065
40742
11498
54725
83388
106878
55284
65848
83654
7360
101629
96011
60665
18659
42773
103415
22087
72994
100674
51668
48736
21891
53470
51482
37970
97184
87158
68893
108791
53288
64230
51930
9651
44531
87633
99413
86525
14226
42086
49725
1364
96004
24494
73643
6135
88260
26849
84417
55410
40952
29242
65075
85378
103791
39207
19772
40365
59925
95579
67663
19428
83125
87492
57067
36300
62341
5668
7532
101
53863
4547
93398
109658
7702
49995
26589
54860
51640
36498
1961
31456
75014
40765
38716
1844
65216
64388
27154
102235
41524
79079
56835
18413
71740
22724
56630
22963
98168
63008
93163
16498
6272
48915
83809
204
53369
65334
61701
8642
9385
41884
72999
87470
57716
26520
82968
59610
18457
8125
16394
60568
109253
7712
25781
59357
27988
106677
99077
30759
57130
102579
48025
35118
103893
57065
31192
9278
33466
40221
56225
76677
85709
83638
65576
79360
19190
15911
82056
30707
44176
101663
88256
58816
17054
94215
17659
68909
70018
77151
11028
67150
70337
32052
70509
59038
43866
50269
80553
105279
103291
102512
64050
33962
62032
46311
81985
69388
90499
106968
86136
95300
22949
35949
60413
427
43246
61060
53965
45607
52354
54002
109142
78843
36464
40115
66506
3963
9076
80239
8225
73520
90693
45818
46474
52931
36513
81735
18606
90802
27493
75092
34240
24977
79267
77868
67863
34302
75156
105705
82759
30146
70131
5961
92124
2963
38897
101720
48169
8379
73937
82258
6470
60169
19771
63682
70174
74225
4982
77211
95134
16983
84665
51063
53368
33693
39418
88132
52727
8953
26009
105517
82319
3591
25726
8708
35014
22911
3677
11395
30245
51633
93885
54626
9354
22095
46591
6880
73176
76371
61233
49111
32891
98064
7898
91068
79135
40202
66679
40832
67781
6323
9175
31667
21992
34887
6388
101775
2640
95434
79315
57150
74854
62455
1317
9791
11252
41465
65039
78902
327
40616
14172
7861
11745
12758
47396
22533
24924
69385
14664
78515
47902
79412
44298
30248
42912
36435
44792
66568
16353
34365
58509
108182
32821
9097
40272
74229
13117
13620
72341
82666
69905
59945
41044
92032
33763
24898
46626
99330
15533
89144
79089
82279
88829
41215
9666
75091
74219
108187
59138
22495
102195
59012
83467
23446
56739
62393
106394
65597
17116
24969
49547
2402
51637
85847
37005
64116
34904
26286
76848
33785
18422
69212
77867
74744
3870
45997
20882
86375
20244
52763
41728
21390
47682
36648
26789
21362
96302
50967
36113
48723
101130
73060
46861
19254
82633
67833
107194
3682
34640
49718
94910
7691
72265
108254
99435
13109
61546
12985
59110
17828
99728
3514
37260
52444
11137
8185
59910
45405
64106
30126
16761
47296
93346
49526
75942
72335
57897
37388
96314
105611
6707
60947
15399
19163
71582
38346
53011
80978
30353
97042
34417
19918
71276
108409
52129
96069
7558
90652
86443
64546
108926
109799
11310
9937
3788
80615
19632
52412
67490
51256
58749
74289
107045
44489
46402
39315
59435
80793
80479
44136
104357
22195
7324
54542
29739
55329
85188
50371
57115
23365
81302
39252
48086
85459
92474
68502
9121
5381
76990
17396
37258
99350
96475
65172
13347
67032
86496
48930
88818
90880
65999
45187
37634
92494
34786
64475
37084
88417
19258
4559
66221
88599
56302
108591
387
66078
