41489
2915
96762
7674
35541
56692
73907
30615
92422
79208
707
88903
4602
48857
19399
31471
83444
92699
74869
91875
94010
93112
20247
70739
32657
33913
34069
88816
33349
29870
34977
42723
19244
66533
79109
23541
33302
39930
95263
57335
71283
79329
84394
38146
64774
25821
18794
12077
40830
16662
56109
73012
64707
38126
27634
20964
52250
84289
7566
39551
4170
30538
75574
47217
74316
14362
53380
40291
79770
20791
5351
6870
51771
96225
63044
8051
60086
74250
844
2434
33096
26398
75803
61701
42921
44904
58952
18085
93209
56103
12566
76747
5986
58443
58822
10522
21843
41488
46274
96929
67393
27847
18796
31263
29057
67082
84110
8966
98687
92012
92271
74962
91716
22638
3422
22566
27951
72064
73361
27522
23894
89295
99875
289
72990
8988
98489
5124
70413
8702
33022
67199
97358
49395
10576
60210
67469
15559
34334
68184
3314
80706
31454
23427
5694
71488
72516
21645
84832
32476
95890
13268
15638
88304
87118
60012
61762
39688
24121
54111
28221
71511
21074
8850
83032
70939
75198
31547
25684
53099
80392
27479
20225
88751
18068
61920
10473
55857
52783
86605
56678
98440
31097
37256
44450
78327
17679
94408
22284
6867
54000
88172
29228
69042
14215
90501
73652
9407
72320
70411
28827
96252
66899
57531
64141
53461
39257
80000
35365
50886
43123
14820
75917
53771
69506
5855
41447
91706
54355
62831
87754
57140
45514
52593
87052
21983
98208
1816
58295
56187
65326
26190
97430
91725
72271
44336
79144
25635
50732
34212
53117
84910
13672
41871
16225
61633
22501
31342
67685
92350
93948
44241
20871
65777
78091
95784
98099
67841
8408
95276
89433
16715
28244
27306
11339
84749
5037
41771
26438
57662
59081
6925
19372
38919
86036
44147
74907
17045
80769
93431
33322
3094
68641
91130
69497
97073
64917
43140
11463
45132
23501
72093
69592
89763
92529
39767
50630
86714
99576
38998
99221
63099
36177
5910
67045
57462
11421
71228
23720
69353
32628
62314
74787
12195
18915
21832
31198
56603
77117
28839
94805
17043
29519
44278
75831
79657
45304
34935
73744
9105
87156
8693
81664
77377
58901
57626
10441
40745
71853
74161
80266
15669
15000
5446
99742
48639
70243
23159
29585
30649
39035
2902
43928
11250
9008
88799
19764
59254
72489
22983
19744
16333
66745
2160
71623
58239
97833
89650
4623
82947
8018
99749
8934
41535
49547
27062
89055
58068
51178
58542
73524
74609
13587
21464
50317
47420
31606
19397
89402
58320
61993
23446
86772
84570
31625
44291
473
5149
62254
85290
9093
54630
51123
2773
71462
63164
48504
73750
30221
51228
76148
54677
18314
14462
28714
43844
80124
96933
62426
12136
89267
76702
60035
77425
96035
93591
90540
33338
78980
38020
21780
92898
61596
46133
86328
99224
94531
29752
86964
65580
69031
36574
34616
85572
46311
29782
26032
6246
46441
578
6530
97885
17929
98584
56563
54872
26865
65781
78044
35652
7989
71331
25755
68030
23119
83073
58689
83697
48710
90059
8958
56750
10982
749
3305
51674
36331
86503
46227
74491
81363
26929
2277
55380
75405
13802
67277
31802
87576
95341
45686
22082
77217
49912
464
6476
2379
99152
17987
58454
95128
7730
57796
70131
46151
8818
41970
41230
91366
83732
80661
440
41289
66904
51632
15535
71133
47013
78588
76122
94870
2704
43786
56355
44799
13511
159
41312
90320
66813
84126
81873
24240
15272
32972
17028
68476
80894
25871
27642
24155
42153
34892
5373
7799
98066
26648
84487
91797
57382
95235
55330
43831
45222
85340
20235
96304
78987
74408
65482
63179
65390
64557
19309
79148
13857
48780
11146
48357
98151
2015
59104
45845
99222
98551
66253
32681
54086
15183
50454
40227
36557
12961
45
66030
10056
77011
50173
15396
65191
26897
93682
63482
71336
42213
17254
78926
84328
31054
53941
32902
64359
38495
32289
53250
76275
23179
10132
77947
55251
69343
52648
85945
13313
38854
20834
33456
98392
54915
58913
26359
19586
19000
65749
70643
77317
67562
5957
85748
27813
82694
2235
38525
81662
20092
20804
36364
16985
47153
44852
42432
20677
80996
83163
91505
5930
77517
2293
57708
86332
54526
66324
100013
60025
34345
38631
28768
77962
89480
18159
66271
61576
31774
37939
13894
70199
25983
78392
17072
78276
10944
89505
98323
55832
88385
49841
9884
49606
20760
59843
50421
31916
79500
78064
96474
62427
51140
71102
36098
57524
79273
32433
52710
30862
74454
63095
88854
14937
69195
84541
12015
48564
56619
35823
84369
16873
78426
74114
6589
78535
83048
90250
5404
80279
90307
12605
24060
73245
34255
65827
63238
47233
16283
72106
83122
89742
67267
68155
73234
90946
56159
98799
8633
18853
94645
20352
63977
81185
46716
84041
52717
43692
52622
97555
44625
2194
94469
76800
18180
96475
50211
4667
72699
54948
28414
56432
89935
62050
64292
5414
96218
29718
65338
38006
24325
77495
1354
22562
8532
44150
90254
68719
50696
80876
95983
22690
48746
30761
9020
96522
94460
49477
23507
23332
20865
90857
2469
87829
89305
32231
47395
47667
90058
20409
67068
37268
89600
74854
43788
59592
77435
54909
56721
6970
10638
61160
37968
618
32614
6557
13495
13917
63861
10150
95688
24221
84499
63241
31427
10156
51980
2881
53394
51487
48092
57136
38845
25280
76827
72361
26647
91736
55485
62038
62740
60108
96540
2200
12934
62787
93252
18240
95732
91575
56730
93224
66643
17497
81776
5357
76364
60611
56163
20907
23040
83598
28139
46188
31413
79886
17321
96846
21179
2948
37241
58812
38859
28523
79166
26111
93621
88092
70863
70799
60216
54850
11750
67624
74502
47948
7535
12632
70567
50186
22716
59304
97720
92637
7048
94629
99622
86602
37474
65222
54816
39620
24204
78329
83017
13329
20160
80590
81246
67727
30287
19312
62747
11399
43625
72950
31031
72991
52356
27754
10090
20126
75174
58457
71785
64442
49436
90344
567
20371
13412
32565
83573
40453
44592
58849
78383
19128
51397
69774
52416
56768
78822
88616
45720
93330
90335
41558
66206
52203
50835
5430
47828
51466
14343
70163
77391
36329
62430
23114
63210
96619
64490
2355
23816
62362
2734
85702
2401
27626
11163
56237
69955
1540
38134
27125
68392
57770
27594
40162
89234
27640
13576
76103
54861
55984
31022
27835
83468
58955
88656
47100
25442
49166
52411
39782
25366
68764
54179
79959
67348
49492
5302
55381
12085
3547
56104
15847
98524
37525
98746
21870
67552
53424
44223
42313
16053
45774
29359
52219
42756
81635
34321
33800
90907
18900
9258
8370
81948
34883
26958
79344
95453
41952
78324
21798
23959
56566
75181
72376
16474
14711
50044
50817
69560
82795
21126
848
27662
53279
82473
30079
96843
24101
45905
5924
73768
78145
16889
81726
77699
88804
47044
57100
90781
94445
78158
26551
68457
46622
96561
40150
60672
65652
69698
56228
83799
71823
3063
12180
54138
52756
25310
61074
91379
31265
51033
15703
26352
51341
16931
22053
61495
18141
44528
29664
37284
68784
1268
49267
83235
44032
30587
63894
48561
86049
11131
74915
78434
62029
65973
69837
67093
56606
48989
59626
62808
51043
80419
80551
100147
11793
18234
45260
98562
34110
88993
37809
82817
88714
53592
2600
17370
96794
18414
27787
14152
40081
1191
59616
2872
23356
40563
46211
81059
61714
63030
19072
5779
54930
47801
39134
64039
54302
25505
89008
53007
17974
47291
85025
18715
38560
77838
74505
49860
38544
14485
74362
40465
75644
99518
47167
69291
17842
82090
8069
6267
69660
1200
93307
96767
6824
3795
26610
85188
32684
86820
82426
47427
91444
22965
88284
3605
1050
61918
13603
44482
87432
36785
27351
94233
11886
38568
24913
28405
27376
33583
84095
53029
69152
43250
42424
56476
50154
50571
1542
2944
73397
34941
1040
15285
16319
55580
63847
21479
34654
19966
1732
66595
93473
47111
11843
77975
22108
98444
52149
29803
3949
9079
41978
91882
42242
38115
14412
21948
77405
83584
82415
64072
40037
69878
32516
97297
50204
72450
43569
10798
73724
38701
25512
83221
47253
17020
66294
1849
5402
44682
18590
92717
24893
15571
79638
51058
8990
60562
71332
73002
84162
48150
9544
70527
3669
51779
96032
86358
74405
93594
65533
54360
31456
18165
4385
25618
8193
59362
57555
31362
70945
71629
80113
16685
65130
55094
70265
15376
32265
87019
17872
15560
40491
44623
38142
61670
85821
37112
40832
25578
37475
33679
16118
12542
83817
56851
35435
14470
23938
3788
64012
56510
825
31149
78570
22551
83133
20948
16376
39724
23143
34938
57480
27700
17502
11391
88537
97269
66832
53400
44647
28560
68967
23990
76927
13946
22906
14279
16908
59916
79615
44739
38250
80162
82664
80267
12164
26016
2511
78590
58783
22399
67228
55192
57386
96431
43155
57139
19701
65648
25914
60233
74091
77939
7057
64253
29506
65295
13163
87872
53611
8329
17387
38730
43191
14289
68868
27162
40522
33227
37619
66572
62834
72528
25878
95445
23616
41679
17227
79693
74799
39601
58070
33392
57592
44201
23245
48546
72433
20112
78752
53724
14132
90172
4542
30590
54428
40012
62186
46141
72620
97749
37701
61309
57815
74326
96113
60920
53396
54958
36422
90043
81152
73549
18948
66597
62396
51875
15174
2856
26831
35771
70744
4126
77433
19392
71208
3478
25373
73514
43340
66332
69512
39771
30103
27949
89588
12596
11433
71817
78939
44790
84079
26690
33862
37880
22459
58799
2678
35349
94274
28885
1380
80446
87483
76937
19020
1566
79673
91449
58244
66704
8743
26078
14363
66152
92195
4164
84037
66710
86921
58753
26175
47881
36731
75593
85122
45390
97057
23020
67525
25886
92951
47103
34661
20620
16297
79396
59977
11552
80028
13803
13935
69986
20407
81015
66854
33136
98848
71798
40230
18823
17182
77649
59204
74800
10680
94290
54731
80809
75786
59397
78448
15340
47076
97445
19092
19808
89586
2182
3398
6869
32297
40998
13538
57209
7483
18262
33785
55441
66621
47402
14495
40476
8948
65414
22664
45274
40483
53562
63548
48790
16198
66449
50960
98568
12120
67291
37138
13729
68182
6619
93234
65666
35818
51521
67779
9329
64136
62698
7452
91126
49618
59641
47844
28311
17278
25179
1084
96573
36764
49526
33985
66662
30308
8734
67578
78131
46618
87898
88472
67131
76472
34527
14421
44774
47936
91320
39403
59408
96162
91322
76113
36837
60016
88880
25495
82943
34611
86431
73689
72679
35897
57086
18675
49865
47334
94190
60720
48248
6358
41907
10224
63581
25151
53902
56265
47773
42837
1654
51532
28583
65210
57486
99839
96428
41126
100164
40457
56038
22493
2126
10849
5015
70725
67992
8078
46643
70871
41923
25596
64344
95412
50146
23060
10541
58568
11957
67132
34943
11675
68858
82063
99572
21882
24318
28590
31660
27967
58390
69865
81402
9320
59228
41175
32350
97465
10137
67728
81454
21025
66266
175
1109
46565
96038
77602
43884
12340
43595
6005
8397
53989
46566
82356
78006
5312
87425
789
73753
20019
71274
68052
58595
69596
14427
51995
40882
2435
12744
70077
82104
94143
75122
58064
15636
81590
46384
81613
52768
14360
23629
68477
89969
93750
19065
91178
16742
52619
73693
94605
89165
12324
64388
25926
31807
31341
5989
65639
3486
75719
18572
13686
93051
47890
94719
27
95325
23277
35564
59583
51120
90787
20609
52908
69688
24542
43823
62060
17507
97800
22760
15789
20402
2117
74857
70364
22373
64683
75111
25251
43664
13140
30441
54999
65303
31518
61961
90850
42312
22186
44868
7703
19334
59445
60363
10147
72355
19113
79862
24191
50113
25099
18976
80873
24250
3241
7207
5690
97848
70867
75401
99008
60288
47653
66435
16327
96692
4839
1130
35610
17688
69575
89757
88646
75536
5179
60501
49363
14827
32503
32068
93519
82512
48524
84640
44107
27051
79359
66201
35375
33542
38978
66630
51218
63914
46049
91620
92053
16113
18036
38181
29174
21097
51029
68067
1616
55745
24025
87065
2712
99876
65289
25998
50487
62766
61857
7406
8869
69973
96921
61953
10713
51687
86479
1293
41543
58385
90198
34573
62943
82392
51107
20130
20030
44004
99577
49256
58853
78480
96435
19977
9640
18078
95227
19299
5604
65285
226
51358
79430
16304
60349
36902
11592
10463
63195
27222
71213
28412
57444
11036
18217
80867
59289
94558
16718
57670
7490
88785
8629
64246
78259
11037
18936
63920
17434
50843
78859
58824
74103
49974
92209
79270
12212
56021
6838
79195
64188
87983
53036
34306
14251
14790
79520
98260
54995
83668
56526
90018
78112
55020
16967
52678
74253
56850
41789
70206
43779
26527
26372
46588
93254
92613
25833
49481
6058
62714
53949
53908
64591
68921
80423
54780
96890
21888
76445
3587
89940
71738
33771
65465
14847
80637
66764
36356
36147
90785
28582
2743
3536
5405
86900
21499
10797
24670
7135
81067
34279
86995
96915
66816
21806
12316
76058
16650
63101
2525
28944
1068
3049
27317
15508
38647
6594
79455
23014
78608
50515
85646
15872
1804
19628
73034
2056
72307
47834
14100
62239
60200
55015
1527
74182
9504
72157
45611
74976
78763
29442
20131
10015
84530
86201
11913
89575
94347
45687
7905
92054
45438
51892
54003
48465
91844
20929
27845
89898
10747
44972
4424
29885
8450
44706
77273
21786
19390
72412
53890
32692
16707
59065
47928
97241
64521
39169
98054
20263
79991
5105
16537
62406
37682
1748
13553
77222
19558
11795
28525
66319
60624
1242
9931
38074
92034
5722
48129
76693
53213
89271
55503
9865
55444
55661
40966
54787
20366
22209
31829
84384
29339
86360
74762
82054
95794
93790
37166
10794
26823
30395
6852
19709
47
61631
78628
80274
57088
27144
80756
8033
85851
95136
96088
70329
52589
59707
28721
22786
8608
58449
5622
60051
4247
78078
85181
49083
80350
15583
74894
18324
51281
82740
20922
25317
36554
23742
60707
48691
55131
77825
19623
30263
14840
29893
3205
80231
9717
84488
10141
57083
60157
95742
14963
22198
36959
55813
468
5804
61369
28677
66652
81055
52254
42124
44328
58752
21286
11052
16122
75727
60257
91454
32284
88474
84329
77724
76996
65758
93502
71394
42379
72849
81336
37090
85033
17364
74274
71546
16222
92612
23054
49917
59354
88045
32912
55372
78933
82454
73180
31785
42828
90365
22663
95110
23365
68824
23260
88199
75351
66232
57388
9208
27652
75792
77856
81986
67509
34020
33863
21446
88553
32401
20514
10281
95684
87153
31777
21694
52195
19951
58051
42958
75818
13660
14578
94576
67467
66587
67111
84774
32651
32498
23096
2464
60514
86534
62097
34689
74858
9863
26396
10484
41419
80659
92940
68871
40869
54436
76808
65771
74124
9438
6945
14121
55793
38436
89190
68965
61146
60459
14225
16199
35862
41164
55971
8601
21228
39660
31841
99731
12240
88310
77149
71083
9500
82553
54763
55816
45001
22268
63428
20129
45669
25911
27702
26388
62876
55331
65843
91405
45683
75348
41994
48134
50115
4173
92019
40940
52739
76071
84929
67418
2764
57468
53638
81248
26365
43707
76924
47685
48662
46858
36806
969
8006
6248
17487
75103
71082
20666
46095
70828
747
44699
1987
47709
95452
50480
40740
20585
90309
1926
82572
70724
24673
64320
88511
63085
12941
1110
96354
56
27526
52262
7438
50129
9404
52664
19543
27372
4712
28333
78532
46405
55730
98809
28401
69751
98341
74369
78247
65654
85415
74167
84782
44676
39999
60537
61246
36955
86260
25174
38203
35698
6789
14238
14518
14384
46180
71426
48073
68867
90341
84452
70927
21103
90697
94803
7623
15905
78357
24569
89884
13666
25290
30099
19134
95655
78715
77200
98200
3805
37694
84935
95318
16361
83904
82044
55062
14989
17546
44715
54822
13458
49364
12759
76516
46811
8684
95393
2905
94182
96463
78404
44650
46015
63669
13921
57843
42383
27503
42967
69228
78712
48306
88207
68198
47323
7916
91058
88117
58412
18906
9444
88009
69532
20189
59621
60466
65602
46760
30642
50448
3715
20928
64198
55325
50216
62303
56167
19223
41684
17304
35145
51315
33994
88790
84117
5073
81410
80258
19867
69777
93882
59989
85291
56097
85625
21118
24659
87460
82239
21488
9628
71783
27962
66479
63345
60525
53045
69378
69148
11854
30871
28207
55624
66724
61995
2431
40420
52721
30252
13745
89062
31490
27535
33633
19759
23023
48715
91761
80907
83971
55464
8457
46042
55731
20217
72448
35941
70462
14623
54385
30712
13324
19871
15479
8924
52094
90675
1886
92496
20448
28322
15575
4661
2108
36200
33557
666
341
77365
35268
2288
40610
91217
9550
60576
74452
44754
26955
68018
39510
59051
50348
2173
95631
63824
90147
57714
5621
24846
5005
23631
78217
65417
92445
70391
75112
90358
52650
53056
83994
33288
64501
65840
27177
94467
23386
98676
54064
39630
12423
94049
27515
73802
46252
58513
18612
76892
14821
88370
96350
35020
29346
67026
34788
91388
97197
46044
50846
61292
6077
5925
17961
63051
44341
76
71245
41391
89424
89492
69279
65897
40974
7168
47004
27342
25347
77731
33226
50624
7179
9870
71130
92603
82428
5918
99240
17462
46792
3988
94045
92144
89817
36618
68777
25420
75489
65205
70297
42119
14036
9950
6618
57870
7938
43996
43292
92235
72464
20342
68924
66850
48967
73707
86818
30757
34323
34416
37621
15630
96893
33829
96495
31891
35170
12323
93545
94899
73736
12269
80277
78062
38512
54661
35489
95030
74398
24089
55509
26861
52109
53324
45848
36613
34519
83743
14580
63743
59960
25196
48704
27251
98771
41587
61848
10847
71324
66786
71285
61628
44154
49220
32085
63798
92668
20502
90571
41534
89831
9754
39337
26542
14877
38187
6640
59687
45152
13518
73500
87473
27724
50885
49667
11314
64520
56865
18122
87538
21924
69701
92273
41245
30150
4395
57833
95681
60520
69141
60059
43224
51739
80511
94340
13142
1528
46721
97919
74057
26541
55082
55237
79283
70028
24786
40322
89905
96537
1670
3873
7544
99266
34359
20889
43532
47457
36363
31677
59588
11844
5288
13549
23539
26934
14497
77814
41922
47289
39944
631
64635
66198
31432
68586
13020
42952
45537
94784
18273
48469
80534
70895
89269
13050
50833
63794
60905
17141
71848
55223
34726
56596
1746
47478
4570
17744
54708
47065
68220
91180
89826
4446
70306
55471
8722
75392
85385
31024
76512
60950
92078
75370
53051
55108
84971
22764
17998
96089
9077
46298
67104
79150
84182
85760
54046
6831
79383
28513
39152
75393
84175
97264
11395
47241
54
26982
18421
32531
8409
51013
86181
45043
29793
91939
92618
5339
94475
76409
86205
51946
86924
77245
46059
81178
25323
89962
24468
35027
57127
82292
39617
58488
842
14261
10491
25808
89482
35880
96810
44512
60752
33121
64311
3622
60696
39236
39974
77867
12309
13845
57354
82045
97373
12495
56949
17173
31618
45824
70554
92889
33045
36534
62237
88575
52283
56067
70030
44864
60911
96788
33558
11063
84112
19723
81340
25731
80845
16451
7478
5783
86433
66370
55243
55734
81414
6878
83342
42489
49683
27785
72830
33680
37198
62753
56580
3104
66603
29936
71774
19589
73472
43093
53531
38776
67180
26487
36843
55916
7039
3197
67802
81235
77644
12336
59360
42494
75927
25051
76182
25367
36048
74243
71570
41030
14404
22334
64124
69182
92834
91076
12988
71824
19986
4619
43724
69196
11735
68393
49825
18070
88950
49686
16309
58047
59437
16618
26916
86877
81309
3763
86474
46538
42107
25315
21128
68783
21403
1052
15553
53917
70258
48031
31402
5163
35087
24320
1416
48225
57258
49531
36462
93217
16963
39309
75810
88348
29750
69022
8765
26373
49016
32873
97356
44093
24142
69274
24406
81446
52813
81874
20696
43443
94264
156
37960
43265
45796
19009
33220
5089
33667
8835
79911
58875
91403
65908
65275
45534
93272
74483
46234
13605
4536
61702
11528
7445
55571
57032
48391
87605
20033
85218
66615
89384
61582
16615
61579
76559
66780
96814
47996
6031
15896
55492
59587
73016
10117
56862
98688
7592
73222
31227
76040
99679
43179
59168
76124
9039
70888
53344
15242
10704
41392
9938
41774
28051
68131
24645
46339
75971
42221
3952
6029
63983
18874
16651
54567
44767
59603
40206
2766
58405
82376
97396
76227
61919
1633
3588
81995
86408
83062
67247
22413
49278
50727
3004
57911
35701
32860
35100
36944
93624
91495
47146
5679
55084
69757
46292
62087
30324
83992
40935
24611
81970
48173
94108
65701
79459
29408
82279
56345
8433
77891
8156
36371
75829
57406
74216
54127
24491
26320
98787
41315
43228
99952
24808
19253
75501
43333
17548
68552
59986
20455
60564
27530
65264
29527
57007
47026
8713
99551
36933
16125
42885
29503
36925
3975
81343
86660
94268
77776
68237
49770
89039
21630
8854
68201
10787
58442
24506
35465
91356
30606
9961
67518
3885
48971
10961
45308
50099
18054
97031
68795
51798
9415
3604
38590
71916
46575
1986
61799
55402
90738
30426
68599
23564
5999
60723
50323
15165
53053
26228
33272
52364
4376
50962
91842
38327
48444
16205
67388
18154
61164
81820
78770
38053
6391
21004
63732
1038
9083
99323
60794
55490
79284
80468
31321
37181
12092
86498
18664
66180
47556
82828
11132
70786
46064
19170
81073
70570
94399
61796
97788
30266
56507
20012
53446
4408
68423
83674
20518
39800
35855
86245
98828
62374
62862
5104
53813
63206
55936
18289
98363
79715
22526
72684
65307
23595
7747
63261
12219
33764
21589
24225
63024
15170
22586
73904
70405
86943
40075
72396
19994
84420
79333
20850
52275
69995
6250
20120
8622
62383
86003
23604
5795
74249
15423
39737
74078
92453
19971
23496
58938
67423
36399
5821
3428
53057
51441
86059
66261
37510
15555
13956
73846
22066
5550
86166
57667
12797
91426
75262
78808
21696
89227
96909
41953
31133
54796
22844
63536
69710
6040
39224
78109
10321
39103
59720
45064
83655
30428
7015
76707
90470
53444
7198
36864
68576
42646
27715
83347
60124
6418
66972
59930
33399
19548
92478
4781
45350
11150
57129
4711
81399
37374
61669
71693
77960
223
77698
28829
74627
35685
33032
73011
37030
88614
45671
6622
82686
3986
78004
35813
65861
40704
24279
68729
91065
45768
52384
57773
90220
7676
97556
76142
13122
54009
48745
79785
42320
9351
20313
49156
9856
72626
30789
42341
4915
70562
12496
20979
34734
69697
72503
85300
89527
15584
73341
49209
81641
99989
36357
61998
33683
78800
55324
53322
26018
40025
57613
61954
87047
11234
84985
31200
9820
33818
79992
56974
23370
49049
69656
83686
80988
50481
49405
59478
41132
45485
7429
92283
64301
95028
42186
60486
55825
37232
5479
91688
85711
31099
18681
97092
47378
90485
28174
847
68886
4469
6673
44763
84548
33623
51559
40702
29588
24935
80163
71748
56055
53648
15659
1958
70813
40402
6560
75833
62086
20137
67064
37277
68642
10923
75562
27571
41410
44938
88431
79439
22748
92906
26318
45212
90293
8771
65217
70798
66210
80586
20868
40529
42215
95714
66239
71877
71257
77136
42058
17496
24633
48584
83662
10916
22750
78167
54305
45518
86753
75295
76448
59506
77720
40595
66581
20058
21778
2413
66159
86438
295
62357
19946
22546
80890
57724
12523
55218
34984
99185
73459
56025
78796
58
54838
38116
56379
46790
84843
84061
25341
87530
31281
36087
2009
60057
80128
3578
91232
59055
69627
10104
44211
6980
23635
52605
38537
41073
44646
85917
60898
54077
66389
27483
64958
66285
82060
87853
83970
39489
48633
37009
32124
88219
93648
79938
26989
93377
33029
42010
66886
66351
19155
72079
66848
31453
78788
3141
25893
49504
98462
94103
40406
49233
46472
21451
78379
20308
36049
14319
99322
27284
1355
4920
98561
93436
23124
58737
48305
60610
13243
24058
9967
85308
60110
11461
3734
85579
56216
34922
79267
66588
47730
38900
48976
70611
38569
75983
91124
22901
77637
60837
11253
75116
96506
19677
98628
51025
59302
74670
37909
44130
18097
66987
72332
57454
98637
53410
80696
54368
61126
23681
36559
91193
80140
591
68529
70913
86648
89536
68142
54320
42916
50966
42019
75030
61668
66293
78781
5308
94553
16388
50652
77751
98445
88079
28680
34785
36302
74192
95914
16596
55089
15262
39956
54704
26033
79835
15475
42628
85021
24063
3334
67803
81233
31482
89872
60776
64724
8001
6691
71322
51266
24736
85097
54479
81455
15589
20085
10902
80418
78709
50035
18267
45022
51797
68317
9976
95382
16000
50673
83718
17710
49174
51657
45672
41491
78643
34637
33487
7793
60946
67763
18261
38358
17797
81669
42275
47302
65898
9825
78274
93410
51050
21648
28879
41425
13467
98472
89959
14144
13246
5552
95717
87690
95618
92276
7061
68441
40758
8277
51943
89446
5883
12312
35360
29413
59452
31641
6952
67584
49062
55298
98603
89693
71563
88034
21738
58364
67895
66323
16622
44281
25428
60517
16022
55459
21238
82322
67143
6741
531
18537
15228
55091
35811
39445
67159
26173
96592
37383
58893
50387
98840
59480
29426
60638
65481
96963
84078
44300
32344
14428
99216
79536
6057
56825
52732
90747
37898
96842
4219
16728
87655
31977
66542
81095
28577
94397
88810
30652
58823
10351
61440
66409
95547
28911
6545
37868
62588
69428
47035
1593
25675
10153
11322
83184
5639
14557
50024
94171
31543
6967
42982
20374
10903
72727
10728
19639
2647
56368
16296
47252
62681
7804
7236
34283
42533
45842
48898
24164
49419
59886
50713
77289
66640
47793
62045
22156
46092
13636
35350
2329
53539
12804
11827
29186
1494
20470
38017
11744
56127
8636
30188
24586
3447
49143
74979
14456
36463
83214
37262
13528
41456
12130
18702
42851
50355
68219
77257
83935
16328
26221
77293
40952
89131
76917
7701
84713
33692
20255
56147
94119
5433
66808
78120
25972
61080
70968
81992
17990
75691
92432
38665
64882
13566
88648
89708
58005
72421
92204
39264
33454
20697
75914
64397
3000
49222
100012
45202
64985
76651
5713
92180
48762
27849
69358
63589
69142
69367
59673
39243
16023
69337
32058
93582
46066
38712
33961
45978
54114
887
88397
2221
76578
13981
32470
60602
39556
73285
95589
30685
74236
5545
56375
67722
22005
22080
34979
65984
83462
35699
71807
89869
533
22982
95040
50715
77269
44492
84502
9864
70042
98413
89744
67551
35205
55638
6718
66537
52888
71747
44840
22491
28312
41070
68372
84723
53407
75236
74464
11103
11778
3504
91152
67417
34868
85539
85421
45870
39753
87699
52980
94046
97861
19090
38697
70685
52245
94888
79806
96974
1177
20332
9047
98171
82668
45596
33042
85442
20042
51722
61928
69875
63980
16696
31266
11489
60155
80302
4543
21299
22857
80093
77662
47849
11708
52227
20401
8235
89545
33543
6256
46738
9546
22675
66486
17513
91800
69962
65740
49248
50638
97901
52290
25570
4144
46927
96903
30876
67011
76387
25215
29983
6767
34127
8597
22851
94221
37794
53899
96786
45407
34188
19442
4183
32254
73950
89202
92483
29449
42591
56854
52675
87838
416
88700
42813
54122
32731
70251
45318
8315
54646
65444
96508
46089
37375
19803
27416
23176
32049
32707
86356
29199
41012
70671
45782
17997
8562
37656
16268
56899
68296
53623
82213
19277
59841
75757
23231
3179
37444
24985
6369
25197
45728
91351
85491
24090
77230
118
43102
67040
23497
41043
7132
55203
62994
76070
43824
63846
5623
45817
88381
47360
10180
63359
85220
41610
19142
74467
12150
3864
12493
22596
9914
62210
87768
37762
29023
17131
50981
96954
5858
14685
69917
65815
28501
7547
83452
9900
41498
88504
11095
71837
48836
49441
95284
6690
22709
89071
7915
69882
62284
57751
40515
47494
72151
14982
52644
16324
97908
38007
71856
26430
81792
17882
88745
61336
60894
19897
85959
38837
58477
67504
89066
80808
70299
51346
84177
13862
51667
7965
86769
80222
92963
80139
88753
4361
92348
31348
10186
85872
54013
8282
39621
40293
65689
24652
2032
18463
57391
98265
73827
73657
83290
36648
38800
63442
57500
96130
66430
6536
71682
4897
75604
94930
51090
73662
38445
29635
1820
8952
62411
13521
15383
82562
57927
19185
41524
66564
66684
9441
12239
93091
26191
59339
30327
11567
74399
91517
65441
74883
30602
80733
31254
20970
94782
26055
18619
49730
29215
15501
48086
46232
95389
4933
50296
22516
36522
86835
48005
4959
32930
96480
6161
31639
31468
95982
3781
57876
96111
44968
5820
22138
55598
99312
15707
70740
75390
2593
24873
69056
14530
44289
57071
14357
28527
42738
63901
38043
73963
95659
72419
73060
32848
15471
79503
94435
32132
15026
62497
65157
10771
38577
20001
85173
11923
19804
60193
36994
31806
28042
88705
72965
22956
11553
84911
88217
31171
90563
36693
14767
83126
48607
35524
97280
93562
20550
84815
2523
66653
62220
89459
10210
53079
84098
74870
47017
35782
75035
12290
126
5932
40680
67453
38850
81096
55546
51921
56469
67958
43212
79281
4468
59620
60810
87851
52374
10962
80060
36120
12036
23915
69326
45008
64608
52731
52566
65530
19823
81279
56573
6551
98577
53329
84029
38078
45292
80773
97173
90318
19527
45588
21297
17527
65365
43172
91190
21270
98938
29866
30999
36288
5970
81530
81142
4497
2996
16982
73740
96274
60353
73731
64018
22986
1963
83390
87476
50265
75355
876
77809
4687
98252
4347
4849
56848
32557
65167
65549
56111
37586
44631
80135
51958
24271
48287
1199
3972
84675
30038
1976
67382
68909
81505
72682
7025
58698
10844
98153
84202
51204
33880
13463
15987
7076
52023
2176
96020
33638
63493
47348
48769
4798
77827
12708
2251
1972
2334
67029
45560
72521
24413
63877
39595
73654
54251
57989
39699
28263
93343
13055
62054
5863
62431
83119
19799
90340
5304
38759
43653
27356
18898
20285
59455
75074
51110
48921
36353
53809
36315
99170
20074
49844
18004
86914
51482
81333
64103
26196
87840
62253
24790
88929
6695
76962
49412
73424
41094
36757
59135
35806
80194
70978
49727
12507
76008
44733
83177
86382
52834
25427
44755
2230
478
25896
84261
55214
30095
79999
71922
59259
14451
78336
16347
42706
24605
94332
29933
91791
56171
27878
4397
96967
81598
50881
66064
30968
38790
52214
64726
26389
22392
41181
39555
89341
84865
66366
87279
84133
28935
26223
92973
68582
62634
70394
73485
38789
63585
40351
13139
72379
7358
28536
61279
34381
83300
63927
68463
46868
66843
2280
27855
26142
9397
59119
50551
21198
14145
20711
39283
81582
58074
15205
95139
57334
37805
92150
66990
63098
90640
6174
12845
60360
89646
55263
23515
15244
99573
35887
67333
61804
77294
73014
21856
32644
58257
25888
53285
47906
17368
60518
15576
56497
387
79345
86905
24564
57057
45007
73271
85778
66138
630
7436
31531
15433
77231
83689
18501
52292
35633
42630
5018
30385
31579
11977
50181
86399
16048
79456
35545
4728
32887
26665
43459
24513
66437
88765
62509
80525
92716
68272
30304
32477
30400
8695
15440
56074
49808
94496
85273
95513
4509
74169
75354
46802
15657
47714
67991
6655
55414
42648
60558
57232
22623
12631
34575
85995
25669
58836
45990
69216
98526
57217
88305
196
49234
33266
80338
39946
79739
63165
25481
12827
37013
61616
62387
10809
34873
11622
34260
78899
28853
80274
38379
56131
40238
60124
62957
76668
91661
35574
41517
21029
77833
120
38598
6437
60030
15981
11591
51198
5803
32474
8042
53439
96738
90030
43084
57869
56659
11110
33123
97979
5301
60494
43159
75719
66503
62669
55099
100231
45994
53921
72358
7961
26172
59794
67117
47953
24098
42598
94026
72523
58555
79386
33238
76914
24401
51204
70800
13997
12348
82741
1087
26051
46331
21494
65503
33694
27819
25057
91636
66422
82793
65116
60642
63215
28052
44268
90233
54974
83021
16107
24561
70886
35701
3393
8638
38105
15294
61807
16317
18322
71323
1778
4539
49193
35892
95372
41159
93671
90852
22040
86227
79547
56494
87835
52264
44042
10625
52131
63694
35011
10432
1390
28424
10899
63649
64902
5210
73732
90384
84853
49807
68894
88007
2574
56438
98548
73225
46381
16958
29589
19843
88478
54560
32781
62066
45989
68174
51189
52868
71035
77927
52049
79626
63214
