11961
48295
39963
50165
43743
47032
61160
73707
36936
39747
71870
40898
22700
31514
78112
49569
52259
6224
50911
9839
76434
20364
16248
34024
6004
80281
61289
41554
77483
46189
4523
28017
63186
57561
41275
70337
62582
14965
31733
26937
1790
26001
35889
43524
13403
13942
75035
24387
27884
45387
74104
55226
63080
17895
47762
21722
21790
52151
37319
66359
35221
75812
57335
49563
66255
73648
55264
65756
35078
48423
40062
69958
77061
31283
22525
17189
32816
61962
73894
17556
56710
18144
6494
24805
21695
82865
56030
48286
53001
64053
53205
48006
58907
51005
55843
56538
57617
30130
37117
51301
17665
10320
32302
4158
46767
11274
30025
45676
58963
80157
37594
15355
33027
56166
34344
45347
33376
75339
45435
27287
70763
10812
53458
78306
77911
25718
4317
37453
2763
47243
73888
33581
35042
8315
81020
70170
50663
67879
67211
28751
31585
31692
8458
64600
53517
62291
70029
68207
62768
27674
8168
52962
72875
54392
19191
56682
41919
10651
3521
24210
25764
84119
522
70163
3238
51039
6941
64828
4551
26830
38493
43423
33967
15069
75437
9202
41506
29824
27730
53681
24126
51473
54487
35697
59034
81390
53926
42115
13928
13775
23936
81000
38661
29651
4879
48537
32123
26009
22326
12710
31451
14450
9742
35230
18639
63440
6923
56520
21299
9699
14561
29410
14044
49858
83019
23574
76409
51363
19927
62743
67668
42446
43918
73694
31153
69962
13029
80482
19548
45088
31955
79418
27215
5447
2218
10790
57383
292
35104
34341
69920
49047
49188
30712
25049
59122
15588
30168
84107
32590
30624
38976
47969
74828
4658
49198
48148
56706
63547
43917
64779
82374
49505
20337
60777
8188
21505
49407
8210
30340
29287
72641
43246
23207
32057
2197
54565
61040
30474
5287
12672
26329
21354
43238
34273
37711
33713
7924
56388
24991
55721
57831
9117
72667
79130
23097
18632
37101
68413
42214
47723
19121
68225
27876
46387
56609
12036
9625
47386
35579
45897
57380
43819
27484
68689
75377
17922
70803
71513
75763
80139
31995
38485
51622
39727
55491
83718
56334
57226
45189
10686
1708
10464
67533
18065
57595
81861
72636
77843
43605
52555
10967
56294
67880
35555
7484
49657
17760
53611
15016
80151
52984
5258
67127
19812
37183
51607
42611
81906
40086
41114
53462
28636
2574
66651
62729
69018
24874
30383
72487
80043
61007
57324
79594
55770
5684
13415
56827
40619
31457
63000
35901
76323
75152
37931
61544
28803
76370
17976
18
42912
6401
65390
54744
81001
22613
61077
37625
7290
6054
23462
3530
27310
15840
29974
6391
79172
29661
51173
62458
48660
40743
42442
39675
54713
16992
34928
65386
28095
64771
81042
76550
30141
49904
19728
20595
30191
43481
38503
695
60583
23263
66702
8711
76842
33500
35715
44180
70939
66549
59969
64710
70185
15927
65204
8258
67750
63252
60149
15533
43018
86
53760
13232
36489
44102
37413
72800
38696
35287
54284
9195
83423
38195
77584
52133
23708
77173
1065
4228
66159
68025
57660
14335
42340
61041
81210
17939
41044
67839
37750
54384
16345
41503
57332
75015
1930
22459
64477
9203
81777
12858
14909
71653
20925
71055
80196
22399
31888
5524
68131
83355
70481
68653
67579
10688
17295
1197
80134
4267
21657
49006
30553
29399
76658
54447
7948
21323
45794
5084
55960
60555
46617
3060
30842
28260
21706
68350
21129
3712
37778
39791
36723
49113
26735
3209
69675
69597
56512
14836
62286
41284
64308
81104
47100
72883
13183
10441
9394
51632
66996
50551
8468
21590
17946
17822
46951
63609
42275
70333
55351
35408
68128
52098
43371
56481
72903
40996
5794
59890
20702
8600
21727
61238
54190
29247
13995
61080
626
19010
37505
18365
58296
55945
7275
7934
1744
71595
3202
17371
51435
5300
41438
16119
11717
22687
64395
82928
80227
34470
19287
12664
28108
66662
62805
74189
54411
43794
22517
32104
78562
12274
63535
44671
74661
28290
29060
604
56181
55559
43362
54179
40278
59471
80835
15694
75728
33223
2787
32571
62368
32071
62407
52729
55156
20259
44231
7330
13223
51106
52351
54737
63325
72013
8003
75273
54294
62474
25356
56258
25394
73994
18087
67204
52175
50989
2336
58267
6788
74204
30261
16054
77580
41085
59244
3814
11255
53816
39848
3633
39539
13845
5281
31542
64520
82636
58323
54006
5913
33143
33686
36916
61406
55129
70129
81928
62082
47884
58644
32649
23710
1558
31060
79122
31745
40826
41630
26759
45543
41825
67177
46375
65198
15744
56835
50286
24696
42420
54599
37016
53349
47276
7748
75999
21071
59167
61726
11109
76143
56756
5806
12740
76061
74456
23077
44320
70861
21404
51951
73844
57251
11202
64289
20433
25260
81060
47684
30514
65916
47149
32500
12998
5424
2285
6540
16087
69732
64123
6892
58370
34772
32833
29722
79088
46521
21344
67739
44658
41271
82200
59315
23483
63551
34940
52492
81134
68662
30116
80533
60636
30516
27716
42979
37151
28022
6921
25733
28902
22637
49122
15234
38852
67769
30590
8764
3802
80007
84080
11516
74110
12205
26201
37367
5064
32924
1944
14471
43668
70474
42926
51306
66953
40071
70477
58889
38704
75264
35636
9846
62835
465
48332
14652
11969
52575
61959
50629
43838
24525
9940
41386
39031
7204
43409
10580
80501
71861
83228
42546
28447
15154
80020
42451
9248
57509
14256
12609
36694
37274
26211
52380
42290
43880
19861
12334
34660
6732
19249
33709
36558
48473
81822
78695
42320
7849
79197
22350
20821
18913
21555
31067
17550
47075
64677
4800
29473
56851
30388
36464
62502
82228
51745
41778
56898
13484
1339
9407
58179
3478
22116
9156
68588
44577
46320
111
35941
82451
12961
24301
22844
77039
43997
74120
65321
31459
10153
17139
26252
20691
53860
72430
57359
1963
80260
43330
66335
45172
3411
70731
42722
75387
60048
19979
75357
26842
8607
41169
41187
76041
28722
11464
16360
53389
49706
81370
5319
45861
41959
16318
6556
63687
42956
46198
65659
55892
52501
61658
44430
70166
75980
60224
57973
75973
67448
23761
62991
72063
39173
33107
6775
69063
33691
47178
65358
47875
75088
53446
68935
69383
21136
41145
20479
8963
76327
14995
24678
73317
74679
63741
25857
73203
3867
73608
83808
47438
34144
77284
48005
59908
25042
16794
610
30144
12564
71605
37658
6712
46429
67951
82687
58365
63876
61716
27189
44093
38502
1748
35266
20773
44582
49598
57748
24531
73611
23634
44532
16128
12932
70148
46405
37577
45645
27226
61644
46040
54733
57063
17698
6742
6351
70569
19645
75470
46083
59843
1909
46109
40394
81871
4320
841
41119
42129
20303
78501
64767
32832
54668
77308
1208
13547
27327
61162
51401
16034
5082
58449
63086
26277
60988
44961
23929
60257
60837
8543
47750
16938
47257
35472
17709
81727
9317
11171
61920
59199
74103
11734
70867
17408
71839
39427
25427
68847
43587
38220
75485
58165
24465
62021
10241
39958
4046
11872
24021
77924
48948
26532
21215
59155
5637
25436
37716
5371
16299
61659
34687
70023
69615
23877
3278
32946
76140
52855
80212
14665
27151
61767
19584
58520
57774
31505
34894
8616
68511
17671
62695
42034
41673
45625
8702
72725
29884
27913
56759
7706
15098
63167
78223
69904
25358
7718
37831
76705
64458
61060
25613
43527
76252
52744
32974
36292
46740
20117
47217
47803
1000
8596
11677
69834
11087
79846
43442
16700
19756
3225
678
64571
71370
15787
80346
61646
19505
74361
19544
72804
65779
32054
12263
50239
72900
55400
67260
153
63411
54309
58490
79715
21413
76344
42500
40518
9785
78387
71942
48492
63586
44125
56917
59882
69584
16253
72142
13001
59967
63593
60496
77134
36957
5499
68916
36893
31028
34980
40336
52663
65114
58808
1407
46614
3168
23809
75291
18390
46497
50558
6607
76878
25318
53672
81068
83596
12689
61455
13278
56980
35415
10598
30491
13682
38513
36839
77851
17147
24647
13615
39079
23189
2240
21177
3531
14337
45503
78289
63190
22095
63654
75480
58176
12500
55796
65660
67617
76468
48801
69832
5237
42797
20436
59293
3883
11972
75263
61569
45326
79029
56196
75272
39395
8579
16239
77450
53710
48754
3164
7827
1976
68516
44031
860
35019
65897
39638
20160
22423
23792
2029
59581
83923
66650
35749
42116
54308
70771
52159
71987
83569
28771
21034
14465
12541
65254
29834
72484
27093
20751
18226
57070
19543
34626
11976
64058
55466
19453
30716
76090
74285
54341
63112
13412
46310
69640
53276
81405
59325
29174
2968
62969
75899
57075
38462
17827
11522
2490
12137
38941
63035
51351
68691
74420
69386
37315
42352
23420
26443
19378
76612
12722
19203
12266
57794
61423
69599
41823
36509
63052
47109
78952
46161
23212
21077
72066
21096
73624
67540
53970
79267
42272
64396
12673
52657
2237
39040
37199
76231
33032
49812
54100
37501
35896
75877
36113
40888
70389
11514
9343
70692
61172
55443
51960
1774
24905
8158
42370
38218
32329
73396
26342
51304
62971
67218
35317
19629
23474
16611
83167
25326
32191
82029
40436
64222
30040
32794
61078
56984
61295
53023
82575
43433
42676
44485
34422
17936
10524
46618
70548
52925
15166
69242
59761
52166
14589
53828
62448
70890
28087
39650
63618
48045
42492
62426
2776
13136
36189
41952
68557
53330
81388
34139
24582
80054
80749
36110
25717
996
66045
70677
6368
50287
80270
11090
59124
32118
64961
68703
8935
79164
18716
48692
23558
40722
1164
35406
81154
40231
15050
78882
45881
41318
64490
37197
35673
81809
39771
20594
81300
17427
32989
36608
14472
32878
51214
34529
48717
15311
61174
26613
60247
36385
79279
7206
16679
25057
62040
80689
5931
10194
11163
28732
27693
74818
46536
10379
4440
19225
3921
8973
54773
15117
23948
34935
9623
25702
1358
63906
56462
81443
17476
16712
6701
69222
75199
51701
7791
48209
42913
39074
68630
15443
67030
43476
83717
80996
45082
6133
49815
22878
58868
15336
46014
77899
23604
59358
40767
44827
27291
50444
18474
63346
68813
57309
2820
9949
14590
66086
47434
77587
25832
79408
884
4757
63088
47722
64310
65146
5379
13930
28105
57302
64421
82533
47566
12913
11009
43850
10453
65051
45710
10331
83400
69314
9336
12162
12068
83143
19976
50932
75011
66538
12767
61827
2673
63472
55482
40508
43357
24329
47126
22215
21468
77032
16331
11408
24475
13017
54038
36939
44497
45727
63947
14681
13504
46916
63836
82173
14624
8432
17588
12126
4282
37149
60783
48196
60946
68664
56483
83085
39494
52499
76900
22721
12067
27588
31162
55790
1547
10063
42110
77099
25445
75648
14952
21104
8562
45219
60601
46502
50954
70695
5262
73244
66067
22283
55780
37161
45450
80422
51317
9302
67552
58447
14951
40156
61480
73491
493
11110
46504
28176
83480
71336
37941
16398
11808
42858
75483
25464
12911
80130
63898
27719
12680
38848
55440
31751
20586
56097
82844
82566
28057
67964
81092
73300
49236
23395
7807
54511
49994
21568
9373
24551
84125
11045
36578
52195
15882
21541
59482
6954
18686
34047
55211
82586
15324
6672
53244
61783
3336
32178
22360
70384
52205
43266
28818
59925
73912
30100
30719
61503
28996
15580
5202
77307
57911
58263
83054
1969
69878
21692
78145
74563
50941
44072
72892
13255
28072
64322
11801
10261
38716
19658
26480
7521
57204
14831
17960
18876
63695
14353
3459
12161
59497
49487
26989
79141
17580
45980
50252
274
56020
62876
46750
36920
25499
53624
84042
685
8752
44460
42302
17433
23063
71724
17453
43077
15298
43494
39736
56311
24024
10005
33110
53955
36270
51056
8831
52838
61441
943
74123
25131
23108
28395
9165
83798
70275
56452
57898
42972
44801
80877
70400
56163
69854
10993
83548
67187
26496
28500
21187
73249
20843
56591
23942
59241
29466
6608
38230
2317
42096
26807
33438
54954
42773
67600
77632
48097
9985
24434
76853
82397
39077
53207
48594
59242
21699
2038
77245
77030
32234
39519
2293
41024
48586
8052
80977
17245
59742
15408
58925
35534
60329
55205
52284
77568
80305
14702
78666
55477
19330
45768
82461
69510
60314
71812
61785
48757
75564
75809
16752
33476
25023
38130
30177
24142
25741
79545
82956
76534
70373
76417
37032
48662
23762
43989
54858
61361
18970
75537
81641
13973
72295
83954
67877
27785
11413
8394
75354
30552
55484
68595
8707
11465
12282
82530
6525
30260
32713
65772
56888
24716
79093
41979
23839
79515
67359
12158
80635
2607
15870
48901
49588
81411
63697
79263
49938
14653
65007
64966
5775
43789
51270
4506
14667
29836
75040
38140
63416
9384
63816
56018
29973
33312
25134
32455
68912
56259
52064
19199
33632
61603
59974
80547
83006
66195
16135
56626
46887
7056
49610
7503
53423
38834
42968
71094
24530
23705
4507
23241
51763
51855
17877
65712
76881
28265
65997
22394
60739
30114
3081
73222
14985
19811
34698
28035
27860
71801
79177
10275
24331
49853
29567
36360
11594
75487
44399
13471
44885
7524
9103
48362
23349
4935
32000
58141
82597
38198
4996
10540
67873
37131
16247
6072
57336
77872
20917
26512
64185
80785
35677
89
22935
43987
50807
51117
18113
25184
18007
61621
25458
14607
40750
24495
19217
4082
13990
34511
30096
15573
13337
66955
2099
27699
8230
74235
45101
65554
37601
77208
67447
4910
58530
13365
60664
46082
14192
2731
18870
39365
1028
74045
80613
78203
43569
22295
47025
76079
58209
61058
70056
78579
50112
8038
12522
56686
9236
20003
34412
33976
71830
45614
39352
41406
42706
80855
51829
16527
42872
22453
21576
35128
19589
28281
38511
14131
55991
9013
56940
52507
81013
21967
72793
43326
78246
27695
41122
25133
67742
17821
23094
36522
82323
3098
43523
2241
30939
82739
49405
81218
18287
10361
81682
43769
32459
7727
39895
41698
52240
64101
56169
39421
60407
57787
82810
19833
29605
33597
9081
68304
14517
25657
51421
22889
12947
71837
79885
65289
23689
9811
52754
77664
81003
17265
33904
36971
7002
84067
32602
49363
40117
70092
24614
30910
67040
28701
36538
49110
18726
30473
43068
60944
72442
16813
40987
48103
15896
2771
58860
23508
18734
77737
25304
39527
46341
49182
15150
22196
2445
43681
60440
51786
55120
21167
69997
51660
73941
77555
29188
82827
53242
65347
51251
20474
45570
26580
1857
16935
22621
19620
9436
51863
60351
79914
44233
80492
60033
64731
18487
20876
14968
54381
30197
67486
45771
20679
80675
14656
15994
81492
9128
33992
56788
70776
4288
21440
5261
58010
68272
54837
79117
22590
38012
36243
49707
64084
11266
65225
24285
23289
34783
45000
69856
66751
79800
70814
10971
36982
26654
16056
34771
10321
33623
7017
69329
58404
44734
14314
52460
75752
3432
32096
44212
47915
10099
52902
46030
34068
67744
40322
56248
57148
70907
29417
21728
54436
4896
44934
40214
30475
75464
21290
67337
43890
13424
9412
26378
61253
72868
63312
65768
51313
57573
30088
80546
43971
19809
58578
46002
43231
81478
37763
45863
15399
56583
74546
76110
80100
19775
59219
36784
31726
35066
83029
44087
68515
6970
10146
75652
63942
4160
18777
9658
58875
6957
57537
34076
63091
33200
33952
16015
83974
51119
60698
35843
74432
70276
46145
27231
5960
24333
64317
24256
80003
39134
25825
7611
18507
12191
34391
6975
54199
17771
25725
1140
50446
22245
2778
12845
79979
35654
79343
23824
38015
83534
71649
45282
49307
65631
57338
32978
40416
28015
49927
52556
5628
4000
58939
30380
40320
2667
7549
19215
78793
54619
64911
48195
74598
17714
38648
46262
43051
13082
23982
6905
82379
12142
73374
74366
79160
49867
49533
73213
68183
71904
50542
49736
56332
7874
16226
43546
53313
36585
71946
55292
8799
77718
81202
51558
23231
10447
1743
29391
26788
6235
65074
11629
53883
40632
68647
82901
48532
83682
68806
79005
10977
40981
63951
7228
65656
54189
148
22431
48495
41721
79208
48848
26543
26811
57277
46309
60560
9918
38500
45932
71001
51899
69578
9179
1242
40911
36737
21549
11500
20884
12721
82395
58712
74496
5650
39676
40313
74414
53573
71533
57287
79070
38418
50775
44198
30129
19950
74055
48961
80608
59368
69863
8979
28889
60376
65075
26204
71466
11876
78687
71262
54070
70638
57538
13438
19296
28730
35434
9832
52186
37070
46566
74628
64410
42433
4159
26559
39051
26422
34457
61032
62524
27986
68889
31461
43705
47571
16017
24047
34764
75608
1439
54800
481
68641
27472
4315
33133
67384
27526
83128
36687
75629
68375
57114
83118
66864
41999
7966
11978
11124
31178
2465
62248
46489
34029
70415
13610
61933
12204
38116
81044
24856
80925
55152
23223
75466
46661
15405
18048
37514
74383
11053
78348
58955
35709
2993
10161
35639
9398
57882
53431
67887
1400
62468
43425
28622
68232
76350
40717
78883
5977
13910
17865
8274
61432
13375
60213
34017
38045
82747
43650
4525
24118
53163
29101
79434
3335
45184
57232
29486
81474
14900
6265
42982
38326
31901
62406
63166
66856
68033
33074
54607
53268
45119
81916
30497
41053
47789
68789
49074
17639
18051
50368
15968
72334
70635
58982
51027
78396
69657
14793
56690
81688
8812
22865
6883
5584
26458
76086
65072
59250
3493
50670
9462
70288
54577
26194
7492
56644
43684
52639
58013
6936
62659
8687
47775
21211
37208
74181
42117
11367
41007
5594
55017
13506
28067
37582
76526
70737
49280
46252
67285
75716
3372
12042
57688
80754
7256
41276
39004
66847
39585
37898
47799
35883
16416
29547
59937
37276
25170
15636
27898
1011
50307
79854
81160
16505
12791
33403
37736
451
60963
16593
81687
34103
23907
59464
22473
3141
75591
72218
69430
73385
21059
38916
18539
76102
58477
35722
22251
63566
32533
66814
63854
20738
17632
14150
45839
33729
4409
60998
41212
70251
11754
41322
73847
58032
59326
75875
35392
32024
22477
60688
3244
5407
10018
22548
39246
48968
60044
42522
41223
73395
59302
79332
13241
69788
34025
58129
47130
3551
19083
48183
33988
44487
77081
56826
13047
63973
5203
54022
23543
14749
32388
2382
53158
76456
72472
42820
39219
15861
5773
64128
22989
11249
39739
7576
26223
12321
26271
58070
69864
50117
39644
68411
25229
34727
36376
50659
12503
27705
33787
16126
4547
2446
24824
38182
14338
13780
64096
852
2281
66734
35916
35145
50404
12189
65181
76650
60590
78812
80935
26139
433
42931
76622
57671
68673
23124
30807
76865
46426
70176
21627
14717
47621
67351
9239
57475
57150
48001
30708
61246
32222
19396
28593
30274
8599
72927
72008
3315
71841
27816
46321
64440
5119
22752
48888
66
73737
40118
57519
5132
66873
16495
6009
31443
13267
60972
60103
80690
5853
51860
10653
46093
9505
55425
14313
29941
641
51344
7127
81800
40408
78708
17516
2630
53543
47260
20172
13045
23850
58550
2641
1978
36556
4716
13621
22244
27312
20592
42283
66909
76860
26249
43761
67036
74650
41208
66779
75758
76023
10023
84130
54830
1549
46580
76626
9429
62006
83104
61407
70423
2511
9580
30715
46527
6184
11059
12696
62557
82062
43852
63279
322
33689
25208
27031
75566
8160
66142
61869
24182
48897
56319
15413
54869
60453
83715
13056
40967
13754
62149
29934
32363
73257
42696
26391
37339
26917
83783
35597
27372
74625
24065
70328
33629
57781
30428
32961
56188
69359
50155
50207
81914
48724
63109
10709
12130
29871
13992
34681
60653
32773
59859
29213
72010
50173
83823
3326
23391
43988
54123
9788
53774
18374
29798
34778
36078
23390
12708
80907
58428
24099
72594
36879
31292
16756
25779
38433
31849
40130
23852
79047
36115
67572
27657
17308
51033
36301
34787
52927
67530
68028
63717
35073
48638
65098
74325
83622
38090
6652
52263
50794
36564
55191
17729
9185
54604
25675
67586
32804
7970
26264
29062
30001
38242
64364
38809
60803
9795
3327
68722
15904
59417
60829
79409
21349
30161
44776
14015
82158
31328
67461
21329
66988
59493
21582
19404
26028
1636
48213
13020
56473
34708
73898
82077
28498
39750
10818
76909
30331
72338
4474
46370
41278
7397
54107
47914
22669
9184
77596
55573
31867
5438
26173
59651
77848
34305
36200
56982
71814
21725
74243
29612
61780
46021
72392
18041
52945
54705
10638
28381
6697
36586
58352
67990
6625
58773
69508
31291
83699
56154
39488
30815
77235
83765
10443
66995
56246
79541
81490
16415
79253
47998
78946
53108
81133
69805
19650
3079
25746
25088
27615
53912
62742
74261
42337
24189
37877
9981
26594
38184
26328
11840
17319
72789
11379
10644
59621
20759
47011
65814
60844
57994
41352
81055
59694
60704
17351
83086
80117
21092
14250
38042
35802
11290
54717
13482
14127
20273
60858
60650
22938
80150
21953
23123
10553
7930
84111
57209
43353
59017
73345
72182
67015
64025
33672
2280
42591
20902
643
23579
37679
69669
75789
16098
29806
35869
76014
9508
8911
41479
29793
20374
3693
75014
80665
53814
62271
15202
7049
38144
51128
23073
27452
37062
37230
17533
54812
2852
61958
59402
46560
59779
81101
83495
9642
71346
32189
9226
18978
8437
51648
82545
57640
12062
13996
57510
46926
84006
6223
30227
38243
36194
24937
526
9856
49517
13975
30602
40383
32264
49663
37458
69091
51588
45505
69123
51487
64738
1985
57101
2471
53744
78674
77141
56787
40272
1707
10869
54024
78889
82792
44312
60610
49102
20588
48299
8153
55490
67942
65454
35096
18614
75058
46648
53714
12415
28704
76442
76944
78138
1469
34760
14774
50566
52135
56254
76398
8087
62111
18820
40119
79487
12833
66640
50779
56296
3138
71352
29845
67404
20801
24617
84127
22177
19254
7804
73520
18717
18194
16797
12381
6823
31503
55032
10705
32081
45409
9357
4686
35170
13160
34300
197
41712
12163
70019
44375
37235
6591
3178
42656
79981
2736
37839
15107
60790
39799
67093
39213
66442
125
39166
33240
31106
24596
59844
57478
30865
1534
39919
34173
14977
29861
15527
27308
63755
8593
60874
59476
68187
18040
5829
80677
27406
17026
60128
54719
61169
52132
63275
74354
82192
28416
74733
18120
16454
29210
59056
41780
76275
44664
31271
32126
45453
21678
41713
18239
20058
37137
24507
17468
60633
21504
34562
77210
75675
8472
33610
60737
58879
60620
68925
23313
35360
35164
58686
36231
79179
57379
23165
22183
18788
35619
16771
58131
13454
75710
7815
70087
56925
42406
26152
26438
79733
34515
30099
72628
75687
42142
78072
51275
3962
72708
69109
69399
16037
24474
59572
26582
56584
33138
82685
59079
80585
29872
47603
9482
59166
51020
80527
42890
67451
75134
2653
37921
83011
72633
80441
20977
14525
80254
35527
52087
2052
45740
69020
793
41861
53648
38023
18905
57547
25952
62793
5254
14889
3756
29102
71107
49436
2872
16883
13314
78901
83060
42124
72696
976
34688
75206
81621
15542
45880
25093
12562
69125
73083
57581
22528
17557
20687
74483
13200
55460
78933
52085
80610
68407
19151
55844
42242
777
15734
54420
61766
30384
6349
77145
51366
53174
68331
9205
6919
82849
10079
40460
25610
64753
34442
36785
71314
29882
74536
12323
80861
28133
56976
15337
77415
13511
31893
10492
41552
60517
63569
26938
65009
43181
36635
23874
23946
25146
16163
79401
37805
734
30392
60738
80735
58054
39023
46382
9428
46048
51735
69045
75602
15837
73163
5888
18835
15813
28221
77736
24013
37372
48199
73855
47646
14236
39578
4987
43884
1661
46959
74622
71897
11294
39814
82163
10488
61338
15615
2433
47019
44612
14655
31517
52804
58040
35580
49233
16860
21418
55112
69918
50238
68385
22048
58244
74193
75459
12344
11566
34732
19039
83055
77823
33938
54427
44963
21691
32486
49168
15270
29245
51201
41951
68740
40235
1104
64169
41243
73429
34271
19567
9881
45812
72818
55603
10876
48701
63683
26927
4263
30359
48935
47091
75417
912
34725
76676
30407
28454
16399
19161
38690
30651
36402
72632
6628
81816
37652
25876
50849
46397
34889
73370
13555
30793
20513
68456
12195
71385
20865
20735
52385
24638
10411
453
29383
27377
55676
45039
36674
5777
53772
71005
8115
65335
4846
38192
50609
31265
47055
25568
59159
16520
11210
67072
70557
18736
76050
54751
78026
41950
29458
17578
32815
62596
48479
50356
80540
51797
43870
50752
40978
49572
55391
76464
66844
63510
54166
26810
51295
53412
60051
3439
41047
73237
1213
57088
24270
79310
67782
40593
20401
31048
35981
65217
35086
43507
78463
43043
68857
21624
7262
32450
54457
71103
76383
77216
41035
2886
14800
35766
28444
7792
69273
5750
35872
72036
33242
80986
30037
34298
73913
81963
60450
73789
18359
31523
79962
5518
51000
4042
25813
83816
69946
56929
10567
27757
74964
78425
22858
82710
61064
82522
34379
13936
56471
36309
58320
73506
52704
46533
10904
25851
11227
48632
59239
20497
8337
27669
78403
34569
3195
68351
58563
71918
34077
9951
82142
22984
49950
11025
78147
5998
7417
30528
37930
79639
73522
4705
78393
52700
52687
38290
54386
55113
26437
44449
17893
22479
9122
46171
83493
1603
33560
8282
36862
79851
4208
32663
5621
14023
67318
22638
6846
34337
7454
68712
82089
27873
37807
68907
39766
18227
24342
8959
77438
65753
46055
27548
69404
41181
28352
6559
81105
6179
61124
78888
51760
54958
71551
40097
29059
19202
64272
16511
67160
36381
58102
23044
48943
58600
78414
37074
46205
15474
47442
30740
25030
72416
54804
65525
56482
4174
69738
44346
22793
83402
66855
15447
12428
19617
27919
8535
37474
9002
44119
58080
41008
34318
36615
57057
7496
76030
29109
73200
2248
22674
20289
58239
63632
39161
10207
48483
79745
13168
12550
35624
18655
4602
83806
5306
40193
76457
43264
21407
51849
78856
82427
52518
45202
60940
68122
13636
10640
9595
72211
39864
28502
53582
51593
66597
73124
62371
71606
14941
13018
31430
35777
51095
5142
51309
69312
39256
83506
9592
63352
2752
60871
32025
19342
64320
7674
46662
6483
26704
60354
64790
44178
65094
52267
51600
68553
7024
60954
38455
2296
46379
62185
4312
42880
19734
16731
82086
34044
80570
2962
7404
54708
51569
61209
16754
1491
68097
83397
52301
24864
48702
77756
63914
15836
83302
26533
83093
14418
33297
51603
52834
49008
7426
35683
59080
67783
40108
34262
40943
7880
31906
65110
36816
60006
15141
63915
69279
49723
35918
50537
54730
9167
8402
34278
72152
20912
44250
47730
40781
71610
68353
4587
24127
3750
40205
61138
79216
6467
46569
66455
128
76016
4380
17636
33211
37112
56658
45476
60929
9441
26013
15068
59351
58978
28585
10528
45160
8741
3094
63751
67347
45262
64988
53060
71874
43584
56297
9820
14960
67796
74952
53002
81843
31004
49809
9354
20019
58451
31120
21202
62419
82347
38714
11215
40733
59858
52826
55339
73205
3473
4246
66789
74677
54557
38211
61458
63560
79866
37121
77406
72194
61816
7728
56140
31583
34566
38978
41920
79974
40791
29327
46519
7665
41496
6576
73680
46730
39523
49160
8664
57294
43192
27195
43506
24131
24996
14935
28617
13953
74856
39285
10257
19933
62493
54677
39310
2767
4802
38208
41624
13569
4164
15473
13883
59884
8254
14478
36409
62593
11073
28507
29857
31319
82348
15613
16233
49390
75572
9261
18098
55561
78907
24873
23246
28420
32717
46511
33227
80824
76702
13728
61452
57813
33371
25745
13281
5022
2507
10690
39687
34833
47342
9697
50836
10297
53790
18864
60151
65220
4628
8610
47133
7987
35177
41648
61280
65056
74076
24314
22364
50052
20688
5964
29644
81599
77408
26730
46225
79286
65725
14424
4559
36664
19489
20803
29968
48846
58803
25559
27907
32875
301
19789
31519
10775
16366
69269
31071
927
45566
26478
49829
76763
69642
2504
10409
74091
60740
44209
48214
8894
27844
13925
53666
66926
48760
58136
21276
36823
6567
18484
1693
61264
52379
19716
46357
48893
67578
54951
8318
80680
73738
79540
60592
39891
11919
74914
19842
23586
11341
70253
26624
28830
4951
65375
79316
30069
44077
64031
63430
3749
18546
14501
328
43403
38828
80280
54868
7188
80451
17834
26693
9304
47683
39809
30958
83791
69741
36919
60090
80564
25213
48025
43479
27088
74968
21171
56637
39442
27723
32115
79815
74847
8181
52061
59633
8266
8613
4950
62352
39896
17185
82291
30869
56291
19123
3047
58017
36080
37126
65041
49308
54575
58398
31984
1579
29832
15512
80880
56967
48778
5045
2109
58540
9234
3091
62400
75706
34098
30228
61935
42367
39067
52235
83749
60552
71122
17739
71297
53673
74687
45729
64623
24734
2495
77019
80709
64878
28709
73305
14374
34591
25730
1837
81509
67255
30925
66209
45728
27687
38340
81225
23605
21301
39223
4918
56132
54662
80450
41237
33244
54529
41915
74924
1972
12386
7173
64614
38221
55277
49107
44821
23602
80666
53005
49254
65532
20572
39862
11121
36892
11314
54215
24972
41150
71594
67632
47878
76084
44382
1594
46585
72131
17581
47740
54332
68987
27436
67178
81643
19502
69085
71468
37782
36429
37291
13989
57267
33238
28434
31396
73051
6171
23211
42219
79528
48200
61782
53564
14094
71090
8903
17234
59861
51171
73641
73217
67002
77811
39921
16835
44798
52340
2989
21160
58243
32457
16142
24674
11188
65397
78483
31266
22022
45155
83552
25950
42542
40615
75536
10868
59927
76073
41512
7387
58679
73117
19788
77460
37395
8716
56623
47589
14034
8841
57025
6637
59681
31307
74860
75030
52236
189
43460
70256
9006
40566
75982
4856
44438
45517
29219
42025
71865
54898
49982
7103
76742
81310
11010
74690
65437
61525
70076
65137
74639
28676
27795
81253
44642
48634
41033
55418
75345
59257
36778
82214
66064
3585
6944
9626
58760
56298
64242
65965
46680
30334
6821
39641
20195
18884
36168
39582
44845
29442
2729
25082
15040
56441
17168
45499
59679
45272
40498
32034
26634
68344
47782
3546
35647
10184
60810
58924
26468
17207
12227
35723
69167
11778
36450
82904
52225
78509
23023
24349
31754
47306
18748
65383
41579
4847
31884
42339
68639
74838
21183
34969
55013
57384
45560
39048
6643
29606
64601
81933
72381
51729
29977
26230
29253
64249
73484
15368
52936
83917
50384
6195
31261
84072
60125
42666
51442
53101
6468
36287
27559
17629
53886
67771
69605
31619
7768
49590
79801
39412
63635
37518
5609
61302
45701
73907
44000
18912
37342
72684
14924
669
59014
35897
22238
39159
66456
57192
73162
10165
66616
54196
57788
65463
77861
48336
53645
36434
13620
13829
55903
26184
10842
30313
8481
65172
58996
52872
11535
68154
9204
68619
81350
45433
8964
72663
70340
27258
37953
27416
67014
41796
78502
30895
22154
32926
23812
51727
68645
25926
75610
15627
33585
81595
46594
83292
2019
75453
1694
48716
56066
28320
81113
77934
59764
17625
29643
35658
78174
36132
11512
76911
30192
41527
48288
81168
45654
81619
71449
49106
84061
5761
40876
42067
11777
74453
48892
10850
7046
34446
20877
64887
60658
67089
81628
66676
44295
82782
59191
19782
37801
27347
59903
7021
61724
40742
20657
39800
3070
43737
78516
42822
25915
1311
48294
29850
51367
33035
40191
68922
32712
61063
39516
83807
29400
58115
72258
71073
24533
28357
51413
13139
17249
35675
68015
43141
83277
65464
48952
46956
23042
49193
74741
43658
19770
23776
61627
69230
19306
47110
8792
59437
82760
57421
4258
17980
68681
78310
45844
79255
5980
37132
34893
54574
13770
2147
70760
15901
52008
47860
79926
33953
60866
19422
58426
57056
28042
66355
76506
82679
46065
76249
57800
23350
9270
39336
74283
57696
42274
32954
79810
56978
21108
45772
70962
64717
59145
59236
67521
75245
28103
5705
83393
51972
56916
1286
22408
57821
59475
57452
50687
84129
82122
77629
57067
4187
29661
55366
28017
1140
12829
53078
34373
28404
40943
79004
79296
81081
28704
30716
48607
14702
52506
11727
64120
43546
39414
54773
51244
2177
36912
67165
21952
45337
80354
61821
30835
13187
68752
74245
28618
39537
19590
39358
63696
8843
26126
62130
80135
72748
8540
47497
8123
68900
17887
43447
44482
42811
27708
10149
13990
40781
71812
74048
48028
79593
42661
