72573
78620
42487
63545
55479
24453
81047
77942
77299
45317
80648
44304
30121
81473
74520
47873
69925
6850
46678
30904
3978
55928
33621
67603
43610
75197
45735
71338
3120
37711
71597
63002
56437
36386
27234
68402
80969
37135
61668
61170
77870
38724
74515
60580
34789
56271
72587
51251
59796
13901
73943
36337
65230
85208
38576
32953
86775
64766
36085
57808
8259
15586
64858
35905
42226
43455
51113
2909
29027
6382
41498
4725
12659
65074
53616
78152
5929
7171
4025
18784
71835
64817
53715
21860
59917
28030
65900
69805
80102
62339
67950
46248
62182
75835
10683
61572
40896
24002
5780
36385
22181
12951
59660
69607
86110
8371
8555
62521
46411
37831
77449
45299
68624
15591
12001
80247
34859
43753
24015
51685
18365
84357
51646
56335
76693
62838
14775
18394
18594
2177
71672
3234
22282
53396
51410
45117
77041
3620
24674
36003
66001
61838
26039
2279
19547
23104
38172
49130
85888
22526
55709
15524
84573
42148
55476
63153
83092
48927
9930
41911
39362
21812
66832
66592
57310
22839
30219
26168
53830
61117
11871
75576
58489
27514
5742
79783
30647
7288
16779
41097
55790
48656
22691
28814
61254
59645
16721
51180
46132
46573
56311
60134
31842
67395
50130
71550
69641
63378
60105
63984
68881
10195
57169
58281
44255
76768
47391
12257
2059
32604
43410
84717
11327
41188
2831
28174
24253
21410
74626
74902
51433
25198
900
36900
42398
70905
65278
11552
62157
48651
474
28790
64680
60641
9855
3820
49106
78877
60412
75622
47741
56728
64309
31591
16115
77120
64087
30420
36624
5192
28364
36132
31012
60085
37993
50302
38604
77169
36060
74914
17277
62016
58205
20839
42657
1892
55132
63686
86812
44211
33595
72876
84283
70640
13881
70092
19857
79240
66981
33102
22772
53043
30655
42836
13681
50949
57593
12343
52617
49626
17700
5516
11137
770
10820
5194
29920
82478
79217
57871
48652
43645
36999
30761
83227
65687
67154
60461
34485
644
56593
24726
20698
27245
80808
45074
81001
26796
78459
37252
85320
83472
83884
5125
24676
81755
80822
45639
86275
70141
63824
45933
4930
68469
70408
51454
86541
51402
16143
36817
3040
67884
6866
25592
35540
79339
21710
73846
77046
84372
16247
41210
17213
65591
33852
57296
2963
64411
18352
78163
8844
25986
51636
58016
15801
66717
65700
43908
64563
9525
48194
568
18090
5238
84185
85585
4994
58808
506
20343
34872
60416
83969
23923
65519
15939
68498
80284
56667
39417
17234
41877
49460
62730
16406
4022
58921
20130
24892
11299
30721
9073
86203
19487
67615
76317
7002
18884
11831
20152
44343
70069
15859
68374
11848
25932
81792
70458
24673
40158
15857
86840
72599
64741
78430
54033
73812
72759
86573
23426
80287
7453
11829
157
25982
77970
5948
53089
54088
33000
72121
69250
67963
50570
15883
8784
24757
3498
79443
85008
811
12862
31526
87280
8277
47471
51172
64940
3708
75374
3434
77366
15797
17742
2355
45331
18182
31690
40580
53015
7737
9052
20923
10151
2401
61506
12937
6754
63139
31431
74587
36209
44265
47876
53743
63975
38259
17687
61373
32900
57697
79236
71693
87544
764
38693
83706
52497
83209
84810
16268
85430
55893
8434
54968
33584
22117
50597
83120
84334
65088
1154
11200
80558
81985
10051
33520
19260
25357
22607
83051
8237
75757
68796
10351
58520
1137
40042
21177
26576
74106
83626
14292
30451
60466
66695
18052
52180
47434
13636
3428
62023
64152
61144
21522
28873
29209
80793
27176
19
48932
19343
257
26724
15362
78903
54860
59711
39621
24926
21773
15126
25570
86632
32705
75566
72854
58278
34564
65601
47556
7382
38375
49754
50102
69621
24770
6006
60118
28393
43947
45384
43594
51775
52112
60186
39979
83894
83663
70462
78321
40876
63709
2535
21605
52373
20461
48531
40779
7546
77226
44893
81233
75162
63428
76488
78435
60131
46042
53297
27937
1168
81085
56952
64947
34500
31388
20614
54096
30196
36460
83216
18870
35031
74819
48971
25668
70441
30960
45534
87286
42831
15674
11277
38140
4078
22415
48349
32947
8626
52257
38270
36247
77121
70204
78104
64483
40849
53726
26922
81114
14267
85670
24950
360
14918
15762
20123
34720
70531
44456
67377
27862
69022
55438
6902
84950
48485
55717
54872
52491
31301
46413
77509
46722
6428
46030
18238
18958
66430
43731
85557
77976
4695
36585
49540
63120
17319
1586
40550
18223
51053
5244
41317
15003
78447
797
18521
2266
1135
67614
26077
76651
71181
52154
17597
82345
32770
30767
84437
8256
33082
5367
25959
63184
64233
4729
62335
67908
47676
22215
33829
9211
49404
44928
69630
10023
42559
75358
7342
56522
38683
50719
69593
57183
13861
20442
45784
7675
37734
38906
39287
45888
59391
10123
52462
83325
48131
85958
688
31079
2460
76611
78927
390
19755
52104
81700
32776
87820
5823
71199
81596
82164
34167
4056
12914
45027
13342
69637
48545
43056
81285
39468
51332
53512
9331
66621
37043
13409
30443
12633
34584
70374
21016
28773
5581
14370
75879
17161
8734
11371
66595
39303
51922
17817
23808
14316
78428
35508
46576
58909
4574
85611
52573
46655
33873
32223
85418
79286
42143
43911
73470
72810
17967
33110
53453
8080
19722
48128
64839
65542
84868
72404
83986
17463
62116
14459
65470
21030
53777
23011
5997
37642
38713
27815
72211
2783
29118
61121
54502
76316
19813
45590
67734
12199
67008
81859
3748
56485
66696
13195
8244
29400
13942
78247
55936
43418
55915
58523
82209
46490
75785
84886
75700
63509
41398
80141
37679
12786
34613
36105
79932
34921
63205
6278
77372
26763
26318
55250
42162
27282
67088
47935
81410
39884
29738
53426
60648
45653
29098
57741
70516
9109
31571
61163
40056
70358
69145
71667
10138
17308
9802
60404
9670
34017
6196
80880
29564
6379
25322
27982
59282
34171
22622
56351
10238
52976
22152
65150
44380
71730
13366
55898
22133
40597
71991
13659
67573
64504
61600
87314
934
69306
62003
5649
84026
26462
78949
50562
72616
1651
7934
28031
46275
20598
18909
59173
38826
43396
73461
8363
51645
29696
4456
71122
49575
10842
29358
36098
85079
83228
12099
80651
80814
49576
69494
44678
38722
40086
51008
16479
85486
36279
10476
28892
619
80190
71925
42123
44874
59563
37950
15506
34072
39540
25408
13858
46465
61474
71915
68009
62580
29743
87719
55180
1920
45904
65623
26063
33953
67026
11323
78228
40902
14711
67877
55612
87526
75804
37066
21779
10230
11619
57578
33553
2740
72233
9850
72186
14830
86281
86711
13825
74552
48751
62225
58798
21048
76792
47055
63324
40774
60486
53474
58806
54277
69103
64493
74958
27740
9844
47806
43251
41396
33072
6475
63653
72266
20126
12589
71452
77501
44790
959
78544
30124
53415
62300
79803
51427
11538
70629
4751
82582
66227
54479
79505
16440
32221
45315
7017
37306
52412
30723
76908
63687
77900
27270
1220
51037
44597
82980
5979
48483
4371
26719
22554
38382
57297
24818
38295
38149
32229
11826
69740
54665
18425
48588
78180
84543
76593
2256
9790
63175
87524
48395
50457
42139
7976
40150
12332
17333
23661
83047
40534
70201
73635
50854
14434
51752
42102
35413
12267
56835
23918
74241
66725
82505
22530
65525
38045
65709
65830
558
17938
34224
76192
85200
84767
20193
48311
59157
14597
24240
32899
56767
16461
35492
75243
31728
29455
3013
82600
12676
21509
92
50219
84605
36737
547
71789
49979
67145
2977
74098
55676
41560
27845
15829
76171
47574
75694
7416
9789
47267
54092
77320
29015
53189
81842
66248
42816
31178
26982
49407
15730
57277
56065
15503
35149
26626
69122
16929
2517
20663
57349
23564
20752
8140
22218
5878
55729
60692
30185
38399
41145
44565
13706
49069
48493
78061
22004
86250
87919
52863
3882
63636
29657
32941
45858
85453
66070
36000
64857
7278
44067
57689
45024
34124
19005
55051
1755
22367
41751
29058
85241
12412
64282
78038
71864
38038
45930
82496
82255
58825
27691
76289
68020
56117
81915
29978
1593
5158
38256
62161
54752
17004
1878
53451
77269
33812
39601
8731
79079
75776
55505
41212
74894
45039
225
53000
39228
16899
73118
74854
50620
14042
63598
70899
57339
76486
30440
59950
57708
77608
87796
62616
63731
36068
77157
50899
41028
8142
7039
4289
58580
70935
72104
20048
42833
1479
14162
72068
15117
37106
15109
5674
15009
12807
20806
83488
18989
11897
34380
49325
81655
6963
19799
11094
7256
42459
35172
33284
32785
17317
31140
40397
63516
61722
76163
7557
34964
10585
46482
50809
50298
9848
3798
2799
29149
65888
68917
53990
69738
8545
14479
45703
34449
45934
36767
17788
51032
78926
1150
79292
47486
39743
77662
21694
80783
74289
1924
65503
1905
21518
80640
22544
21135
72437
11777
21983
29387
3211
41242
47979
34700
31678
21637
27989
77416
46119
54469
22979
27426
348
34816
18383
55141
42160
23352
272
31237
34585
23053
77104
87450
82887
37092
34826
68191
68254
60513
73361
30225
2741
85992
72998
52929
21929
57024
36348
17983
83592
22511
63320
57324
66020
72631
4209
56662
87337
19169
80399
37828
50888
61791
59832
31422
54970
47199
15008
16489
72672
61892
62882
8615
69449
50951
73608
4922
38209
13438
52484
77531
84375
51141
45405
16055
46312
2874
72840
14845
86736
33548
13019
52854
87748
36772
5524
84957
137
85033
32802
29368
51842
41461
22406
87743
17732
202
66151
22947
82046
17957
57396
78834
19935
1009
27432
1121
5943
25705
2183
40320
86233
66712
59713
62026
59068
24719
4815
69382
77610
54103
30248
29468
622
74124
40444
24848
1242
22915
17552
20897
31460
2425
82622
46446
35204
39322
52817
16764
13607
23779
7360
68370
30380
55801
29650
85192
35202
8905
12694
18169
68908
58245
1454
74607
73714
50759
26849
60763
68408
76977
60630
2559
73140
6285
35757
68856
8913
38100
39585
73320
74916
7871
83474
75352
15202
49152
62333
4988
38585
72294
4936
36700
14993
34194
54027
46841
44070
28052
49753
21206
74010
16693
4406
57083
6857
32973
31153
58887
12528
71500
71376
75828
87371
18249
3413
51397
87764
23446
67128
33838
48902
11297
40658
77216
119
7805
29301
86372
23967
7499
11928
51116
61699
48357
8126
52259
20255
77984
61517
26110
20365
72582
13776
66412
73048
63919
12210
73941
53080
30701
71752
24468
46617
34783
29457
19414
82562
63439
64020
13708
30592
34374
1103
17201
70860
30530
34255
58130
68803
27473
10055
58760
41209
11793
68816
82082
82448
54076
14959
1252
79746
78715
47859
27975
41402
27760
13233
50768
39712
13037
61998
860
51973
63065
28657
62845
80934
964
77562
44783
75875
29059
56245
9864
47154
38368
36849
49292
52579
35743
27219
45175
80364
53751
2888
87452
44792
9429
69085
80565
464
61212
64716
29639
12924
44967
59222
64202
19599
77063
84745
23651
22807
24365
18659
34467
38052
6106
57436
55868
68226
23316
81910
12266
15850
16993
47295
4894
49157
62366
51228
41696
44544
64803
30
732
26330
60672
69618
45794
67997
16833
8067
17452
49934
59918
34713
70930
146
9391
39206
84615
73623
16937
17796
55735
87300
1376
66510
58170
13647
48631
26817
44564
79950
45989
14367
26838
68719
77338
27048
17823
55162
20398
24308
55520
78778
28078
841
29992
64632
60996
78654
57713
22423
59957
64426
50327
15405
4295
81290
37710
67782
11025
70406
61131
49456
6029
59784
68053
64579
55426
20236
60816
40821
83640
63401
67047
70474
31806
70120
35462
80931
49896
21469
84435
11971
7707
58878
77347
19262
16923
5599
16342
77655
6208
54459
72190
10552
39025
32083
51598
66046
25706
85520
19582
56336
38946
15353
81539
37553
76863
65561
71161
57393
64801
4846
84394
49158
73659
34696
69597
11946
22832
50711
52133
76746
44549
85331
62511
64433
2546
43674
37274
42002
56550
72919
17798
9140
77426
71716
4481
7035
55652
6781
37473
37804
75337
45766
54405
32409
25227
2312
29818
46005
79965
52855
52924
83857
37365
20657
34917
70288
87471
55917
72857
44452
65357
73152
83184
68247
54085
75807
56558
83331
47519
9958
46342
142
57105
30978
72359
14400
39130
11986
18513
1538
61436
48993
22999
47890
81909
70574
41055
49410
9462
35221
74980
63161
31360
44754
53499
37653
16504
39973
43024
23022
30100
55413
31725
21545
34006
21985
76183
77317
14609
63803
83508
75969
30286
43471
47421
35141
52946
31574
41520
43227
13455
29363
72692
28590
11116
66249
15310
67941
11322
49049
66986
56296
28535
25490
46420
80802
59858
85971
8524
78342
68465
26718
66632
65323
82256
24647
72496
80394
8874
35498
78294
82403
35174
2045
60608
28208
81913
18885
81353
54198
2165
30445
3090
71048
79396
3769
23630
6496
73861
87007
6215
84448
61943
8162
10386
6919
32087
57408
758
41285
20081
85820
71617
27153
87517
47881
62722
39543
28260
82689
8855
38825
25184
57691
26733
64067
6495
66388
11734
34233
50407
19596
75554
77846
71093
8468
63346
87772
24288
20624
5746
44994
4453
17819
76249
43527
8769
58517
55913
28113
45921
43107
53171
79352
53501
77221
26757
24842
63017
50159
29499
55562
75038
39584
44349
57828
30838
43330
14898
37558
73651
6499
52842
8687
54881
73700
45780
43223
74362
55712
3909
82499
78018
64613
66684
5038
58420
36532
13851
11729
79528
54731
49552
52240
51564
12571
34521
57144
1054
17954
54678
47086
76414
71840
54434
77375
57457
72669
50400
86838
22735
10467
20109
56382
25671
9846
11901
66263
54327
65297
22253
57854
21478
76181
25003
4821
76033
13329
23925
60260
44412
25704
16797
85014
16296
16255
26521
83411
45856
74500
19862
74658
7051
30175
48581
12795
29679
45249
38732
67237
80979
21495
78769
80223
87562
46953
50730
23743
15864
3753
75018
34444
25066
68137
68983
77891
58882
35057
83998
32026
30426
25413
77696
62786
33053
26436
44477
72326
31192
16072
6531
7397
47245
69053
4782
32028
30270
4969
25702
27055
18838
22257
37617
26974
12126
20008
11263
66903
18319
50933
39072
35222
68080
30129
16350
54557
85057
70633
2854
56516
39827
35930
36019
48059
21416
46901
37729
67522
27468
26714
80062
53154
36931
22767
14923
27394
64810
70039
15379
60360
57746
38405
56124
85662
28768
82229
60812
36230
76870
72847
73853
20117
78665
43325
40457
72223
56680
27743
28998
73004
35922
70412
74356
80673
7354
63229
63311
40416
6345
73569
33240
5107
59639
29284
4222
28617
32130
28255
1261
20619
20161
19770
34272
51847
48387
7592
87363
57447
45598
61380
73681
66251
80703
51740
76044
7373
38617
15053
4552
52422
46535
48726
40236
21852
34719
28625
682
59020
7558
49148
37034
77389
31508
31827
22319
69786
45350
68698
7261
54887
72030
29656
33213
55373
37159
10567
53442
1254
35027
35568
15564
11615
27566
9231
53229
66437
61765
60796
20938
54075
53173
48441
84009
68270
21696
34375
512
11823
56777
45945
61888
3770
4322
60109
15739
47476
28256
66470
25029
86623
35387
47470
56670
9397
72552
4468
81248
75062
44835
43066
4542
16147
10887
52911
86886
72048
55741
40355
78678
68754
58165
58317
68563
46748
74605
3590
46306
86075
22161
79810
42943
65548
74672
13492
10922
81201
1810
69403
63962
24869
34565
56718
32546
4745
7812
50881
47122
13178
78165
74116
53852
82959
49557
18896
42564
67564
73281
9797
73911
74959
11523
57804
40628
22128
15416
16503
28214
76070
17474
17677
26781
87469
82170
86716
77750
22100
80632
74266
87723
11095
77672
13201
84746
54294
13895
8540
43469
71888
51748
32073
26580
42900
26289
30709
23093
75818
65737
9621
74535
58779
44339
31637
9394
33112
13764
17454
13644
74703
24983
18342
9513
36574
10126
22934
6940
11583
41644
43286
48861
17662
21278
79123
19320
36284
42082
67347
15884
19060
32206
85145
11050
326
946
68068
68178
67863
28277
13424
45775
22066
30737
77220
28398
31949
7018
27827
64158
59775
86799
66773
83823
61164
83172
52334
69874
22843
57692
64529
11706
70047
38619
79075
11959
52760
9963
74505
86053
27838
81839
81691
1615
48277
14074
24120
66455
1147
51205
25380
5091
50207
16510
10637
26533
71870
20821
15465
22339
62103
80166
30150
54980
36881
52264
39524
66803
19241
47499
23591
33777
8138
51196
13063
49118
3016
18231
73369
64723
36579
26332
41325
73240
1555
27503
24781
33636
87308
43682
34795
74365
5178
54307
54932
18178
46341
14308
37832
49006
53174
71704
81231
10550
65927
29534
6365
73277
23632
17122
61378
31917
9227
5764
78779
14733
79196
26427
30361
67825
32095
63519
11772
8284
87423
38057
72498
73692
3056
14715
9750
22035
20856
31303
31732
14640
57405
22968
62118
60876
28265
41367
12889
44330
31825
34768
27926
21481
63722
80395
79015
58736
14841
23646
6288
12802
40978
71920
11836
84226
60957
21814
46126
78821
61983
78139
64929
45676
6871
32196
67707
32075
84143
80627
47643
67967
71373
49096
74929
77958
39080
53133
74579
24050
71246
43620
43121
3858
28835
2632
80788
61229
72902
32354
73544
2458
39131
70934
55224
7089
62219
32305
38920
81794
44689
26633
28096
64462
57138
25596
43586
44132
16498
29895
23111
37842
29718
44147
58075
56865
20262
46430
55710
40968
39421
75563
15742
86767
70009
64385
38327
86763
70302
27986
42450
42916
48847
30242
16026
46902
23788
27970
48937
53979
38372
75941
82283
54711
26127
83588
5734
46388
21947
23719
81194
4991
8428
67746
74004
73284
20467
1198
30162
77764
43598
38457
28727
16196
67332
46736
13576
5609
1628
71137
14322
29001
7774
61836
941
52187
68812
24708
31124
8299
24272
31490
25711
50530
44197
10065
62217
25601
70040
46540
83008
17423
21563
9416
7708
38002
49071
5658
49971
41869
16997
64667
86103
28759
579
43254
79767
22665
58007
48339
8498
39919
87666
27596
77053
44810
59431
32822
27569
45275
49974
22826
19268
66917
3736
80556
19272
21292
41324
38168
36523
29641
24638
81200
82178
82891
30409
10952
8015
80382
49978
65257
57513
76023
72855
54958
60652
34249
20848
25141
62495
53278
70176
29957
45916
6038
38289
22197
10649
5343
81535
16534
15458
42432
81117
42814
40133
22289
65031
12259
36006
70106
1841
67397
25070
15402
83288
67465
47730
55235
37851
78337
28264
54810
50830
32007
45400
56066
29662
4539
72251
7121
31655
42088
39536
46923
29278
55723
46247
22723
38702
11785
86994
9693
12765
21053
41527
2998
28764
17670
14953
34676
24626
24036
79279
47515
74527
69957
15122
74561
65492
87791
82733
62342
56857
16457
49782
74694
19945
63166
56078
41186
74983
78132
79723
30055
20351
31368
6030
57252
42119
19448
75618
29919
18155
12227
68854
73666
31475
67205
10779
10407
25875
19746
55336
52033
34744
56675
2089
76185
35365
62181
33064
34759
44191
3470
50633
241
46608
12960
40291
22115
79295
57256
66309
76562
32765
1576
83584
78752
51981
59464
34648
74999
14963
80156
15936
31412
72407
45826
32810
13939
65602
15453
87405
5084
51134
21754
24117
6716
18910
4925
42358
56103
58065
21842
61580
41521
64526
41453
86496
8092
37098
1401
81827
72162
20495
69118
4046
73545
6067
68956
18872
69124
955
64289
52262
61339
81901
86526
69672
86253
40087
20650
46047
24153
50587
40786
64954
8189
13744
66867
48050
56757
38738
11275
43711
16497
55759
44548
58567
20688
6796
53193
10540
1850
32830
11512
18456
40401
8435
39342
83995
26692
23614
76916
59201
77100
26467
32161
8109
82950
69184
69030
85684
84100
12525
13955
78453
37992
19018
53506
1050
38821
76336
86066
61951
68023
20307
75228
58720
78762
74317
16936
81866
35151
16068
7008
70433
27017
46814
31982
58998
12520
59035
23515
19699
14228
56406
23557
87840
35148
42569
16476
46874
36335
62624
53571
7066
68219
75496
5673
17392
70964
62162
37786
28894
58557
47474
5302
9289
73301
47108
66424
27889
25819
56930
3815
61711
41326
32442
40307
46545
47192
47723
40337
48823
34036
44744
44298
57568
63376
52055
43221
64873
50323
3892
13120
26694
11697
13854
48306
69751
69885
72694
4607
70098
55183
64209
4043
4659
63746
34572
1030
21698
46269
72575
10192
70955
54559
14271
82909
29189
74407
65196
42553
64175
50065
16938
21105
86513
76788
38632
52306
49518
5321
39197
1608
11397
16783
59297
2904
58036
87277
19702
30653
6876
17118
55609
81390
78327
26018
26559
57784
30857
1127
83271
76895
62098
70238
34743
34338
33862
13845
75619
16392
51854
83109
10703
18208
5162
21000
26978
58220
7892
80930
52326
13821
78935
49815
61345
60517
66926
59017
75304
40242
62945
67768
61067
77262
53539
38037
33706
11845
65713
9776
48253
43386
44316
15446
46558
67412
48911
53572
30920
47968
32904
81417
75314
57251
64553
1069
10787
81180
3579
60345
57636
10068
71576
16613
78794
1792
6302
46623
32380
26717
27747
30976
55569
32850
73829
8805
61489
56775
9333
19727
20820
53292
85294
75581
21252
76122
4081
62074
39599
12020
27875
9094
74428
60336
66842
55792
12885
22463
1967
63504
2464
20511
36659
80844
12547
64218
34199
14631
80767
31027
76862
8500
13018
47563
10081
73694
48219
67578
80756
80531
58388
67599
15708
60927
56412
69331
32894
1729
36536
7813
70798
46040
82322
70718
37954
3816
37907
66672
28170
59941
76314
74991
47399
57030
81728
71911
9697
35805
62749
6585
49657
26359
22523
8987
55648
27319
70666
4152
51839
84222
73882
68668
54278
39042
7875
82263
5756
39382
18528
12117
22831
77288
33654
76712
84932
78121
75051
68333
60847
69263
5368
11940
48554
32275
36749
45977
45368
14238
83681
60861
86221
83210
61246
34205
27360
32383
31146
33956
64428
33979
75382
65850
39790
60839
45077
67437
44091
12780
6501
46707
59038
84669
67405
38315
13521
67077
42713
62427
80401
52620
22191
36064
27822
86519
56872
54137
56817
23534
54328
68180
81822
15887
79036
37491
65177
71142
63198
73576
8330
85497
54091
2319
29493
40475
18509
63930
24609
54655
53798
11211
42121
38070
667
47555
23685
17614
49809
5715
42840
8195
12798
56825
19663
54548
12647
55798
28523
70726
53152
81802
19177
67511
41087
35496
1160
41005
28197
40979
19710
41701
75437
22422
47359
70693
9622
78566
53642
77460
8695
38637
25739
9154
73310
392
16724
85772
12086
86088
42539
11075
84775
27955
78190
63323
70744
6608
75349
5270
79852
38098
15776
85877
86549
13358
66341
86257
5348
65309
45096
4349
48510
55890
66763
20120
325
25687
85615
56988
85505
72659
28230
38422
53124
72536
39103
35915
67212
21176
50987
59798
80249
53479
78933
79745
4776
17976
81549
8529
3903
9876
61409
50341
69412
77057
24635
52824
8176
86334
74240
72564
18078
23140
79988
81069
19876
78135
76465
42492
6167
71020
68395
42458
34474
8602
9641
24001
83149
8036
4398
4862
72177
65960
11269
73122
33517
11317
9599
61371
65315
71528
27936
52493
42813
4609
68752
28370
69383
25835
72690
52458
27961
41144
39087
52550
75720
3354
59856
72955
52182
56261
43005
6961
27239
6707
19188
70616
21794
3637
14689
79902
18387
62018
16744
38096
43519
38287
81436
34662
62466
65378
70018
41158
44239
76354
27300
2958
8022
47337
77147
3161
31393
78983
40286
70737
70452
11750
58257
32499
63105
32986
15589
87055
48367
13332
5753
36887
8199
50112
28434
69213
58368
28511
52102
7650
79684
28494
80358
65892
25798
73745
47302
64065
68317
13122
21941
63357
8289
41143
59040
48793
24118
16331
249
38410
74350
29171
79293
10533
20140
65081
44212
62078
15646
23727
82323
2871
62782
83682
13073
46873
33137
53146
28104
77898
36317
62663
57995
84673
86762
67752
52274
30886
24049
55597
3383
41063
33067
85015
35440
61432
43698
26530
35353
58274
78583
35865
6770
24764
75016
71231
24621
11758
59820
49504
33396
18922
31077
73169
83117
55382
44094
65828
54943
47857
33885
51494
19416
73916
3512
11007
44576
66878
72102
26917
59630
11449
6217
29663
71786
38555
15217
77201
48324
9966
12479
2957
69756
10062
79328
69150
41938
79650
58018
40626
63595
41916
39318
3679
38272
16478
76861
6490
5835
82748
5349
30332
82914
59606
21323
24475
51903
76806
72170
12998
77043
28446
38773
33062
57595
38203
24559
72992
37896
10565
19924
69109
76542
45008
10165
7710
17351
12011
76348
65543
29138
44300
47084
6127
4007
70919
49053
73806
80155
63499
73930
30840
87210
23590
43189
12366
52455
3953
22470
46628
70880
82913
47193
4654
58201
64029
11127
22924
85694
87460
2663
76458
31493
37249
66095
43631
44012
10404
57840
32350
84232
51265
61916
9874
41341
76950
78330
10341
11223
36649
37927
376
10036
31480
65095
2819
29407
64180
34718
41728
48527
32927
67343
52668
12154
58932
30288
71302
30942
32471
76933
52767
67362
45847
59024
5965
2496
50865
56941
25077
12408
39683
10873
34220
35287
33915
83416
27381
21873
32531
16253
80870
34292
46508
45044
22989
75408
76030
25301
79220
11889
72683
36888
67222
85410
76622
32667
85090
5331
59076
75276
71383
25750
61005
76780
46459
82315
32100
53696
29029
21966
53992
53567
12100
12514
23941
18257
22136
27995
69701
1804
71459
56771
37648
2136
52321
16730
32145
18129
11493
27685
28168
15909
26412
47130
45338
61815
35790
20547
9925
47787
50703
82911
70154
15613
60870
50682
65391
15390
21052
82498
35273
58688
37777
46355
25557
46662
86568
57789
2881
49551
65116
28054
4387
77743
38226
54743
43838
32559
9487
41846
42360
74465
63838
47554
77927
85353
80943
48088
71222
39774
8397
31196
35888
63594
30360
57298
61995
79827
52730
77795
31679
57492
20948
72642
24252
30495
50979
16950
26067
79357
73599
37845
71614
51583
59556
35745
74387
31052
24792
81449
46346
30300
29221
4904
1266
25617
72670
22777
44660
67861
12481
28914
7202
19687
19090
3156
46886
12114
6565
75535
36908
28384
48864
75242
39580
18147
28755
42595
23023
4333
59534
22104
15085
52464
10735
64525
86914
7139
47790
59833
80460
14799
49022
34728
42484
61330
65084
77760
78883
44607
9461
86428
84766
2490
50416
28770
23780
33683
75116
12968
76254
26251
14283
76467
62411
32481
61626
36608
15838
76004
11415
64811
57557
29269
50139
15480
65268
54981
18590
71688
86047
77061
26912
45991
62362
62075
71883
69663
56669
72300
62283
63315
45761
62221
816
55953
65574
7620
72090
12076
9086
53555
55084
8073
36122
10082
17546
74370
34982
51280
79372
79025
10695
32115
25153
63868
23440
74736
56644
13886
35822
11936
20966
69443
84019
11194
57928
60555
13743
32760
59484
32599
17255
20887
79268
9399
55443
78564
44914
21235
26848
50444
79807
35988
62866
40926
6200
73655
80751
6018
16175
75567
85604
13885
41071
20468
74792
45137
20520
80067
63409
77705
53027
34061
79612
11956
44541
29422
82142
52435
34690
81778
61775
83926
48007
9192
39067
31511
54892
73647
55497
49206
44647
8329
25493
5062
73261
63163
62859
2608
4706
6227
25663
78685
3531
16761
38853
8200
63669
27163
23092
48580
57644
24662
30397
11854
7870
17845
41450
9498
23647
19760
39730
62841
73614
24796
7457
80824
9380
42634
72253
32609
73233
19992
49842
4656
42770
64867
937
7587
13106
18444
11610
85949
86930
8582
85516
51763
39219
9164
86369
33644
35465
47496
29791
15768
81820
62330
41999
48789
34594
13749
50101
62953
55229
42414
14531
65671
30704
58302
53176
26021
58158
35011
13129
49143
66162
69994
52969
51623
61280
85814
5707
64934
18261
17062
7259
70755
23392
53367
85070
14369
23890
15736
24971
79668
48017
42679
70995
48390
20339
37247
52279
66608
69044
85039
16841
51176
24387
29653
56389
76408
56624
11687
38338
43576
40343
85629
51366
69773
52723
553
36815
31314
18951
44237
82022
23824
76103
11030
73970
29915
34550
10084
38471
2123
21891
28107
68111
27336
72561
13084
23229
66148
49558
33036
48764
48110
81701
53939
43554
57204
8961
66410
43776
47303
45627
51220
29013
23655
70153
64017
38572
39140
52735
85743
41499
81547
66180
18865
85435
4293
31812
11138
38980
58046
79708
64457
67748
58682
14876
20144
41640
52463
64434
33833
36974
13306
25071
14714
17995
85514
989
11711
84409
71380
46994
46516
78149
66648
13118
59911
82881
34362
14984
28271
77350
19099
29231
70166
39152
57163
5608
77453
2484
46112
67073
72546
38231
80529
14125
36777
78412
74167
21535
38188
58316
29812
26347
2962
19280
85029
29210
57456
67635
65002
2676
82552
46941
10149
56596
15160
77176
28087
70827
79654
84997
63411
39426
31129
40629
14508
4933
39274
42140
48975
67656
76865
35461
23416
43439
64223
20617
17422
80903
7844
45697
69809
17763
5323
55656
64608
12976
55188
68248
16132
9123
21209
1825
13417
34373
42754
74001
19342
11148
70902
7796
66296
29579
86364
83151
5418
59649
34638
17849
53167
43287
60773
4396
61516
39178
77523
34510
78522
57407
78535
70557
85306
73088
34507
81714
79891
41420
79122
7639
35942
38158
17888
13963
77752
81492
31185
32722
27492
16189
41218
51746
1809
28934
27195
47083
60471
76640
55490
9218
65436
69698
6326
77382
60026
14601
45606
70174
6732
48281
4722
20886
11154
32771
40374
42399
84969
43228
79967
2068
52202
55869
68942
19985
46944
28775
79678
58093
61036
31007
81216
34289
81542
27696
72973
42828
82653
7501
23498
83893
17525
28249
104
12364
64114
44708
47194
23231
60930
29820
69847
16160
76474
71162
23502
74856
61408
38407
72200
83798
63106
86437
31744
73762
59103
72387
18810
85990
46896
7430
76736
51465
32567
21321
49901
34448
84302
872
56142
30258
87895
30500
8388
79439
25240
22982
14206
52645
59398
40703
30071
9051
43618
3732
75955
85221
78550
65565
29200
10277
49861
77361
82714
81145
4287
35344
49714
20079
38394
44224
42582
32287
38519
72237
27805
57403
3402
17408
58790
62894
56521
31630
76815
26946
60960
20764
56087
35753
30699
75302
3183
45591
82557
71059
65753
44907
15696
24994
28303
76822
74614
29214
4582
5041
17367
79186
65227
73669
6576
67565
19133
14039
60991
58788
1534
46241
32506
19756
32013
27157
21109
57511
36313
55349
2803
71411
41838
86374
61746
61065
49766
56562
1460
28703
16742
59996
71096
30863
3270
34672
54341
44261
25725
73112
32870
28852
46761
33128
41156
30355
51899
2498
44287
44853
26586
65027
31292
42995
58198
78885
5385
50836
34979
38099
29240
24338
84158
31142
44784
62327
18704
23842
6398
73725
7346
45929
37063
24799
64417
67727
50595
76074
10667
20473
21506
58787
62148
32324
2547
60951
28861
45530
53883
43656
62893
34868
45994
15139
13721
40275
21634
57515
77658
33279
68741
53565
53694
66286
71353
18161
25074
63154
67652
37273
33821
79314
35978
79917
16568
20099
11461
27191
3555
22536
34531
60294
15779
12130
66641
3966
67878
8587
38624
32762
46796
49849
21480
67696
34020
39326
12826
84659
53680
12337
37029
86052
33603
46825
1733
51383
83492
66369
86028
16926
85067
69401
294
36673
84509
24165
45855
32198
10077
76974
67208
76582
8404
23370
82603
12767
70136
32547
34695
687
34106
63674
12250
50647
60683
43749
29444
32140
52774
52076
35870
19890
16407
75701
13428
83575
25084
6348
62428
77863
56344
86279
28064
7775
65814
66431
15809
30224
18934
85120
38380
14599
55206
26186
9573
8103
75472
38750
13459
17460
84931
50729
52383
44786
64111
49869
39985
43970
13805
65869
57360
61110
2128
78809
6898
24825
80743
69506
12972
31581
61514
23483
82667
48994
39298
32376
45789
7197
64061
78334
33291
79419
53194
67277
73279
78765
19819
17672
45430
58688
64473
82836
20224
21387
59358
4473
52533
57297
26834
32179
79717
27436
48385
53002
18873
36361
10425
9404
34777
16211
40574
8378
58650
26723
15426
78775
60707
50676
46043
21030
72080
19049
17828
56905
86894
82385
15190
47530
11953
1559
85206
29304
22804
74920
24429
77363
83542
35067
77495
25207
20610
37400
73121
14303
20079
62971
51892
