13914
68166
56083
30867
70266
50490
57488
17291
1062
38809
11978
1837
51144
6833
36129
14708
54707
47903
19049
8377
30298
45144
18114
22198
62453
15882
70043
61742
40116
66561
33519
49758
43926
41669
51610
69468
55919
61122
56064
46042
13661
12967
68067
22865
48557
43224
42212
53401
38020
5030
31214
6910
39608
21384
52153
53073
1471
6852
54438
48304
31021
26823
62862
32830
38585
9774
46128
4994
11169
32125
23537
44817
10624
31015
54926
56454
30964
49885
31857
19965
41642
5350
2659
32658
45785
15105
40048
32695
43028
22482
31113
2614
68778
48610
10332
65520
27576
20095
45443
72169
21474
29993
19027
13382
38692
57155
23282
10625
49978
54557
30126
56141
65824
28397
24052
36226
16884
49001
37438
33856
13606
67968
47714
65438
51375
33717
51185
32296
4695
45376
55207
62021
42485
71787
58476
35907
11936
31512
49467
48188
65432
52344
61753
32888
36174
20851
29461
10828
5412
5157
15151
61519
38737
21408
16341
33675
25297
10658
54909
8041
32843
2406
22368
66038
25477
26783
14104
2019
5411
28151
29253
43175
37035
46176
24979
5246
63319
34128
51955
18476
51133
19798
40547
15017
14135
43390
34701
4662
11032
36509
66431
31554
35464
4461
18372
59198
66954
1075
69513
23696
12334
25847
37726
47637
1862
1560
1617
37792
12855
66113
69237
648
19599
63904
34944
70772
32037
45310
21963
61133
23276
52750
29116
14142
49874
68965
34930
50567
48354
51613
32352
65148
16060
53041
30513
16176
47303
34570
67338
38885
34637
18069
11560
42281
50742
70942
64899
69742
46487
50145
48631
31395
23164
51921
13078
19211
42145
59184
32868
13228
10661
22157
62324
63233
10284
32766
38510
63927
39122
47135
4808
67101
62648
48885
34620
53284
71361
54423
31603
32112
29508
201
39803
60911
36053
12561
64050
39821
38528
64507
55227
25967
51682
4830
24028
43880
40006
59606
58985
29772
19606
45916
64646
24682
54513
29902
42867
6800
9857
1609
21933
18417
58616
14271
61306
62742
62713
536
29929
66693
59520
12452
72083
59972
33140
71440
46245
36696
29835
66219
2820
68439
31540
40751
31289
60417
54008
31320
53849
70677
37283
60607
57742
24379
20987
57432
40332
62216
26343
19097
59112
36618
19594
60671
22495
43358
31890
49417
12565
42903
3265
47897
43190
6391
55476
15832
61002
63284
70504
40869
61130
21123
68509
45639
65672
27483
43217
29438
44442
29505
66625
59575
24597
48118
24854
9828
11495
9168
14743
54292
33242
61325
12682
63067
36187
48590
38432
50392
10612
22416
23814
44877
38715
61419
56563
13216
54967
50390
60374
34234
29307
55465
30732
69373
6662
41723
27360
11237
8250
55708
54484
39888
67946
72284
47015
64838
67172
17524
59448
49231
46941
7042
56137
26696
41087
42929
10611
54122
2637
9808
25850
21792
60205
9716
45194
61204
23759
37357
48131
54995
61228
63147
66841
67647
3543
13467
13298
45051
43469
56448
3902
38420
6941
17330
22526
41930
19425
33282
60916
72168
54141
62825
44278
42488
22433
50296
70366
59937
42236
52556
22604
59057
38153
20509
22328
71345
56590
38242
61741
54121
34604
30370
10001
34278
26863
45563
35111
47878
10859
10552
8007
43986
71666
30793
15036
11478
29407
15250
12371
13540
35065
19351
72167
19541
52412
33557
3690
62464
20680
9426
27117
32416
30377
25150
66074
53382
65958
54985
44082
13934
61392
18338
16957
9998
47131
69097
22271
34474
21570
34795
31441
5782
16718
10381
8979
45264
50762
62232
2128
17959
22709
67221
64594
48854
14822
65248
16300
31319
53856
61781
33030
2201
31624
59395
45826
47581
61286
13109
71039
60450
17991
37987
65714
25380
22666
11122
58561
46781
69494
34336
43789
56622
63504
47912
56696
19622
69534
31527
68801
31420
19719
45808
17147
69667
29701
37639
45701
54865
65116
66351
8277
33321
61684
21214
30418
8464
9800
63668
47112
7325
25164
33296
70810
20878
72020
26262
51019
14467
47728
28549
18409
68891
25592
33430
11784
60139
48309
51181
46272
1170
7229
19103
12904
34589
33009
13614
21492
61800
35289
69610
49224
1679
42256
15812
65516
49217
22663
13053
42582
47768
58240
38626
15837
30897
10180
49042
68159
35141
12676
30323
12326
58300
68928
45232
3438
3501
56164
51986
41575
70526
8381
14645
699
50702
40499
46649
5560
65280
40136
55985
6241
30427
32523
1033
34
28654
62588
4354
28624
62076
28933
47384
23414
35110
17847
30788
47889
45283
21246
12789
47769
27893
37361
45978
49752
1591
13927
25233
8296
62193
53445
31215
22761
69624
49977
21282
13029
8601
2367
19522
39324
3869
48726
39452
32991
25873
3967
55636
69410
59376
34062
12566
11121
13179
44474
63073
38967
67182
43658
18369
28076
20681
70722
26838
63941
56589
71551
22098
64704
47313
21555
65513
19491
35730
7951
40338
3710
62549
60570
54890
15356
38274
37393
29104
7641
64820
59979
62667
67835
3551
64675
34567
67067
46591
50251
4600
15377
55063
2127
7098
56368
11098
26302
37884
57461
63656
3846
7597
44484
37062
1963
34819
40488
61229
2907
21389
69255
63042
518
23491
54228
28108
18189
37333
15053
55188
57840
5553
60877
65641
9884
66326
37688
25691
44674
25452
48099
21824
37157
19734
56940
29862
33205
60070
17053
10690
43618
57861
19245
54068
28972
44716
36239
42980
16980
44855
35720
25374
9636
17187
7998
67180
3050
14780
40470
51740
36318
63373
2772
6529
54330
41063
7023
10006
3428
50319
11692
62856
45017
26503
40078
65543
13177
37324
23305
70419
56467
9813
17769
31802
60779
30344
71164
33299
54599
2955
19840
43286
62439
16754
67539
34724
67927
38113
13907
53707
10188
53141
9390
20128
35962
61116
69974
62187
41291
20247
49351
65202
61534
12560
54821
71884
13682
50852
39310
1564
46403
64421
48904
4604
11224
61746
28930
68879
27754
61160
59874
2626
37350
30841
13193
53593
37561
57856
18200
1310
52880
21143
44885
17339
1095
57941
65877
46579
27887
40942
52822
32316
8417
3126
2635
35169
25576
39248
58113
28540
66407
36224
71040
31227
59521
2861
39356
4767
50461
29373
53457
27536
48004
31908
11308
8175
44387
13242
30365
18841
66316
46027
33060
63210
7800
10103
38394
24955
25332
69404
28465
29334
14298
39663
56048
39756
3312
51155
34501
50525
4430
31569
67012
52902
43159
2234
7653
35546
54867
33498
28662
60866
60615
58511
2543
6531
4452
4151
29286
72267
51560
66329
18375
21437
37629
30025
44764
61855
56444
33398
34534
11739
36651
62726
15432
28362
31253
32931
23223
40241
64498
61585
14423
20848
54657
12471
31304
54049
25698
6978
40574
70480
14818
21177
54907
18388
70539
15464
32890
435
9517
8219
12395
65509
38610
16442
59776
60145
35291
4225
17565
23201
63634
46017
61601
28902
15964
3515
49729
39675
12038
70610
25311
57645
66306
33033
65335
23968
63088
27730
66976
57
21928
58119
4235
62265
33821
66995
11396
41695
69020
6060
43505
37489
21705
41782
9245
65066
841
67059
5851
8159
565
37284
58972
4113
7840
69990
71105
10321
63825
65904
39593
29083
62318
37515
13715
16844
66626
32391
65121
13508
39476
12948
40408
10047
9490
30786
63530
32295
71129
24635
46426
35204
53528
24994
68537
42224
56568
26507
41407
64975
2785
31731
36939
24034
19349
56274
53520
70927
68177
51897
5244
61346
18879
98
31010
28258
43545
3782
10416
28176
58979
39546
13714
37497
39160
27108
16047
53186
26996
53417
25127
22118
25603
3813
59273
39605
54853
34256
30314
9539
50416
34272
56423
12054
4789
71285
17086
3562
56995
9736
66601
20102
40727
34660
21601
24209
54677
34702
60443
56870
9613
38211
42502
28622
63069
8740
6082
20156
51092
3407
9165
13152
10398
11666
40904
37017
49565
1438
39601
53798
67616
44635
15641
3074
52208
11742
17362
69727
45028
54960
66112
67649
10309
17308
44713
16657
8063
60846
15765
604
50117
24067
66793
48026
165
2777
32175
64441
24879
39983
64125
15165
1003
54595
40490
6067
28513
28817
7624
32842
43770
10961
31751
46207
68555
10725
11755
63872
71120
49331
66530
29187
696
2676
18755
50961
35979
43126
58930
68789
57821
43239
27737
28670
18641
15423
25996
69542
23590
48958
42110
54906
44956
33927
43145
5470
30483
52290
13391
59955
5001
67122
30301
62898
33111
20818
64075
22146
26026
46155
37186
40611
37713
35912
57228
31688
65489
40144
3651
62248
56486
54575
23595
55326
62811
17034
46461
58333
56937
35790
21615
66218
66239
49247
23299
16059
21235
27917
37790
38381
22321
17235
58246
34988
60185
34162
10976
48157
59712
16264
9863
31515
60492
8225
18392
8883
23562
34879
13646
19907
64294
24299
34799
13798
13057
51782
53194
8805
71478
2172
63500
56094
43669
43498
23792
2704
29165
20570
9880
455
26310
442
66822
19806
23316
10649
25881
32146
58315
44244
69686
23678
52780
50500
61249
31481
21148
17301
51424
11155
36502
17559
64235
22921
5916
33638
8416
8654
23615
18144
56295
41327
43479
23582
46008
55113
55857
53940
26136
11683
18048
58117
56273
28000
47432
39515
40587
17426
59241
32493
58378
49881
29472
36593
64160
52092
20980
16589
24560
55718
48185
40184
5798
32795
4726
54455
16298
39896
61833
66465
16212
36515
33337
50430
32626
64226
62374
56383
65699
10847
55592
24723
28848
39755
52580
47203
19732
9881
53944
54676
56779
46015
39962
8585
28356
39729
71606
11351
18784
43499
1763
24525
43321
72372
12141
63436
23170
68861
56288
15318
68657
71531
44041
33219
14579
37996
61314
48444
50982
35014
44650
38358
6160
22148
29740
63014
49394
51629
33944
43746
23442
18772
67683
55773
39760
35241
10462
33452
26169
34937
6888
30796
7403
26848
62239
59458
3700
31518
55638
66399
67288
63631
17108
68611
836
29891
12817
14001
52527
6497
28071
52374
68152
54518
64023
63465
7213
34514
11885
13882
49252
5100
47779
24091
12149
61504
50060
39325
4896
28123
66791
47209
37115
42498
34809
67734
35879
4709
1242
32627
12205
30068
9756
18057
71844
46217
30892
25568
32293
7704
25744
53870
65742
44719
14083
46351
51154
34375
41714
57957
28401
16130
46166
37837
19283
1487
59518
68921
39266
2615
64968
46469
1196
37444
22234
51813
45499
44522
27510
68959
60403
20356
42722
65185
50509
52313
66087
46792
20976
6586
30941
47026
53572
54005
19661
30585
55885
70449
50055
54963
59995
38018
16115
38156
9918
44215
21039
3577
64266
44901
13922
64762
63922
61971
22020
57366
9081
41449
41363
5582
47848
59748
62184
68632
18362
41128
50024
39908
30135
50652
53415
6820
47018
11820
39639
69198
37915
47941
24601
8664
29775
38616
50965
59004
35832
13512
57978
37313
35041
23694
57676
36816
67383
1987
38475
33511
66944
53214
6810
51269
22412
64493
51292
7136
14880
41156
63859
23321
70530
62538
51635
34026
6484
53174
18102
36159
19583
61525
34598
10495
21001
47431
57380
17259
59135
48278
30005
53755
24580
69589
10980
53411
47676
56487
61012
69047
22399
40407
40847
54725
55419
38633
66611
56912
62121
23781
6159
25752
33038
28293
6499
5559
61624
68658
20445
30838
4799
60711
51658
61047
13335
66706
35572
27808
15700
21524
26483
71060
7463
59120
11780
52882
45483
31794
24352
41931
13354
68718
61879
36253
47744
67124
58791
30764
19518
38901
20308
8098
39558
42466
66402
36425
49314
30410
50425
2915
67359
44355
47435
11618
40232
57043
39057
51240
59077
71951
58462
37199
61962
46686
5358
72435
72164
11445
65514
60545
8728
22810
43375
34021
48323
9526
23680
40321
71553
35047
7525
23074
10071
28669
6386
37367
56142
65210
44212
27628
57930
8359
18866
21444
24818
42039
40839
31553
66135
14868
733
45578
64005
43398
23932
66971
10276
49624
37385
17661
67670
70177
43307
15079
31045
31444
18259
68721
64593
4878
18507
35109
53688
63094
5396
22814
49994
56928
65578
55581
2464
59869
54555
6235
40937
37471
39308
53560
11018
59768
56341
14586
11531
41055
30690
44039
70569
24267
37746
57880
31054
25415
36539
46420
64063
45056
31136
7443
59696
48358
55102
1456
18401
41104
70261
710
33669
43975
46852
46012
42413
48617
2089
52931
57214
38377
55823
66245
50624
37928
51892
54465
17607
39891
59003
20078
46526
53680
33605
46073
42535
70176
53780
65505
12700
13332
55931
61787
65439
22056
20685
53931
19788
17969
48122
35531
37318
46279
67022
9021
38691
42687
36243
54173
41322
57532
30260
62047
654
42093
42005
64212
54458
1322
63334
51519
38491
35167
65634
22037
65488
2181
27136
58650
63818
66525
23652
20041
40610
54353
37675
16203
14199
18075
23172
15268
41506
10502
42703
19598
36666
58460
16168
33239
28724
28211
57679
32088
42534
69788
3749
6939
56171
7217
20527
55582
32659
23487
11287
20
66925
60477
54117
23066
23771
47179
69352
65822
26644
6853
43041
23578
42147
8705
66654
1601
63571
43773
51858
10818
13977
10583
50347
63921
57964
51252
32078
3810
43346
3800
21209
66951
11263
59085
56560
66249
23264
37231
59169
2660
43771
38391
23881
28679
2215
51366
47212
51153
36790
56846
42361
51570
22782
63355
10404
2971
44030
47208
18306
61775
60764
31452
40606
13806
7391
67362
55082
19961
67089
50759
30876
40723
11378
21503
51027
25157
35275
44941
42303
43348
26140
26331
46040
70681
46001
10705
6335
15126
31981
19279
72134
46780
21912
70844
37571
5618
30491
52553
60727
29424
62772
63079
31712
2295
29190
25770
13874
69519
27504
27401
32500
51254
64349
65141
21737
40692
19177
24320
13537
7273
7468
59178
55640
44603
29688
32980
32013
49812
63331
14111
44361
37539
43029
30799
11711
71353
20792
41251
33765
68836
45732
6383
40768
13097
29599
59953
39056
41909
49410
52584
44190
67942
61321
20626
45153
21671
59332
5918
10728
40485
43445
26607
14565
16998
62046
47111
3668
48277
25471
64218
19363
47480
23845
47199
39030
20259
23274
63802
24106
49814
43193
71298
10485
17009
19525
8385
51232
40620
49638
6011
47116
45284
13652
19191
64094
7448
33008
19037
925
68008
28529
33899
32070
68244
27393
49937
47588
11638
24063
69340
13617
40621
71148
49359
20012
51234
6447
4997
47773
27425
29717
27857
38857
43596
57595
54589
46922
30651
54847
30731
71806
30131
61205
62246
55478
10643
6113
2078
2665
29462
60414
9296
15
5554
28343
60501
71679
28837
8833
39726
15062
44531
60623
55309
15286
40195
25804
36442
13413
68206
64269
63068
6437
55233
53393
60318
38038
62677
16045
2796
71038
5876
26243
45361
60194
46934
5908
21896
2771
55106
21720
24245
3790
33688
18843
20438
15991
64847
68488
38209
16015
19513
50040
54334
25659
36508
57961
16052
21404
32968
44770
18891
2627
67091
10270
9040
34544
63690
28793
30192
52420
37048
66448
40529
51942
36719
51123
60105
16215
71282
41188
33369
11198
54523
71954
47824
61145
3197
69240
64735
61909
21621
63675
18824
6471
71069
19104
49188
54786
51545
16384
718
26987
39394
40863
60490
9369
59688
13244
23083
62509
60488
67105
58630
18294
32649
53114
41876
31774
54502
42405
53101
35799
32652
71070
5475
3120
2358
1714
7621
12723
49348
57658
33402
43109
21653
414
48768
34452
63113
71714
31086
60887
65316
20227
32989
55808
32161
34692
42868
70485
57931
58963
11190
38345
53882
65135
60048
49157
4628
46133
61358
48517
57761
63430
54942
15898
34894
52095
20535
6877
58208
28992
31151
65068
2480
21715
56732
43766
4358
37702
39218
22179
24033
49003
50065
43686
4664
54241
1502
31638
1044
54326
66544
8094
27062
41342
10445
54090
67824
68773
32009
28068
13280
71526
437
10760
31264
783
34242
43987
66853
60351
13574
45214
2600
50641
11465
14117
33005
41835
35085
35087
58699
67306
51100
11293
58088
8515
52847
9260
23189
14619
37620
28171
21544
2780
57422
50821
27683
35284
9283
44682
778
8268
58167
19945
39884
30150
18171
10581
36604
69137
4576
6238
48679
34289
70605
36340
63354
54061
11566
22141
32202
49445
48569
59634
61171
8724
54162
29861
27480
61395
42227
63706
30437
4397
60060
26639
21007
31531
58705
69008
51238
18656
5926
16413
6161
10108
4320
60406
14683
6726
16545
3715
11727
52989
43414
71165
40169
12816
47711
18073
69846
51212
37486
45429
63442
22449
31352
33943
29889
63114
9893
50512
34105
32672
54046
13456
24969
40033
29580
26855
8936
31637
30129
23436
38451
1605
47556
48786
67865
7730
48597
17533
72279
17632
37389
67732
70594
10628
22930
47631
71288
13908
38057
26107
14232
57640
72290
58592
44833
26445
40535
61938
58068
65860
42208
16360
47127
44320
34316
7788
40604
51314
3585
28553
68738
13946
55457
3626
63396
54472
62258
46205
30384
48739
15883
36080
35504
460
59927
53937
8402
14396
32454
60155
12791
18449
22845
16458
22532
5250
11191
1295
65836
41386
22108
13007
15405
25244
1677
6653
53744
20101
23831
9089
21357
28291
44973
63568
58756
69698
40273
44889
24264
13808
16079
38329
46410
45108
59657
18405
2800
44552
25933
21838
26992
41419
58063
68542
11589
48473
55504
48088
12611
50963
55214
71448
9486
61039
39076
54720
62272
44294
45786
64114
57739
30730
29185
58660
30724
829
68596
18965
64319
59460
54731
16443
24176
59021
71510
14197
24761
51976
38053
28828
58554
31003
46839
23064
26142
65288
30875
47700
11518
18771
64305
51437
59382
36084
39727
50823
46407
40760
10054
5551
6691
48419
45120
66620
46603
44663
14313
5165
12459
47982
20507
48596
32319
18680
50620
44995
40113
13876
53062
18164
40704
55525
42335
512
33998
20035
378
4205
26236
56637
7581
63877
30948
50774
53998
22364
47095
7898
65990
30729
27796
67357
15455
59522
51124
36890
49985
64003
16345
32622
36153
52537
41002
45788
68481
12478
46268
48614
11929
70397
27610
3460
9939
56688
3054
65200
50580
12640
39603
70384
4995
48104
32229
14464
65678
38286
52873
32183
49517
55914
22289
26433
45408
22512
56792
3185
37934
66317
3427
8996
57435
58542
65161
6716
51604
3342
33896
41420
56461
51502
70938
56537
71629
48848
37764
11073
48771
27058
25730
37156
9991
62227
65915
31549
27036
17354
11009
23173
66117
32974
57299
62230
47938
55499
30071
28103
55749
20347
27423
32825
43677
49926
51964
19779
22083
57616
2031
12283
5987
52508
42481
37950
63537
62302
40025
1779
56536
29685
13493
24403
26906
65220
55497
24082
28135
33102
33568
18453
68649
34198
30104
7076
56472
48518
474
47661
52626
71127
59952
29683
64868
42356
50970
53860
21504
62377
16137
53648
10665
37811
13457
38072
8743
42846
12307
34109
70650
8726
59126
57717
17619
11443
14355
15204
18729
13013
18883
37311
51497
44841
5448
12811
58483
51227
65943
35410
64707
72031
26342
12691
34599
19958
27026
72222
15879
60364
10274
57018
10768
60250
9151
70379
47535
60633
37649
71007
48965
20951
40446
59384
44588
13166
42889
49519
49656
553
40013
31526
12338
68510
45040
27611
70682
22263
41637
43396
37493
39841
66236
2005
55556
56352
21701
29988
64090
28831
47250
59259
5505
13659
23372
25040
42084
5442
66386
27044
17913
15154
40976
42068
14099
13911
2964
29467
51039
46770
25336
16172
69447
57745
5169
8024
13208
144
8641
60816
13951
69357
53684
1436
25749
15783
5388
37191
56867
3780
59915
52794
42649
51657
58923
8289
51890
54420
7103
18828
23150
69738
25807
64929
63330
9493
31328
62304
54923
12253
14675
71096
28922
28733
30137
9666
58027
38713
60811
59858
24661
36741
42198
41457
18261
22892
47875
36728
14561
10237
42237
14783
24043
46863
13834
40016
3537
61969
68580
51334
8605
22636
63243
14774
18068
9122
11883
65208
56018
41535
61454
58890
4042
14636
10044
15717
4550
13635
52395
17342
22567
56232
47568
55731
71213
53995
1883
60765
25700
33418
69865
17436
61804
72272
30217
71460
37201
18593
22372
67163
168
14696
28156
27206
70497
14239
40990
47776
27084
23049
44206
48992
36932
1318
10430
53085
37527
31150
39734
67564
55307
15857
47547
26810
52391
36722
6118
36965
16246
61257
38108
14566
38918
30749
39252
45991
6413
30551
28569
52798
30053
34985
33146
22476
14373
18403
30048
59345
7682
11278
45693
31665
70547
40398
51881
41760
50645
23821
7179
46021
29690
46347
26789
16180
39801
27804
36091
17572
60286
8341
43592
50607
45874
60778
60632
34890
59598
57908
20953
41566
7902
11976
7024
7705
72161
55667
21633
41873
41051
31271
67640
13100
30794
33642
33628
60532
59114
71907
12192
20196
3841
54283
36201
6362
48531
34756
30067
35208
35468
64886
23962
71800
44868
69616
53359
43112
43000
56706
63949
54748
57292
36989
51312
3065
17523
3513
33679
52091
44854
41059
52303
42127
11915
65679
31355
12747
32759
10669
34225
3977
13488
27938
52659
6339
41359
40908
33149
61897
30936
60875
45567
3807
16860
49448
56054
58061
16499
37599
64442
11390
19613
21972
13483
71818
40306
12755
47037
43322
60611
65047
24804
11868
6068
10792
70797
67345
9648
26357
64944
41448
56582
48697
3939
15476
46639
43544
2556
44649
6558
37430
9822
46576
5925
22085
30347
39071
36162
23046
36517
62532
16575
70349
42429
61692
8971
4180
28058
34315
53204
37310
16632
3131
22318
2889
2388
43622
9557
35285
24178
60495
21556
21580
48342
9834
70939
2782
49205
46836
48062
37644
1827
1381
65620
53731
71316
58566
53498
46063
35866
31192
62371
20835
48736
15943
35670
33635
44076
58735
59807
21270
13815
36829
57153
17774
38623
30797
33256
52317
55952
30409
25312
63200
9733
39820
35072
4494
38646
26779
30310
38049
56488
67481
71695
49935
13658
67159
23661
45285
25773
61201
53220
48676
23800
37568
58213
56309
55336
41985
54978
23988
64661
3336
2525
27137
538
36121
58825
31783
44830
55228
29033
16113
70352
65038
42932
42578
37298
25625
36588
16021
26296
63614
27990
55597
14352
1231
38291
7591
40860
55955
27864
22984
7311
47455
48746
14280
72206
45533
20093
20083
5011
862
67340
8673
28494
59270
35122
20599
66844
22149
32818
47667
58509
38187
50585
27259
26069
32000
17451
7538
58087
67178
41094
29023
60308
67420
12170
5130
16731
15409
38051
55204
49636
55695
53921
17635
24590
57770
62315
19989
12908
57690
24479
9438
24629
25552
53361
43547
7374
62883
64213
55333
43056
43230
35405
10073
23746
37700
66807
8065
32133
48495
13796
29075
34095
42378
69271
58714
33497
39869
39208
46735
60402
51943
13530
27009
30583
49081
30680
42099
13142
49929
57608
64990
53491
18021
56408
56120
34783
17109
61386
4008
45372
18644
472
48028
7773
7801
21943
22969
27447
10379
64240
1047
62038
48972
60863
16291
71857
37522
61650
47057
16378
3676
67269
20192
37185
43898
68583
28339
505
22270
61578
58013
38439
5056
39577
58658
56479
32785
27043
44333
24870
31484
45046
38527
48781
45849
49253
24805
62317
38121
29162
54740
12070
23059
1388
56608
29411
15201
32913
20637
30105
58940
44784
13756
72378
67924
68224
45621
23335
56290
71543
33922
61181
42379
24137
22898
3719
30051
12120
26145
41769
56531
10286
10176
38364
46098
54164
40124
27947
3852
70508
12508
41526
26519
50401
23248
25788
23341
8838
60934
17767
44456
49455
22457
39659
60666
44404
46930
56675
30514
17822
58682
51274
62474
34201
28168
29018
21202
71435
15884
22069
3499
12896
64806
2890
35811
51759
48069
34046
64770
63760
6982
33371
15145
71074
15592
36823
18290
56546
22541
32954
22966
2824
27476
28500
53672
46569
51594
70944
50947
11529
70196
9809
33560
61777
27042
61174
38334
2657
53097
41277
2107
34823
6055
26909
12053
68106
27373
33684
21400
63475
52585
63663
47812
48580
41959
4906
36220
65687
70372
20525
55655
54071
70031
45435
8745
12936
40636
44368
4288
32937
19064
6117
13389
33379
50127
18323
34411
39855
4526
18588
45379
4075
4328
56619
44929
27933
27355
12543
6625
70906
15147
42559
22895
6313
54730
26224
15113
68086
6890
71685
28545
23394
27453
19230
15312
36616
5964
22266
61447
51906
12203
63321
60653
48240
7214
41966
51079
21891
16282
3904
18808
54886
41214
33745
32978
35015
71248
881
31916
20705
3443
15868
14785
8602
42016
5710
67287
1983
7110
68779
62960
64937
40200
19731
15061
59434
65199
63322
31232
64500
47221
53584
44671
27450
49160
59173
19964
49671
20391
39637
27414
21685
12619
3629
8365
53267
33863
31958
19198
8732
12733
40676
4257
34389
38005
29838
50376
7188
57728
47753
18517
6177
25971
14904
34868
35294
35700
26573
52918
28255
30579
48359
6270
29123
13157
70617
2803
39161
54302
42959
62801
7822
34509
6692
41098
32799
42882
36157
19953
30534
61957
37101
9418
27354
10823
47236
31473
48770
46158
15183
15807
49788
62592
53167
15948
50861
69559
35262
39718
70181
8240
12989
56228
16829
31506
30154
67639
48053
8183
30099
56032
56722
71733
26726
46947
61410
45124
40176
41244
56535
70968
23732
30408
63527
8687
6528
4946
68445
7026
37449
52790
1293
44777
37349
60192
27049
19771
67
19219
5496
17818
35320
46135
40103
6780
12099
66989
43004
4918
6775
50777
16208
2862
9286
5354
16775
46505
56417
39216
27940
2057
27775
38100
5753
174
21161
67360
45060
33487
29189
451
59188
44676
63791
52955
31141
16127
35333
66122
61945
35545
11738
59122
38660
33481
46200
8662
64763
7253
31008
1555
26348
10120
31706
25267
9065
55526
31000
62477
60746
55058
37307
2343
72034
44601
3023
19391
16926
29015
28790
26029
69065
43088
19553
14128
1320
71028
36344
44176
50853
19141
72211
61956
55286
25504
12255
58534
38725
1261
37187
52005
22202
22862
12097
56409
56731
26245
25420
17272
28975
45900
29243
28918
3367
27101
51540
57693
61873
28489
56666
65980
69035
48183
66977
49062
57208
56431
38158
31001
11227
29016
50170
3809
35179
63637
45982
7605
1249
72006
52265
28297
14542
27654
10990
68767
62306
16421
3064
13011
22546
20215
68133
3779
39040
69574
41793
60144
27769
35931
21826
38955
13819
59360
24175
41969
68154
16524
33694
48500
42991
52636
23483
9629
47205
17903
56553
14633
9686
31326
9364
4734
23766
7027
26185
30654
20755
39572
4463
50505
36191
70926
40601
48212
48675
15327
20684
5356
51969
18382
19273
39388
27120
50330
64879
37998
22893
52510
13104
24032
59984
36209
47864
23322
59985
12942
10803
29531
53016
69885
63538
20370
56504
16178
56340
13580
31129
20978
24366
62831
64163
13905
29414
39848
19334
14186
21661
54724
63030
55301
43667
40895
55355
41005
60301
61101
58413
33583
16091
2456
68701
64514
12113
50605
43162
43153
21905
23994
52214
33070
61243
19222
1646
45660
18159
237
49176
45068
54462
28602
22135
47326
43306
14061
44357
57994
9008
27642
21735
30882
24814
1665
50191
21421
15677
52357
41470
506
62624
5238
33804
35228
8591
36037
9770
3858
25522
55611
16093
67032
52175
69550
41351
24290
28430
18532
25656
38785
21592
41811
2760
51592
24756
2152
21879
43979
25483
58894
11593
7437
57082
8659
32581
17097
21345
11918
7153
53769
3903
61952
17857
47207
35459
15872
29350
55134
21395
68884
30911
56102
7889
19137
44565
19625
62034
10982
3845
56517
53374
52416
56373
54077
39348
38792
21893
19266
47429
38438
41103
62854
65830
68442
63907
9106
34136
47290
4845
11161
59530
10692
42477
46415
11355
71203
41562
54254
45493
9076
21807
24693
24872
55194
18109
34594
16942
3419
7636
43712
41058
54783
37280
8759
17721
8803
12258
16107
57871
48037
15601
3193
2061
23428
13752
55508
72048
61545
294
70335
18496
30101
17289
1104
62589
21897
371
27824
14449
23441
16369
53757
28469
67697
43291
26948
29627
55071
43137
2966
589
50647
37876
11335
3340
54407
51526
53886
9071
57460
44564
38332
11437
18638
23860
23050
35819
4424
37092
55269
48793
18361
66685
20005
5529
16533
8905
18564
53340
19939
72105
49483
21914
31196
21867
4802
69070
42381
15397
35028
67304
62516
14705
14521
44758
10227
69544
2013
9979
57312
18440
64556
56893
36847
2640
45656
20034
51052
50341
28698
22660
9363
45138
58021
56045
46092
71218
62655
40034
26755
18107
11630
10664
10866
11064
28270
42483
34435
12949
45176
53342
5805
2977
22569
63546
17329
54756
56297
25569
2684
43429
17942
19231
3073
71823
51723
38980
38157
23515
45859
15292
21049
38380
11998
2624
1746
61453
52332
70269
33277
51775
38556
63519
66264
31048
41991
38877
29168
41683
60225
50920
40431
54338
70651
19872
69785
60334
20186
30149
21485
65898
54548
17945
6364
29720
66656
44221
29742
65574
23642
33361
48294
35202
4554
33098
50050
32926
52509
6622
39591
53836
28092
46019
65145
29765
46023
67390
71408
10461
58094
1689
15324
52051
50149
27806
53947
3854
51465
60310
71902
1612
71395
48955
53303
36452
5473
58157
17320
52795
61513
18090
3754
59087
24451
36544
37029
17294
62063
57159
33283
51180
7910
54898
48731
18220
41653
69484
53502
54185
37008
6783
10660
5218
15510
43641
35025
36019
18100
14138
30242
28700
57259
70316
3728
53355
69132
20950
2881
3711
9740
31932
54816
12026
39026
58800
14995
32958
33245
24088
24476
51616
22888
21119
41023
10542
15205
25146
62646
24716
28655
65127
53461
66580
29520
5366
57697
2329
68452
38586
50632
45337
49474
46061
44612
41887
27227
35476
3613
31596
61010
57217
38784
66065
30042
39422
41941
3486
20565
21958
65787
6360
59510
38039
39592
15253
29713
9119
69476
38189
1287
12648
20809
48889
11353
3292
15214
62720
57052
7680
7306
41648
26658
17598
9244
32274
4001
197
70674
45795
37618
13903
33406
70424
59902
12535
17579
64753
44081
43163
41553
23960
64478
24170
30143
18849
49938
6975
35590
24966
51714
47141
51547
43040
35462
28681
20903
48682
44180
38388
45041
2170
4421
52186
30922
37102
34770
7168
52490
36573
67342
71557
29741
3694
60785
26608
37901
56126
49948
47975
61509
42924
71142
21649
49807
47573
27074
60828
64058
71913
21588
5901
16241
17757
16540
1172
67749
5453
52482
15776
4450
8466
62977
70029
21857
48364
1218
5609
61231
34362
29217
1917
53424
44842
62570
42262
10313
37055
43802
60741
69621
68249
51487
38172
37450
54211
44399
69598
25271
52066
68120
13325
26138
65278
47752
30589
45564
49582
1049
70109
20352
37860
55801
69414
17318
71443
52134
47931
10678
60909
42699
37154
46510
49014
906
64291
38229
20493
10472
58552
3937
20831
21237
22563
10662
61028
63615
44646
7881
40553
59070
14819
61812
5399
2645
20107
69469
43431
10706
72265
44088
16032
35522
7206
279
27637
59537
47500
60305
16201
31733
34482
23753
62332
50860
28280
15528
70535
7741
9734
43501
61031
30029
59094
43884
33036
5563
20111
151
16495
23636
5195
51926
32082
3116
2748
20449
63761
62919
36545
5057
60460
32679
9625
1580
39660
48642
56445
21542
19489
38476
51302
1792
47915
54728
34479
11283
38878
34241
15005
46610
35898
9763
70916
61190
72162
28744
66120
42848
32539
47836
60870
49373
36133
12472
56794
23837
61333
11616
49608
64601
811
57667
37064
62163
25872
53418
33016
71479
35146
65211
42774
54097
54464
68893
10985
49378
4809
52476
61599
40156
8645
65841
17453
50832
66215
9779
58516
23793
8708
44507
24091
1025
8392
16938
727
18102
33514
17140
20753
49734
25718
54369
71951
56208
28564
69830
51344
28436
45760
31913
18186
29904
49733
64455
58218
47400
70184
37766
946
61510
24038
44347
27890
36814
57583
40558
46047
56654
60902
26069
20462
53101
34180
1712
15612
42309
5569
52066
30297
48458
6273
41082
70578
57929
43108
4373
9536
60268
36138
36411
35521
53457
46193
26951
47212
53568
56519
61408
30434
17923
48314
4899
3908
45826
20704
7074
27572
63123
15227
18992
54938
1309
8718
39948
51897
40771
33972
39377
16038
67468
71345
37573
28300
