49547
64807
51799
36699
85726
53307
77741
63859
12516
32816
13003
45302
47987
82129
75242
33398
29494
70333
16894
60325
79759
79009
25490
75474
70784
3664
78971
9898
15027
26195
8418
5292
7973
7275
67164
44869
77776
18670
57589
85892
521
61228
25133
80758
7499
64762
10636
73958
41966
71407
61024
26000
8909
35504
65740
72074
45442
4683
4110
73539
33912
21915
32970
13912
31884
50758
76724
45265
83506
74297
7317
49222
14549
56690
58791
2108
79555
13216
48331
69440
5293
27916
68663
73238
58376
60119
31503
23411
86070
59323
28628
28243
66746
18682
46474
16673
57074
5194
49037
15952
74757
62001
85616
23870
41365
19069
74222
24581
42158
24002
51032
28730
40798
5694
69267
67865
2803
49686
58123
6560
39858
66467
65343
85061
55813
64921
82551
38839
29427
80318
12644
1477
23383
44960
60073
14841
33050
72050
40110
64788
62438
37613
54118
76137
8761
43967
86617
1976
13168
25960
65679
38739
41126
61471
47181
40565
49656
75333
1940
7405
49104
23301
10114
83285
13213
82840
33883
51580
79460
46253
82358
72943
87626
9835
54065
59195
22538
13288
1415
25647
79646
78012
55914
20244
39442
62337
62136
4799
70003
36782
16281
42167
61369
19661
83501
76369
2006
59122
63378
5666
26164
36343
33232
5992
15069
39728
34098
61895
19124
67238
2473
72269
6777
69749
21409
75271
42083
22145
37962
77589
10101
29072
80610
7601
47973
7122
73632
62223
22676
78458
2819
64903
51623
580
4643
75368
76364
64524
45127
40524
19969
86261
28491
81018
78360
46012
13049
30674
69532
81870
39027
41699
84848
24227
62773
48300
67901
25332
40590
2944
63514
21197
61385
26757
31350
83667
17325
81658
61243
33817
17501
19892
38196
5729
56084
84636
25995
24110
40782
81348
49599
60707
22684
12626
75753
25484
25610
48472
11480
10424
329
83269
78345
3412
59839
62526
27086
7177
16325
63097
68715
41435
72972
6203
61984
22519
42634
63899
19445
4065
87540
26382
76403
70110
62382
83418
30385
69924
61209
29565
39479
17354
68989
28176
52452
12580
6391
60609
55379
71447
20146
67020
64822
24669
42642
80407
83443
4706
32121
53187
9014
31706
28743
71211
30920
34771
11941
37006
19654
39458
75969
75000
26210
73361
65130
53351
23744
45722
40903
78965
27258
35757
67041
18382
9749
69292
71091
34479
42093
54233
50769
47131
45552
24439
70024
75495
69843
40587
32376
57041
74136
22483
65398
20664
43591
47525
17745
15404
41962
12041
40969
1756
76171
59310
28699
45988
30103
36777
38815
27988
20943
85402
14165
62111
59462
61389
17594
39583
42073
86126
33251
19099
81823
66924
65187
44574
271
57259
40133
1319
39114
72750
67195
66333
69038
39893
21160
5678
81990
101
28916
71815
82065
3188
45376
39476
44129
56027
64539
43792
7402
75859
84626
20130
85588
38090
80961
16519
18482
19912
18964
25913
32275
58362
9658
56881
44850
7621
41763
6755
35375
83175
20704
70966
19289
74407
87648
82419
73581
66237
15631
71938
76086
82830
37462
49123
49821
18413
58598
58658
35408
51620
27771
12119
39473
195
76644
73313
34815
36918
64586
23178
49066
70593
3145
7087
37397
31095
70089
72374
15427
62252
69219
80922
25241
22575
4451
71744
57771
17104
47600
60223
51361
33802
14364
85633
70896
64227
67499
76275
24109
44613
57352
1400
7740
41781
74514
41654
37523
39026
49321
37444
86845
11683
81521
87692
14323
74958
69432
22070
46438
77636
50372
16851
59072
66786
20415
65138
22868
27112
15291
32233
66696
87232
30776
61835
78717
39083
70050
15830
64203
74601
73140
36791
4640
73731
40474
32963
36564
26773
75430
63501
70924
51137
62876
25782
27168
60322
39423
67568
29825
74627
27161
20471
42155
35924
81198
45261
28482
63242
1484
9939
83360
11507
8284
52269
11267
18323
72561
11399
64605
49433
40993
9621
14401
26139
85227
45042
14105
851
74469
40713
62918
1313
77115
43968
6482
68900
35547
6917
52548
50727
21472
36181
25495
71792
68580
47341
73605
5723
38095
31459
8886
63948
63777
72075
7197
61118
42330
53761
42266
81123
17813
15436
2892
38040
46257
34104
67281
27674
61538
50959
35166
45454
38561
73271
11561
2745
38887
61171
75993
8990
67741
51444
2827
71369
76590
38865
54059
835
37590
41073
18273
29233
55829
44110
26388
44448
21850
70765
64616
87533
22466
83916
22559
27921
20582
7545
59146
20784
19390
48213
71040
60773
28313
19371
64681
64262
58069
60522
70379
41514
54000
30729
8811
64773
18711
8783
76292
17613
30953
30061
64158
46696
36311
460
53046
12943
36785
5638
23591
78815
84763
12049
80963
74174
13950
44304
62498
72012
34601
10950
85529
32522
52495
10995
57890
25090
24283
9586
54406
66515
77670
54984
45233
8247
14142
4615
66041
63626
58543
45629
11350
6240
2141
74315
2865
11393
37688
64369
85995
74256
18630
24370
35624
38259
10434
66234
82063
18889
78437
61865
17778
33450
66839
40452
48121
40649
48249
86751
32086
69652
27364
86422
56402
33739
8392
61286
26456
57655
8309
28488
10242
40315
50050
53618
42427
26680
53521
4267
67205
63934
61370
58218
77998
4647
43858
22528
84422
52475
77612
73920
40152
43125
19237
14794
54900
25668
54880
21146
77625
44153
28708
49161
80891
20162
37936
25615
63002
6343
5071
71296
11774
34373
48350
44715
37289
70553
64757
39359
75451
8550
55667
30123
32019
28526
47967
58272
7504
45278
52194
3668
52851
24748
18449
33278
33665
75324
46794
13968
53111
77288
63923
19508
54582
27111
6840
75732
79383
73665
38128
71995
10268
10857
61166
78754
15740
85887
18888
33404
84755
49891
82573
59752
65276
37720
51683
47563
37196
5403
31711
3234
35987
4416
50851
23451
86842
49143
33135
11650
52212
47196
6842
768
13898
70835
29655
58724
75566
13046
68656
40197
61147
60067
81020
3567
19015
30958
10986
37648
41788
38593
6578
33782
20326
82331
2250
78750
70869
80591
28142
44355
9916
60390
70130
12390
86429
80888
79413
43386
42186
28118
56462
15113
81916
27945
52312
22394
38201
23253
56624
82154
82638
60054
26581
40468
1498
3025
61696
79034
13905
33886
31212
55664
28913
31512
57624
73272
9744
47780
16208
41735
75648
27499
68253
43636
46903
25657
28227
2684
30350
79702
40676
80655
44660
60037
32944
5326
52934
59403
78663
46373
54565
32913
60051
56652
35128
43020
82355
14843
24064
71629
38182
87455
36666
15384
58574
51484
21420
20267
8301
62264
79427
16031
45231
8677
27618
21400
36548
75098
18935
57932
9919
11962
9251
39499
4502
22819
15325
46551
34335
58162
75723
40819
72638
15253
64286
5597
28534
78247
13184
4114
61939
9133
1214
35639
44498
53655
13764
27797
11608
32675
60915
49441
79693
20588
21874
52401
21826
35087
18414
33708
4644
84211
38693
56149
35660
80672
48020
63731
47897
37580
56212
68402
25921
48788
14083
85470
28034
16651
53733
23021
75198
31891
41983
82719
47531
47091
54007
21772
23688
70654
56093
31767
81698
78985
34123
53050
21854
18002
6693
4540
19201
1687
65450
35003
55358
66246
56761
62652
30968
39824
61377
84273
77009
24769
51466
66604
35137
33255
67187
28688
6409
78650
75336
9675
87479
44784
2278
21165
29219
75833
79446
30445
49368
22665
72598
53919
48209
27782
18605
51486
59132
82973
76517
85524
32268
45395
60076
49429
55077
71446
38370
17263
40102
18000
67591
6730
70481
69305
62399
19906
5765
35598
7337
27437
71808
47283
38282
31465
62901
3123
67254
86224
58774
77404
47770
51816
51760
35601
59582
21287
58246
4228
60302
58502
1565
61695
42995
51668
77076
50092
10251
10414
56073
73696
26687
6065
10365
22874
8471
10227
56811
62500
53609
33188
47484
4421
54509
54035
62613
33052
36346
43697
21258
60644
6034
61425
56725
81172
71279
29865
52192
41000
41150
24837
31484
68887
68236
42022
3566
21162
40585
12905
32178
9167
63482
56630
7964
28870
4219
8431
10532
35543
73730
6398
10943
35808
11550
13178
49049
62320
7221
21621
33707
40034
79268
40380
34756
64437
52854
50915
40087
86745
15993
60903
43522
80658
23755
35963
42423
17389
73180
1673
19252
42546
72326
48276
62991
59523
71515
67234
26167
47797
74774
64651
12572
22856
51438
21708
28822
40135
20199
24382
12012
83239
84053
30524
67375
62561
17860
46539
56583
43820
14120
82002
76098
77093
81704
74084
33631
48587
2267
49276
30276
937
37023
52167
46088
47399
31173
50960
51548
80764
22541
54338
8244
70480
78694
69983
58854
79972
12105
54027
46561
3411
80186
76950
76891
67123
56701
18663
69458
78268
8514
29632
48176
83719
23782
27076
23647
32123
36460
71588
7431
86312
58661
7113
14721
60928
31591
16279
15150
7779
40515
10586
13563
86773
74940
75075
47802
62075
17917
45004
3040
10257
71899
3986
72760
1119
28879
72332
21460
59869
58748
26321
53576
38396
28211
68847
5764
6453
83380
13899
7488
29366
15516
74684
87574
15144
77428
67725
64513
33239
45411
33595
64204
79316
45307
6164
38811
62333
28443
83422
8170
41273
28071
69274
32445
71056
19378
39404
44352
2946
60732
62029
36875
8962
67114
61374
76925
4123
21675
77666
56422
42566
64629
40856
8261
57387
11408
68599
83785
24693
73906
70070
16801
84733
32372
30795
265
35360
78079
27575
18156
8227
71068
55586
67086
38455
44347
36110
57437
38476
24524
57691
11876
54765
20376
54800
65231
2663
6828
71541
39417
24338
70550
85653
85208
287
3997
55332
15895
12500
50570
35218
41385
57740
80404
46332
79921
54462
81238
36200
71956
53731
46639
23399
83322
17109
72179
40050
52594
68651
13672
47822
51818
27908
21271
25559
22161
21201
2806
34361
64263
58692
19706
8076
5952
46477
34247
43959
86027
40680
13352
10921
28451
4013
48148
82805
51493
80472
59847
78541
25749
82160
9821
14306
48062
63325
46945
59449
27500
23961
84891
16059
46589
59782
30926
72923
13938
76642
65375
69202
74902
63394
30811
85277
64147
68502
84023
48203
40623
82132
11960
11483
43289
547
36091
31040
9701
13997
19728
31298
34566
14938
86941
7528
82167
10840
53372
52945
53539
68548
5444
55518
5771
24686
52074
54169
16927
10814
64295
37475
23752
41389
28038
1725
28795
25741
72264
26801
47552
21010
29007
29978
18725
72112
2002
18199
2697
87464
4005
61073
53803
65932
37408
26338
77996
77676
60056
48500
78551
42460
64860
28522
58581
42990
80371
29167
74833
21250
36568
79783
4097
32887
9427
75755
69521
43896
80360
20620
76436
76929
68275
56091
12416
28167
67013
22317
24698
66174
69591
83723
76120
17116
75452
16711
19365
7079
81209
66291
5834
66896
64714
7941
24959
19461
86495
40011
78890
33471
15449
62235
75986
14092
22826
10960
84445
83852
39051
24716
71653
85415
44577
15475
31414
82159
22683
81850
65170
57752
45058
17748
50052
79205
63348
2710
6608
50235
27011
39065
78790
67207
37494
37178
81388
70088
84868
44772
12683
17572
78789
40681
29541
79877
17798
38341
85247
38484
74548
27282
16174
52852
25158
31201
63870
17946
41647
59223
48185
32285
39927
17316
85690
34976
71000
47280
28587
30910
45923
64621
26323
66195
67691
13720
20525
73410
26498
58910
34115
5945
7254
8940
54860
55956
26149
7958
17027
37191
71305
62830
85241
63959
52247
2930
30001
69283
42786
34325
20543
54042
60320
19272
56710
52182
34243
49633
70065
13615
37094
55149
50970
19820
80064
43579
69026
43936
22029
79082
81643
31416
50737
76209
50062
74838
64931
80800
83148
31737
43905
15019
82347
29479
80743
55130
10209
48740
85219
43307
77647
56104
959
4591
2084
26861
78966
70217
80921
52975
72093
25922
31716
57196
81333
8211
64284
81675
80847
71754
32228
5328
5791
1589
11943
45901
76715
83075
43741
55592
30624
6853
47978
35269
56427
44797
53254
61635
62208
9356
19303
74065
82549
52093
41722
67731
30779
5029
51912
28896
11147
77478
63849
22529
85329
80367
63041
6089
26295
18937
24819
11289
86282
85174
43926
11673
51781
17180
48659
45966
19782
75050
85261
17489
22130
85748
11574
84561
69713
39102
78131
77789
31834
11318
66444
78654
56449
46803
4822
614
67106
3875
64925
44063
69391
45253
58492
64243
7518
19719
69277
12369
24766
28399
17376
66713
41464
67394
42273
65060
71622
59928
75494
67762
50274
48295
76895
18761
47785
76984
9930
35992
49684
84513
25609
62606
66292
74267
60145
55714
62553
25693
3434
84739
66961
78314
76853
15909
30847
21273
11705
39796
29778
71096
67915
35113
86837
5003
7656
3065
14139
15024
33560
52500
32457
42455
2193
72537
5816
83920
14059
34443
19387
86777
8859
78832
43494
16056
16065
14033
61362
14720
84753
28581
23968
54045
81481
77567
67875
72383
87051
58021
1688
81152
43957
19342
34152
39457
33045
16782
42214
75188
58516
4046
53309
71411
81487
71104
62774
70627
57639
53211
44458
87733
46049
44447
19965
36207
84598
74806
5054
40636
30191
10354
58171
38977
71370
66397
13807
69139
61540
77191
15476
69401
72446
81406
12922
57122
6997
9020
2008
51464
29575
7038
41926
15994
46955
36374
2897
24141
11002
35507
71078
33048
82808
6577
980
50518
24866
83645
7553
37394
12379
35132
28112
58954
1896
21983
9730
62910
13920
5141
12654
82665
50790
84366
30634
36756
75523
1519
72793
55341
77323
7434
54048
31360
22415
24273
53463
45633
75135
34769
27022
31408
32116
8476
12166
47451
47545
56510
60234
7395
41436
80036
67508
64476
3471
87182
47284
45934
49103
45106
44373
56948
12134
36916
6490
60026
62959
46089
77600
85235
44696
31068
59528
64057
389
56248
39848
49074
51571
86986
80510
14539
57499
46086
41474
41907
23674
41492
2822
37762
76505
929
69427
28662
56807
48712
86660
55211
39702
31280
2099
57927
76153
40387
22489
19577
79850
41136
69860
48598
55444
20228
680
82958
77069
81421
38365
31457
59452
8086
45217
80775
68223
25419
9344
3262
83621
86607
77618
7561
79097
49440
17049
54996
79245
85297
15645
54691
12886
25583
56563
51797
2834
61485
77838
51608
24543
983
71045
11933
50312
15899
53079
44275
65822
60485
25930
35290
65373
19482
11746
8394
18849
50021
417
37305
84080
64576
38353
74059
35493
47410
47977
48038
6781
10707
36676
12458
49704
14727
64511
34835
79352
33520
10360
54743
27989
57619
23049
45334
76569
70963
42646
61062
31312
27081
75378
52315
19791
41
68841
34631
52137
8312
47599
76750
63189
14536
74419
7294
46741
47657
48651
66581
61409
8019
67088
52823
58827
25033
29346
66057
46890
7862
6356
57659
50034
12602
79704
62325
6771
62313
42446
71755
33730
24555
53667
66816
5433
32200
13546
5181
17839
52694
26728
6320
58693
4511
70315
39741
9328
52540
76731
31213
81924
10844
50081
34768
43077
13088
18561
42844
8523
80035
72684
12178
56800
45630
53706
26982
38452
16547
59110
13753
34881
74167
16405
8409
70865
5095
30962
30935
27710
70860
85420
62118
30092
8016
61201
18930
22878
51396
21419
33409
48501
14347
85584
64989
41066
41209
12782
8973
54158
65110
6321
29515
78961
23857
50314
59095
56955
86491
84443
73649
48489
21582
3379
30449
6278
48691
79579
878
47947
46817
43163
17872
17961
85713
71483
76564
37875
9695
48177
80635
81186
28027
81794
560
28959
53493
63001
68542
52807
45111
65526
28371
39064
65826
62432
67833
25846
28710
53074
75347
6948
34045
32603
21486
28652
67966
39560
41550
18502
54594
5375
37197
82019
19274
77806
41181
26309
33971
3015
55499
59247
5449
40756
73703
70237
54293
39035
65024
54261
9152
72468
71650
35830
49510
32838
17856
70072
5384
43299
16113
56021
28150
82567
78843
87625
68992
15920
49894
39057
7442
18447
32751
31995
43892
13736
68878
632
13174
29193
12550
13099
44334
71257
32217
63462
31363
57439
13914
45569
37504
19709
68883
21926
15923
8869
23171
5102
23562
5018
20437
84605
84242
19330
29010
23995
16957
30201
15865
16744
69003
84343
20776
29326
71011
43207
40090
20665
50003
17997
69881
29566
5161
33221
34616
61618
57198
56478
56290
29486
17955
57571
72980
77508
18941
35448
71130
80431
18580
58365
58899
87344
24984
12069
76100
56270
33928
503
45515
72562
53383
20243
66402
63635
4750
22282
70813
55682
55742
80682
11616
33583
67026
45348
31925
77002
20733
20839
6816
31736
22978
8998
84034
46543
75884
74539
6108
54436
25941
29101
65786
81899
7191
30173
39688
1661
65968
86874
38323
32764
44861
59117
76393
33717
44610
29206
34587
61196
12007
54632
16900
57794
79301
49372
19824
30432
64080
81515
55916
38838
40735
75298
33285
22997
8454
25847
6388
85477
23826
62525
54200
142
49177
18409
68409
86091
35242
68877
13588
80524
49100
17119
39327
52917
45951
8230
30093
30845
2170
81767
12529
34047
34821
13852
78546
2450
28863
54772
6294
70006
68538
48576
9974
40804
32815
31120
40796
5775
41444
79153
36913
28374
63153
31307
24128
28444
52738
85176
68513
71093
15484
29156
44840
26678
48841
34730
12860
37547
41240
25275
64899
39584
9938
36776
56768
39822
51893
29661
63445
31689
6711
7024
74967
46593
17258
58198
37995
35708
17468
28124
38139
31228
36052
69065
11834
35524
48307
71292
76416
64643
1643
4040
40214
75904
194
75446
21377
19051
39638
58460
73465
30580
43038
31034
8221
82786
45647
38889
43990
44927
45474
49646
63520
61709
81623
13090
24504
32219
71253
79578
43651
61396
59625
41588
31091
24028
31084
22377
80085
34354
26392
12381
35743
80109
53380
3475
41600
40196
21818
13066
33486
63013
8464
22588
9119
2219
34542
50433
61512
29083
52313
10664
62046
46986
36092
61904
75181
33291
35175
79993
80675
5389
87819
76184
75277
38852
71933
42138
62349
18294
77821
39735
58325
5145
11340
33535
12083
83631
62974
74169
17960
5977
44688
84341
86978
58987
83582
47733
7495
7465
33571
67015
81439
13642
86246
74368
43847
77455
14292
84499
44132
28174
54443
78940
76163
69195
38980
19088
41669
3978
61690
25719
2454
62040
17186
70373
22637
60554
40153
19827
57592
52705
22753
47961
81606
81759
78920
11508
39157
71891
59358
25591
24602
50976
17914
25212
25331
64293
39094
31055
58940
60226
44512
40114
5907
46285
7439
4791
38673
70323
29174
84639
26702
6887
18154
59832
47755
74844
1458
31746
52081
76550
30168
39968
69053
53135
69047
33407
83466
52485
70628
15820
67332
85445
12015
36821
79764
4668
35104
68259
1043
32213
77942
19427
15589
80898
62770
42935
33585
5510
84634
6475
7565
8023
15793
42740
5474
68379
54333
81239
47714
4340
28998
31903
32310
84276
81303
34274
8383
43089
78642
29886
36961
54038
59213
58417
50280
6517
16177
50019
23668
53165
43498
36794
14828
73121
84821
72171
68792
44263
62395
10185
59804
49063
58997
64646
86571
62795
55375
1446
61601
82787
71174
28816
28776
64098
87164
12432
74582
21714
46435
39141
57853
57605
40076
30936
63726
73362
32142
5076
22273
59488
42135
42142
47385
21392
77620
76063
81428
23091
52274
84608
46689
26024
43526
58931
8024
69124
56295
23822
62194
18640
54757
74284
14088
37588
4514
4842
15035
68086
12608
38808
2350
51228
56240
81383
8330
53125
33942
51992
55138
11721
47521
49893
87817
14839
39800
19265
23219
56605
47031
7640
38041
69304
9419
52778
35977
77050
26252
6467
7103
486
453
34468
37034
43362
36396
70792
30072
52478
5257
62013
35161
7266
25098
13650
7044
8737
53783
6956
23909
84100
65939
37181
67150
62204
68307
9226
85408
45809
27523
81378
4955
65229
87633
69266
65764
17808
84987
26881
9341
29222
69421
46487
21866
69371
4038
82748
73460
50575
25231
35210
44991
75203
69410
20303
55859
15797
19710
43507
34113
13891
25410
48224
81840
76506
63679
35683
15307
27399
39677
66247
50246
54957
38335
61556
21089
27827
78013
29784
4963
20482
65771
9615
43589
80814
30304
6961
4667
7575
67352
61802
7735
31158
5075
15894
49556
68270
33776
58428
17663
50906
42491
3622
65718
42230
56683
806
53427
4369
19666
70640
62048
19222
50583
12633
31029
87808
45555
67108
80815
75906
69059
27423
32982
86136
6953
18986
16986
37811
48737
9850
29719
86513
2088
62019
23285
10247
73598
77011
47954
10732
7323
28793
13618
57595
17612
77092
43292
75612
29674
68329
28358
54358
47511
17850
82052
50337
57339
66999
24620
76543
31115
39843
74607
2201
68649
21797
54182
36039
79520
32202
60064
23813
2942
7998
71756
67894
55185
63720
40051
62516
30064
29687
39314
57593
33387
54297
44365
15627
13812
21148
38456
37218
37390
65684
33525
15503
13994
59982
9369
79585
5621
613
1538
51169
38564
32986
82559
78390
69673
77195
39867
7906
20508
77804
29200
74039
82658
61940
51531
2218
25617
5255
64855
26361
13133
71644
82290
69900
79838
6744
29910
31978
32320
21081
6841
78896
68195
60815
20976
44741
38088
16460
57534
34463
61152
17970
58475
36423
11930
40926
2886
13326
56577
9261
12777
38330
41475
5840
4119
69223
6910
78344
66904
20032
65381
16759
18341
10970
21107
54051
5999
75179
69547
34296
40707
8596
14218
23068
74324
1790
56415
79252
33253
19195
10262
11760
45848
72689
41187
41655
66732
46485
38576
10551
26671
30224
34412
16436
39686
79473
44018
18741
30120
32619
47791
23472
32294
69540
39645
63318
80926
81153
13721
68704
53743
32949
38316
23914
24609
30728
27630
70421
1139
66824
14755
28839
77553
22698
56509
70261
29924
13639
9266
50504
49792
2931
51351
65015
85502
24798
28808
59953
13051
41188
75862
32879
50571
41353
47177
66761
35898
58106
67420
49847
49439
74877
40295
81974
9234
3510
30608
3135
73106
44215
85013
9708
42591
36150
37427
32820
72102
65053
25040
9620
13853
7542
33834
45989
19032
35763
65989
72185
66373
43064
6443
46520
63732
49293
24280
56740
63566
35570
76072
2727
48720
65999
54958
70396
54690
2702
30303
2026
6872
35517
64225
18525
74225
27793
58204
52300
78374
74202
30182
9617
39187
37669
5969
15858
25810
19703
17912
71841
72914
70108
18372
22320
57967
39032
221
77689
24720
4243
75929
21255
16634
80013
28952
22335
5758
32221
5487
18175
52493
78019
5522
81353
12121
28413
7747
23681
28678
62931
47259
42611
61164
77609
19478
33143
11218
33858
32699
17577
36800
60475
30026
86433
46567
60027
50540
38162
17041
48342
1963
3236
25169
70073
13498
9466
13927
11896
14008
35580
6308
65949
16613
5857
19725
39002
52200
13131
23522
73098
84388
39073
13364
16541
77543
83885
12009
8236
71724
755
27612
76345
7084
44414
60409
73301
4380
49613
11018
71210
66357
6707
81146
17080
36708
47166
45636
51079
10603
44723
544
71560
63170
17367
23029
67598
20455
66614
11630
86964
61464
83803
10180
80535
44311
13619
9081
82219
87254
7530
68655
2226
24076
83290
2965
23754
42651
86143
80948
30556
14819
55382
57666
69418
66008
79489
5799
87316
15350
69169
79670
29213
86213
8234
58646
82512
59076
3097
42349
32024
46610
66081
57629
66880
8745
39450
33495
63532
81341
67809
71980
51333
44667
45047
8667
18699
32180
3251
48653
21501
22539
75493
85291
73847
44241
15971
7091
23275
15685
87666
79895
26655
37713
76688
31760
19001
42871
12156
68033
34055
45136
77260
17057
44969
51658
4195
51454
2168
15207
39455
43850
68260
60175
38921
33605
17463
63167
12895
34385
1980
65798
29772
32569
28343
57844
83013
53470
56858
20190
40625
50729
76497
12269
5514
70618
14944
50885
56262
77474
56866
76166
23216
26082
532
38572
53904
42270
63177
23578
71594
49139
63546
79497
12809
11176
24654
28477
10564
78505
33688
11197
83209
49693
35390
28208
75947
16419
7017
2386
44165
19964
55045
17660
15969
64531
46027
23201
35893
16312
63256
4828
22972
14430
26287
47148
50022
74661
56296
49308
61008
79928
87082
71875
49514
29774
45180
76465
64869
68124
35352
50752
12256
53100
9434
12822
36873
65451
35536
54801
79657
31792
37637
9651
85863
40504
13827
10482
54706
12682
51343
48395
15462
266
37003
1101
14713
56096
44433
7625
20494
33943
33908
64958
33521
11471
54950
36716
65982
51742
54912
69554
2466
61510
5205
78688
45928
26536
84356
8128
5350
69364
46958
14949
5789
86861
17495
1598
29493
69275
65780
46263
19412
42904
51858
32084
85864
12277
1386
36108
13605
23533
12267
35170
18674
12793
72335
25454
64812
9
65886
85585
4861
9016
78241
66655
21360
76122
79430
34214
27439
21417
18153
76954
40294
61094
47261
12352
37428
57234
21277
11521
23062
26146
61565
71259
40477
17701
64922
26169
21763
69870
19043
59853
7387
31935
33981
6397
73426
11973
35879
16142
27467
25494
69976
24040
42131
77707
22264
48909
41780
68383
15812
1402
49903
75461
542
63984
9008
15808
46827
4611
60347
2160
64454
29880
36802
41635
16373
4368
15298
76035
24900
28787
26385
46260
46175
81910
86086
75319
42746
10538
68071
12678
55519
12455
36436
17553
72318
38700
86791
47891
17293
79020
37826
79758
61712
85386
22818
17508
282
31221
77587
55536
79394
3726
50979
45956
10192
21406
45020
5005
8135
30400
24083
25848
77307
50848
73406
74012
14440
18188
76133
22732
30426
15992
45121
7931
13570
68321
30588
8125
30332
18570
69939
84202
39543
48721
64857
42775
86454
36506
16033
26494
41083
81138
24927
50855
76697
35751
40191
8817
80930
48116
50913
59515
30060
23806
8810
38884
83238
84982
2850
54501
5065
49990
2055
33106
23003
85946
47198
44658
33056
47212
81436
11050
42519
44232
37307
16443
51428
50646
7580
81525
78272
24933
84357
32037
79587
40284
63816
1652
54312
50348
11031
59739
15365
57664
2194
81737
80932
69721
21422
72890
53289
61610
53147
44068
57889
32447
5955
74620
42772
44094
21878
47814
5889
65078
20533
67105
42190
39277
78229
33939
16749
67350
24632
36615
53518
63397
1497
29643
80042
79064
59670
38964
42074
53302
65598
6733
8760
3347
28509
22918
14445
53487
2839
68012
47547
47926
73048
72697
62555
47262
73622
52071
8809
4331
22103
57496
26557
39670
25790
71131
59652
33860
8405
67668
55183
47057
20432
34023
63601
57137
50365
10891
61584
49649
49395
74003
24583
1190
31600
73661
65568
53827
46339
61364
62310
15781
73511
36408
25859
74028
29286
52157
57524
84237
51080
66329
71009
5738
29074
63970
75269
72832
11891
39317
76753
58553
19729
29465
69578
75805
4566
35241
75710
61091
62977
70610
32757
75790
10085
53861
83113
24292
47112
68017
72202
72156
69010
38047
71518
24073
40094
46348
36378
22828
26719
75816
14261
2500
14830
51041
2749
9107
44271
72007
17278
80752
36477
18317
42537
55372
30289
44465
53045
7029
49317
88007
21426
54047
2642
75731
82865
35821
3414
21111
9191
83311
39490
81895
13877
25425
34973
62778
36299
25321
50165
19506
47740
56538
9737
60759
6478
36896
80670
50666
84382
82225
24547
26642
56794
84557
22601
6824
2537
74168
58695
4892
33004
775
6661
39007
38332
64199
39219
38879
57885
76211
55384
75142
35081
54348
57287
84458
46974
1004
54449
30725
78902
74674
6619
25571
25147
46782
45537
84602
26995
26453
84277
67984
1574
72606
44278
77856
65860
20060
85918
14983
61746
46742
59718
63375
32134
56992
4251
86199
47793
50998
76246
42882
15656
36992
32390
19718
25711
21168
70605
86458
73179
15163
67385
81305
78762
5434
11952
85781
18810
17045
11441
43311
4498
45936
28665
31660
9042
37171
76646
12684
17042
37993
74317
81505
64008
42828
60544
72675
75483
63764
82651
58812
42974
80908
18816
59208
42836
6876
62986
51685
54802
17312
26565
8618
62973
30299
22240
8107
12199
72520
76288
67337
47534
50388
25544
82235
80718
72248
3210
45130
30640
71903
85494
15856
34302
70690
22782
61472
1685
46338
49504
73075
80385
8113
5541
74645
51267
66495
86082
59180
67298
81357
12957
33566
32793
29605
28312
6998
36472
34050
12797
30485
24336
49194
752
35846
72470
50016
23601
11656
47337
57231
68415
31215
46791
59541
87786
23678
48313
84402
64035
63745
42470
73895
47128
7378
3091
79636
13490
47108
32947
49813
10890
27132
14859
2489
46909
23924
12348
41488
53452
19516
75030
21497
50383
79683
71698
28750
3096
60610
74328
52222
53738
25584
15121
53712
40207
21339
26031
40534
3089
84418
64584
19908
2683
64518
69745
87852
19162
63012
25343
29245
53475
75711
67781
62888
12729
51375
31199
75369
38383
55989
10526
43884
41414
60743
17546
26740
43407
27004
11214
82051
79118
62448
25880
79554
75491
45627
57297
87234
60288
24598
52860
42717
20539
71981
3912
49406
10582
18416
86523
56880
3127
10782
6345
73183
38600
8912
19573
68708
87783
38472
42730
48112
58105
59750
4293
80612
33158
75626
87347
80761
50111
44945
31234
79580
83954
14528
20327
15078
35734
24695
78178
24153
49816
86615
67912
20794
86951
81637
6857
6147
63195
50846
40192
66555
16447
79720
20347
49538
55805
17892
45673
40864
79541
82480
22894
82373
20546
75609
75914
85347
27562
56595
44709
23018
25900
40566
79995
36027
75071
9440
6855
11520
5680
71391
58804
27770
63417
13828
63006
27737
85848
56946
73951
33733
30310
38311
72926
83630
62621
41765
49279
68078
23549
69358
9047
29823
71522
18396
19504
71577
23160
25682
44893
5588
6201
61194
38286
57053
6713
55259
10521
4930
66509
16991
76680
38001
18731
76
598
34571
66554
18214
3303
34245
10382
67898
19121
71148
34568
74566
41276
7297
76704
10735
39625
69394
1843
63725
78954
23045
8715
28334
75946
59631
28347
29295
3871
12114
80656
8441
60800
28081
58117
51212
34031
63334
43734
45385
81726
41146
13053
59456
32001
11119
75469
5839
86084
66096
34636
2576
40181
19562
4248
9860
75309
3240
39208
32677
74427
85450
40677
24942
74941
87419
63186
49445
7622
71889
33620
30030
17851
38152
77451
5677
78799
73163
1300
16036
58073
16595
78456
44683
14341
83197
51362
82263
26986
13552
16517
39288
25827
63345
2080
10412
12585
87413
24274
38220
4607
31942
6381
84315
40092
31768
62179
39130
61017
46418
14415
34414
54975
85004
29091
30628
29844
70729
47307
48495
37135
59560
6900
55106
8690
75869
39290
7164
8145
3590
46491
52131
76686
42039
19182
24004
75223
76449
81578
11631
45417
44834
74710
11008
46447
74403
21973
38597
85481
15423
15556
59361
7873
53210
41515
54193
1733
73788
69483
23723
78901
49051
64736
70372
61898
45770
15452
75879
69952
80079
61211
66740
572
28689
80426
64884
19880
10669
15364
68100
34080
67147
64663
41567
84089
20635
44567
75204
37227
9542
9647
86563
73964
82599
9642
47836
78782
9838
13873
45701
13607
2117
49781
83370
11946
63088
51356
13374
25680
16665
23467
36958
35392
80769
22582
43644
24558
577
77476
64913
3621
1184
83826
27861
70410
38375
49575
43745
3823
16402
44396
35652
14506
79149
14504
7604
28417
14226
38422
15234
85072
52323
82240
49717
59283
82299
82367
73528
68594
167
83054
6158
37559
15796
9378
4505
64983
63783
42254
82091
76946
59474
25180
16615
69196
22799
62711
10099
37282
46571
70883
53028
74101
29003
29769
416
5571
55589
84208
76309
8757
40265
46442
8028
12857
54466
34258
8657
14185
22909
50229
19448
23022
62062
16211
41895
49268
37530
73658
6031
58317
85648
3602
76295
48645
26506
71935
54121
18732
7473
19580
36192
17429
45064
61875
5781
83145
20726
39071
46634
52476
42098
54157
17550
80188
39138
55270
17483
73442
63943
73550
32379
41807
38741
13432
64521
11910
37239
50078
17996
61139
9374
14923
78216
45666
42350
83314
5144
6739
27454
26569
5384
80886
2395
74086
23621
43976
13422
27160
32918
18102
61003
2952
86114
5044
69196
84565
31221
70420
42907
58059
80774
9088
45742
32166
60478
62760
51472
85609
37313
56586
56639
41762
56647
12747
9860
4459
79092
82288
71710
26989
64913
9197
14055
78636
83390
5550
63681
40937
22946
7185
18466
