66056
56829
31628
6699
49103
56995
47617
43506
15088
52447
5485
23898
38150
2057
10569
23053
67126
11292
52421
24639
22417
68013
71051
6856
70521
68895
44024
19574
26585
9326
35750
31943
46950
11074
3708
2446
28115
39516
30646
5022
79757
14935
70204
37415
53503
72707
16151
2759
9886
7771
53188
41252
15303
51991
23139
19474
29311
14801
40203
21578
42313
49187
58781
46730
65634
50619
47458
34491
17172
32522
36709
73464
34898
59622
12816
74565
67657
14006
66255
37547
42019
53193
52613
69547
60057
30073
3922
62527
28430
55557
31543
19284
20268
74330
28887
35751
40128
4097
1707
9234
42279
40387
38749
2530
59351
67832
28532
22264
5540
26417
40097
11264
24774
33464
68022
55151
56282
3536
55831
34369
5114
28557
55002
72767
26402
44708
51801
10334
16653
67213
78769
39733
17298
31631
30380
58322
11348
10772
74049
10800
57503
23141
28692
7621
3430
42738
17903
34701
27003
52804
41203
8251
65383
10011
3373
34164
9667
28399
56244
50174
50428
12984
49359
61122
63866
24006
13171
64184
68430
59654
9146
48404
48797
29193
66183
55048
8377
65610
11620
58679
75371
20898
16575
13377
56146
4334
39891
4854
58984
55555
51207
78902
13408
77317
61097
70201
32424
10291
1110
61862
72777
16503
1124
50470
19247
38599
33438
3286
6531
33318
41006
36727
280
7241
58385
76797
45726
7086
13174
28390
18413
48926
53726
44604
71054
65309
3033
75338
46321
43182
11997
42896
52770
13973
21554
7193
13602
5634
35635
56238
73236
21478
48700
59401
7026
7403
44612
10464
49889
15388
11632
66240
21934
77747
32458
55657
24900
49254
4437
837
77059
42048
16448
49366
7051
31778
63727
47380
58044
2827
9820
16335
36163
25793
18749
7746
44261
77103
31851
31377
52910
40789
32702
18151
8771
48906
65230
78035
74820
68470
18186
23892
79839
5998
52671
57940
23670
7512
43944
54017
3599
17724
28064
76793
65654
30835
18456
56225
5511
62730
22598
17691
59135
6736
12611
55966
79477
68884
80027
77647
35779
49298
62196
64176
55509
44258
17659
6071
55398
31306
45365
13190
19195
42272
77790
57280
29849
40873
23557
63335
61847
24189
24129
18388
22119
68825
12179
12497
21773
63490
44636
15935
9750
43733
54479
67933
21766
32884
68212
62962
59539
49546
11126
46676
14122
18452
17509
48316
13803
18858
37015
3937
56193
61927
32628
73322
34807
57457
50629
3263
19598
18953
68617
23658
60010
11439
46930
24246
46178
9413
73692
66458
1256
50748
43608
18707
51774
18315
71407
63823
50927
53422
46600
66484
62401
51927
54577
67529
7667
42481
56183
1771
64595
48259
3139
64087
70725
76757
35394
18184
22510
40037
80600
55337
28212
44898
63242
5119
30039
38346
5325
26744
47511
25143
41773
66447
5635
18411
74842
41830
79462
22435
50299
62793
19022
3188
30816
24367
68357
70177
35776
9477
57044
18551
52995
9815
12543
4650
12260
17999
2489
44078
79913
31142
43737
64762
17220
67163
62287
63641
69421
2092
77885
69028
16031
72795
27627
7226
39771
70482
49661
14313
45481
39735
33431
2330
33780
36862
15103
77653
49565
48138
24854
16399
1945
55012
36754
44825
66281
40384
40467
60586
66539
19081
66300
64632
21638
75263
46073
72625
9401
74815
15081
11472
41142
55728
46224
12495
39658
12871
20747
69803
58492
3907
55756
30379
54957
28751
67267
79725
21695
23341
7301
52727
17012
30750
72287
75315
11792
29300
80422
4064
75900
61118
73581
3780
11425
22713
77263
26532
11345
66472
62520
53735
24339
10951
5753
58058
17087
48792
22537
73636
14745
69318
47000
14908
61494
52707
49699
61228
5720
34692
35259
71486
45041
11665
37887
4922
37751
38787
37966
69004
79433
78415
51772
3367
27555
11156
18904
38218
73137
11951
71232
29164
59099
52586
10777
54919
66617
55704
80158
40903
41404
53043
41432
54241
43617
69394
35004
29930
73986
58671
20998
31324
7341
29953
20231
74188
11270
69819
69346
25457
15211
28160
65375
48530
71886
38761
35003
5126
61034
20242
1421
63498
71416
40957
34626
46869
24583
55887
27913
23230
45539
72634
14786
66989
57102
7793
35443
14151
48545
64780
21761
29643
25419
19856
55816
21283
45829
31875
6028
13524
22845
40774
58923
70845
40505
37691
63752
33503
53089
23769
3763
53742
47474
9233
27935
34990
58211
55642
25758
30763
80642
68432
70411
32838
180
35297
36644
8152
68929
60807
18049
21855
30347
388
66942
36308
72045
58721
31812
3195
25437
33458
25866
6986
34485
53988
1872
43053
61732
53247
29077
13459
76791
49136
19349
71968
47067
28369
55922
466
58714
5045
39669
42771
44062
59430
80497
76891
57774
40032
37844
34463
58663
66990
9348
43678
54723
69694
3541
80196
56844
73259
19189
70190
1825
76488
29173
26795
34324
71938
35339
34975
73306
77537
64720
9047
23536
5971
71320
70583
13866
53013
7819
67687
61705
12428
54027
57817
73934
28555
37687
59234
8998
54043
59248
42540
6804
65807
30705
39611
1772
62366
72093
78372
34920
74490
21702
16899
22455
6341
30175
1302
11297
56316
73178
26566
17512
59800
11887
20505
51942
8128
19021
13555
16239
67723
38492
55615
42557
27668
37529
49534
16468
53431
30712
75626
70647
76027
38426
60442
6312
2427
10118
61596
40661
17800
57879
122
69736
41986
33320
67912
59480
37767
45968
44864
30121
77898
49449
10515
54269
12792
31354
76236
30702
63095
28074
26208
37565
46647
58371
4898
57384
27395
2843
27298
49009
1242
1918
71712
63471
11679
37652
62703
14905
46160
76389
45402
76384
34276
54078
6905
28907
8170
63091
57477
77527
15283
49777
59843
53301
15044
17236
19136
56127
22479
11768
6270
31446
74568
7749
30428
78090
14377
65618
74375
29674
3521
4498
11885
35843
36530
61597
15734
55680
57253
17160
41354
38978
28403
24837
56192
70239
7813
32954
57428
46061
32784
57430
14425
53996
59489
14093
31935
53780
34439
11474
53638
61061
14154
35695
55516
21682
44944
76634
11663
37425
32403
38928
78443
1399
52494
6049
72828
60077
29076
33653
22509
43112
27992
20986
46024
62646
48405
48306
33570
49490
29298
39130
13197
17417
74718
26179
38987
72191
29476
71592
61661
15567
30253
54880
30736
73793
28441
3767
23707
17773
17190
49513
6673
47851
46686
6467
75876
19108
4657
64263
22692
22374
59998
58282
41608
71838
55537
15791
7936
50194
67932
53492
35887
22985
8794
8435
9149
69850
47436
14627
45476
20680
10874
4892
50861
55332
76546
6474
12256
72198
60062
48333
72484
10539
39333
54458
31482
15772
57362
73351
79469
58362
73511
41716
40333
64625
70916
66465
31570
14045
52589
61675
78573
1862
10417
15815
58876
77453
17741
41826
63482
21710
77301
69448
43863
46613
28192
54125
17701
58912
52439
18733
55188
286
35541
74211
50585
14127
13421
21927
7995
7013
45699
67886
48672
6557
27188
45134
66598
31914
47103
7546
48522
71833
33706
35072
20944
42892
16744
41320
51782
73497
34679
12438
58726
38579
70063
7542
60353
44714
23008
23492
27125
26194
47357
2505
54283
34216
62235
49857
51722
74581
36849
44991
69193
73077
17398
53798
43971
69
7840
53300
20257
55018
13603
30951
59871
53002
63373
76679
79392
35890
10601
70094
50779
69881
51667
52865
10759
31955
57731
25508
79058
31259
8420
11795
26628
15254
6879
16659
35500
64857
48056
28983
15723
21058
58488
71606
33159
65866
2838
7912
26604
52514
39956
4207
62294
47994
57991
21746
51256
20152
18055
56476
3264
30032
67762
34329
17396
2747
14423
67810
7259
44142
60202
27091
36688
42083
17815
60133
56973
7373
62024
9964
48892
57398
78779
17409
13440
76946
78493
6473
7474
40685
48483
76269
49648
75896
66939
39183
12093
20449
15463
72303
55483
38782
30012
29431
74547
52899
7457
56269
17451
8078
8354
41570
30511
61135
61835
1773
24820
63139
6676
3688
31186
65244
14008
39563
77233
20566
65310
58428
13178
61859
5063
38255
8259
69166
21161
43098
33823
65133
38505
54018
23202
64382
66030
47730
2719
41892
53160
31934
28208
17214
47938
60798
27725
44198
10234
19034
7183
78456
5552
11790
35104
5920
76404
18296
70849
21563
79219
56036
41037
71935
78657
65422
78508
78153
100
17123
39146
31406
52376
39352
39035
61485
19889
25203
77139
67371
72002
3879
74930
8224
27432
15420
56673
7998
25278
6628
33237
38076
5619
51192
8970
59889
8114
51576
70908
26319
67435
62028
43724
4631
9263
67152
13898
37225
74505
1310
47435
19069
44974
26061
28578
73224
30107
74896
36266
77517
11604
64830
43453
75299
33222
370
55347
59842
33806
28641
63317
41147
935
43318
41022
42645
49538
16003
49435
4713
64322
56005
30528
12908
16796
57313
26772
61404
55440
22666
50432
51543
7479
9739
68317
14462
77152
74628
19625
78914
6400
7162
25588
10954
44186
57104
47417
30884
48248
58134
64862
41063
66378
69271
60056
10556
47774
65194
5995
35993
2639
14564
14563
62097
40727
60702
68168
75404
52567
15016
65738
45350
50440
51943
41855
14933
5451
33540
51925
10983
592
63557
46868
41293
76198
23472
46179
32790
20558
45979
67888
40464
22665
29640
25005
31238
57289
4910
33098
52232
39715
22593
28660
40568
12197
75402
62455
64023
38501
11008
64047
15819
18185
64879
78251
60526
77384
64186
23867
30874
73286
3163
73414
65780
11405
46650
59181
50450
51922
41228
63483
53274
44798
4831
12351
63367
15045
8100
46049
75336
33650
20213
16684
61949
43904
61286
4184
52426
6578
67494
49694
30829
58805
65876
59525
39215
26162
74697
47769
565
18194
12712
76542
41952
28978
74542
48402
55982
7206
5703
997
64951
51836
50073
20212
10421
25763
62983
5006
42670
78158
45749
41014
61147
6091
8720
15206
45660
14667
40228
48880
66632
49926
51558
67763
73675
34891
72075
58350
57091
41308
74305
73968
28056
5207
71869
16981
40499
14236
25114
13366
70968
12013
46991
37243
1049
35748
69460
16410
38166
30098
29838
74099
19165
6666
64216
17307
51673
48002
47822
33921
19665
28314
18266
77427
15281
41858
32617
3940
54789
22333
48278
18567
12870
11695
56098
54348
56599
65406
7830
52904
64182
16821
18888
25827
51010
26036
79530
40229
23074
70723
45516
17513
36792
22676
11934
23013
57163
77226
7391
71971
55861
75243
69017
71178
58660
52998
8921
60516
17753
38842
13441
62844
66984
9766
14019
69896
64064
12143
4271
25359
21333
6854
6989
14549
63561
66002
69111
79100
49696
29698
726
66795
9294
45352
78481
57085
1017
4842
27459
51371
17455
44952
56026
20755
31125
64204
17057
50703
27350
68395
9026
62589
35
74726
67711
64884
13751
51990
36983
76058
69571
34529
29514
49383
25524
44303
64383
38455
41831
67767
72746
16811
52648
19780
73634
32674
5289
4296
5631
35191
6716
78783
42367
49691
58565
37365
77061
51984
30357
21709
3306
31148
4992
35294
29745
27346
59035
56654
62078
41133
71455
40388
24169
48886
10502
48795
43956
2524
9773
6944
73093
62187
14443
16576
60278
49561
7719
16812
80443
76430
21027
29912
77523
75057
22786
23842
45646
57814
23095
16308
54391
48305
59126
29669
5106
6612
75471
65717
4162
1468
51858
24970
55764
63693
63758
24188
70891
75089
63904
44294
70514
51765
79418
5646
18756
6904
76872
72951
36807
25417
46649
22171
32970
39104
16885
26687
69005
15123
54574
33843
57764
60002
1695
53652
62705
78964
70301
39222
7099
1214
7004
7277
35060
33035
2352
38757
34982
43274
58368
34400
57509
39696
78217
57239
31270
35156
57964
78488
32930
3465
59864
71962
38646
36834
14086
33074
4292
62679
36000
70562
8383
66205
36814
41794
540
58124
10991
71254
46944
65167
70549
12059
39932
31398
117
59744
64713
62319
39169
22627
64541
77754
30602
73732
4848
57319
43122
11556
72433
8365
63594
40979
75464
26561
27318
32240
29133
66772
2796
24660
10279
45247
11374
16510
58538
45619
48200
40294
31904
34696
61943
45577
6849
45613
66396
4451
42713
65435
71160
7850
47295
40742
34877
23601
47299
45001
278
63372
45933
31766
60093
10092
22311
12969
57373
70540
24311
80175
70501
75754
37446
64012
70623
57886
55961
23547
16421
57346
43362
53133
26920
1803
19064
57261
68945
62438
38804
49647
49121
54801
21272
2365
42754
36338
47280
36663
68322
78500
23030
74653
15781
1490
35576
13224
53555
12796
63796
24594
22053
28268
50139
26167
15827
74365
78362
76732
37863
8246
15857
35028
40374
68334
38060
54028
72283
65558
61564
65087
53523
57311
12631
18940
39553
45450
841
67448
6332
65379
21553
43286
4538
3290
79628
48393
41025
75067
65424
46264
32600
13538
19050
8958
65821
52243
24071
49038
18250
67935
79027
72514
71419
62824
6004
78997
8312
46440
17331
37803
57300
26880
50319
53162
36032
78719
80464
39610
33549
73704
12138
29117
20879
18467
73784
18742
49404
6340
50794
59942
17888
54649
61984
52045
57963
42458
28906
59424
775
58496
32776
52057
523
17210
16786
34939
654
66407
7926
8995
58075
16665
11635
29119
12971
49840
9977
5911
22267
5079
37147
47352
4354
14362
32789
50452
70097
28076
54547
7999
39126
50943
20191
16255
38650
32583
51491
33142
41634
21819
9442
54146
77143
79543
19253
35153
3882
37886
67478
60475
22607
31067
30553
24331
75951
5762
5225
39332
32009
69000
4108
66022
6527
63455
71708
43622
77677
9258
3379
43554
17158
62374
39426
50660
3372
48641
25286
59257
10254
4728
36215
14515
39475
7458
64923
49277
64391
80576
30059
52224
76961
62252
67583
17289
259
67305
28318
74355
31594
48025
54815
30351
10179
57693
42817
34188
38915
33618
66246
27237
24716
27865
41054
30574
8314
35424
46844
16256
71237
44543
75196
21463
69798
79258
60163
47563
53949
6333
79845
42953
64227
56296
76437
50479
48531
3146
33752
17003
75297
52398
54802
14298
17104
63777
1187
23597
8168
42461
42580
21545
28423
46376
36770
908
71883
60603
58718
10942
67973
42139
54251
34786
35605
30084
69114
31
78697
15125
3675
28728
77112
59906
50390
56332
71503
48432
8911
16350
64240
35782
53025
67553
74426
46507
25571
25576
59008
32814
37466
33069
72683
20135
19743
27571
65924
22566
44716
68656
54902
72729
69106
61387
77745
79703
50932
36064
24255
29025
31887
5671
34390
4598
34740
29175
853
53604
35387
71746
1557
74317
58573
21422
35651
24519
50249
60333
25236
1887
45329
78349
52512
23027
39199
10834
26830
47901
16856
61114
24731
38708
74092
14967
4771
76261
40071
68315
64164
67746
47535
37209
14996
78698
53476
17669
11201
10591
29315
75887
31197
14021
6967
66720
49354
62876
2230
13633
15705
75713
8391
53975
23121
30762
8181
44908
54367
63851
53100
71451
25693
56203
59657
44256
50184
25086
33107
52481
80269
24138
21138
25220
2214
62138
64379
18255
28088
80200
7919
22068
44379
32831
22106
45738
11398
22917
37979
31620
53405
30976
11752
58397
1865
57852
64534
1524
10425
29547
78762
41196
79717
61669
44640
44673
26683
8546
58716
63711
8211
54991
43998
2514
32430
11009
78163
27401
58315
7422
76926
16471
11995
43698
60884
2423
62004
13218
21355
71911
15391
61692
20684
51650
45629
59734
69510
40479
37369
5313
59388
45744
50731
68525
31828
21729
61087
68280
23774
32051
28750
39399
48347
49519
40764
30492
31713
14850
15049
71647
26955
77249
20397
68390
60220
41117
31641
1913
39374
47899
5811
10727
50315
64485
63452
36253
35886
71802
6510
58466
76136
23455
37210
57325
40660
65972
19964
67056
38514
44641
71118
31246
70206
22149
22555
55064
55410
29177
2611
2911
74061
79668
76526
18987
31884
18112
49064
71296
42224
58180
40326
51681
5156
13151
19724
61527
31938
69963
48242
46870
67300
60414
42342
4770
9611
61971
13166
35554
9572
9365
72298
24036
4353
57039
57184
42200
13134
38240
13439
74656
57258
71570
64968
36370
23882
38844
6131
79476
8108
22674
22122
53479
6515
45151
41594
79007
53020
50280
23574
39996
6475
77450
77778
51369
69235
50292
72494
38826
20167
48425
53677
50112
56261
67572
80248
71755
49293
29423
21411
32372
68774
79221
71649
6839
1696
32534
31647
72485
15280
10962
59196
15011
47377
15219
67483
6540
20468
28114
2616
56200
25347
43581
54508
56462
62289
3706
56687
40343
14032
41055
47395
36493
14290
55491
43829
34845
39666
23317
4188
30845
37546
54507
6138
64664
76422
38952
56102
56373
13726
47150
35120
58390
22232
42211
9561
30209
5974
22288
27270
76401
34452
69939
71986
75005
591
55178
48251
30003
35356
43561
1235
20028
43612
27527
43749
76988
73157
40052
7658
46309
20492
40700
358
33334
21346
54196
77521
37414
77271
39156
5664
34501
7674
39799
70195
10247
780
75518
32097
24588
63279
24732
9356
51047
74251
845
67476
46617
58471
50773
25353
57335
22785
64562
45779
26104
46520
58016
13864
70011
8319
59730
56042
22568
7011
27422
60523
65188
8554
42769
59518
2029
74064
50926
35402
17355
26981
50730
49089
28919
76139
60136
15061
19468
31040
11975
47803
50780
70565
63145
38094
25239
18070
2158
12057
70854
68393
33212
2497
77955
41236
50568
70920
71420
68386
20110
60070
51111
75881
64224
38983
50090
18050
42105
66905
40715
75617
64610
21261
50564
76754
71049
26343
70848
24824
72312
69056
35598
43211
34102
67851
16525
51318
55931
4027
37559
4202
14867
34855
28424
59142
74638
48867
40140
26483
34926
28373
3155
41672
8140
52288
12836
39299
52199
43068
40198
63001
7843
65249
53499
75493
56839
29875
67328
66234
1382
76659
63662
68685
72315
77686
36024
14929
27314
32858
56636
8022
6360
6641
50534
8783
22432
16520
73993
29474
50931
7953
1374
19416
44899
77798
42523
71957
54765
10530
52108
36617
62629
66559
52201
1673
67751
74624
64867
60115
12180
54484
65045
9604
11964
4217
48469
52453
50345
1255
72534
14821
76665
12964
26586
12347
28387
41926
46194
44264
47790
60699
9053
20453
19480
76258
7671
70328
31640
25992
53854
19741
77176
63462
52897
1148
59116
60317
35309
71650
27624
50613
38975
29116
26770
5681
19337
25833
78170
61712
79758
24988
22904
52760
33679
24133
57744
70680
15656
20266
38112
38970
23441
2053
75654
1870
7404
30066
27301
33809
30031
63844
60811
47702
47116
29841
71402
47852
340
69447
29537
65777
76398
38977
53228
60553
57896
80195
53441
32434
55385
6501
5629
72569
20744
69797
76229
17928
46146
14484
6469
71430
46935
73545
6981
53284
35307
70505
76724
27977
23713
9534
34048
50732
75929
12582
36438
22952
53856
69628
66643
39101
9933
31419
78048
46208
47084
3546
70255
68289
18925
67191
46053
55112
33530
60239
50728
59410
73494
64755
5187
77251
17614
20019
47189
65935
51724
70150
52685
16197
67039
36500
60982
56949
50051
64061
67830
71744
4197
9282
74758
10422
43252
19435
43184
50283
54498
10552
56402
73460
45570
43330
20897
27580
5426
52979
6313
20809
26419
25068
44280
51413
47021
74621
73600
30915
25313
8080
18156
68
18590
8737
55134
43676
36839
76500
1299
720
79254
14785
29344
63183
71464
50402
72257
67800
11466
66757
48503
63644
77650
11513
2664
72667
32871
24648
70084
1417
74014
44149
49373
30328
33128
4879
27351
45456
44626
78879
75319
57888
34450
5842
41523
38597
76642
19290
31244
68880
11563
21184
16646
30305
58275
31473
47843
38591
12656
20655
25223
35337
70671
33675
34265
78298
29939
64567
29014
58823
73955
2192
16635
25189
41885
71208
77417
53632
4834
476
65879
7254
44343
45835
68956
60209
28233
23858
65159
53754
51776
54413
13886
47392
77657
3677
47866
24251
79458
27644
29052
6892
65834
14982
65010
54550
41064
35569
60830
7820
75667
34118
27016
69379
63706
8429
77879
45894
62741
10060
13877
49116
49878
52914
5120
71906
5987
55072
43024
21002
30447
79358
68494
65683
35732
3179
1891
66774
72232
72
57459
68416
53019
10814
28310
22191
23016
17378
241
32792
4562
28800
36251
8811
80161
61016
8221
29835
14512
71077
47627
68547
31139
68669
30891
68082
52340
53886
67596
20362
25970
65363
67573
27976
73287
19753
61184
15917
52815
19426
67260
18946
18973
47536
67522
55505
59381
12613
508
56396
70508
12731
51065
68833
27498
52449
43921
29355
49388
22062
15620
50884
17142
21627
23596
46159
5021
3048
74731
35789
17719
73269
11575
71954
51072
32148
31694
40147
77416
69039
14164
43167
41395
76820
64187
51993
45952
8712
1469
3990
29687
75694
45603
63918
63270
15884
17141
44183
23187
70718
74157
13526
55118
63366
2116
74903
59148
36318
26634
27842
26985
5282
19241
55071
21574
19854
5535
23950
26656
25952
44551
40704
44143
10703
18990
61379
46663
18536
37494
40849
58334
33715
59158
15322
41010
34912
28498
42642
56924
71675
58908
33895
51478
25584
25723
50940
53052
41199
20249
59544
69635
13758
36803
46853
40246
79002
3984
21242
67721
44823
35924
63445
58424
66803
44803
4065
13665
74526
15528
58594
79987
72871
71778
66913
77763
22795
36416
24208
41045
487
57495
71076
52892
15846
21037
71583
72699
75033
38272
49230
70337
40961
5549
68048
28792
36799
44824
18005
54469
33581
31263
40788
15034
10965
70509
41930
58050
63151
38645
4846
3214
47385
2889
74704
74306
37922
77744
25512
11822
27205
8242
64633
17670
14764
48783
42584
50761
4881
9418
42635
58849
66583
25413
9000
16790
41780
37948
39840
35459
53332
12533
13798
34953
2695
16132
28512
32038
64178
79412
46678
2110
35525
5820
49047
34865
70815
55330
15968
80619
42344
27566
31961
40290
22154
51924
77559
79919
75602
61105
63970
77410
49342
66441
52157
63394
11854
30676
31480
47226
58173
62573
55609
40693
51282
76661
31673
10807
67130
16242
51064
58035
76585
10489
63695
5096
2582
11877
39209
536
16228
63028
71895
6617
74889
11746
25919
14133
50891
44208
38165
5320
71927
45121
23352
65090
65707
62702
67915
69960
63690
38548
24590
893
45746
34255
48352
14592
52399
4251
24948
51729
73282
1659
36614
37504
36050
40781
61695
49352
73252
30125
50909
31191
59708
32028
1628
23498
27050
18822
16807
55478
15985
66834
35173
66857
77019
12065
48044
69875
79074
30147
47929
15007
47588
23927
11290
5673
43793
34965
11515
37346
44879
48412
75930
76200
48794
24935
10278
59163
10456
75799
23043
782
42736
74431
75946
15261
70654
46266
6072
12056
48192
66928
24495
18737
47158
55411
77304
66781
37387
77961
10982
43369
68132
24227
6205
36552
749
74111
67818
66594
53574
16577
70254
42501
17058
2528
57609
7891
42884
76852
76081
20386
45992
51708
9359
47455
66293
66277
67196
29923
30401
37991
74680
69398
56591
20282
10311
44910
41341
68902
58328
75983
42022
40141
45083
37710
34714
74204
31219
68887
19731
70245
73722
60089
39654
68995
34091
50255
77369
47517
36630
8673
75808
60158
18650
24128
75206
48059
18477
60529
70620
8133
44057
16430
70424
74100
57775
64732
54134
54699
21535
77812
28608
49897
58141
46387
8458
51612
59863
12077
60696
55256
45211
51524
35563
40618
62549
53987
19225
8677
46819
30074
2915
48051
55412
1402
78353
42553
37667
1031
72390
76555
12452
71637
57121
42452
1
16747
49321
20549
44700
25659
70955
59187
35333
2480
25742
63036
74319
4755
66210
63463
25946
35510
21219
44832
28483
15346
21265
50659
13839
49363
20480
71917
27802
2275
42304
26707
66250
39837
65079
72152
64437
57444
71586
66910
48754
25215
67786
18669
61833
4909
4137
55569
76837
20270
29644
77108
17144
64460
51793
42993
59023
18253
37756
14333
70846
47449
15969
14223
33370
52446
39757
52282
39436
46140
13988
37907
36875
73227
4627
32807
51532
29467
4039
249
10829
1873
53842
48612
46843
51999
25122
69853
15349
49757
35152
59826
59576
45627
47508
61555
19008
65642
59532
26465
14411
62746
6093
58560
77909
48861
43990
64671
79567
40549
21105
57363
37123
25112
29336
8146
73691
55166
4695
19159
60820
8416
7975
42877
11491
68104
50790
39558
3929
71125
32122
27680
1321
24074
27634
39500
68059
33603
19455
59237
60286
21915
75809
4523
33596
78584
46476
69092
30027
61198
51976
56088
25956
35371
51469
50467
52651
58448
21121
18827
17017
34536
49134
29821
43027
53073
69616
7791
32237
13824
68670
75123
63492
138
387
7238
54399
71066
29327
7300
14510
74902
27836
29589
9863
38590
43701
45449
20070
54892
68572
52536
63586
58304
63643
16070
52012
58281
54562
56159
57577
21033
22448
55059
52529
67274
12177
54557
28411
72976
50476
16601
42536
45085
69548
79400
61398
34881
5778
51112
17647
36040
61273
59789
20034
43265
70672
40031
18038
79247
13012
47241
60216
40776
68909
13242
15880
59049
76766
51226
14993
56655
63977
9527
33046
48924
51934
54593
24939
43786
23617
53902
21326
2310
69583
56705
31286
63039
40869
75772
7669
16392
54683
58532
56581
24012
73433
2313
66164
18027
5151
23724
48190
62597
62812
58528
6204
42085
28186
65350
31913
15837
23319
14479
44820
27693
6741
26455
1244
74992
72100
56764
14112
70317
1390
46111
44861
61872
27746
30024
2953
44196
64275
67576
55805
55231
12660
11438
30693
65958
32542
59009
54075
28149
22863
56619
2809
78948
25574
17593
57365
44017
71038
24048
54104
67954
15564
28627
63118
3610
61560
53071
44900
25631
59463
33677
74860
22202
34205
52167
18187
67229
10249
62909
70342
49632
27319
74464
30664
57496
69301
67770
64635
40114
56994
10301
61879
57146
70962
60494
39160
66815
55991
21444
16263
46760
25017
5090
19654
31181
41284
61058
5118
40859
51398
45393
50160
52839
45315
2428
57243
44931
22997
60396
61013
8935
60533
34973
74614
75180
56257
76496
71978
24620
5069
55820
19363
59240
36940
35620
30698
72737
36984
6356
22006
7033
66692
73045
1939
62008
62700
33607
21499
4323
44855
23399
22883
22776
43078
70207
18298
67695
62721
44429
24020
75225
79990
17636
14671
45694
1809
72167
3031
57150
42192
32968
3861
22467
43454
26803
47156
27783
21785
19255
26420
38248
28333
22162
75556
59469
24191
71823
62688
58436
31188
4503
30046
31183
38312
49562
27088
68705
64924
69103
27908
74261
24484
30507
14888
57333
43556
45617
46642
11090
62616
73232
4778
549
25425
72738
21628
69899
69808
59504
37219
72601
29823
1341
24431
2825
38352
39414
70491
5467
20574
44122
1720
52652
12223
14738
43867
26937
34664
27423
63014
39355
49169
62486
18484
28151
38992
59494
74509
38838
75142
79128
11759
14040
26424
76943
22358
62808
64471
51686
54192
77213
49463
49037
59976
19425
66787
44334
28988
26426
48328
49730
16435
28640
30878
6436
73345
2150
54885
4
39547
20921
76869
16243
2628
60931
20894
30186
64973
45949
54556
32499
54701
24044
9141
40192
12681
48765
64319
14761
41820
35271
38994
24294
24240
43794
64970
43594
45750
65812
47891
57027
6574
43064
55929
20117
53424
1001
78520
70727
58774
71616
37957
36562
35687
63268
15260
75063
33989
57078
51504
42949
9505
17423
61680
56351
49465
20874
47172
77667
46709
62992
44286
42514
45113
50755
25854
37640
46105
40872
72542
62328
10866
33552
5941
531
66832
32988
18875
79082
34816
66413
2606
43262
7164
45967
3173
71266
25783
74226
17873
16082
58395
61812
66993
47006
49104
78319
79872
5953
16570
8896
30047
38625
76313
29405
56364
15540
16246
80305
71193
40431
11803
57677
78121
52269
15489
46955
65809
7351
72720
66289
43670
59492
2154
47193
29186
12945
73355
14950
54316
44350
19693
69071
72676
56212
66647
9469
4714
78027
44841
64201
18193
59659
21750
18623
27546
31588
15222
42785
24318
57668
13164
43091
10102
36755
43014
11165
60289
23247
1547
38916
64113
68530
7783
60999
23439
62340
35485
29755
34448
56841
61495
52649
3643
8837
40209
55705
76485
76616
51255
54154
62916
27078
41584
61864
11677
33906
44013
14676
53297
32655
45141
29111
47074
6002
66975
55199
64276
52293
3115
8643
3527
39151
31623
60674
22101
55643
3112
66095
41182
72540
58346
79676
20004
66634
7598
25365
17334
10974
1447
4902
6422
57469
42527
59437
38770
49031
6897
24596
30185
7625
60144
39822
29123
32983
79402
63766
40762
63846
76607
6747
49245
72940
15308
11482
72379
12153
58062
17529
76239
42325
520
28870
46362
57256
42526
9411
6931
47049
21649
55105
67961
20115
52341
6797
27688
21698
34798
52924
30198
45428
12314
58549
69060
42766
66421
20961
68440
19701
75512
9888
8475
63864
47777
20096
16974
56803
3083
11366
42503
48376
42955
31567
70279
36033
79521
5111
9238
78398
44139
49630
69845
30914
12157
19911
9497
9410
37028
58909
10633
22468
70526
37653
57338
52848
22826
53850
72344
13604
31488
24922
37554
49095
34294
27540
429
49233
72496
75744
16149
80627
69702
12468
50043
22091
68096
17710
65729
56394
5071
42463
21852
39461
73042
59048
44870
64455
39546
71831
8155
13925
21707
21635
63104
54932
10590
24947
7872
1009
60311
18105
67089
69403
24393
26595
68553
52787
39285
52161
22816
30030
16075
33971
223
10868
20522
29196
3042
32532
27471
19794
6916
2907
22389
47494
24091
75265
27296
23923
70028
76111
23278
75023
57645
4549
50368
38874
77980
42547
46408
26097
17100
40840
23395
54949
71972
24110
54144
17056
38304
31701
51360
20899
42566
21310
35881
50418
35999
70048
36026
35042
67960
40771
26514
66918
42515
5180
36508
33595
67806
44684
12359
63473
48172
18895
65753
69814
1718
21168
21440
72214
27218
16032
5861
48631
78103
78621
4912
25942
12276
32956
24825
44041
43646
79555
8403
71861
52246
63914
52851
76460
26123
3140
16254
69026
74654
15976
61591
9952
45215
49551
45639
2461
27316
4765
2615
47809
65013
11703
7476
48739
52488
40345
57823
67368
10945
44061
75278
60095
29968
14427
8294
59713
4855
78884
20068
20124
53371
80418
55288
40522
38607
51055
54567
6442
38588
45006
35679
64142
22701
30349
35014
33678
2199
8508
77189
7701
49673
24026
60272
42776
13666
45684
27667
62606
21169
30036
58363
13395
62306
61576
78910
73620
77402
36988
46615
30756
76235
52113
43709
72657
948
54660
47746
2282
24616
38460
74710
49091
76178
34793
110
8620
30205
59815
56752
78295
78152
71710
62643
55850
22775
70504
76615
53337
37400
60302
3243
55357
60897
69572
66303
39187
49358
9671
71696
42335
37459
23218
40035
12951
51590
74618
14968
19515
12039
18302
54188
48735
62559
5231
27238
78479
18632
42015
55903
1308
5740
47277
71709
5454
4527
6774
42441
46887
6064
42307
66498
31492
7587
76747
43574
18190
42775
71190
45526
39721
28837
75872
31838
68436
13072
4422
34985
19017
45394
32821
34992
56385
50070
35204
11851
44211
12933
29246
13044
44572
6421
58834
54908
46916
9810
71333
36829
26088
36736
56662
76173
55074
55898
61770
36708
24553
22265
45565
16642
54321
29682
23205
47749
18212
25486
17721
17309
23600
31094
75846
31358
32705
68663
68911
44506
5529
9570
1166
59123
68519
41167
13312
14915
11489
23491
9793
41002
58654
6963
45504
76952
29882
74164
30815
76489
69820
16666
69163
50597
76767
18011
57472
13914
12299
30770
50394
11314
50296
60578
25082
63181
70656
31429
64267
73645
36880
50686
45759
21957
5938
31545
21668
15253
55494
52177
16783
29934
80327
52584
32394
10437
36747
75623
48810
8480
47858
8589
44743
68336
22737
68332
14853
35825
71686
16047
7090
72742
20191
66964
78607
18512
76411
61875
51717
9981
25008
28578
29453
62202
26737
78516
14497
63785
30970
9619
58417
7174
20407
42742
73779
59969
26588
57044
46489
29132
17972
62703
75842
38918
27250
5570
76492
34477
43303
71232
795
79887
59212
76638
14993
21721
55014
23471
64944
8006
62592
7353
74251
20418
27290
10984
53896
42672
37193
33395
57842
54579
31656
17254
49221
13034
5178
35569
61231
68238
56066
76311
24665
7332
48853
49770
60979
80043
174
