8131
44373
80786
90071
84028
75698
61212
19772
33031
28591
67455
82452
13043
65421
88774
42007
5912
21387
441
21691
35676
4492
63909
57171
29298
15508
74741
44821
72592
23854
22159
76763
50449
75094
24502
21250
43049
7178
72520
23615
82304
35313
79343
56986
79832
55434
82207
39066
22807
2027
21496
22924
45570
49762
77408
55379
42291
2354
8464
54931
79049
8181
30794
34695
27254
93172
81684
69734
87855
60297
26198
61888
74867
2406
90168
36707
51513
58137
91649
905
70838
4315
69196
15598
79034
87930
87313
35931
52657
60291
28486
51584
28984
30389
68827
34634
36778
50290
58675
66307
39966
80357
49998
68675
21683
63649
18404
12687
93479
9110
20739
18174
72067
6260
93481
9648
2836
93426
56025
67885
2465
52693
88345
7443
39901
88287
15806
75521
85698
89739
51405
90923
25686
2936
73446
88833
46035
35193
242
45521
16061
8291
18190
65330
5908
20733
19643
9603
16689
26040
20090
29159
1518
87546
78604
9943
13074
62643
43989
58248
13569
57187
80414
90839
83626
6083
31256
18798
23349
16491
47224
1996
49411
42210
31146
62270
56584
60958
39514
66787
56935
13319
91856
27667
89745
32399
25509
80540
13416
11821
84861
90520
47167
64677
17914
16963
20798
90126
18154
84754
70995
79395
51734
27947
948
38869
78234
82904
50132
74547
78593
86226
81922
56017
7802
6408
27344
35598
90165
67800
81534
70580
85929
36415
83103
92604
50453
17002
8117
24736
93518
86514
23150
24359
1891
25301
83543
21221
79213
77082
65135
49346
71384
65874
12365
68803
21184
43165
38825
8235
30203
57838
89272
92663
23339
82791
31510
83274
54039
63707
35004
54586
25968
92066
94843
64740
85837
90128
38661
77664
45895
68700
44301
21506
72086
71719
76576
65962
75832
79346
17686
283
31287
89281
11914
1326
17407
1174
4986
78697
50091
35161
23463
6779
39615
92093
30969
5304
9881
60699
46899
26864
88461
75730
76896
470
35398
85067
25392
67354
68922
15349
72802
65733
35658
63736
84004
64320
61434
7343
13264
24408
14384
58730
61376
65301
17012
87892
82706
1001
3615
94415
32657
47417
36389
51186
2788
76211
60025
4611
41188
68846
9844
71590
46409
68249
73070
66328
8844
786
19891
91459
79595
50245
67825
63247
16020
68981
64259
16882
26233
70313
70513
42677
81140
90620
19858
59928
89685
71953
77160
22474
38625
75134
14359
87544
13136
56309
63769
90776
47204
61409
29287
76863
34286
22180
36123
72290
73761
83506
32546
61602
2957
54643
19636
3013
8346
11723
33782
11877
24177
89652
618
11550
10137
2254
83337
48215
81204
14248
81948
92352
82800
87241
3661
8731
94119
94063
10855
66659
20904
54909
16997
71960
11965
33237
54534
54887
78464
84773
12560
30616
48866
42193
4062
89889
93836
85126
68421
32598
71720
38927
94396
76249
32729
60888
1293
54942
57089
3844
15422
42868
58515
67375
67104
75165
58511
29732
1194
72239
53577
56814
71047
72838
83517
33407
61110
89018
24001
16120
2674
34475
72531
39422
49616
39865
68538
42157
73272
16861
43816
58431
47129
67259
26534
56867
32527
56987
81683
59661
88091
57943
59667
47308
47688
69900
6435
6066
62813
78328
79655
32040
72064
24716
15742
53716
43109
8022
91866
39199
15885
15821
43237
37930
92337
29256
66051
5834
68209
53229
49069
65337
31158
10674
59060
15552
87583
83412
54167
5344
77329
40726
40270
30620
29773
10519
37691
45391
6916
75926
65288
43317
63428
48706
84825
49107
24318
25898
26385
2755
24800
20331
83593
9084
35085
93956
93248
1071
17981
693
83438
56038
18671
91310
65067
48559
61658
62376
27286
39842
61821
85652
57387
76011
24652
29138
72885
30712
24911
43180
5831
58885
41469
80146
10021
65593
66794
82271
11066
79677
89558
91199
22439
81382
24512
65156
93925
77663
85555
59203
38361
44516
13685
60217
51694
28102
60926
54086
11621
81889
48702
31895
32603
80866
79945
66897
47850
12133
56897
9080
51032
63058
24667
10425
29429
10735
67035
55805
40513
87536
67747
29650
74267
6473
66941
46117
78763
69503
24772
30622
70214
18947
19656
83900
93880
2125
25222
2277
9384
68790
61341
3197
31542
53803
88984
24453
85082
9786
51109
36305
35801
54314
56049
45652
38732
50934
19245
50936
89285
77638
22768
43502
22524
89590
8237
91535
16835
23926
71269
71016
2506
73753
73223
67736
69604
82082
81174
21039
23969
56468
86385
37178
60984
9746
54457
69455
62766
73850
14622
8348
51567
17951
49083
21940
57057
76702
62848
34117
71174
61876
12183
79693
73651
74965
90383
4448
80840
73532
16525
24693
83751
27580
494
62920
76921
60065
51997
7005
13504
69030
54159
37998
22630
39076
29617
14665
92545
35613
23186
44448
43794
32017
64604
8403
61890
33851
46274
89149
49403
87202
76769
91378
6042
25005
5984
88794
73939
64087
56548
9898
32016
65243
46672
58043
33535
67471
14681
88109
58295
5619
24154
52984
66492
32825
5983
19136
83204
65562
77885
15804
77132
40949
59096
48253
89440
85054
77809
47722
31487
62069
82156
32239
94084
32043
16247
55701
27489
51490
41422
84152
10527
60776
34415
42154
11509
48396
3728
1200
78352
84254
39372
1359
44899
48402
10134
36942
80811
11789
27424
79022
75764
32943
60849
78546
23014
29724
83089
3222
79998
75104
44078
38406
83803
5540
21444
49976
69376
60985
9978
86377
589
18941
52578
16976
16880
26849
7372
71454
41805
46226
85625
90347
70007
14467
66425
18742
57449
93050
44536
89952
35825
66779
69147
32941
89277
12654
93952
23991
28162
90290
44934
53102
22850
8741
12197
15755
58393
90184
60992
13431
88447
16894
35667
17463
76779
1792
89397
20421
41632
50020
90015
6009
41769
8471
31693
5343
85543
934
85534
484
77824
71445
19558
20782
84794
3113
62360
72076
60192
4143
63195
76907
66312
7173
5515
76864
52284
69083
86413
68105
45928
35590
24451
27554
3203
78417
77118
9526
75002
10357
89543
89083
61446
13770
4614
38656
50749
22795
14635
31350
18115
19662
14288
32117
79923
52428
63002
48107
23557
3515
71398
50046
90593
56268
66262
51358
90606
56380
84012
66383
63645
15075
74140
7298
11805
10446
78334
36601
81510
31028
47483
19458
1659
17698
80500
69708
88904
31108
18623
26555
43291
36740
50804
28298
87056
50238
54343
66255
67395
83483
66752
35182
5302
92701
3208
30258
61806
93906
16033
22632
71947
19208
5123
83989
18910
71608
32777
44115
39721
63745
40097
20784
28992
63980
74597
60552
88527
30681
52858
93858
27242
91715
64944
3817
43795
1308
60920
63183
58618
39366
23645
7769
4076
5146
74262
86727
9944
82553
66746
21925
72341
13543
58857
251
51397
38219
55422
60866
38947
25989
84949
26945
55452
61307
17695
38371
14149
64057
70307
40818
1304
77533
53227
33279
88588
59641
44491
40769
58318
2001
1695
5283
23374
14152
31272
15461
56256
65116
48236
10540
57989
50864
26157
92877
22667
40971
73560
4113
48439
50779
4704
49114
31923
385
46171
45596
58994
36838
25632
88671
16648
39023
48224
84555
72305
65978
5213
35541
23048
80221
88675
42442
62539
7216
8430
36152
60244
15310
39240
34257
48358
59825
66720
63189
47450
49739
28589
4332
40458
47973
89545
28820
24120
85429
47341
89079
18085
9142
43639
85817
14562
79919
12445
751
23437
14431
79796
28019
51984
42866
49867
93770
61724
72169
32240
88441
18420
22470
32348
49942
60054
84596
12809
47924
13796
26962
5383
15719
58574
19761
25211
89302
80587
20591
45248
45054
14022
16211
19554
52294
82823
22320
52902
66517
71035
88124
89827
77393
82629
43836
60180
74844
90996
53755
1587
47336
66080
72175
48092
77261
53696
15778
23279
68236
91133
45667
84935
59871
86463
23091
61621
5858
488
45043
59886
43257
66131
38539
15790
79691
88295
38609
75675
67438
22584
55567
39009
59569
3880
81920
4717
15378
88611
7304
57748
39025
16347
93268
57052
66062
58935
36976
89620
15462
63507
94587
64724
38677
65958
20087
40242
79312
71664
17789
6716
64412
47333
62280
23636
11396
17116
17885
83570
35039
20155
77012
11690
46792
4343
34423
36897
91366
76644
16345
31512
55390
74836
75546
31340
22953
10085
39174
36788
63461
46981
15081
34583
10764
23788
92040
91466
39854
2239
93752
19126
129
54232
68148
66450
16705
57691
81271
57909
47158
71294
7882
10541
71487
54578
50367
78577
91894
16306
88924
24578
82435
44409
8915
5224
79943
9579
34214
51473
36140
11636
51531
53338
70355
54310
70490
2782
49252
19211
53798
63389
8127
15635
22408
34321
47993
58363
14687
56497
73210
91867
60898
76436
18469
67848
11309
7977
90928
41703
57280
83787
74650
44806
2857
12260
28612
69514
73055
13523
66043
32538
29682
90612
27322
75529
23379
38862
1288
35675
37619
31066
45478
19349
61213
7046
13994
90136
69014
17332
62944
16793
25198
35855
86146
91193
62325
1258
40422
23653
77109
65375
14457
68643
18230
59260
51943
76658
72272
31500
93006
54071
91031
21735
52924
64222
71069
24794
61272
74307
60808
78150
18932
81377
36216
44388
25171
54977
27077
39927
2871
54574
58348
66726
62009
92950
62788
44126
88497
34943
7639
70541
39998
20024
37423
48184
74387
23573
52736
33855
44268
43286
71276
93102
13916
32664
45584
63951
22567
82320
1384
89413
18726
12476
57573
63340
39876
36628
85107
93881
20523
33625
3576
55211
20669
85179
86382
44865
50948
33584
82679
72951
11037
10554
66410
77882
1173
64155
6641
40189
66039
64768
36587
52168
65677
4030
91316
1387
40973
75758
57659
30539
31203
81264
10536
26499
1895
11598
57143
55125
28649
48367
76357
4837
34371
26382
83632
86639
65842
70869
27449
83019
67662
64888
93845
43966
4766
903
82466
18519
74310
9176
33422
26158
8492
52744
48919
21599
6533
82955
38357
6420
4282
81990
14646
62262
1263
41115
76898
16458
13817
76463
35520
10086
10356
79736
8426
18316
57976
28732
88492
11711
70108
90716
46504
77412
60282
37911
51250
80270
39354
43897
18682
13277
20025
81050
71870
41208
27339
81857
75660
55415
93798
71314
72778
7841
80820
597
24663
15620
75656
50656
47916
14406
29436
41183
90580
58987
40173
6256
14040
70859
10625
82586
37257
64787
60393
15372
1967
20760
79206
66927
89778
22793
58687
9005
34810
42718
70503
9239
38272
2783
41091
10368
50762
94127
75308
17995
17648
73148
47707
93677
30813
76979
50492
29959
54172
56545
33610
25149
64536
5414
30323
8880
6642
71710
52932
22929
13282
57104
87160
12152
273
515
14283
29555
75554
70969
9553
19725
13217
42639
66489
59608
11632
61350
27248
53736
41466
45524
71854
70611
78227
30227
93628
14582
49467
290
30876
84876
55303
10966
60502
27380
83301
78293
21689
4369
52794
80516
83580
4224
46750
2717
18110
40809
6837
11473
28246
16399
21132
26820
34808
90736
55624
75038
31365
91002
48763
3495
56936
71638
1485
65151
64359
15632
88974
30555
989
1520
73268
22071
10544
66856
60819
3282
5419
73239
40034
26446
78480
91091
777
66377
26751
93153
82645
30961
30271
43413
3957
52914
12839
2758
49643
57148
44623
61337
11274
67117
69394
39061
76235
90627
54518
14972
50794
4317
51403
91977
9449
56335
76133
88121
53008
57217
82479
44627
42665
92935
42803
46966
32958
88464
2256
15801
15862
1500
2435
38976
84406
43284
93250
75488
13576
10571
90935
36909
6908
14444
50312
91461
70377
3605
43228
66073
60736
85390
51622
65208
32499
27081
78619
53725
69347
40716
84652
52157
1193
31962
91592
15810
60661
18289
61956
60490
94670
17083
78616
91367
38967
86449
63778
18827
16437
42560
46583
61041
93867
27202
67546
73461
52068
92373
48854
22196
40447
57462
83515
89328
67799
7799
68369
88603
5366
25547
71115
10125
13091
25029
56753
82609
5075
52614
53497
63397
85642
85011
6240
68694
21610
56902
46803
77772
40358
35038
88951
80753
59944
16543
84620
76090
55163
54216
64038
22991
75899
38108
56848
94754
43514
38226
73699
81736
48207
123
92254
18934
70842
21450
16210
92031
54666
94492
55407
85845
23838
79844
11199
32332
85170
37878
70259
7109
60428
41222
59069
6949
59612
46
56261
81770
46580
28038
3636
16709
10675
62122
51767
55132
44461
34688
63540
4477
76915
44528
37336
23041
90727
48908
30988
24927
28054
70523
68711
76645
52454
82308
75159
50299
76274
45719
66646
78215
22493
33876
7388
46560
78513
88911
20319
85146
65608
91650
39813
57015
63365
30733
89453
57701
51629
63650
33365
38730
12245
46539
457
91212
35579
84350
56245
38960
30244
38993
63400
10114
7020
46946
31123
72726
80933
68717
11593
45980
25700
39625
67173
18016
61773
10587
89314
84215
49354
49179
40804
80311
41960
65110
59181
81844
22326
33024
29981
86446
23496
30822
20077
43589
80515
14958
21879
22219
60042
33863
23637
37649
24684
78695
9260
25562
16943
59093
841
89386
3368
72014
64308
28031
70238
52424
49126
78797
35369
17182
46121
42888
45847
24443
71645
59952
53689
3005
76868
92947
46631
44962
55318
18598
44546
22436
63596
67996
27747
60376
63934
28202
50541
4761
2779
79927
20117
25997
57371
39438
41408
80707
90979
23130
4045
25146
21027
60647
40089
31597
66374
12380
89171
5122
64233
44101
66931
951
57175
67281
91041
88448
12716
52464
39382
45150
40622
17028
46197
38231
88802
58717
84456
55768
86624
25095
56828
84535
61680
7869
30734
77285
13006
9440
23319
18291
78890
79153
62976
90686
32309
57134
19990
16139
92598
85161
80418
14087
24616
32876
87645
51890
66750
23154
61855
44050
64015
67324
69742
29184
67318
26210
57755
34283
66114
76944
34542
84198
14442
79
16236
18854
35536
41480
18369
48437
89836
64574
2633
26934
1522
61798
28066
57011
64464
68622
23847
71468
28607
15518
3692
3155
74381
18268
89614
60711
67399
60481
83214
57626
68780
6357
87627
6630
92390
68151
57514
48072
86392
83651
77883
78292
53480
18004
64401
92650
9266
82888
77944
48210
60338
32405
46457
68427
58836
51903
18793
20353
13609
16823
64370
59579
82717
14937
43849
68840
46572
48734
23281
23215
5885
37822
21094
52609
77921
82966
10374
63985
94247
83932
41084
51583
91064
32610
52942
20625
30264
24750
90931
74810
60452
33134
89446
87812
47378
66032
63106
4729
41472
75240
8342
26984
70964
89610
56467
52039
4787
39771
28248
35987
2604
17661
33968
53050
90486
9466
63059
45280
19794
62339
11985
1278
84687
1307
46127
86419
17990
1012
48682
46649
84451
68837
47805
60243
86997
13683
67433
37432
6574
8644
9994
8343
8307
89706
28309
79938
40630
66345
81927
17522
65975
29915
48021
71958
31262
7279
1779
1830
88577
46835
1231
42986
24831
26740
82865
71880
65264
39389
50150
79364
37560
59289
93666
39553
20478
45237
71534
76350
59995
41585
70484
40305
78346
53680
82952
58416
3766
67132
44185
80308
39188
26543
313
8281
30880
86640
33943
88752
68481
68668
56669
8742
12307
54272
75174
41494
73456
37052
58099
62218
16540
5335
5189
76989
90038
24185
76683
25181
51115
22538
30819
13712
29998
82278
92981
5009
86270
30002
86170
66965
52896
4032
18740
14430
63199
23730
73367
64329
29943
37049
51867
29858
42436
59857
1616
41941
61196
17769
68323
36675
59151
52161
57204
71677
1568
20874
27230
26051
72550
86764
41054
94689
18155
74663
25974
94163
32193
62562
55798
37760
50894
92407
75944
87291
32871
1381
35534
26873
9413
90588
27607
27162
49827
90494
65021
13693
41057
3520
36507
34869
44552
19991
47961
20837
42632
47076
93978
40201
17015
79993
49834
17833
16502
42017
72061
30514
16415
16138
68905
36395
71900
24937
9563
63968
47327
32470
68377
46797
46152
45857
72963
53139
75175
31128
39746
21058
43145
55775
66466
38587
46765
41589
76869
33200
63401
77084
60750
45670
64739
19694
7222
71984
399
53199
75131
10321
60068
44069
44
59254
61913
6326
90360
78758
11398
88063
89210
4126
50056
60212
78441
16429
11218
73845
59230
70157
52244
21746
84664
15460
34994
21172
17971
52918
38093
28127
1014
10697
20883
88638
829
41607
55867
38789
13097
24729
53867
3749
28652
33624
39449
53856
17889
71171
34305
88326
46147
66142
17046
51271
10080
57950
65662
56913
20788
26724
41066
52856
43150
25248
77722
73209
75090
32081
52372
25621
35012
24289
18895
18847
5577
47711
58929
10621
61887
45338
33905
14994
28429
45720
10565
89719
89478
55783
33094
24872
90663
39320
90771
6324
50650
67906
64974
38548
30171
739
82846
55503
27480
83475
5642
71052
55654
66145
47201
25778
46097
164
24101
26342
71311
56557
52077
27204
46578
90734
9890
83243
66766
68371
19070
1242
80
61930
82484
66744
43548
77431
94149
80526
68713
13935
53047
18329
13303
804
87497
72025
62670
20778
26634
6303
22669
70203
797
13150
7743
24505
43084
5552
66845
10690
67245
71092
89693
13586
67326
81145
6717
28446
17664
19843
14486
59523
20125
57256
20415
8174
66480
54867
35351
90918
21202
29202
73273
73072
78689
21270
77953
44241
83197
18931
1571
80551
55400
34677
72563
67285
39724
14924
10977
90836
62900
28193
41862
66154
64879
54765
71181
39070
54236
35159
51007
30890
59281
79362
72640
83817
1190
52481
87821
93897
46846
59600
50622
71755
47785
91183
89892
59776
79590
40681
8974
10193
11118
78665
78733
67451
74473
13261
81230
66583
17729
86656
56416
35218
47311
62018
74787
44096
46263
43637
53242
82770
59258
52558
75091
32036
81305
11161
79192
84553
39012
18123
19396
61796
82364
77013
56576
84915
70547
40082
783
29526
65577
19616
84442
36872
2539
78432
46012
59511
94417
47419
78274
28834
63836
65934
18921
73839
49674
35415
65903
78512
32623
92730
4400
7534
49603
36524
86334
1543
11401
83237
94017
45531
11921
26062
6625
62279
92098
57861
36309
12327
88176
57401
70133
37181
1427
4479
36939
89957
53785
38892
23396
22557
32518
71032
591
35094
55006
91432
90806
88601
66591
59575
63694
47156
63056
21050
22337
75462
27059
91421
85464
25433
75231
85147
76387
93946
90245
72221
28348
91515
61374
79922
80784
41319
44282
27151
19886
16104
70776
86611
34085
67790
8392
17740
91159
84499
19000
2757
82549
45106
13520
59122
92394
81097
23004
3468
83138
9145
31424
77077
5924
21738
67058
52566
13786
60904
63090
90048
62374
79193
39728
48505
3240
43385
30374
84160
21363
47572
19630
49640
80740
2185
87837
63703
11769
26856
51179
66857
79218
33862
10220
39695
33937
57568
62801
11960
83352
3821
20387
38351
14416
75880
35791
64210
24755
22580
27675
17598
62431
75111
88528
70701
7881
82258
35744
73917
64745
83116
27856
89753
51540
62739
14965
78489
12680
47143
36287
16713
89282
80330
21319
4511
39464
41489
40475
35065
50459
19589
48351
70600
66367
68937
84948
27743
68183
92703
69953
67053
14394
39492
8074
45957
81718
27238
66602
43714
36483
88298
52801
52097
57957
65358
26522
83254
33753
43475
97
53168
47943
31181
46978
89391
85235
3514
67804
48356
60706
40773
71478
31823
65615
70810
6566
71187
57074
35288
79399
8498
51960
77770
65109
33092
8387
73648
83059
85541
22090
20128
76788
44108
4131
76976
89343
26585
45323
8033
14247
37996
71747
40641
76267
7998
73428
69858
94540
9464
10112
10183
34191
94659
87155
82917
68679
7254
82506
82972
9622
64783
52185
49008
85589
70034
29921
92522
3927
35493
19382
49035
42715
40921
36405
29600
38309
65038
30207
74278
64345
73164
32873
76389
13782
44281
33388
19290
29183
35532
66718
46576
37219
28148
11410
84660
29038
17456
49862
57470
1457
93826
48109
33990
21382
1115
23313
24868
3213
74279
82066
42791
24613
28511
20581
17479
3481
1259
70791
44692
45891
37887
65175
49217
8940
92980
52206
52484
80156
90326
16009
3479
64147
34459
80527
31839
43390
73986
63831
70594
67121
72847
79746
65667
39861
26180
59192
90452
82753
86171
50452
51647
57465
54736
33035
18306
11739
58064
75329
79990
36799
79430
86452
90484
22933
13694
16018
48844
19639
56423
85926
24163
45136
74299
87426
51970
41579
16099
67449
19077
90795
17037
38664
48081
43151
28177
92129
89703
74249
79275
21765
15213
53626
26415
53038
31571
13743
17719
68914
75703
16160
7427
89572
19114
25504
29332
73063
51418
78809
15388
44072
5406
30843
19888
78099
47399
17505
84881
81133
57984
60995
80375
86408
4827
76140
59253
71707
88986
35005
19255
42948
24780
7908
17645
88697
10203
69026
70197
66956
94254
2573
52222
51889
39779
40939
16062
4377
60000
65176
40596
80905
7338
36776
72490
44015
45991
19001
14016
51106
73021
86686
29728
47840
25913
63764
15476
25894
39822
72225
58761
58207
65142
83706
42316
45927
41704
43494
56053
49864
74809
84624
40826
46903
41570
8454
76941
33264
54842
48345
23974
93270
4763
74704
84641
56485
31563
28050
63387
89966
62780
34874
72119
17807
32632
13172
9369
85526
91022
32800
17876
29453
73852
77666
58012
24709
5322
82874
67327
78618
87002
5643
26728
58735
91495
88424
2932
31761
74589
36755
45811
39527
90461
12885
91039
50394
63725
51009
33655
6110
6969
78939
45968
1963
30519
27164
2278
11624
26611
54779
84021
66895
21068
55334
35627
26551
3144
65322
32737
37786
36569
9617
5341
28137
65716
33530
18335
11122
35237
39795
69906
43261
45702
80096
85411
84614
66402
45134
91786
41566
12224
94260
44997
84578
69064
80484
46315
12273
66236
18330
79309
62553
85217
58609
1815
39808
82767
90217
83653
70147
19213
90077
90569
72479
72412
83141
90146
55382
26294
62093
49379
6659
76663
36109
4460
25660
6935
56191
33545
68167
67055
19106
90747
15599
41767
72762
32804
84566
4850
19044
28367
66634
37765
18657
71328
63914
22731
47318
91946
24246
25607
46393
75526
42811
13755
53982
27091
58382
46815
63874
36147
17412
53173
38040
16307
72614
2661
13951
41672
39430
17292
4214
79344
64496
90568
22529
5951
52694
71527
27435
77939
76052
46686
57920
60486
85614
18723
23128
3544
94224
72273
23961
46885
32005
27951
16517
72083
56465
52249
17732
25571
9031
15454
30320
14243
11783
78770
22045
7480
36894
52846
55804
83567
20173
16961
69238
80220
34964
82485
25125
63676
77507
60174
60392
65722
19194
56479
55802
59158
78002
45506
41678
38646
19187
23462
25721
60278
33198
72036
72308
41459
45344
59945
75225
24885
74353
23189
14830
24506
84649
47095
7867
348
85809
78238
4862
75058
41340
60248
90881
14594
18585
79505
90802
79784
62975
25221
34176
68240
5621
16905
14630
8077
87826
21828
66552
63148
83658
26161
82638
6013
49977
65332
23713
22656
6899
47605
7436
52306
14274
49485
13945
52099
73931
65852
51941
54603
79501
25864
32677
57091
73477
56845
84184
75031
2048
41556
24334
10383
93039
4344
19368
88428
21371
53149
81479
20119
38498
24227
15375
91632
92215
61352
21673
72522
29715
54485
27194
74319
51650
25564
526
94125
12738
62887
19235
28198
42795
67728
47660
93598
87282
89415
60378
73385
65533
5958
12332
73325
14761
22392
58420
66102
10746
58477
67924
10072
74130
68190
19129
46229
28078
74046
86075
985
84590
10884
20660
77841
63682
6319
16707
67006
39428
68574
34187
29231
51589
73542
43768
22113
34279
40072
92864
57591
75458
28616
62132
27102
29561
4046
86095
17703
48348
53180
73329
44839
49609
64206
94802
1306
31118
58438
325
36616
52292
36803
24619
42175
79396
72862
29767
48058
9402
65521
23079
70321
89248
60289
27027
80798
9701
59472
14342
48445
3754
19982
2522
38644
80794
79999
65866
53383
83266
45547
81217
31422
60206
3525
40247
82562
88845
85864
37633
48258
79224
45491
82576
30287
71849
43990
86645
28824
73121
58737
43411
79278
69806
52392
85623
61867
68770
40495
64537
56676
51198
49364
55484
1569
40130
70902
26224
24110
71274
1903
43338
25479
21458
27031
81126
3339
82799
71057
52774
66526
65580
92766
69500
12828
57629
93662
37752
9460
8710
32278
68420
78656
20699
91623
18918
88200
52112
82416
39720
32471
65650
52561
37963
42077
1731
70633
45168
11062
68090
71260
79898
27838
45631
85583
7447
24862
68437
13320
84968
56970
46761
90445
45603
50068
48315
82330
68341
33569
89794
78792
26373
76303
33542
67995
67138
22023
13010
9111
77584
11980
40123
87186
59087
18772
18376
94838
52379
13513
14730
14001
24351
82760
76228
59675
20159
65182
9357
11732
10777
33393
51312
76748
23887
4348
43434
30833
73258
82603
10654
48446
27276
54297
55736
68998
2307
87580
30426
55797
11634
73292
91255
15976
31316
26779
60600
53408
13931
91302
85117
31657
12355
40994
65014
3424
72151
186
40298
18056
9731
81609
86074
22277
13869
53832
83756
6978
85804
17758
51200
67308
57946
18481
65399
40693
84841
78349
10888
92277
70724
73109
15705
69011
39378
40952
19423
76848
81619
20107
85055
26112
30934
48776
56505
19842
8935
29192
5905
87713
57510
88874
29658
59813
25814
67814
43670
88166
31826
19967
63927
50628
2659
4173
39471
596
90994
67892
64775
66608
84391
91791
8060
61505
53449
78267
40845
27968
82094
72551
56997
91449
65347
60223
411
3830
46001
40614
24610
10520
83990
29253
2781
4727
1806
37954
21552
20234
79282
40678
19031
53000
62309
2897
74911
29029
3431
48678
64874
65605
88996
4027
41096
82342
15562
85808
90784
56247
45068
82119
36365
91215
74234
50400
57009
19175
35518
2053
22377
35289
40889
17977
80164
16134
70898
37434
36754
61495
16489
73603
86279
3839
406
36079
50169
47412
31327
16578
37738
3789
23193
45898
9391
14952
26362
56572
84534
79718
82707
27558
58690
68471
48801
75071
83711
62601
14558
20750
93907
58862
25590
74751
13708
41273
6426
84222
15541
77395
56537
13364
81810
22615
89684
34549
84701
92047
41542
69135
89992
75600
47415
58256
3086
89188
69771
32885
41836
93480
84221
31032
3641
90898
82165
58135
52754
40792
66774
28241
86736
56616
28089
21366
16929
1089
46771
13835
67176
3475
42675
75655
53986
4129
19919
18342
51390
33900
66469
81020
49227
15030
18157
57693
93793
71509
67958
66643
62230
2521
81259
32765
80948
52471
56830
90700
23699
16851
43617
84886
70069
89070
22150
73483
12125
86156
69555
8138
4308
81679
24597
71369
64120
40904
69181
88362
39958
73207
56020
47452
85387
30671
47185
26367
59032
38945
22879
4721
16921
3027
14242
1377
62393
84934
33036
26833
62259
10766
82486
5010
5334
50713
4397
79563
94161
39478
50593
62166
72509
22370
19254
65920
55228
88189
3867
18574
88211
33536
36921
20726
52648
86688
56232
75101
76121
92613
50378
20507
6656
22970
6225
10692
63118
25220
7787
85949
28425
49662
67030
77278
71040
4807
37632
21470
81755
33963
63217
11475
77626
2987
70901
26607
45749
9700
60056
84781
90659
41223
86336
88721
86679
22356
53339
21563
64672
61200
19519
53990
63294
43660
48587
42970
82508
88048
5091
42926
34971
46029
67539
35256
2568
54786
93089
87993
91564
43633
84146
8799
15174
42265
81360
49419
38761
35144
7014
2622
53285
89475
90378
83407
51882
18914
64256
70674
33391
21394
4907
38150
92305
52475
36171
55325
77063
39095
65780
32294
36219
10820
72517
15402
58090
93970
72252
46623
87301
61033
73333
32245
23817
3351
3484
34781
51557
25511
5917
43182
51558
17398
38478
78046
93197
39071
67122
6999
91927
39567
74068
8752
38604
72709
5485
13822
47609
38415
50420
22406
51483
2700
34359
81091
17135
30275
29501
36974
1771
14897
86718
20653
28915
26667
60841
15764
23684
21944
57463
69623
16370
13950
47670
53874
57794
8544
32544
38349
4536
93806
84050
47079
13810
4977
44542
55416
82365
43991
24171
58231
76954
28481
80424
62002
13946
3787
54566
16212
15645
11685
19954
47420
25664
13135
48068
74682
80926
237
65681
18382
27567
2181
73981
5507
49761
86119
80087
37718
29161
71604
17460
62378
12881
6809
23364
40144
7553
83402
26345
42827
24235
68718
65674
27082
60578
66165
24864
29275
28653
54953
73068
88449
20211
47197
1717
33486
4355
51406
87577
50263
59711
2514
16409
7036
73399
66332
46076
86761
92499
65299
80060
32397
61396
31635
26829
71304
68464
65076
51811
36387
69154
14900
18730
18200
5997
50119
5190
58952
56199
85578
87669
5542
8470
69069
79962
20899
42722
38878
24164
31990
60935
69377
81162
27427
84815
43532
34557
84054
14412
83298
2624
82016
58229
46403
74490
55102
40737
26083
77035
24838
49494
4402
94227
79244
44036
1235
4300
80823
84828
40438
58234
75901
54466
50249
5359
8168
68279
28336
86501
81363
28960
871
78255
27018
64835
36552
77589
15435
48978
36214
56874
53078
56079
87507
31380
16223
12643
21739
74713
65592
13056
65726
9056
91849
1312
15600
73958
35559
32984
66970
7522
81943
3895
11172
50735
25836
65195
32888
48095
93120
4243
12168
75722
69738
88838
53051
31858
90886
25086
88356
1147
56235
72286
31069
63754
42920
41462
9064
56844
94485
49255
47981
82152
55126
31690
83012
72822
31238
34463
62987
87402
72437
66605
2119
90065
67363
82879
31322
80747
37344
9187
14791
82061
82616
12386
33657
8090
45181
65830
84561
4061
62954
51787
47122
577
85048
89198
64384
67088
70749
54157
66491
22167
82626
38979
88128
87019
6451
21449
82870
14286
29799
82714
82448
80661
87474
88066
1261
8709
74096
17177
69516
28153
36646
32424
66226
14113
30234
60150
33385
22701
4205
26926
58293
52277
41116
48135
92925
78544
3346
25279
69658
12664
742
17948
1282
27453
68131
92757
89309
81375
21189
39205
57218
52364
22642
20636
60084
92205
78120
25536
74724
52346
67131
180
75715
94359
92078
31946
32497
529
43732
27522
11
92778
93101
30639
2995
75089
86048
39258
9030
31390
82945
58403
24956
94143
64458
55604
68475
30504
29111
92858
30893
66379
91713
32369
82905
46887
42292
62490
7965
43601
56779
74812
75381
34520
79281
43531
88106
37506
93014
23342
43871
71577
55773
57033
83694
41763
57525
55493
51031
53357
30051
13174
47984
27525
17701
74184
29955
38423
9491
4269
52539
26891
37564
22115
63127
17560
51172
91911
9661
27094
55678
74586
69274
38662
42384
88523
90990
63848
92189
20362
75322
44158
3665
68495
93251
87763
43371
94842
49552
83513
92193
67776
70568
21819
84562
9653
24706
80745
84675
76335
65028
60771
64520
80420
67824
19377
36296
63496
83127
13463
88144
15167
81351
14648
12751
54915
36883
59652
29653
69621
65791
50971
52255
81967
53290
6252
8230
36968
74270
10559
76199
20913
36473
76722
90412
90474
5772
43140
51859
19040
50255
1351
93627
76883
54738
43819
17571
76567
69107
54541
22312
26179
15733
88195
86307
83283
13531
22719
69332
83877
51961
89154
41573
13585
60397
82627
66807
14116
32451
56233
67503
23445
72964
80331
35991
11824
61018
53014
55814
1052
64948
70359
74124
22003
61309
4659
87088
56980
67645
51789
37988
93586
35755
12517
45557
80810
59002
64841
22510
67183
15929
24713
8733
88889
55640
39002
4011
31783
28466
24608
49355
26403
76207
78670
68760
10701
36709
9081
36280
47487
10418
86331
51633
35539
53422
13050
44227
48911
18287
34489
14466
45148
71
3008
36138
72
4221
30809
90905
74316
10177
29676
22845
65389
3847
24217
72026
25903
29078
65999
34210
19864
37788
85400
8768
87517
75469
57887
36925
83410
53963
46267
84366
7854
75784
85473
85835
45258
35668
2153
35494
72660
11414
87959
94249
20685
25238
93543
59470
30931
30378
58377
86163
9362
14526
45902
28414
66028
4812
42563
57461
32519
41928
10562
45262
69970
3966
84991
26005
6389
83775
83498
80222
43312
33943
91720
14093
10153
72250
49152
23105
89476
59963
83857
87685
60169
8095
40785
85617
15388
33291
27431
68370
29873
74168
13447
14971
85094
1237
30040
11204
58874
31809
87604
8941
49178
35451
37316
3315
74691
61962
39992
87359
90880
51158
31682
77881
41213
41981
16599
12981
49488
9885
29033
