53805
19104
19518
24752
70609
30201
45680
63325
58478
64039
32630
21293
50248
56619
29457
57198
17037
24840
58273
16419
73627
16451
41604
60090
27902
68345
23142
69824
42452
69915
73108
45476
47027
41325
69163
42291
70896
30698
40293
51001
2082
71481
70767
46399
23274
65181
41635
23074
38092
28832
52753
42622
11396
9487
67007
46841
3327
15820
4082
54633
56442
28257
10169
57790
5079
42073
70150
23785
58676
39669
51987
31842
31141
15151
22595
73593
39383
23166
41814
49742
51202
50507
72157
12166
40897
53650
20617
39936
18265
37831
68573
33494
6448
74344
47599
59345
40884
15961
38714
63361
53435
67066
62626
27620
18839
41700
46579
51705
46201
58297
67637
23900
43123
51386
65918
3859
22654
52436
13
23229
60601
74350
14428
71841
31783
2395
24468
46197
47362
42744
21877
11504
32973
17602
24669
30955
53162
43229
437
19645
27929
7686
69388
24689
29097
57618
11802
21546
47023
55940
43599
48451
66036
8678
54590
69008
63854
28060
58210
72051
72523
38868
36510
61168
53567
46245
11992
6061
66027
70777
20676
25434
12286
12448
47573
2862
47157
73912
64441
18562
39901
48331
47673
17748
19970
36194
24505
41174
35660
35921
8744
35465
45061
28276
756
27338
9110
43180
72258
41122
66464
61605
2610
72006
41794
32589
37556
60381
24558
416
52930
74373
63129
651
50093
9101
10689
56922
48169
49040
73362
34168
15688
23214
61596
18405
46902
7657
26902
26478
2149
41414
73961
8221
43300
15693
45003
63049
30840
10287
73045
18996
62762
49444
19213
46157
22475
70678
49417
45474
16367
18082
16057
42043
976
16964
28866
59088
33847
45111
31822
29017
10850
30071
31431
70888
52559
27979
52631
2724
38323
6987
29973
23725
36314
65453
12241
55124
22146
20224
28374
21907
10782
72476
48741
74313
62273
57420
30513
26981
63065
14381
66896
35846
30664
11790
18603
40518
68271
49150
18776
20627
23048
13138
48052
70269
7628
932
9797
7828
23575
41459
4594
11988
34566
61153
49468
12168
62842
27452
60914
47894
19502
65830
55807
26509
22783
41991
62165
41023
21473
2716
7148
23949
18337
11937
73312
45099
27421
23930
71220
7658
38225
72267
63213
40725
4826
16191
48538
38293
46239
47231
10393
11871
16638
49402
50421
11496
13420
934
48197
47842
43623
23353
17102
67435
46817
20533
16552
10802
70211
70176
104
32220
51000
67835
63087
2004
1395
11623
28339
10592
63829
12665
52532
6872
19396
71238
37070
10041
66858
40714
9569
45393
25369
11049
70005
20196
4656
18665
48309
48000
46724
58793
1350
14256
24879
18333
65079
41366
73926
72266
50261
28253
4925
53009
69741
58095
67337
36337
60246
11146
23337
12225
41232
65908
4365
58694
40500
10607
36728
14932
11828
64780
15509
50657
45521
9720
58371
53005
7226
19808
22506
27868
61448
53093
3948
33016
11607
23478
18571
39066
68034
50750
65852
38697
23836
71714
9985
38707
56863
18433
72828
19143
51503
44137
6664
22437
13886
64167
1936
26913
51986
19841
25614
62872
53117
24910
57489
28067
32987
62695
53233
10866
28564
66679
27786
57736
9701
33754
38374
55516
7077
24610
16236
36742
57143
25115
7741
61007
52215
25515
56945
13682
49146
68891
38409
50126
66976
45532
7430
69271
37827
30495
61267
46438
44833
8002
43562
40774
25794
35143
21349
72126
46471
63521
51599
10195
66048
14803
57092
18947
47498
61674
43024
62926
46707
29086
54888
68375
17036
45102
64265
32381
33953
8702
20135
32856
54386
58133
4688
30206
8755
24148
16752
4427
22621
55688
51281
36989
48842
52620
12899
71914
33680
34220
24573
2511
48476
47534
39608
64655
60546
47508
70297
61865
61940
26045
68788
63216
59047
1244
23758
70612
23272
12917
68178
11462
12629
22331
14392
29853
6918
17720
834
24119
13638
47377
28086
62935
8335
37181
10788
39054
40302
54961
46489
49246
24699
41096
71247
57209
29714
71240
58848
13585
46409
71687
52600
6682
52883
44642
15145
57953
17282
42144
15224
14326
49256
36574
61189
14198
3462
24258
45312
47328
20397
19398
24647
5489
44527
59383
4747
11014
26450
6241
15242
21431
8408
1599
32219
44359
27582
2289
12622
62069
44564
25049
25628
51347
24594
73696
18495
58828
22160
53537
51735
6889
46273
38654
4132
17454
10701
60321
14419
11671
12577
19643
64012
15081
34569
16580
29610
52320
13007
73733
53826
63524
53098
15270
43870
46638
55735
55043
38463
45889
64067
42185
41311
55461
24948
8048
29465
58009
31276
54152
5602
26410
28905
54125
5313
48791
30076
36047
34824
73570
11706
26832
44755
44872
51394
24885
60702
52371
33551
42683
69345
12233
49326
4020
56738
69816
48908
10120
43632
71672
55313
56880
33191
13614
27455
48248
59904
44471
27491
37088
17991
36346
13882
61033
63512
23931
15540
47706
48445
8726
9438
42497
9408
67697
36974
55045
7775
1008
65343
21743
48144
53212
46287
33458
29818
45994
63818
57831
4567
18882
63320
72702
69265
68638
42519
31966
41120
46773
40145
64826
57003
19474
4084
58430
66689
66685
24570
4515
60682
48612
5581
34274
56672
35030
40771
35187
11533
49708
61099
12753
45744
11391
57233
24998
8233
73691
51307
6900
72611
7805
48303
54407
69267
71822
4193
42218
21077
22548
57181
61726
7064
68918
69376
44608
2553
46749
44662
54193
60007
35577
61973
60099
74353
37260
68481
58119
20696
34832
63647
55226
25076
33549
977
34005
36522
71543
43643
40885
68821
3331
43721
52990
69120
59513
47005
72933
55722
38347
24272
73661
58562
13104
26108
21115
14277
63453
54006
28780
46385
53341
58607
30010
52722
49281
22351
58680
39272
47462
8818
10415
69247
70102
25875
29337
10890
18167
572
441
25738
38810
1938
24169
44517
40396
8598
21963
29442
53690
40945
1861
41678
69772
68826
31204
57655
13440
28654
27930
32225
66121
70342
47740
38031
49216
33491
58869
56570
12050
53363
1116
43196
38546
8258
13610
8810
15875
29628
72086
8151
17081
18874
21232
61427
14774
66348
20363
64575
68552
71390
185
13141
53436
24543
32887
39638
35405
42187
21174
69637
19891
40259
39713
17572
29092
44409
62789
8101
53959
2911
48646
33681
55186
58773
40431
14677
28413
55147
8287
14546
3584
69905
52323
26719
64196
5836
7505
16807
17170
23486
21845
65373
66733
46054
1094
26082
51118
46531
43063
56860
72309
68878
74000
26124
24284
72370
29991
11710
55155
52810
8527
48137
74002
35802
4514
33926
15029
19609
25836
74435
25016
17407
405
40235
27470
22280
5096
47291
37053
74366
50866
46390
59181
2819
10584
47795
64984
21965
54734
24714
36620
14109
49990
50154
49181
44039
55971
22155
5963
48512
19315
65934
68954
30355
54710
25432
17139
28475
53598
74062
21660
66783
52085
25250
49983
26521
71982
14377
68397
57851
14435
45843
68691
47928
731
15179
56384
71733
34159
23540
46484
45807
7860
62450
68294
71562
12246
64641
51030
24758
17553
34853
54610
9674
55270
28755
67468
60410
29429
45025
23966
2346
70137
18230
7241
13645
29644
43380
69616
28342
6352
31401
8983
22618
68483
8617
30400
15529
64672
7278
7165
39363
73632
10080
73269
37015
55560
28603
47817
1151
27782
73944
56227
64254
20981
36487
57476
5093
8011
58711
55380
29693
66616
14397
3886
17717
44677
62748
29952
45909
50566
44046
12512
8815
50608
14687
48095
41003
3441
36044
58713
13588
50803
70206
39094
35934
62407
47092
33481
10543
56967
65190
34245
37719
62238
44020
4849
23427
68993
71576
41942
11007
864
48294
32909
41645
17977
53995
23560
45572
21889
35236
71478
62556
68191
61712
1062
14497
46482
46903
29391
21881
50512
8734
70053
61864
66210
58833
6613
74391
62162
24116
47951
60486
53267
59030
33203
12195
25152
14216
68584
26245
24911
20945
41238
5295
38543
41011
42061
39610
22274
22765
40228
35720
51123
58910
74140
63449
60558
49343
24915
55473
13039
32039
30944
27126
38175
48810
50588
29673
4719
2640
34155
29964
6219
41706
46242
8948
65071
36730
51212
70518
28994
49641
59224
2958
4306
39843
4552
57080
65149
12930
37734
45720
72162
54529
20075
61501
10677
2762
16151
46889
19475
39977
63140
17589
14173
72757
60751
64630
46656
65518
7268
52002
18045
71617
8759
33616
3251
3383
13876
69050
44619
59001
34214
64339
25344
10283
22671
30289
1628
18312
23800
39417
33715
59431
39283
18895
8081
4358
67595
66299
18019
16539
7436
570
26359
17365
63162
30923
60536
21087
16283
34494
50652
49744
29908
68314
4550
69313
22692
35125
13135
71082
19316
14386
14052
47278
9935
9436
57863
31768
51640
24300
56939
42037
60403
20646
2547
40730
35952
51253
51221
25988
5000
73093
44405
42704
71485
29477
38456
67011
29869
44032
55137
23561
56599
35601
31827
40552
29451
58705
69996
21716
47046
74114
68724
22562
66524
19918
11411
66982
71117
46070
7223
32532
64858
29146
2027
30450
47185
45518
34600
30134
62253
51674
44346
336
24084
39046
57528
58441
65829
34525
46211
24309
30190
683
1159
6208
5684
25338
33221
32962
69037
40852
14267
33689
4530
37597
54285
74476
39187
18393
20225
21090
13662
16662
52981
73559
62484
71935
10131
44828
73011
23069
52719
7456
44016
67923
35602
65078
25556
12719
9269
21352
57298
17637
59006
8694
52206
61581
37023
65311
60310
16950
50917
29000
55451
25838
15941
64250
3189
962
50347
167
35705
62533
62944
42169
59504
64140
67975
38236
35040
36984
13715
3051
53652
44487
29567
58140
30578
778
23476
50638
22711
15858
47880
62347
54139
39324
9369
54744
32776
67047
25163
20673
7957
26651
25487
8488
73873
3526
70634
26667
57621
10514
8886
30041
42765
30744
28754
24706
27469
18242
2266
56451
15357
36461
33265
12641
40286
3284
35194
53038
11475
21697
52579
53581
19424
65381
13142
68004
51492
47349
9136
34300
38950
19756
321
33351
29331
12230
65212
23516
49057
50321
5354
19434
69950
5731
9145
30904
32974
42387
46695
36010
30689
102
62734
71290
24865
54068
46365
35065
13463
30702
29510
9342
54657
16944
68362
38929
29006
46878
5724
57839
51408
61314
2642
71139
36012
3267
60009
46646
38061
18873
34964
53092
20110
7302
41050
5117
45035
50735
28843
28555
24600
16214
44056
7974
38559
14075
62449
31104
34878
13749
24850
69367
32934
44820
65646
22011
14895
8581
36844
20716
49599
51605
48159
1254
55522
19117
68625
67732
39552
48465
11737
71160
57551
36356
22942
6676
48997
13288
5078
26567
11390
29020
68611
35764
68714
61103
23103
56419
62552
14174
36644
2328
36407
70676
6299
62478
34510
9619
48833
27513
16445
51385
53318
25846
3982
38288
34229
64379
4057
4437
30162
61795
14637
684
34493
34862
36018
58474
52277
31168
34488
35990
8245
37214
54851
3295
56486
23506
49121
50826
3096
20635
11538
7114
6254
27276
3273
19176
45140
70655
41851
39210
16441
39745
45300
36631
7958
1641
11750
66736
44887
30585
51761
72717
64314
46346
70592
22139
70554
66476
23542
26040
44794
34444
25460
37029
41483
8220
27848
8086
52523
55027
18510
38581
28233
19988
40420
60757
50104
8516
44587
68051
15188
64256
63222
44942
36161
1010
50875
38806
72200
66122
59592
31687
64659
33730
40312
600
39975
72462
8795
39978
74388
34919
74485
71122
5056
70366
22015
11564
61192
64651
66899
60694
59300
10550
18734
30855
22377
1080
11747
66573
47389
1979
16711
63398
42627
4187
895
69669
5011
902
27723
62322
71013
5402
10443
29666
34810
14875
54867
7087
29016
63990
74379
2472
47100
22853
44595
43226
42301
2068
32105
35608
49232
55964
61738
35733
44999
42111
68368
40160
44949
11699
66120
36862
7995
44758
34887
68495
28952
14234
28285
73705
11898
68102
3764
15479
66187
8530
26629
10577
63350
47409
36370
73626
53946
44411
32407
65456
31941
56615
65849
42293
69962
20954
20457
60631
22923
5339
26865
48837
43148
14372
18523
14073
35662
61359
36746
51415
4710
54591
72833
27959
47737
63532
33819
52491
63811
42653
59444
58234
12484
18923
66495
25002
22876
62256
29862
38545
21731
37367
36726
54444
56437
8105
3812
49963
24566
5138
43341
57791
26076
18500
15090
70145
53862
52183
40174
43699
58933
17159
37572
7291
13709
14410
70623
24110
41237
32704
38483
33697
17491
66392
37171
53033
25564
58992
43938
63539
8019
2100
5792
18957
12712
56912
24365
30936
66375
36561
52791
37899
3373
72140
56133
54405
36555
11899
2546
12113
41244
5622
14111
19840
40514
72655
28326
53640
66815
56712
9804
67970
33773
13536
63970
25349
7800
18817
20727
51920
16572
53852
50724
14242
9870
11080
30987
31005
254
29771
37747
45538
3555
46907
46845
44373
61108
3132
61358
34982
50165
66859
9698
44816
23473
37302
50689
13118
58191
43285
26441
53711
37718
65333
44798
74491
30880
26095
2483
52105
31362
6051
53030
64541
51455
45032
8495
58145
53768
16994
25219
10168
35371
27715
18629
18295
54487
64473
29883
48365
14513
70106
8166
45738
52094
28768
16649
56002
4039
14246
21755
1580
56111
1996
53225
24343
60463
30148
3773
43896
42941
31652
1058
26189
15067
60162
47487
12463
61689
5019
19320
6864
19638
60149
57275
4595
57021
6819
30331
7466
63960
14886
68246
7213
35442
37481
18379
28449
43422
57972
20104
35783
13742
16471
46795
37558
38177
39275
67508
11015
17322
47971
35471
42737
16329
34302
12328
70274
44554
31298
55670
37601
41048
56631
65448
10927
32008
240
69314
52736
15678
66550
49642
72467
71169
13153
24805
26794
47545
12186
36270
8863
12696
28348
65143
47895
47124
41204
72391
44863
8887
8394
19357
12720
12382
37819
25388
40450
8440
15945
2028
52138
47543
25327
66503
33330
34991
21442
31066
31026
21769
71591
29357
44827
5910
31859
20448
19443
17033
49861
12595
62170
4702
364
17639
55059
51729
35059
33505
15847
65890
34861
60416
49048
30292
28848
53351
20082
18698
50939
42829
39575
12210
30927
46296
57801
47903
9095
445
48664
10207
31737
22382
3718
284
32639
52928
43830
4858
72574
15335
43223
40780
40911
57157
10193
65348
27022
70402
20141
22912
22669
43791
9957
30181
69201
64635
31542
5160
29799
4049
2489
32113
57540
56620
19881
7522
3211
64806
74004
58179
10729
30669
24814
62113
38757
4371
33945
27635
577
16983
11778
60210
66643
6702
58996
12861
12769
39478
69112
59425
64766
15332
52372
55623
72374
27912
71738
64842
58988
67653
8707
24129
1754
11343
4192
3927
60911
41848
40266
31726
74487
7023
45770
72278
59536
13248
26058
60710
28341
49010
4249
55977
66481
45482
37281
50359
44170
51885
11920
6419
37245
12664
12501
15370
8211
61134
38671
56049
7300
18319
21225
17027
56392
65871
62883
48191
59450
37310
43236
23138
40842
43384
33021
71181
4670
19053
46718
48851
40009
22905
41314
67271
74326
10418
14491
48325
32857
58444
1001
69058
54992
69174
34417
8023
9091
14710
30737
14309
33951
31114
43370
48947
41897
13619
18909
36548
1901
31052
22418
64532
59740
23239
18119
41804
28115
9144
62037
45675
351
62151
51514
70071
55455
29982
58465
35479
51542
42235
41874
1472
57224
9
2165
13121
49912
47399
37999
73889
73694
33699
6056
5590
49287
12468
24598
11083
72268
39714
3473
14727
69836
4124
12976
27809
26260
33530
63461
67821
32473
48136
24740
34994
62576
39773
57386
36339
73405
22660
9490
40451
9678
4773
71692
37779
47505
57380
67453
10284
24939
29302
21461
24431
20205
63050
16622
54506
72999
48959
56879
18482
6216
36299
44140
4370
52401
46193
74336
63292
5460
42562
47677
23235
60769
40140
23619
13727
32901
27171
34768
72120
49361
18851
3740
59580
46904
38986
18920
47346
6427
73377
2989
11208
40320
18721
13702
53235
38336
31609
13217
15946
69729
28237
60483
63676
42567
23230
31003
21912
31412
69042
74051
62200
70009
13358
15158
52601
11744
59603
16362
60300
29589
12820
5983
47180
504
117
50712
68164
10457
52495
26577
32346
56662
39640
32791
22317
56318
66775
61619
18942
49254
62721
28105
61225
66842
63896
12056
46605
27748
65134
12845
18271
74101
2238
53441
42125
11368
50013
56978
24124
39844
45324
70702
64527
56703
32851
35798
7327
70955
18709
46165
65648
14236
39017
58712
1722
23677
44118
43765
70821
39838
35304
21309
30587
20733
63182
43436
33359
57055
41583
66177
40300
7910
64744
35529
38586
36957
30194
54459
59980
4956
78
43667
23320
53529
51602
2041
25642
24422
70072
72929
51601
19692
61114
67274
55290
26162
60851
36232
44393
50781
16995
25867
65686
5453
58621
63125
32020
35051
45330
36204
32746
35170
17293
52626
10166
44037
16396
22787
47965
11109
32756
15120
56331
67753
37061
12956
55489
33764
7151
49303
28177
34180
19373
31754
18161
22380
33379
39574
3994
9188
31351
13981
32385
21925
3561
15139
73345
63534
25141
6779
63246
4875
71849
17014
24996
52216
26371
43260
39011
27578
16660
21911
1748
19642
13657
60064
72460
34346
52249
72264
70026
71948
13470
29365
42729
64175
20939
54045
67258
52994
25701
37488
19021
60778
10343
7722
30645
25639
15964
13162
12741
69794
56608
68553
59789
33523
4428
51565
17096
8612
27612
20518
35732
62822
50195
54752
29689
35877
30279
56101
38569
15774
7606
49316
51309
53210
15580
59299
25765
57295
74264
17283
64777
60541
35389
7394
32554
50090
13156
44494
2111
70942
1249
35955
51220
4137
39406
38794
45080
15806
62671
9177
14997
60326
27836
45298
15372
30310
5095
44275
34121
1315
5533
24241
68498
47385
52955
44847
61686
45636
357
13229
25717
22335
67567
18314
46256
56116
72608
28441
5632
33771
64778
20871
52319
34864
49513
54919
56932
46237
49385
13018
50817
10063
40735
18870
6263
47935
35633
4770
57832
2514
52643
36441
52410
33254
10519
53423
48722
53207
61016
55309
59611
15476
35332
9368
15659
10669
60593
54737
11961
34107
52998
35140
41651
11265
29003
70551
62221
54985
25399
65986
70577
28452
74262
52609
46927
48871
5912
16498
31952
71938
24337
21405
68262
62888
10915
28927
66158
25971
32720
8050
47761
50219
63973
59484
52443
30350
33823
1517
16923
68094
61962
55665
24854
13432
36377
16763
4771
37142
19120
17978
59738
13042
31960
9335
62678
21360
22373
24320
54323
3894
23806
14809
10144
36992
48258
46064
12013
62948
21893
50673
60360
35418
54040
57267
58070
11590
11357
14152
70149
27107
59310
46607
3408
33368
71127
36700
47590
9933
27729
15368
15623
2884
583
4543
8649
26399
20750
21106
3522
15782
59812
22305
28670
41024
58682
26551
1380
49800
5395
51672
6571
22277
73103
12179
11586
49215
42044
38012
37291
57254
58369
30361
39752
56875
1610
5212
11221
47555
31250
5325
41040
70558
10205
35652
57933
63221
54191
58259
67770
63728
9655
45710
45993
47144
53684
12857
27572
36086
54793
32041
19386
58020
18442
56790
29065
65322
5077
55747
4897
37395
53048
14729
60856
46469
42404
2516
17990
34363
29533
65705
27983
55606
71800
33874
18939
30140
68867
3118
44806
49176
52422
68335
19519
43005
893
43509
44294
65119
22525
56194
67393
63518
43190
22992
43792
31848
29397
17709
6646
31282
21046
32940
24715
73936
7909
49927
3127
19546
31824
8334
6920
20006
25911
42546
17814
26296
28429
54753
49667
46570
15723
38804
10937
45619
27020
14763
23276
12911
29364
37239
18829
62184
68074
54776
57373
73198
63035
8634
48022
69540
20789
59616
15948
40076
29933
43897
48548
50033
29872
49442
60741
23879
28949
28101
53944
27631
5514
30386
9586
69762
23756
11194
56947
20594
33816
1794
48470
30958
54706
61148
42161
52542
12101
16089
68466
64811
59392
64990
71642
21059
47016
64911
50300
35344
32699
26085
6253
1150
37482
73375
32562
17771
45563
13108
16605
34564
14456
18476
41659
71037
61245
49124
37795
62075
46947
36026
66498
39016
41997
4809
28488
52173
38900
16353
56396
45392
12985
40077
33790
24929
72916
53961
69899
69000
66732
41557
24663
48275
19608
41618
33687
58019
7780
36413
16527
6999
44369
6177
41620
53203
1904
50719
27078
48853
8284
34626
44156
41006
65445
9907
32506
1785
64198
10998
22188
38248
58620
10911
13299
48340
21700
54064
47083
40816
63072
23606
36450
37202
35789
34467
67953
29343
69279
28215
39835
63061
47269
16988
65987
48472
46587
48608
60452
14139
32646
64699
12632
34008
38392
18796
40127
68780
39452
35421
55918
23914
12534
14376
62107
6085
41399
23129
35049
47604
55889
12625
36671
37640
54488
29007
63183
16936
55202
41047
69169
15631
48253
50784
7600
5082
33660
34272
23464
28538
44063
56305
20032
54606
50685
3261
16755
4624
37147
27606
57985
74272
54181
41486
14564
15565
22616
138
26165
3575
47062
44923
34392
46320
1557
72105
48987
64677
62923
62110
17636
33391
36532
67751
13532
6433
33240
13944
70954
27422
34527
42592
4398
49883
70320
15248
10727
36654
44144
44108
10733
39220
14885
30060
16425
1184
3517
34977
25014
55983
5552
20048
30909
31403
69670
19080
42687
46139
29170
45088
59733
22321
29
2805
56208
56158
15000
18917
33509
3055
14615
31378
13206
4304
39605
53964
51328
65430
67070
2880
26291
61946
17198
6033
20099
2787
41245
17334
57925
54426
22352
31460
31863
24235
65137
15096
73680
4182
41860
57795
74477
25000
28954
53556
13946
74357
40180
62236
28978
29313
36697
27271
60424
23588
43590
72190
57169
13160
41771
11402
28953
31559
60238
11575
61400
22224
25637
7929
28168
44634
42149
68324
66560
72249
40880
58886
3244
28797
8754
50446
468
33904
50105
10954
22831
27239
28838
8154
9425
14015
39906
4330
62417
50809
22686
61173
5953
21858
31969
5554
46525
1897
69532
34001
73092
31607
15415
20378
43795
66816
12828
23764
31625
39896
55113
34944
8658
53019
64152
27961
53721
67224
11005
74442
54687
4127
14980
61910
32976
64875
53260
13117
5769
45402
72067
61133
9357
8483
40234
31025
4469
68489
28078
32925
52853
3120
7304
38959
49446
17355
24078
1053
30597
36811
71204
4580
40023
44569
37634
62131
41775
70105
68807
37608
14157
39632
70590
2450
18550
57318
21385
72050
55929
17471
22104
49491
12608
63011
38167
74246
12978
54873
9131
44504
70593
33081
58613
28401
39088
67364
10247
73229
23340
54143
56401
47571
30456
771
10493
62846
24042
2038
2714
59523
15906
65158
44461
60867
33671
47017
6432
42190
12562
32347
22582
36416
17969
16319
23579
650
45799
58494
5981
64036
41643
41324
43821
57252
50237
45795
8295
22327
48358
57079
12424
44087
69130
8208
7029
59204
9807
15654
55729
66680
43065
22407
2160
35580
14800
43658
23766
15390
34721
17973
30413
72327
42929
18043
37576
623
52421
17654
50924
11207
5448
48259
42102
53066
54728
68540
63714
35842
62111
44558
54691
13202
57502
48059
56824
51778
45703
50409
45155
48179
12260
52066
69259
8020
50568
50263
3665
35462
38247
38474
21297
46595
53975
25579
66609
69591
32848
38683
69452
11516
2216
3877
5230
9778
57613
8761
564
6577
42207
57629
42303
18736
64160
66096
41026
44149
14426
1493
20660
15441
20667
10651
26799
48707
13814
48569
9083
36577
33727
46192
44231
36155
330
7541
21082
49110
2452
61036
22797
37159
47703
42641
39484
60349
74179
37437
42120
16806
20709
69451
61731
38112
19686
72869
12593
58232
30248
552
69377
59994
73771
29460
37511
58447
8435
56666
1822
24456
52674
43523
31000
60436
40018
50098
5923
7335
54278
65267
23583
17832
37114
62060
10219
44044
25093
39734
25883
37836
37448
54731
1210
35814
9534
44483
18499
61116
38789
65689
3038
5946
30039
44715
23472
50782
47187
12662
71896
19171
64100
53107
57177
18263
31407
67440
60566
64001
37883
61165
27894
28840
272
62395
23887
30208
61935
57228
41962
64999
53116
55878
13456
55330
61520
20850
74133
56553
37889
6034
51296
35545
70589
53291
32641
30268
70179
8942
51913
65196
11820
59499
56072
55949
41963
16116
17632
67581
47680
37560
26837
60080
27467
53659
33298
33780
1797
54555
33626
34891
15792
45758
45118
18036
63051
6227
26877
2910
30592
42004
33350
14088
8361
45454
59786
43277
15676
14901
15973
37497
20091
50644
48295
73904
29598
29827
63291
71370
17742
10556
54226
72201
36626
13292
50914
10018
71588
41478
67295
60848
26334
51819
37938
52567
52537
32815
28567
46436
15733
24310
46640
48624
39520
36460
58194
1108
53208
32209
4326
44432
7396
64636
33659
67157
9071
50754
68457
38764
21216
51624
60248
36037
29719
25574
8846
59478
70941
5111
55742
57756
24397
61179
52526
11896
99
30097
65739
7491
25384
63323
15147
21260
59267
16708
29383
54805
70135
5657
2269
2302
23643
17945
833
11414
6678
63788
41981
31313
55757
42183
21664
52815
56785
59917
32949
4796
28741
41371
57516
39516
26807
53722
14055
22320
52233
9361
57168
20570
36196
49545
56423
2060
68244
32098
23692
16454
67512
32415
33100
53123
52328
36115
31963
60847
9994
31353
46474
56817
11356
2802
64736
33871
63079
24172
53996
70779
28372
13312
17760
11135
39219
12511
16468
14080
62217
25638
9018
24259
7767
22571
52751
26646
4440
59856
8046
69055
21859
52412
71119
56160
18148
37435
4842
60253
46133
72068
6619
53791
46965
42840
49847
61871
61885
39456
63502
32293
48252
5052
15591
71351
60457
24707
25537
22989
20569
49904
70317
12648
63926
5962
7095
6221
15839
40370
73374
30348
27017
47257
57864
3053
35704
47517
11614
3617
11100
50620
3233
67585
16814
11463
57442
29669
8493
73595
55308
15627
45625
28229
47904
44259
8054
22239
35477
55068
61878
67320
67187
61972
20775
25825
74035
27708
15626
43227
44486
63130
47484
13200
54629
62638
56297
26346
1044
5851
3324
42718
62391
48080
1033
47272
72764
3611
44498
25872
13902
60239
25083
12175
54769
49365
72144
7443
18413
40213
27453
70327
1859
52409
51980
24003
20116
12108
16690
50180
65712
59663
11110
50323
35587
66390
31153
16255
7071
49785
49628
6718
73189
52826
11831
10809
44983
57772
73637
54174
21209
17937
54821
72749
3222
21434
39517
1262
67052
14829
55986
59756
20465
21211
14759
16467
31094
42126
16767
51673
39229
72572
9927
44984
44707
71092
31499
40565
12110
27287
21704
66492
39769
53149
46984
45046
32802
62056
4765
68851
9632
48841
55409
55914
16239
32323
2746
9650
11650
14040
8531
16194
35035
38962
34683
34960
10053
52828
23203
32386
8259
11964
47239
70236
33916
16363
49782
60236
55799
1551
32262
23251
48234
19517
62652
48955
18093
45540
29053
18773
208
15018
32292
24371
22488
21663
24739
34314
42553
12770
40839
13031
65899
20468
14581
37054
7449
5509
1191
47201
74545
60829
10171
7670
9118
48552
56205
11856
21978
42358
25925
68660
17214
5443
13912
64877
49706
9783
20285
30858
67530
29686
48804
63950
31753
12515
3293
34577
26702
29629
63679
33569
66552
60266
21197
62712
24539
17018
47820
8127
62745
68136
31597
14777
66824
21928
48753
25597
48988
34629
21771
1903
60374
71787
41388
65939
24311
57206
28425
52131
4857
52726
8107
32351
61079
14607
33366
66801
41588
11729
17469
65309
38316
55696
45333
12093
60154
16905
60900
40829
60220
51876
23257
16189
14343
49211
10035
61691
36572
6373
17985
22727
6207
34097
990
1831
54308
66909
13705
31494
33259
519
15197
53089
59521
6344
3566
48371
12076
43991
27645
23436
38416
799
39855
68940
59161
61127
42674
58949
10860
73469
50429
56290
67519
24585
24760
9734
57718
56277
48151
50355
64965
733
46858
59531
45468
27725
66586
45248
55184
24087
18968
70284
33493
24590
72463
7489
38901
38231
42816
20233
20699
19407
44545
29648
72276
59553
20252
22137
71206
18031
8296
10204
26953
51790
49481
64682
52583
30741
66794
58209
39554
33375
953
43232
21409
21721
11775
41646
34049
14299
40856
65012
25837
39439
43806
24711
66356
70389
69432
5817
50049
58101
64931
64317
58671
39875
31198
66447
68512
31937
7186
42605
43248
21118
2658
17384
40993
48829
72549
50936
42831
43537
59032
17907
17850
27493
18583
10759
58449
21521
32224
66329
57151
56921
23582
63947
71654
57745
68357
57500
24361
18411
5814
65581
36813
71829
28464
17034
72898
59567
70151
49979
63627
43231
33853
60265
56517
51556
72115
63058
68892
67064
6799
52267
26539
47079
72164
74281
52336
48934
62618
6244
38693
67182
31563
52723
15434
73010
40724
19731
41377
60572
52460
13154
25828
28334
32050
36070
22649
47647
8977
42762
45026
69811
8228
40941
60006
2622
55827
65964
73134
72505
40041
48893
55571
71581
23471
10976
30978
22220
35407
40863
26056
74116
57016
17567
50886
58028
71224
63272
27593
71824
878
61052
27237
56871
54861
31786
14908
38579
53451
46235
58909
14336
3409
31263
71579
68214
41859
3800
12949
47452
16438
33769
58998
20253
32759
67487
15503
10795
1877
65577
54835
164
23857
8520
42285
12205
5989
65965
70866
2818
16745
13019
24398
64255
27211
53376
13591
50122
64555
10943
8685
72184
57562
18238
8856
22166
67319
53816
11300
27100
45746
23531
58264
63452
14115
30999
35399
18313
60022
50892
5409
29288
60358
53475
21276
53405
49791
6830
69776
25044
39950
9274
4876
46685
18391
54165
4305
16197
63067
30533
60732
43222
56741
57716
41141
33800
38485
6054
13901
47298
3260
44946
68500
11258
31387
64346
50153
65532
44674
18747
14847
66585
29713
59231
31836
2594
14413
58152
51648
7344
46547
51984
51815
34630
3966
54795
32357
26976
41589
27564
52818
71446
73999
15674
8390
8319
24827
62754
60482
6697
34609
63603
2981
4180
50317
12787
24818
38462
57234
3265
1209
20857
72058
6923
19102
25262
11960
52235
30378
43525
72678
41713
24777
30586
54194
48177
35103
62588
2398
44435
23373
31121
28423
64180
19189
61542
14789
57880
1473
23723
30138
4772
16287
50066
54503
64274
57094
72033
23863
18424
38257
69631
71137
40614
15950
21181
14854
40559
46068
58920
9593
9396
3037
63668
66868
51808
44172
7458
17784
46208
8392
21607
37337
57090
18585
51656
65368
18158
44211
23172
7156
67395
65938
17729
41075
12073
10693
29450
39200
57862
68334
22103
34791
43747
25771
16784
57538
18108
48148
66298
4332
60380
51348
7391
39306
72711
22493
73495
58734
18769
3174
45516
50517
2692
66947
14890
50788
35719
45970
57809
56715
6328
68443
29739
6839
40391
72579
61182
2054
7239
67991
73388
43358
45674
69105
37030
64368
11541
56060
65910
51400
31517
41387
53671
12109
23437
2597
22495
11621
14265
57339
47824
4066
10992
29154
7723
57166
35937
71121
30284
10654
9993
9708
67802
1423
5293
754
33142
15388
64023
665
11864
24782
36895
1870
8919
54042
16554
61227
27515
63933
65769
58500
35329
44838
68460
3959
7692
3558
16819
42250
10819
10649
25690
20438
42812
698
32158
65791
29030
30130
11732
21922
36326
70876
54807
52782
52982
7799
41149
44763
1552
31912
81
66202
57319
55333
67813
41788
36840
60303
35347
8769
47993
4221
41313
66319
46886
16938
14662
50319
19532
38524
24332
9063
14321
59019
18354
16365
7246
66050
68182
68629
630
45347
6581
27709
39979
9493
63559
69343
57926
56165
28051
63440
2578
29617
48730
2237
1099
19669
33453
23060
5278
2984
49488
19100
53347
13756
60236
59126
1695
22034
8763
6842
67849
65488
46010
61383
72750
61578
66099
19454
2758
65487
2147
69489
50663
36603
48067
3913
22377
48008
64519
29814
45708
2668
46049
41282
4623
5001
20465
69337
20452
1555
60044
68354
70772
38730
26081
10870
66874
17499
21027
512
18125
48245
3430
14278
9343
53641
71108
58874
51334
37573
14653
52395
22506
33776
9152
40256
59127
54283
33830
64724
19353
1735
4459
23437
10512
71041
57179
37442
6279
60085
25956
26775
65612
21097
3197
30608
8130
8764
66991
39484
23425
55761
15753
10397
