18545
46171
62883
19313
81509
57383
47584
74804
43740
65796
32673
53524
75742
61556
40275
43629
74987
72764
69453
80609
72445
8667
1722
34649
75807
26686
34714
24746
16594
23994
56736
21556
58883
9123
75341
59867
47633
13715
54689
16642
59514
33833
35900
72913
79867
36380
31296
73974
43472
44638
34388
59242
5667
54894
73149
83456
20584
46926
17631
12515
69864
45558
8963
21479
70930
80343
70870
34799
22225
54272
78590
34838
23083
29876
15119
47848
30577
67051
25408
40130
57448
24116
52937
76351
76761
49318
8965
73984
31582
36133
8576
77711
54
22908
66519
43992
81728
32106
69264
16060
61422
34564
42269
12059
33438
73333
22980
45185
29795
32666
18085
29089
48912
79093
72650
51083
56481
1141
44688
56048
76147
59458
49208
4984
73076
4063
73413
5755
16392
73603
64737
59841
76401
30246
49221
28564
60307
75099
30078
20840
46165
41665
41280
25105
7312
18041
80054
12017
18888
31795
42707
56083
69954
70022
5995
1386
37692
47964
18711
80851
15122
4173
73240
7469
7799
47570
68418
25640
41398
7283
8507
49057
3293
75966
65374
65464
58940
74922
36763
61747
51423
11143
73321
40210
37695
69343
1408
5219
14597
53890
30703
40314
11001
19937
49944
83310
3656
42318
4349
53339
3171
34544
4074
59882
16816
45920
44308
56581
81948
37987
61980
77233
30889
6388
74094
63929
79227
31072
11990
54848
27168
78031
75118
75474
64042
16780
56954
68937
30136
42545
80664
24984
52400
14866
26549
71242
58400
50434
59872
49624
27723
28876
35973
20137
59491
53181
75725
21249
32381
83542
43223
37996
68663
3308
19247
76042
37670
68125
81455
22198
2400
77069
72871
83311
75937
48864
72038
2456
62083
51009
23226
52342
47005
75793
12794
80158
13247
44412
80224
5361
1295
50588
3159
37937
64049
42308
41545
38029
69241
6859
62428
63940
30071
59987
30023
40392
49324
49045
76411
68765
66446
15701
42389
26020
21027
32559
22303
26615
70252
78583
3597
75936
34304
50779
35966
77515
68717
53906
69731
73555
55051
22926
53990
20634
55531
9514
52294
21202
24752
2473
55310
54893
65083
19932
74019
61302
13927
32983
77194
39159
16699
29601
35086
66266
21435
30232
69569
60318
62350
80418
67387
32847
13123
72077
7314
69383
77431
78478
38967
64977
5642
17762
6622
7587
21525
73864
29057
7807
34916
28711
11747
29585
12258
23126
36381
41198
12091
26759
54889
49129
21371
24203
50884
5599
45945
68123
65914
66427
56194
79788
41401
33898
34663
10791
24096
16605
69254
54701
7506
28692
13535
49182
43487
56633
5359
72523
51780
34592
6050
78711
73351
15174
41350
59222
24262
74770
31990
76828
71136
9072
26050
14246
36818
17636
7680
64058
52071
11753
73183
28405
5848
1032
14649
58289
40351
22048
7009
70123
50862
65817
63981
59748
74982
38274
18275
38526
27688
71925
21114
44212
31671
37309
41642
29675
6274
73826
12674
23860
78177
17256
55559
79
65151
12979
65189
30047
49317
9545
21717
15518
61824
55354
58099
12277
3896
32834
39042
9412
25108
2459
28111
31103
67419
4096
46381
36692
30870
76762
5275
32608
56721
9353
8845
16134
14664
21501
75503
21752
70404
77867
33518
45435
17526
10212
78474
27364
23287
65636
13071
81700
59704
31146
32604
59831
29072
16345
16088
56389
26966
69128
52570
4026
7686
62621
57164
10354
6998
76975
18212
76951
2011
5030
24259
51404
9755
26254
76389
70025
31970
19211
82018
76522
53601
45888
16515
74990
73553
26406
75629
9519
44367
13868
29847
46404
34622
30440
835
878
75053
63310
15004
46697
15104
10997
29583
82557
57450
38876
28758
75392
2241
42430
34057
77974
65368
9975
66869
55176
63777
66415
48526
16580
57395
17886
76108
60801
29031
15794
6375
73651
52868
61684
60832
80416
8548
29266
45539
59738
33607
56867
48930
6100
7965
55669
6042
12326
73218
50399
40337
83354
57246
42446
52107
36822
42180
2525
19057
82726
77691
61025
80732
31755
78524
33887
29623
80509
52174
9370
548
41563
38751
4267
359
35875
61451
76016
64435
35295
25560
61397
74783
67126
64132
77480
2491
19616
31262
75159
13596
44843
35324
58324
57851
56565
79501
26037
28352
4152
2838
40271
64461
60338
28720
18369
15601
29161
17838
13052
47247
12364
27263
57209
37293
12371
75877
45693
67150
7131
42786
72826
68530
80288
38928
31621
12018
10712
60664
8868
68159
77819
64332
474
18168
27513
22964
34888
26962
53940
40043
64686
5284
38590
74765
33647
13520
53960
7389
80149
68029
49581
58558
43011
76480
70012
20174
35059
1382
23921
70973
37547
76372
14068
19074
2321
1637
1228
55883
18058
38009
38330
33795
40304
62334
64176
15374
21393
46355
318
36966
76626
61685
4185
21412
17175
37246
46870
65364
29038
12722
38933
7482
26394
35718
63509
16718
22999
22745
6929
15024
22613
10103
49278
54786
1013
73191
4040
23821
23974
11805
24849
75726
73743
44745
537
34029
48153
50601
63873
36681
14775
80864
37056
19396
54050
18464
46526
66979
22309
11015
17612
27614
78110
42191
49868
22777
10519
48056
59192
19311
39285
29867
14011
14266
12939
83134
34974
38686
67024
40003
58426
57867
57585
71960
44609
20171
28685
44391
20696
67708
23775
20981
3302
58973
56233
68993
72025
71013
77104
27155
67033
59183
59140
83443
24759
77828
54736
41814
61178
68943
75756
23385
28794
16851
5913
59876
15473
57813
74843
17997
75273
1197
23726
17677
47956
47029
14969
35282
73710
52012
3963
37532
82553
21311
57301
24743
24570
64200
3591
80615
51163
51621
45569
31485
3915
61086
61279
27667
28872
60781
52280
59877
75616
65518
29144
21975
11089
71546
22603
34582
35188
43741
58791
23907
72560
7140
56564
383
66318
37117
27772
9941
14657
23764
32966
61708
6690
5717
26007
61987
3941
73403
77224
3175
69463
21389
58123
9377
8702
73457
39782
52318
34717
22429
66089
60710
23953
38003
51205
56587
76185
67785
7279
3595
53145
32303
31996
6987
75052
7556
49599
30403
31078
44111
58126
26984
41173
27430
7619
2520
17018
81374
66062
30249
60440
24214
56706
11796
54136
18710
77062
23977
66442
63709
9791
24196
29672
42735
51995
77215
74512
46446
68433
54658
7717
63150
14577
15158
32135
40934
23874
60381
74099
41843
83095
9001
4436
3026
78573
17442
64157
64272
930
64671
6299
45373
32008
63424
60228
3300
48328
11443
52904
66903
78691
8506
60744
70897
80194
5183
47265
36016
26087
18389
42750
49274
23918
23773
9533
66159
65043
15767
9443
47695
20149
37414
22532
35759
29221
12909
64714
71812
60186
3080
19254
48954
25948
78975
30525
60418
72856
22736
1532
10443
63219
83228
45953
25945
43505
71554
7276
27317
73821
35551
31170
12782
5395
29560
35820
75728
11025
75111
77576
74876
25931
60035
13487
31117
78101
14905
67649
21282
863
8208
23791
67141
14475
69043
81706
83467
44910
34596
5923
13866
36195
7532
36372
18522
56069
51294
58655
25199
20205
8023
58582
6901
64926
62741
28402
22351
39038
16676
46515
10986
19077
2352
57633
41277
6369
19246
36079
35566
7269
65566
6812
74848
44603
19806
38671
36459
22919
79321
65113
5322
46694
18685
25742
26369
24063
24675
10805
53207
16737
11978
3639
7895
13142
20277
44003
67365
77510
72908
32148
68979
54459
3675
57393
8674
48780
65407
70914
1758
12774
47759
3546
42809
71185
49596
76492
39480
17799
21819
25524
58198
72355
10889
43210
4688
75735
17665
79612
27134
79340
20541
27677
49647
76510
4632
55947
1314
19046
37975
13929
71432
49183
11018
82047
73037
78301
78822
64583
50498
16433
71236
23893
82622
24040
78623
38497
7377
49250
65450
31969
56479
48458
79971
69094
23502
51015
62095
52645
29336
59935
20475
57263
68925
35631
41573
30532
74273
46026
46311
35793
12215
39033
7601
81134
80071
69157
10862
4413
18578
32807
48469
19032
57388
79000
23350
6920
9109
18248
58528
14059
6754
66841
47777
76858
8408
49347
70898
44561
58786
60386
26368
79028
13753
66545
32226
42674
63585
36711
30819
82777
28975
38326
44121
43892
53318
456
31880
44382
14306
8201
57949
32311
81726
42152
62202
22312
21933
32408
15337
37590
7908
51960
31727
49155
25903
70693
7305
16617
74005
69423
7064
35033
82082
4573
82532
71070
14435
11607
14244
66918
46779
13499
21751
12668
32984
70976
34198
21444
1721
27016
25370
17154
11791
82010
37805
27391
35499
56646
10167
2198
47534
7999
10512
36778
65031
69084
36110
38159
18598
63286
50742
10005
49297
66226
4196
1471
45208
37871
55766
23546
5944
62247
55168
68153
80562
71913
74859
23120
17155
6944
53629
42857
43556
22295
18216
72246
62339
60195
40678
48096
52340
22922
13803
20398
1190
74427
31419
81045
37159
23388
39031
39967
82950
35331
32419
50531
70972
29262
55402
12828
32786
41175
50487
65036
41737
22130
17624
52193
37918
71047
76402
40422
79222
3514
58748
1457
53202
8466
81476
73909
25515
37342
76928
61947
18025
2026
61445
61849
2668
12766
60912
63897
27683
9655
32123
79821
65989
47786
65157
55264
68158
60666
19272
73499
13651
27956
16118
66044
77530
13577
66352
54144
39765
65045
60740
66935
42161
39363
43578
20767
7150
81007
6753
39307
14325
59024
21189
59332
34940
8623
46228
26296
81031
31940
62930
1550
18632
70050
5382
13209
43485
52807
83196
38941
82651
8129
78799
76615
79425
43534
42683
57508
23122
41290
17774
4784
83065
33462
31289
6467
17419
12419
49142
25362
83032
12265
19577
15244
7973
63030
58264
20755
58637
69610
21297
38890
53673
56674
36208
5773
62044
53878
26118
21991
37928
56838
70678
54275
73456
53490
7484
81112
9538
32747
74080
46793
58629
44545
52168
67037
71994
6636
23155
25566
50027
21215
61098
8583
5380
54892
131
27898
78324
48795
50750
46434
43918
62487
70467
57022
16218
12414
83087
1592
30735
45248
55249
42116
49397
82316
66355
49072
6655
12275
58341
25229
9664
18977
81360
82589
30261
63061
7186
11536
20944
48700
46177
41648
81266
3565
52984
19570
44516
8735
23324
13505
5919
1572
44300
608
49773
9483
52351
18267
23130
83040
72021
27834
26671
47
29478
10777
41389
43610
59302
38156
74583
28434
9277
7429
43783
32974
55075
56075
56697
50759
21250
50659
34928
37433
57669
32024
25167
70013
9734
25715
26576
80813
40704
19010
47273
4427
6186
34120
50813
69247
75924
78807
38857
24281
15541
35013
76116
56827
6978
41905
22607
39621
19386
28509
47773
63570
25658
21926
36182
6552
2592
10907
67828
73155
83230
37367
60079
46636
385
20466
63056
71061
55390
30825
52120
12717
10890
64148
17951
4217
1631
17422
7295
41722
80294
70694
929
1661
28587
56366
44076
31761
5590
70658
79572
47749
51672
73443
70801
37362
38568
32975
6066
38089
53213
59373
80542
33324
44689
34058
48811
78995
26512
62183
58893
24945
54784
69674
74348
607
1245
67621
47790
52019
36126
6514
49999
40466
64594
31143
49513
37825
79496
62151
32532
32309
11816
1474
6698
65778
8124
60407
48777
9425
21156
23267
13770
26998
8370
14831
79852
27276
40482
16894
41917
83333
65818
29058
69892
15814
41393
20147
0
53883
48655
37251
22946
75475
14743
19799
34965
77633
55878
82293
686
44119
8595
67495
67905
18262
7462
42312
76797
79171
26447
29678
35147
67406
9451
57376
19522
62761
15085
53909
36219
62231
40380
1254
58749
46128
67133
74969
76210
27280
23027
50014
14938
81344
19880
50150
48294
80796
25289
44401
74564
50529
24987
61303
65220
15570
77061
53463
51250
74493
64499
6245
30731
50687
78035
37220
17243
17376
24385
80096
70117
22498
7046
15222
8745
25198
40141
5607
65069
79671
40723
3265
1599
28105
80999
50079
62998
80786
78788
19704
13377
77912
31207
75336
69015
16442
2067
50265
66563
8048
23090
37557
6731
20065
2637
74341
14437
42718
6675
79054
41447
18842
53580
39954
81359
35526
37286
75684
7382
12307
48529
81719
59678
35401
74858
71332
62771
78054
56626
31850
60430
48014
43237
26135
64128
43261
76184
28261
35316
56221
38427
37946
27725
60560
9195
72555
30864
12574
28717
30634
19750
37886
61283
26651
28339
320
75032
51572
45731
7397
22340
24146
10403
71083
75247
68664
72394
52691
33121
23398
4345
12591
43647
22360
30814
58844
31598
40478
65078
35446
64472
23508
80980
31997
73838
38976
4589
32801
57454
4735
7026
67592
22107
2145
63542
41720
71545
35427
78776
67061
5517
54457
45336
48104
16287
19464
23150
71587
70959
2923
82523
35082
29540
47634
19670
8519
56490
45182
25502
81994
46377
13639
26014
52902
33720
75364
69710
76384
12780
77897
70079
59657
9751
68358
67285
13411
69
56159
54488
3853
57993
15993
78059
64691
74084
56458
57265
79970
75489
66703
23278
13588
18187
38747
23206
71204
39750
32200
69395
37062
61195
24324
43520
31517
65984
61690
23328
31835
9634
22104
12878
25533
58042
62448
44905
69925
10028
24003
74661
77527
64852
75530
75653
16765
5814
59215
16223
69391
54638
62840
10506
73927
72638
69791
68637
25237
53952
27566
80067
60517
28122
20710
33341
60689
82373
38533
56952
7503
61117
82559
63613
39387
13942
18591
82972
33203
29508
4917
15320
62648
26775
81742
22302
35183
79566
13855
41021
53200
69257
46126
65239
55807
24030
9604
83151
43638
4644
80399
10825
14783
23849
23183
54789
55239
4180
35913
51053
12637
47163
79979
3736
16025
40734
51221
77400
4303
30686
64948
71840
41235
26898
81691
38432
41150
22764
60933
79373
8168
32856
69630
53756
76668
58740
64218
49905
20358
35836
2614
70418
54654
29171
65508
46319
51750
23741
13921
32951
51326
82392
53370
7110
40927
37652
15827
82718
47024
59839
13628
47771
67898
21696
48584
72106
61356
14216
79747
54989
1464
68025
21712
68413
22128
46607
54246
60747
69835
11438
48260
60117
69699
33040
60458
70889
42849
8133
19462
53676
39389
27672
7911
65142
5269
20796
79945
18698
33431
68277
33219
82634
26550
20957
61218
7208
64196
44568
68563
6383
73186
20404
28605
49275
8045
64317
33157
41704
61677
62389
75210
1093
17225
35703
52862
74549
72953
40203
40510
77969
18777
34594
47860
44585
32129
24060
8021
46974
47071
55158
27149
61503
36392
49509
72123
45783
56120
15456
53658
15351
74105
8463
7977
75556
48786
52123
67957
2170
5472
56550
50769
19817
66522
61325
68886
33277
60913
13418
39129
16638
57305
23448
45101
6251
24919
78484
37581
36139
61942
25765
7030
4717
54096
6826
26827
12960
36666
56705
68861
78962
54094
4645
70714
4159
80592
72260
50367
6106
34809
78071
8344
2619
55205
25378
66434
20880
78678
48192
67216
74496
74236
64490
43158
54871
10736
67705
72693
23319
3177
59905
60248
20315
63923
74141
61236
14984
83405
48790
65411
24778
76854
11591
34761
67659
23197
60255
31568
74835
6459
64335
73508
28722
74746
68814
6446
55167
50969
56295
27178
69032
54865
10672
82904
1702
39155
69535
35366
74253
15406
31546
60670
12086
43713
10166
35622
75464
71978
13001
16469
25736
9337
68673
18993
17311
52232
18749
32354
28648
71830
47561
47821
73284
62989
75177
52682
22185
27124
68046
14111
925
65684
27275
33522
23668
557
40887
62008
72795
38493
59555
29373
1259
47563
39282
68126
29933
63270
53888
35492
67602
3286
48206
670
58273
82665
54814
83449
6122
73082
69306
19789
4035
24700
26282
36281
72814
82107
53802
45751
17149
24927
37909
83057
1074
43931
6925
2881
31782
8027
5237
16561
48330
46372
70618
66306
12384
47731
76130
78864
71916
28904
24913
68105
6139
12911
64289
64835
46710
37118
15006
48037
37116
54926
60858
71961
27572
21432
37109
45982
35467
50463
59926
45680
23680
11054
34313
13920
8933
18199
33359
78247
39861
80493
42238
27033
25484
9912
22263
25305
79419
35987
63053
50479
78152
27224
29975
73444
53320
43951
40054
27060
74795
2025
67866
49715
63647
38909
58763
64591
6627
29522
4341
15542
53839
29871
54554
14169
62869
33840
25368
68232
40593
78558
51603
62674
13847
50341
79300
62377
4103
41038
43289
38243
11221
74279
54013
21867
29924
66459
5565
73438
47083
25793
15184
51693
39816
42320
18127
13830
78685
16081
58378
8700
1494
10300
61038
24806
16099
54765
77218
3447
22662
13861
9321
29277
16274
13399
693
10017
77067
68473
81322
66560
83058
56149
23335
32295
53083
14599
45370
7254
76192
82260
53291
44096
3032
13445
6229
36492
31228
34242
18433
74683
57692
73916
11951
31092
35032
78176
47308
78319
81548
18440
78557
46704
3455
72377
56198
44457
24221
20890
80327
17126
56343
18798
42078
53179
78602
18611
58190
5013
8179
16488
44379
78145
65546
73326
47696
81310
5059
59963
68087
20701
13443
25748
75323
60856
21900
51450
70306
75784
56769
73050
45408
77540
50238
67177
72881
44502
80635
44760
52548
64519
2899
7104
17487
205
20638
34910
53795
10708
1189
9808
39650
83623
21625
7189
69122
42470
45765
83094
3519
57719
78973
39948
55214
62272
28549
64219
64041
35646
33293
13944
25644
36001
61070
11349
76937
78630
8148
65284
76680
14561
19887
83316
36042
75020
40693
43651
15600
29017
69496
39544
63227
3715
7162
61109
71572
60898
20446
12234
28877
78335
68457
19242
74839
21852
12303
61726
13926
14764
48345
30468
52004
7958
52085
77822
19583
32775
40893
17910
42839
52502
78261
76614
19614
29973
25894
33824
5352
188
23374
18074
9905
13153
59252
53551
55992
12271
7187
17660
40522
63131
45068
22448
56628
19818
46683
82569
14450
25179
15279
8446
66512
32125
53655
65632
8198
33619
78374
16559
10569
30923
63721
49004
19825
31123
69133
53726
25718
5050
79771
8141
11946
82751
47143
60170
33147
80208
61021
63881
13689
16818
1905
3630
40147
30439
36388
42649
8059
70267
7572
66041
8856
44925
74639
1856
63664
19550
63926
36723
5347
66053
64250
79977
18270
64588
14644
56714
31211
65205
31208
61536
55349
9159
11241
13002
38918
55318
63995
9542
35453
51196
1666
61155
54948
81306
58299
83631
74716
18137
4844
36151
43160
34682
668
32034
23246
67526
41811
1888
20566
58485
48723
25322
83124
31404
72818
24487
41364
3012
65642
61005
53552
81634
72626
31520
34160
59564
38680
29443
45522
16137
35959
18506
35907
72373
17454
26940
26652
12019
7202
58892
27669
20004
27545
75685
69742
49084
56460
27318
56077
36300
50676
43735
66014
34886
60906
61479
74728
60102
80179
28289
14087
56638
15419
18203
29394
43993
82540
23352
17850
80719
4499
65771
23996
1135
80396
24568
19093
17842
53055
31833
28773
27286
32342
22385
73625
289
29173
46579
47357
31527
23749
48637
19759
37312
17378
25015
5579
40935
45147
22680
82929
69804
60944
63433
10109
23356
74500
38658
64178
5808
15402
45166
30302
66223
58283
33851
67869
70895
80422
80205
48831
80560
52023
58584
41415
79737
37207
9230
5822
17978
55876
82423
17040
29624
32522
36217
58616
52493
81066
15826
69419
74158
75183
62752
74468
25332
58044
77404
77310
12576
82774
50441
67623
33291
64952
60887
10733
42425
78404
75215
5372
46699
80714
82948
63576
60573
73045
28203
74834
79715
23254
82966
21335
25365
15332
49238
26631
19194
17661
26395
17420
57008
62702
54677
74965
18174
6588
44830
17873
22596
10769
421
18819
15198
24733
79720
74476
8464
66439
62221
82505
68335
60968
3145
62897
10254
68404
17180
62409
10118
81044
33701
25576
8827
48630
42332
63878
14781
33946
6676
19758
22222
13250
33176
49653
78133
63666
36204
29825
21494
77281
4069
7249
80514
41915
66206
34095
69873
68196
11640
35640
61282
27587
18889
23055
28757
75923
14229
80849
20866
74048
70521
32899
32750
16598
31458
62393
75678
74132
48371
20436
67945
43286
76838
72607
74625
8607
6594
56906
53583
63644
30500
70880
75337
31082
51021
47134
69083
57556
82892
30326
60366
17148
65312
18856
24658
55593
58770
59226
5094
57089
25956
21104
58866
47358
58686
12027
41703
7528
74553
74584
51883
26595
55296
34378
35600
68670
58937
36540
27469
6943
30045
20670
14093
78486
19970
63963
40208
32759
63280
12394
48331
9775
70390
26414
8498
8395
42617
29368
41210
41993
56734
69149
7779
5739
33974
19855
68203
57761
11030
57021
62688
24587
69513
2934
1196
2120
853
26805
10256
22141
32796
1715
83045
19485
73598
11789
913
60310
47214
22217
28795
4779
65379
22125
24046
5725
56788
45315
55965
16531
1082
3843
25367
3766
2689
25023
38228
32744
74533
60261
7234
41002
64378
20236
75042
31605
61179
19875
37954
66212
70741
36283
30032
65494
15151
17819
57166
5598
23641
18801
44782
40714
20938
49062
13082
77802
49225
62145
41587
49850
82654
76241
41508
14548
28040
53095
15561
50131
24425
76958
62870
3017
83113
54051
27702
56339
26338
26100
61723
81543
74919
38490
28336
67904
77915
44385
12829
16187
50768
47831
52659
37046
47944
56924
53560
70266
35588
56516
64255
15562
51082
24856
47910
50029
57425
67176
8034
31402
18123
61340
58141
37019
22330
7851
14405
28693
57686
81376
77184
6194
12715
64103
29022
31601
17562
47203
37765
39405
65883
1398
45581
64309
19736
62595
34234
23677
81676
53475
19979
16613
67850
22608
72066
57914
11887
17044
27175
52345
26803
82624
38494
410
6193
69263
30778
10446
33811
28705
76217
10773
17315
41348
1433
14908
20630
17365
30423
67278
9810
50710
64821
24348
82336
49901
44296
58370
32956
27128
34376
79802
20683
29780
60064
23221
70508
16031
25334
1255
23153
38754
81288
25101
39066
28262
799
60930
47261
30112
62081
32341
66198
71027
19851
57613
27249
39851
16686
49792
38801
31010
64503
13576
40638
42563
60795
33325
18130
26360
51877
75535
36989
46611
63462
46953
32133
65008
41792
64870
23195
38131
23151
31632
61979
18246
63082
42774
19623
30938
9702
72680
26285
56665
41773
32920
17920
26537
56310
56192
18477
65180
81230
67608
15
7901
26195
45993
54385
70873
49632
14483
14906
44982
7661
5402
77106
69939
83523
14863
19377
37045
70626
8302
3759
35663
52326
10157
31758
19281
40733
48360
44478
21302
45930
24521
55699
51541
68543
9053
40356
34891
44970
5265
51111
24297
74729
13910
81553
54374
54082
64497
63269
65093
70824
65040
38201
17846
39680
5936
42631
80238
6623
13547
71717
63185
75387
36909
11738
64405
83450
63737
41578
47333
38197
39428
41736
52032
10670
74904
9476
32579
57000
10129
67511
24353
52530
28609
35608
50838
63829
38014
65973
54303
65169
65409
68948
4236
44934
71637
47934
28952
23243
10757
30979
24942
2299
45406
44503
6031
5413
35459
69261
41214
80692
4827
15622
72868
2954
11613
49462
81456
36003
22935
42927
36741
56227
26038
65474
6810
65895
46188
33613
54621
30003
31249
46874
81689
18635
26086
81829
30349
41513
24278
2800
77842
30764
55418
11476
28989
46921
71664
79728
73219
39457
67902
53697
26489
62924
17033
5685
38443
50143
62031
39190
3704
63484
79940
2226
81060
19352
4347
10304
44864
79229
21774
1663
68621
39562
8161
16107
74578
36709
72524
5663
11742
27065
5912
64705
11192
3858
20266
21219
61299
37211
41675
76830
34825
8197
9145
73738
47001
70859
67542
12930
5949
28436
46339
15613
15852
13682
47948
50648
20279
66987
22787
38789
65201
17666
11234
46483
52779
62528
14031
74039
11581
34612
13592
49735
45709
27551
53001
28200
82007
55552
41332
10895
38008
64938
28635
36615
66161
38098
56663
44278
28870
65384
8901
8018
62467
4067
82876
44659
60865
46643
66277
34343
45771
13117
2116
11023
19387
13048
61877
55978
21507
72225
35351
40602
13597
20820
22766
75767
50144
10579
12798
58200
34970
23784
2739
2931
4812
18720
24154
49620
11063
53478
74751
14358
73063
52652
15490
7155
69713
36041
81161
72383
28592
64158
19989
48679
19540
69266
63745
25086
28468
48813
39788
56572
79261
68019
20348
36769
49508
22994
30714
68359
46357
72843
48338
8480
2631
32566
65424
68265
16866
51882
73257
70792
65743
44407
20712
64812
56992
58580
8062
5364
38090
69316
44293
62321
19219
50383
56560
21102
39003
17780
75578
44112
59791
57373
73129
71975
18616
42395
20374
13659
29147
77387
49663
34899
1000
62074
26954
42345
51845
17115
26935
35311
9959
56567
13079
25888
72556
43937
11958
33603
81791
5640
52533
34727
45861
41156
40170
69876
24604
4875
45536
15412
13798
73200
64047
63830
62003
3477
4385
52836
49953
44980
73448
17569
41451
7201
24290
26726
38414
31042
31785
48966
8053
44754
16555
46208
62419
11696
69479
77240
11641
2479
35944
56254
31161
74900
68853
10123
7632
22230
8596
76371
80859
26904
83469
58217
82465
6996
68041
7239
24666
82281
67432
82991
45744
1338
68759
41435
4462
24054
65021
81979
76855
14139
6131
47054
34509
78379
7121
5186
58160
9126
69422
43274
30655
10781
46999
3909
49470
83202
46585
44960
40841
56778
51192
74768
52891
6374
21397
52122
79910
13016
31165
10120
13726
4768
38904
68829
6500
75466
66629
48870
23204
44072
43704
40637
65456
52309
30103
50357
60254
70483
62561
57392
32778
70563
895
23211
270
55540
38719
56277
53642
36028
80035
15400
40633
81817
2137
69944
45415
70442
81887
81733
58234
77202
10926
77467
80812
77544
67543
26290
62396
42872
25996
32056
53757
54400
47139
18201
12520
82211
61407
64174
23603
2183
52151
16401
70747
33185
30667
80114
59347
28410
36177
39867
6935
41769
10847
27897
63059
14531
13568
81147
58225
44394
83171
41962
72060
20585
68692
66528
75906
15585
71455
8038
42633
52260
41453
11879
9779
9437
34929
83218
8103
71017
55210
69883
19684
26210
50499
50002
1105
66479
42106
49684
36947
54168
77929
20785
38239
50530
48551
35261
67225
63271
74528
7804
70557
26997
72391
69164
19150
20441
54067
34821
46815
63663
38482
47547
26148
37874
77189
13034
46068
36168
67571
48278
48775
83239
22801
73754
29578
23675
68811
11048
19023
20723
59547
15636
61019
25252
76740
46293
66079
19136
67500
37290
35696
43135
27952
15776
66334
10394
29118
44481
43990
38659
70964
79825
75449
56639
77140
72343
23168
82640
25660
28817
43069
63715
62326
30762
74312
52825
22912
6238
42520
10714
62575
31638
32931
73447
70345
33314
25979
56575
5851
21167
73484
66096
60945
83343
58364
52539
3657
69951
41475
46634
48798
17209
25990
48578
57068
6873
75317
61753
73646
18807
30073
79354
21313
77937
57520
69717
33205
39121
48289
71638
26227
58541
43583
20587
75091
72495
78250
51973
71709
12691
69108
62245
7926
20496
12701
25469
51898
9768
61848
78372
62547
23298
81333
64981
12638
13623
2143
55446
10616
10751
72630
66101
35420
17346
12245
40750
45991
60421
46384
33162
59703
43514
67576
14655
81781
40213
21499
55268
22046
48179
65682
28852
827
10312
47734
34662
62959
36012
22499
68444
1285
34699
24789
29575
42615
36119
2424
58127
1847
75467
58134
63130
41806
21951
44658
52579
35702
60572
37473
39993
50015
29815
44926
35668
22414
2341
28291
41812
38865
66000
63371
36626
10912
52828
71815
13640
70327
4414
2926
73204
43554
35051
62309
60256
27112
17557
77997
23329
12448
49538
74989
4396
21283
4882
77592
59268
77494
81331
16367
1735
7871
24580
24946
15552
67620
74833
14153
39075
45436
27782
65800
77433
26630
41344
44655
63057
50386
17902
20501
26582
31698
15437
1227
18124
42383
10361
44858
12236
66937
83104
17202
49228
40079
37984
36482
21242
66650
70726
26399
34808
42094
67803
54524
76611
880
50204
38531
10940
33494
52282
59133
24949
22445
14808
30890
7954
67325
7443
74143
70986
63379
15424
5515
2787
44732
42294
56904
70357
82199
55445
5426
24134
71990
58617
74012
50546
37852
11767
21433
54004
66054
1469
27872
66732
11803
34516
6470
63656
45708
70341
48138
1167
25733
63328
64447
42501
47784
490
23694
69910
46887
7853
46236
75934
21272
65421
34173
70431
75476
12028
62242
66111
81927
26157
2340
54365
57725
72028
6347
41089
63872
67011
73363
18614
14701
20273
30742
1327
2972
63518
67134
66021
11568
25846
3634
73375
51706
24312
14463
10558
1282
26883
22655
70024
51674
40235
68790
73373
18873
45682
17601
4164
16038
63835
28578
36031
56726
45006
49776
36747
51534
21906
42540
66449
24760
66176
4743
18110
42340
35354
34035
24135
11483
31420
58450
34495
32245
4203
2783
36123
70787
4648
12646
55375
13146
50299
45381
46523
44240
69206
52886
14607
76135
20697
41180
34691
42095
72173
1766
57668
56640
36520
54221
68649
29553
52025
28546
30918
27472
68051
34878
61523
77653
10937
44025
51648
62201
30259
7307
46400
54149
40021
25500
81755
31680
34757
54391
78017
28083
14692
83119
26618
34841
76672
36039
82436
75333
51655
22729
67255
75624
61626
71228
252
39196
9598
65799
67281
67895
44192
51088
76018
35112
51165
40007
70951
45638
35506
52999
9540
26545
3193
76917
20319
13294
12083
43947
77386
6226
3087
21604
75821
11414
24670
26166
20395
50582
74946
32663
1543
63108
38446
45234
55300
50817
48426
61846
40428
7388
53891
54236
6899
40847
61368
65482
476
45443
67721
32702
25063
41733
64015
73237
60199
26769
35660
35963
66803
23222
16582
39509
59634
4262
67942
4386
48301
36449
41160
38882
61153
19122
15609
25306
9983
7438
32107
70034
57346
63800
29376
46668
69007
39186
42490
49485
38712
1017
20244
36022
36085
12554
45733
8791
27555
21377
16753
229
3948
20333
6392
21030
40445
35171
51560
75055
44747
49285
34852
2262
51032
54543
2588
61248
9325
28507
75480
55197
10745
21367
41640
35287
80604
80515
56253
61326
9360
82982
34638
15856
48160
80937
41131
18577
8496
67362
53712
83544
81001
66686
22228
52722
18972
22093
78673
78755
23708
36808
50617
8220
27004
44632
40816
43908
66281
29804
14292
23124
27608
25761
76819
71206
63422
67614
9248
44525
46279
67619
68933
10969
37683
13811
10140
26589
29890
65953
68144
63257
36108
17251
49658
59043
16963
8582
7559
70065
5107
82492
46470
11467
2287
41922
73329
3194
27752
22007
28424
82546
70348
13870
17054
77975
44295
13330
5113
61484
73866
72917
25269
74425
61518
44894
68278
8182
37067
62127
18654
13898
66899
80258
37802
56472
60419
60448
61394
42408
64345
79930
46029
10153
78206
14525
15688
69606
49410
14749
51238
75383
588
42293
44594
55297
24211
78286
57290
50231
75865
61810
16802
63674
60705
669
10079
68124
69373
81107
15341
27372
10150
21990
43386
55815
27294
58573
76731
32617
57098
54787
20741
9450
26568
35199
63285
41288
43024
44647
59870
50263
73171
83369
11693
37500
15742
10768
50409
16352
79732
4888
56531
64945
37310
9547
35260
1075
11890
3662
46259
57046
57125
5541
52915
68104
72284
6456
54617
44514
12610
16168
45554
52509
38046
64750
33748
75595
26825
29143
6964
39864
15242
41324
20085
56624
50509
40875
22388
77994
22550
74489
65757
5668
67107
56994
3841
69646
51266
72702
74873
20666
42553
71098
71672
80661
20258
35883
32007
64545
64294
69295
71065
61807
58441
8307
25616
79984
69029
13925
33386
8381
58125
63612
59399
69188
72780
77938
58727
21000
22719
721
61678
7379
76109
14723
42221
31187
82671
13291
50671
2796
29824
29077
63009
73090
68155
61384
21846
47968
28441
763
3329
4093
4382
13653
8732
49848
35256
78893
60986
12402
29176
57211
23121
63951
4404
22513
6090
1493
74788
46357
13903
281
13680
20697
819
54055
78855
53848
51741
37381
53358
18780
37662
66903
18873
23335
66805
69557
64683
22401
75249
76529
17356
18820
21147
80883
20975
80947
35106
39584
48884
30122
74044
51047
34765
51489
21302
41347
63553
14514
47693
60565
46294
46228
43029
52969
19074
49324
8541
65318
21740
55224
65127
53939
51915
58196
47569
41805
61046
12582
7045
80808
19078
74353
29374
44011
43998
66003
76140
38706
56328
55794
74223
80605
37851
68348
39864
