23727
9927
12032
38160
72390
21095
80211
56057
66696
34226
83012
73010
28505
70224
64919
16784
55596
48795
5418
52672
62733
73098
3183
23045
29915
25176
32423
42722
64856
11879
29424
33788
26879
70422
40107
83344
63869
56191
24754
69143
13537
62342
28078
77423
62528
13620
23064
80562
28103
74541
70669
84581
48644
4467
50585
62024
16047
84769
5901
36456
20825
66057
24787
35515
82772
47363
37071
23217
61597
78923
85888
54457
65902
66268
86814
23977
80585
76297
20905
82921
5270
23252
25754
80584
20839
32361
79866
35353
46214
36258
30904
16015
10989
32860
25188
3004
41164
52057
27561
82242
12352
68641
2617
6258
15031
79204
64159
66618
79194
85994
8719
63941
74318
19849
75516
14467
70714
16232
20044
60809
39409
50425
56015
74863
81080
4957
11343
67779
5471
55187
26291
38390
21841
45468
69233
13083
7967
61812
42687
51717
2304
32299
14212
56291
50661
27234
82818
74505
64013
25274
62831
69626
49594
71164
44275
70017
5337
33488
12590
25731
34909
23480
6288
43833
11537
81299
15919
29303
43258
26366
82331
69923
2958
55714
44723
10426
4361
79861
18107
13135
58336
38272
13190
30982
49067
41035
24645
41736
34498
21672
11229
85442
52466
45473
69623
60795
34228
69453
29991
20575
17487
52565
41373
58682
36462
5165
76618
35536
61291
32719
20562
47563
9342
30910
12368
33573
77960
10747
53588
74364
8075
26261
81251
21208
32164
68281
32810
62072
79989
50625
31685
16107
46583
7762
34417
53539
68076
30754
13539
945
3332
3041
62790
9598
41005
42900
55213
18628
73275
71113
60063
53603
45857
58896
12876
86200
85801
34805
68419
4722
73039
45225
3278
9286
78984
22923
56342
4474
75558
34643
13237
907
43409
19811
39406
42544
30532
30063
82896
62766
81328
16525
62205
80360
54111
68174
15136
75791
53741
55886
52979
69383
64223
3033
33452
4896
75223
18236
26471
36281
78219
60358
53034
8700
15914
83516
61475
15377
2196
2894
33370
55776
79638
31531
46676
78339
5477
17573
59571
63139
72831
45356
41657
53114
54072
66636
46353
61994
43391
18294
44051
47071
39651
76927
15897
69248
38478
58623
86214
68456
26034
67312
84951
14035
47166
16298
77000
42184
13245
80721
1345
62203
14436
60800
35815
9587
77712
82708
2675
13123
48488
4534
81418
8904
25588
21240
11832
47682
19933
30624
4369
62695
73421
84466
19754
35268
69557
16791
26118
86746
76363
60303
45254
22355
36792
14252
75283
33053
55790
61510
18466
52081
43052
44755
70116
34693
73327
59957
46950
30020
85783
55901
69506
36558
80366
22993
72159
36120
12663
2857
19640
25153
64820
10279
5581
14579
27076
23701
48594
18725
61435
1690
890
78705
31544
56141
72410
6600
62035
6246
2031
9289
65317
65389
22425
59394
25640
10575
73398
60777
26833
50618
7239
86552
3045
5790
22468
71827
15596
36119
25081
19841
75303
13085
57558
71760
32681
44018
23923
79804
82908
12619
46784
18581
66398
19195
30273
80219
23733
27675
33790
84661
33317
21548
1129
83066
3524
24295
13772
12263
21388
35267
28732
50723
43487
43882
62972
16097
67021
30285
47905
4921
72812
36643
1442
53686
20198
85804
50382
24474
14825
38651
68129
46665
50014
51563
12830
63422
53200
20051
79786
61231
29415
13142
1135
9657
11935
56035
11605
1979
81601
29221
73875
19902
63356
75180
83636
59737
50916
23822
63586
41507
68161
47345
48784
67098
20630
34410
76610
77999
5128
34280
56807
3915
63568
78102
75266
25602
3207
72378
5038
28882
35035
34185
52830
61443
75667
10693
77483
22320
32911
32089
76124
14791
86564
9640
68322
45079
66743
72187
46713
16793
76478
66917
77109
15473
72665
83395
67074
80402
59750
55648
85782
20850
54620
79436
59100
79773
5541
39439
30925
84075
32938
62676
32388
34925
4518
17272
80004
27197
80712
41175
738
58383
47601
12322
13597
9929
55573
1138
60782
67200
43708
38777
76524
73553
5034
71608
18269
18078
37933
62091
76638
72473
27331
73512
31319
64411
54144
92
46463
53088
65911
30505
48090
42260
72898
68227
28496
22908
22956
21299
70634
68027
81866
2758
15627
11101
6711
24881
64203
54234
69189
59275
51990
4257
4028
15465
80056
63340
86813
14634
39094
50884
73113
29795
30525
30001
81111
28226
20719
11330
86460
84294
32449
74235
71275
243
29019
16524
25011
11246
84944
25853
530
38663
12251
14996
23836
65191
31513
76763
31425
64934
16792
65951
59740
22372
82544
78190
800
75626
62985
84206
6154
84558
53621
80106
38699
80070
8707
84903
62834
48120
34344
74946
86444
17684
5954
59815
65962
24369
39592
58706
77698
25055
41198
63213
75301
52706
72743
20257
41345
31050
71901
18945
68868
75601
4646
16726
22085
38212
41967
86387
64895
42806
38185
23632
35612
30072
10670
37737
2888
58694
37160
78064
54954
75901
6299
21852
50915
51142
59923
45272
8565
26713
13394
16009
20013
67006
7318
77967
81585
24963
34343
60280
80517
15026
48982
82581
68866
7721
16165
3834
77281
51289
60320
43504
45664
81493
51447
12697
74706
23698
42005
75370
71303
85239
17154
52824
37501
52577
4734
21644
60041
51918
65943
3480
1231
57775
14474
38064
36339
24699
4809
32382
44024
78149
43689
32768
60276
72870
35790
41034
28163
33863
67260
72828
63178
67719
76454
9610
19916
10011
60128
76147
33179
66387
65664
34207
1232
62336
7315
59256
37097
48563
5531
48392
23900
69926
26350
72910
71171
76140
36714
57643
27491
5845
80868
16780
6674
69442
5382
50147
65030
22189
37313
31927
52459
72761
64521
81534
11542
42881
60624
53407
19655
54408
12573
85661
37861
22317
61171
27425
53626
5256
24166
49415
23839
75224
62836
83342
79431
71366
24610
25255
19076
74695
41652
6971
79072
4642
15205
37585
80103
8533
45407
74072
67686
59633
78452
11294
58153
7391
25112
53568
75609
48304
27359
45996
35682
66966
38938
64708
63448
15270
75062
11270
47175
62003
61855
70488
52686
79675
29575
29819
16629
10156
48608
49015
24740
74253
61416
12481
28116
74233
51116
20590
73406
75815
27047
45568
17997
31840
22229
30123
62476
32235
61584
47913
50120
60585
73178
34814
13968
82169
63710
60382
71103
27684
83688
2822
65466
50955
27377
77826
47992
66014
58050
53400
84601
85429
21152
55660
83710
72679
81680
35971
32497
45862
43629
43780
60225
83275
2827
55801
46382
67058
72166
70219
27605
58765
85903
66905
5023
22730
69653
82206
18319
77226
6628
64003
51748
10614
22772
83722
49448
12445
13215
45187
70583
62604
42317
60258
16771
53043
30260
39341
24169
86009
75929
65550
33362
61208
59725
14865
33190
76986
14892
45855
47590
6777
49969
18013
71638
38277
28056
35676
28299
16093
43478
14152
33979
81450
72893
47128
47405
30969
17774
34941
47994
77590
36310
64038
68677
31877
56575
82470
25446
76475
81030
77638
26934
58394
47922
34021
26663
86118
20220
43909
32901
2764
6018
60331
57140
30385
47240
17640
83712
63813
2478
45687
38884
63743
19241
31267
66674
85948
77130
60872
74522
5983
21261
38591
73593
84161
42109
20132
39432
81192
47461
12229
42584
80660
28899
24487
25292
3114
34900
68961
12905
56091
50391
79253
33052
48734
12942
54897
48460
82847
34376
16675
19853
76658
6360
62292
30816
64538
57729
55234
49831
20239
27435
14972
76644
43180
65231
60705
40200
30231
46575
43616
83278
81235
36160
47409
21402
44161
68909
15880
58767
84019
80932
2530
10577
35229
33807
15095
43704
85197
81052
58471
35309
52142
16131
33217
31341
20182
17789
79331
49896
84238
12809
73554
58912
44842
29801
70320
55872
50283
34669
16244
40472
80036
39629
2683
54529
71195
45037
50634
14704
7367
16139
35807
20172
33422
10823
5210
51051
71703
31866
26109
27135
5878
81388
35225
58429
737
73385
16222
41791
55569
1284
65701
23827
5585
33031
69058
65021
2953
32401
9836
74872
21938
8362
57622
45959
64876
20438
66007
18919
54940
37613
36861
31837
66942
59159
1018
213
25891
14201
14037
75617
43690
47678
13588
44169
76116
37067
31917
13550
39732
40561
32754
36215
30094
18329
32988
47980
9280
54245
32414
69829
73105
57474
2228
6686
66170
4462
60657
36211
30585
52955
34236
50481
82935
42724
45815
41224
47774
1717
852
13082
84419
39580
41499
23272
36683
29233
44056
60884
68443
1993
76785
39191
32468
35839
4550
51540
58406
77881
5129
66849
8675
52036
31978
76071
57077
690
21649
56120
22911
5324
36831
52279
55256
46636
51506
45247
4591
44174
19187
49154
62602
12851
46164
9578
2659
62760
11549
39314
60286
19422
1761
43389
81545
44890
82076
56137
68204
19131
73793
36074
3451
52975
11255
77160
84935
23275
3353
30160
76643
60036
15397
16498
1875
35106
11120
3276
51392
78572
67208
65091
56719
15486
71258
47347
7140
72139
46279
77348
84595
82007
54187
78945
42224
54885
82701
40941
1817
54015
42563
44994
21373
43787
61542
15182
21873
32432
8374
80289
64066
15080
65537
65659
72256
26922
71020
35645
34442
58368
76671
23337
5916
35692
4099
14952
58910
54236
21048
9246
73054
8678
77183
71488
63524
51055
34897
50211
66238
70665
44188
77418
3070
84771
35658
17824
31246
21182
34543
10531
82810
68772
78428
41661
511
51494
71155
74086
53083
70396
40094
52247
44307
265
54745
65226
64975
62654
15540
57680
43490
32652
45995
8914
16769
13160
35588
55833
76382
67177
45386
23594
37486
13792
36608
61338
50598
44908
40279
57872
22090
38197
5877
62762
19492
58044
31737
41011
8255
54302
73509
47440
36345
34770
72815
41710
45155
69122
39136
51288
28741
78157
74063
41539
65253
53983
47154
12800
14242
49111
68616
73411
45836
52390
49338
46869
9353
9710
58185
19976
13868
39106
48048
47549
59032
25149
16405
69697
53732
10284
39417
52317
66026
76108
60400
40523
51207
2605
67400
67165
63111
36214
45589
59177
67134
54178
20131
79236
37124
63467
43206
52378
79991
12541
9600
53067
45797
9765
4928
78338
9815
76412
56167
6745
13009
39641
42944
5884
36351
2024
68526
49883
79398
83270
58873
72712
74680
66859
69573
50565
23641
33129
74029
61277
84777
2328
39388
24301
63960
33562
26306
9971
66894
45184
84139
35923
51264
7939
74158
72640
53275
18431
11094
59395
42891
49453
75467
12168
77513
36979
35413
49000
5508
74974
25486
41131
29768
63969
45064
6368
10368
75388
66560
13860
35190
82353
52096
78820
31817
27564
79872
69571
67337
35712
68947
80466
14293
82988
65313
18783
82289
71173
83274
74131
24006
57954
71409
84071
63756
43231
8239
15471
40866
16128
22295
71224
38295
48963
11064
3820
84844
32936
58131
32165
81683
82730
27005
11758
59379
22886
7063
13373
3913
77428
81937
51656
83711
14824
53795
15718
19431
85056
66629
72497
84627
81071
1251
34504
23718
62681
51498
29328
4668
26597
32297
50936
36570
81656
60754
74530
3688
25507
85240
62976
49406
67161
80374
68056
22702
79490
56926
11671
8723
34111
18451
46868
6382
20854
75174
64131
37412
82430
55950
20622
38620
48067
69488
39941
65136
42245
84116
75118
5794
51699
47174
71900
76731
9013
63693
12449
17970
62159
83735
30786
9421
80157
37368
56149
23358
46770
75594
38773
24904
61943
10167
52589
2402
12684
6453
15262
13975
7430
54273
71105
29388
31448
2284
58245
40381
85787
21934
12574
34002
62204
4757
27426
86253
73048
53561
74000
19146
21365
34986
10588
24058
24686
75134
35390
78037
58113
45506
5818
26680
81647
24214
12314
55611
20231
39630
26788
477
39619
16454
32905
82456
49931
38774
55078
78912
12061
40763
62478
40848
51002
7424
70242
38325
21510
71035
71907
12786
32910
38530
36929
13261
9109
29705
45677
3881
81846
62864
42514
52180
39476
3007
72856
26517
80045
66883
46092
18332
67487
64001
5430
49858
33020
306
86215
74157
79960
65777
81734
39019
71679
27235
8404
36453
48769
41759
64535
14260
84553
26850
39794
11943
27413
57243
48119
44368
2865
33674
69661
79799
58420
79809
13849
71099
62992
26604
78468
30738
77629
54197
16723
29469
5516
73122
33171
398
34584
11226
45779
17585
35464
20300
78367
21662
42965
55164
14819
48017
86248
55650
21814
13131
12468
53139
29416
32030
7409
57822
4078
74427
51234
62074
83293
62978
35055
54652
68083
83945
37010
33340
50117
8704
55491
53450
55412
62498
38517
41
58712
47024
67941
26479
67750
60337
29853
69289
39079
85692
23826
84554
55339
27089
25785
83928
85148
76504
57877
14466
41934
15984
66155
31225
56527
41830
57185
21866
44121
28587
6335
717
24518
21704
40475
81820
24034
34066
32302
85939
27630
47107
32261
59203
70073
4881
65579
27261
34974
47245
70924
65461
10328
75839
23369
86405
3684
79508
72693
54105
34933
83833
1096
59893
41350
50247
36179
65544
77446
75251
71617
80412
51934
78852
74266
62921
13253
58934
11948
70822
25522
46319
6727
44077
6440
53770
32586
53992
82809
38860
57743
17364
43212
48125
4288
61257
83280
19438
25693
79888
24908
81097
53917
31500
37356
20788
42498
16501
39012
22414
17186
4709
7308
11752
31034
29087
47921
69603
73321
20654
61117
71255
33814
56598
27264
32675
83156
27983
14664
46931
19762
17878
33802
82721
81425
25862
79044
10645
54344
56429
20489
52276
84118
80683
22765
53431
39418
19554
42873
39921
25485
15610
72697
27602
9462
18185
52435
62537
43736
73013
78433
40397
18343
34606
33854
32122
53996
58053
33721
3428
16507
42438
76963
1351
32312
22166
18388
44584
52664
82920
61147
70968
26707
17302
13269
45578
84592
48615
20026
42291
7698
42378
63197
74099
28277
29818
77958
2697
18590
45196
24492
82946
80685
4526
19245
63836
67531
59101
56160
17350
27944
83959
79219
53797
7284
41578
81048
14462
13548
74346
26216
77050
11863
2726
63023
68053
71801
81512
5356
42319
80172
19982
17340
47336
78430
41247
47789
24790
60937
29961
99
13224
2932
29753
77363
47991
26433
20382
35774
11007
71004
31970
21195
27998
66985
19814
12374
84313
75979
34871
4183
36892
75522
3957
71260
55204
76549
25835
50303
34219
49573
51235
54642
16252
1093
84687
64625
65896
56145
78353
30518
37786
48101
85642
6301
69403
63325
82519
74716
78118
34878
42455
12912
41252
50262
72845
2918
64608
7974
32050
46452
30209
16790
18201
18498
63508
78481
2276
78773
3956
37371
75043
52120
31083
82864
85426
32804
81079
38330
35910
23740
53149
19110
72085
36496
33380
51779
35324
70412
38176
521
16818
28060
4246
63015
83800
19926
58260
57212
719
58647
1050
86016
5002
22157
10089
56415
75498
31276
71018
54773
55026
13978
8814
40856
82493
38999
63055
38933
6464
74854
30577
81031
8197
75145
34304
41441
41737
53376
14617
19718
55299
70808
80965
7976
15662
16688
15033
70527
71405
40201
32463
73252
34378
39301
66453
70255
37749
37213
77474
37417
32013
85335
76525
27267
21962
27136
48499
61958
32861
24638
17561
79806
63042
50101
32465
77347
24756
66603
2591
12222
61487
5465
18736
24239
60235
74146
54246
7475
25793
11584
51133
41660
44012
67994
85958
56540
70605
80364
31463
27902
4346
51296
15394
32781
1199
17506
18738
55469
81306
53916
75780
37686
76532
63883
45014
54023
40806
21181
63262
72313
66244
31453
23651
66042
47160
26133
40576
77385
24849
12813
14997
6072
23102
52071
83600
66060
59601
4336
71598
68338
85349
38423
57898
65783
70701
76857
22863
47655
8534
60050
68405
58243
15916
80186
25714
67146
75097
9643
2229
43018
22475
51705
26043
23254
28499
45606
62508
47158
32900
33794
23067
55300
34635
866
30046
15297
21728
26062
2536
4573
52367
47648
38245
14500
23526
26624
21138
40718
37578
84346
30528
27704
61146
69746
44907
21001
19532
17646
19157
11055
78266
25235
28485
19229
52616
8555
70057
24948
36388
76719
85538
23646
64259
42978
19002
68923
56522
11103
38800
13759
19572
25399
12642
31411
17591
84599
10767
80561
5295
73247
55794
63577
44871
86120
41911
24215
2908
54155
59872
57932
15064
20428
6179
49691
50783
54683
65605
63452
71331
74413
38465
54961
39240
53280
26010
72645
73717
55976
56227
31298
13388
47875
54235
21153
43267
37798
47656
21979
16673
72718
10359
37755
65360
73955
8618
18766
28302
82538
27088
27347
7328
53421
78101
76837
47343
68999
65179
3514
9614
41851
36941
75810
51716
14797
6186
17612
38577
44738
21357
11594
8407
71188
32288
81153
41424
39850
31808
65869
50938
62345
33675
80416
85264
57043
66960
9476
70864
24087
61960
13280
76374
33267
19614
57308
69213
60949
10290
1998
65129
83774
34170
65078
64511
4304
10267
61664
42616
2812
45501
70076
68218
10960
40218
11599
45840
51823
50552
60604
25196
42017
23069
72578
46421
34704
6840
22265
14574
11741
65620
29900
27488
41062
27804
66601
23534
57547
78391
15318
38768
36761
20074
34179
63043
46880
43586
39141
69937
7061
58930
38378
23644
14735
26147
47689
10919
6069
67070
54734
12526
5475
73541
40758
63382
71300
69469
52973
6196
28533
63099
3073
22190
83974
15549
44544
29927
30180
42554
68105
65060
60526
37505
19568
80553
29354
28894
11762
63366
76691
2793
43312
48870
10491
13164
86555
64772
79743
49744
4840
53030
80859
41678
63012
28392
81850
44406
62815
12836
81526
21752
35462
19737
46922
81169
16950
28483
10300
36582
72482
32870
38287
40867
61961
37985
25154
30308
65378
3670
35344
61177
24789
23805
8307
41395
75383
52997
40722
18592
85023
74058
49676
8155
53184
42503
74495
75034
72916
62558
61688
26570
36154
51206
45021
27982
66159
13339
37733
18089
35814
10557
74941
48686
35866
67554
33032
2577
41549
26554
85851
57008
33186
18400
64151
71328
31019
27228
67036
18502
43813
25694
36222
51593
79518
28828
57674
2451
44299
62017
65880
5694
50010
45310
1967
78407
67232
21170
32584
47649
57326
73086
21165
3837
51740
40111
57153
51363
82678
2685
22479
44647
63160
44072
51640
71221
77896
8504
51474
18286
64317
18664
5110
18582
31116
45894
71046
11232
69388
35282
72304
43826
40028
1487
75947
14254
45600
6260
55313
69315
23705
35914
41169
13309
71896
10358
61925
38607
72293
58242
5424
37694
42610
1555
69098
5637
49447
42758
30169
63044
63225
82894
33110
1294
56986
37690
76161
14677
84667
36842
73401
3156
76138
14104
35181
19872
38435
53357
24203
45550
24721
77837
54825
32027
80269
68902
6275
11990
28469
43881
75477
46708
37667
49953
78740
85718
59951
32872
78427
51530
5125
31269
66354
68324
63301
49160
41734
17805
74856
63450
41286
73282
64850
40231
48588
53704
56
62570
63257
72022
31545
56486
28481
20243
86572
49385
16231
55384
1788
43395
66245
28148
47882
80614
50319
10700
7566
19784
67349
83855
36314
67382
9403
28259
44761
33567
15065
30444
47888
40217
58921
47736
25923
25550
59358
59648
27558
43126
74161
53857
77329
21965
49462
8545
10063
17819
84321
80153
83462
47672
67606
50006
37269
40627
10770
59161
9389
21605
19996
70177
24271
81023
35143
14623
51801
61860
19605
7043
19341
80801
82133
46485
51660
26079
77711
68033
14582
49565
15018
31681
77743
67643
63359
85833
33431
17575
61202
56464
36500
22770
61035
6254
61140
64419
48186
77508
24040
67841
73647
73319
16770
51559
4424
3868
22918
76074
27233
80924
29192
57867
71075
3290
15779
23276
56761
42053
5258
69703
20142
37437
74336
53220
62934
56783
26276
732
38982
37614
57293
23778
8562
24678
76156
46652
66381
50367
6936
46344
70718
9248
57390
76534
66336
41695
53786
10109
18642
86039
25537
24035
7126
25102
61096
41702
69825
46103
10905
12525
57820
8313
75387
48439
59178
71118
19859
54514
20495
63683
33284
20613
23081
13720
54673
45161
86265
76092
24326
66429
48885
71252
7253
11345
74308
11682
43354
71710
75007
42999
26272
7150
19845
19361
46176
28464
82074
15430
69050
74326
73686
45572
74205
11767
41500
66476
46814
76021
80409
56698
16114
72586
27394
69924
36141
62806
39979
86464
57162
34078
56300
80382
55811
77655
44952
19881
23911
67383
8370
63333
41133
65665
16353
81812
7874
67908
26489
73356
21337
16472
61948
29809
56366
11593
70234
73933
11180
78188
27889
24644
70162
59468
75199
75438
68766
9936
71588
814
27667
47660
49170
61577
76589
30688
75704
55679
30218
49884
43020
58280
19415
73926
49754
24046
49044
76163
62433
5416
40751
31587
82348
59443
14112
86587
21137
24503
37954
642
75225
74247
83888
70487
86718
46088
46459
71437
85780
13078
51484
56381
56497
58619
43898
712
10091
28128
76721
58713
3425
56450
9357
68820
70830
67300
42104
28174
12119
25193
20880
33492
36785
86249
28490
49627
53863
85462
62739
65380
29422
67040
70936
76303
51147
20457
56039
16666
13203
55441
64918
517
42614
114
15371
84927
557
77199
42183
81766
81856
39628
14911
7211
11394
22921
18741
79698
3199
41675
16038
46695
42326
39039
11426
27512
66863
50939
39549
81854
9297
38022
34715
62197
43919
44876
26137
42765
20882
35488
55827
31262
50728
26462
56403
60918
46455
22685
23398
50007
61478
48301
54006
67926
21245
60815
79441
12622
34356
14230
46571
13038
44629
35789
63353
42500
25931
77029
28000
31749
76395
45787
41776
86510
47129
35518
27869
38675
27094
34402
19689
55119
38374
49228
68171
15285
59035
43455
31020
37282
78657
29102
62477
8290
82751
6863
17309
50609
55879
33970
49518
45088
7432
55230
1492
31701
21121
59594
35213
28817
80923
77495
53551
16779
8083
22396
29297
20844
50466
51308
50220
46291
63678
56823
59404
986
33107
9676
86603
77460
18054
60670
86089
73367
58825
2120
26821
14790
55690
84159
11087
30430
75265
11335
74702
53620
35
2531
54549
60569
28312
17601
78348
50461
36288
55458
6043
76505
56315
42099
25646
39627
83314
31462
54757
18434
43766
15767
7354
26164
11420
56129
34797
32042
16805
20892
47323
80567
86588
60467
19516
56789
29814
72951
56150
3239
75060
7220
64284
59282
58284
49056
46036
63596
86404
22021
32372
84690
76728
72391
71695
62567
62326
17470
43238
40388
11917
41544
24450
54271
10624
7552
84109
5767
53680
70798
31875
35613
38393
8941
38792
63730
59537
57717
52960
31061
14215
37656
74485
83502
42407
80523
20188
27871
36107
27131
52359
46834
58678
55002
36172
43079
14034
30654
5857
21374
77851
55116
29027
74104
22916
1481
60531
29904
34363
5917
16010
73075
42432
84010
53226
62622
75794
10634
49833
47012
13444
47452
33989
25428
30820
61191
76211
22540
79374
6023
24729
24493
56274
61970
63991
66997
53204
57580
40933
36889
77203
85724
81407
17216
27718
43154
76747
71777
81604
8978
818
72452
8623
76960
7739
12198
40908
47681
44237
75318
40634
39496
47731
31508
8649
7144
79753
9517
2087
21120
30277
70108
15358
9483
8241
65637
29472
43218
36316
9134
55509
22594
69916
19067
59672
86671
76221
63599
9110
60166
84557
35253
61560
60272
63653
40001
9919
57111
21994
67179
52121
78397
57967
2008
22990
29828
74191
82985
6488
75863
12764
10155
61891
7733
69412
24875
58014
7861
77437
69791
7682
83592
38485
16876
58800
60233
25674
50316
79481
66892
1868
50419
8243
53553
71412
81765
68524
81099
80115
59054
40165
31430
57505
22208
9551
71397
64685
75931
23803
13226
44827
67671
80301
42559
58282
44198
65545
23192
4295
49911
53816
5330
47487
63546
36669
56148
29946
21616
51938
64345
34936
26355
37379
39006
31172
80119
7524
29277
55146
7058
56514
66412
55280
28853
37337
39583
34047
74125
61178
23494
15950
57442
64545
23280
36046
72183
50806
62954
43796
5692
55353
10522
6746
33079
42642
72860
16993
66475
53526
28144
58069
78737
55772
49638
64449
65616
66631
32133
24719
21446
18661
33100
53266
78253
43846
41602
53008
57307
69345
25532
78471
38292
43294
56051
62668
45582
13622
4326
13662
18613
9775
57525
83932
72777
22309
65610
35505
36594
79694
10232
55226
16503
30366
9431
24677
76362
49545
35862
85522
70825
65064
64218
16361
65546
54641
59591
64709
69518
67765
65357
37974
79402
78255
66902
84647
78140
45210
15300
19531
54084
85520
69395
39413
45140
613
50255
68575
68002
63478
75966
54995
59916
50570
53632
50984
4176
26738
2910
58027
43609
55627
68442
752
33006
8879
56399
29866
62150
10488
80400
36611
81543
51961
32289
82851
45100
54554
52895
5708
11107
30141
19038
78750
43803
48475
27325
15694
60211
66508
43241
85026
19803
55267
34273
80711
62852
11934
73400
75436
25448
62605
36082
76223
5803
36970
37081
24146
12910
76429
34051
64865
35975
47242
18633
83799
26977
61821
83258
69333
35833
19986
39882
57532
53538
43245
78033
22092
85411
60132
32792
48472
33064
71860
6255
10162
57183
12847
50742
31614
12694
45772
8538
51161
37135
40849
33589
74811
45538
39786
18523
5928
34989
4230
66791
23414
31739
35197
1756
61358
46018
58578
48323
9668
1957
46740
78698
68774
60275
63908
41928
13652
46095
20699
26679
3264
38854
28870
15645
27590
59132
73856
23270
42421
75004
29267
36467
28726
67448
48577
21770
51993
55311
82588
16160
77952
86728
9494
4076
48906
27098
6067
40040
51340
82753
76881
80706
83360
51376
86512
33023
10640
46741
51674
53849
59698
61482
28857
77082
71316
56778
50016
43216
40599
72147
51244
22074
47692
44199
35543
51835
62630
55493
15426
55897
42167
25426
35496
67950
16149
50949
28061
43702
78851
30722
86560
26331
20353
3184
31540
54964
37009
64092
30333
73481
41389
74648
13287
54562
71043
52027
79140
13862
21558
32044
24465
5061
31395
2392
54218
32502
23181
684
1833
48317
78318
55955
26264
3675
78932
48359
83531
76265
35274
71472
73561
73009
51398
35564
50517
11225
15794
15115
60588
72709
60082
84942
24956
4095
22149
21490
3024
58878
48175
38871
28467
43090
7048
7616
55358
21406
76254
63210
84331
73990
85571
671
18616
27363
14628
22673
42668
2636
5913
34508
1970
9449
58010
63734
77049
27298
82635
18394
6572
75188
3562
75958
2832
10318
41479
72163
82670
35296
74850
50076
80739
68879
74275
14496
65721
17656
83176
77652
9544
16308
21942
27837
84856
77593
63681
74287
52525
71952
47868
71077
40340
79768
29494
32506
49604
58261
9459
71081
46428
6101
12710
61138
45173
81228
15955
3796
4454
3676
20211
19935
24473
3396
40603
67731
10882
53029
40252
70854
58832
58052
44899
5833
10641
81246
17645
55467
80419
19118
63604
52168
49982
40593
47607
55351
63294
12719
15857
31509
28637
27625
67339
14138
50237
33033
73231
11045
73803
54320
15317
71976
47090
82891
71034
19661
6236
13741
344
33292
3449
14028
50912
16772
3416
49876
3406
61092
33313
78645
30288
49208
18550
62711
75355
76908
30086
43747
3888
77762
76915
32049
73527
34082
85954
3986
35946
31597
34086
15850
85611
51276
15011
30337
26015
62589
75998
5731
65146
55700
82989
47084
61049
33300
70502
69215
85870
3912
74538
80615
37217
34456
22331
3049
74953
33823
16829
83229
84923
42980
20863
60456
78297
30959
40224
66219
42990
50882
83969
50094
20511
72534
59975
76042
25414
41489
32243
62792
76327
54762
75185
56830
14973
73731
34995
71109
21236
42792
53530
6264
31382
35545
74463
23184
50964
33417
62503
14075
85641
3344
25866
82524
72070
54741
37370
3393
29810
28774
60265
74064
32844
73470
49892
75238
58746
52684
41033
71926
3894
5553
63219
79466
12417
3455
59574
48642
6105
72081
33818
25185
13482
44242
49794
17854
20057
5549
78241
56474
76780
41709
71322
11810
61704
58870
49252
59866
72309
17129
53452
53387
23308
66178
68073
44227
46893
75896
80217
51343
33691
19613
69337
6434
69459
57371
30955
72970
6590
85959
9089
73260
14225
16989
6972
18179
35311
41749
78312
5935
70216
44873
86173
79520
66197
45709
37451
35677
36008
52274
60060
73623
34249
44372
66565
59372
51632
3122
7289
14505
33652
21011
73155
76458
15063
17524
39738
43507
21794
2762
71830
19513
44965
28652
65346
22011
54573
14385
59852
26540
15652
35023
33728
12260
43985
67223
42783
34324
28065
77465
64773
16273
22204
12950
84623
73088
47543
52006
54815
12517
31868
14006
9388
76687
18111
73657
76019
17099
41087
69416
79242
50004
940
72663
43694
11441
77793
14116
17462
12397
54338
54298
55036
85044
52243
71992
65138
6088
11918
38628
32679
63251
74982
68472
72216
1767
15315
28563
44609
85370
14532
81927
66545
31160
17936
3666
32636
10511
58152
1869
56563
9617
78853
70039
11124
81555
65990
37035
76685
66407
69890
61605
56560
58924
13121
79921
44581
47820
47414
48902
44534
70215
84778
59938
25581
39989
25197
77839
64715
73526
8365
25711
60283
52750
68274
61500
14275
50777
269
47264
37512
20492
33737
59461
20587
37192
42917
17292
40820
3995
21522
46180
42513
26794
24684
4737
52086
30400
47591
77500
25115
26938
72268
28760
64868
1252
4910
13663
76633
18191
19251
21614
33121
37815
10760
17296
59898
81915
18763
72745
6392
61440
26907
71351
65082
63755
19323
58874
63775
25334
57109
56056
63996
69482
16185
85969
61189
63271
39451
84982
82073
37156
37143
32750
17477
9296
70019
55680
18213
26409
39964
72678
73806
73898
36904
48848
22354
29851
31459
27600
7668
26605
34657
78690
28021
77993
23723
13152
41534
17171
41742
63077
61959
48918
16436
5480
72105
64068
42557
4893
29256
22116
32996
35054
5944
17744
77291
53000
29268
64843
3935
46179
3558
85145
33581
40546
49821
39844
4602
55590
48497
57041
47311
38658
42118
24436
53489
38574
57319
86478
76855
14965
74547
25333
167
63890
6367
68179
17605
79352
72393
75289
37399
40839
24131
54253
44982
63712
67111
19242
42012
63857
42206
70638
57135
60989
56880
54301
7088
68425
3602
23256
13376
60555
83617
54735
85665
7559
15816
65292
4610
2488
33705
13208
11285
78207
40367
2388
65315
65125
51371
10389
54794
74520
68122
40870
30664
56081
72327
63847
8650
20341
30303
70916
17374
77941
24693
27166
39945
78477
65090
58381
53898
24708
24479
14547
76543
57339
40428
70818
2700
29419
17704
35798
3244
81899
1430
25251
76378
63971
43273
45101
11710
83127
49397
50880
64527
60077
23236
55931
48788
1857
61335
81140
76250
56339
4470
16703
60925
4969
18068
85474
13783
85206
9045
33475
33167
63565
29048
31655
77162
77810
1420
4419
26049
44192
84588
77663
69624
64617
10235
37002
71626
26729
35890
78251
32908
60372
44830
11953
71244
59756
85387
76775
12611
42487
77732
54943
64372
41916
58503
53922
30175
74380
66497
84306
28874
52210
18846
41960
44834
40981
75564
51005
66056
23694
34521
70677
67371
65878
6713
34024
75974
61991
81276
11901
55123
47827
8740
81956
55619
6156
51298
47061
24105
12542
82631
30500
25727
65617
11413
16431
21115
21472
37915
64714
68910
54569
85633
6793
12113
50169
70590
39661
65110
32136
37317
29501
12392
77523
4712
29914
44759
85480
57561
79174
5326
41406
59839
41020
22751
65836
25569
80253
28233
1703
45251
36098
85489
77372
23879
18548
32765
60188
41078
45365
86680
81717
24794
6439
67660
55306
34788
17046
32427
48507
78789
63297
54117
61595
79523
68387
10817
81804
46845
38217
1111
17985
11402
59697
44345
31530
70932
78580
37859
51482
31936
25763
78997
34452
7784
85955
30245
77484
53319
61623
3864
66649
60814
59126
84954
81022
44905
82299
13878
26052
49077
64168
55397
17285
26104
31632
1781
14916
81179
49851
19971
12466
47194
60791
14794
29243
47461
39396
35712
57770
3990
19250
71338
29711
52385
58428
79291
15747
5464
55685
50244
45776
49254
36675
8676
78691
4166
56564
23234
53773
29221
80936
38376
64203
62131
29080
9879
34750
61337
59417
27477
39752
40680
69886
45089
827
74711
46864
47587
51869
43276
15913
66970
34976
62105
71901
51150
19884
40128
69806
57562
10526
57282
46423
76275
32224
71894
46212
24686
27476
51750
61473
57108
56678
39825
8627
3105
904
16935
26224
66317
61076
