39535
54195
55671
68164
13342
27581
8099
11639
62228
42166
28781
360
71356
61071
51316
32051
10075
8512
20315
7169
34659
49847
70415
65805
33648
3139
47536
44219
22009
12229
13436
10176
38955
19451
11617
53407
31405
33097
54956
18379
20233
30546
5256
62569
36171
30308
4301
10234
43800
69720
11641
51718
27200
21077
39900
34773
24279
25037
14142
58964
39238
15317
12340
4647
25309
11577
36676
42801
23766
43922
33790
66651
55980
21651
64426
62094
42202
19279
38170
26868
30885
70151
30337
15402
29548
37792
25730
8785
38099
70825
55684
49134
11704
71260
42025
396
1940
22804
50953
27229
47326
55370
8835
45558
38815
5198
1837
71483
24209
56657
37639
10368
57385
7927
40248
9159
11828
29772
47119
57668
46424
10630
2048
43305
45924
39344
41047
15099
54147
25824
50725
45005
15043
5657
68374
58854
15030
48511
63870
14625
58204
50
37526
52818
22585
59881
2042
22097
2974
26410
35210
56786
55483
43057
45934
8324
29368
52784
299
3085
63757
43558
13924
47345
26256
4880
66042
9275
18451
39997
51242
66519
41433
31646
68472
53610
61069
31489
50898
19591
37954
4390
8827
3129
51226
29001
31818
37894
42105
20727
65487
28660
8434
15770
11089
30089
70108
8877
15966
3214
25030
4694
70115
37351
47708
14679
2546
46630
36596
19465
36496
16150
53006
7931
66401
39380
63029
5632
36511
16738
68020
48096
36155
4207
24730
68704
28478
71273
18185
45683
52761
67490
49643
42969
33600
47240
69786
12934
45084
23362
39901
21428
30355
48855
55919
47377
61082
43504
25224
42798
66549
60349
4993
11913
4076
65294
65722
63033
44974
46923
48760
48889
47994
17010
52412
30801
49189
26860
46432
50914
58179
35862
44944
59478
52525
67258
63379
6625
43553
3995
24896
7255
59331
13506
23939
17278
2630
9547
9997
61344
23656
32692
13477
37578
30600
10949
28149
51774
50762
46257
21831
13070
22195
36240
56031
38415
19984
40443
68278
19205
68555
46618
10838
54382
26948
16764
70364
41873
36570
32535
8992
28741
44886
16949
35121
22754
25427
11434
24232
9546
11561
33236
16554
8101
57678
54788
27529
8405
23849
69767
9493
22673
59134
25845
1369
19738
9062
51112
29313
2853
56383
19458
38159
64320
21966
66533
63164
29667
11709
42041
62578
14629
30305
32908
15218
18704
40215
51932
4027
67933
30130
71481
40639
54842
138
50287
7942
58843
35404
29882
46321
29565
30995
50479
10892
42605
3378
32772
56045
57799
40133
17337
30739
911
46259
26971
22390
43380
33405
63004
15536
31098
57883
46449
37285
1303
13195
56971
21809
27093
71893
37616
20622
24522
38471
64282
2333
31743
38728
45253
6229
1559
65890
53681
30512
68833
41048
2677
417
50416
17177
401
21074
43579
42760
7619
31185
58573
17071
38498
51623
11769
59444
9695
36919
55879
57925
65071
2423
10080
44437
36945
30943
29599
21730
24439
5377
35242
56132
32802
29194
40466
55604
526
15089
56237
23115
60539
69042
21670
11531
60191
6679
54797
49365
45719
23384
30691
52140
58778
15283
10529
62298
66547
13786
4871
35082
47510
43090
17314
7898
67447
43252
47750
53490
7835
5555
18736
61419
20056
25207
30548
59904
60043
67737
4307
23782
71281
55067
15176
7049
34988
59370
12663
20196
52205
10190
32696
42287
3541
24191
66668
53405
41574
41701
54042
1878
29260
23745
39660
5015
47638
71826
44452
43371
42324
11141
56839
29040
15992
30771
34490
42751
1599
56300
2961
27557
1128
24704
13144
47802
45396
69788
17032
51864
29872
4838
27821
63494
19968
59515
11790
26788
49890
60692
69255
53715
31417
65969
27680
2237
18522
55579
12102
62081
28461
29120
26185
13304
47019
30246
43495
58703
518
21339
43569
47526
13814
31922
5896
37185
32002
4837
38824
56805
55666
42170
38308
13181
24779
67024
52621
7828
53505
3386
5027
31192
54813
46325
50795
45843
57666
19255
5184
29482
2302
39107
18080
63705
48525
47941
67109
31176
67687
7610
49599
39186
58688
63916
10690
4293
57632
6889
67176
50291
28017
34253
5814
16810
31063
13658
49019
65960
46959
26115
36798
4408
42984
2973
13103
14800
34143
35452
31717
25959
8452
70672
13385
65186
4276
17215
64178
37433
26890
55349
11817
6358
9553
63394
33002
3990
29382
20477
27774
15502
28296
49836
43771
13504
27977
18512
28923
51345
1922
21282
51592
56168
18151
70966
1166
59769
35689
26873
54415
6195
20879
11181
22159
39292
56146
28587
3467
38871
3001
61953
31133
47500
19199
29531
33494
57780
61059
35854
26996
24231
22746
62419
43375
12009
3361
69772
32399
23644
20293
57863
17166
68611
49200
72023
69362
27377
28328
62005
48079
68673
70663
57293
45265
64808
49347
3375
24770
27638
63968
163
37843
4156
3046
64901
9836
27846
23834
66010
17586
7351
55820
14279
12780
64207
31998
15020
41176
27388
22901
2940
27372
62968
35974
33377
33337
66065
33273
58004
28637
6974
22891
49011
31621
332
18815
41323
69030
19217
52854
30855
56595
71347
54924
39196
11319
69454
6444
16100
55731
29675
5509
446
42990
5732
41170
27351
5369
33774
51961
38985
42868
69835
50626
42425
3589
9166
24476
65334
56892
15639
17656
66839
19118
17790
35982
11388
62704
31767
52533
71830
62707
60706
1809
56015
21434
25080
35493
20039
38026
15074
23180
3868
6200
15085
21371
39425
38685
21276
21115
9842
52945
58641
50821
30168
21344
64291
68017
31974
28551
3929
23285
55195
19320
62938
7921
17961
18046
7362
54816
27703
15114
12963
7130
258
66697
4520
58244
39271
51101
17361
61984
7164
42655
24925
12019
10364
41139
64481
49437
66957
60000
61763
68540
68658
70746
57084
55562
65355
28813
8789
60661
15716
58800
32164
25858
57851
53503
16529
62461
5211
37851
31616
40410
1419
18410
36429
62490
56637
12423
7554
34518
70812
28753
2177
65045
41567
35882
66749
9665
20617
58785
32416
70681
30925
41980
14920
6506
1766
39410
61366
19901
62959
43493
55591
37097
47611
44359
45578
7937
970
38580
58382
35631
24526
48360
67032
62086
18832
68263
35743
3202
35767
22236
14315
62432
17019
50493
16210
2341
6612
61838
21689
33921
64411
64586
32253
42728
31423
54041
63684
24260
22471
7355
9038
11669
23360
22266
25574
33794
33461
63111
34524
71238
11596
70451
22851
47608
42376
24607
33001
64763
20701
5009
65979
58797
57978
44137
27406
34157
4286
51812
22866
47886
67899
60462
5519
4068
43680
36982
40440
62295
19956
36149
2362
21296
43979
10722
31429
70726
69886
7911
20106
21412
30009
46252
60476
18527
56268
30659
26597
29472
16791
29284
19953
21038
47605
13837
42674
11903
60025
9869
54337
37305
70979
54381
55609
11429
8686
60978
61001
28236
45595
11263
8514
38786
32247
6119
14215
62438
46877
17740
24946
40132
2938
262
60144
33611
43301
29695
27637
45199
71209
7065
48695
11506
52616
18005
35894
64301
60603
7894
5949
28873
40079
4414
62678
8302
55788
68437
35172
1414
34226
9059
11495
7880
41171
19827
6677
41497
23987
11567
4278
33772
41761
53820
8821
49705
22312
65083
49376
46808
46817
32687
39329
66977
55328
45583
42758
20791
55078
43658
50900
20470
63302
66256
49818
42437
54230
15029
38706
34438
41964
44604
21690
64153
35268
860
17928
33146
64805
17291
4973
54398
37237
42421
41618
63173
15015
6763
6566
23233
40816
53326
69124
61319
35334
7884
44246
3624
1111
54149
68830
18076
45559
41057
22762
29866
64090
47402
35881
1843
46943
35884
24880
60588
46742
7854
63838
22610
48228
22919
22181
39820
51391
3774
65987
11261
70565
1483
67397
68651
2236
17073
56338
17814
63008
70032
48500
10100
29493
30001
47770
55537
13085
40781
46016
61503
31033
17310
29981
66229
23482
70962
36225
60428
20433
34542
13114
16357
46858
6339
1691
6054
46872
61089
28005
67050
16952
18470
65533
59308
3377
42018
37697
68459
65649
2834
17889
40833
19619
54306
35871
42559
14865
43209
20216
66854
31484
16657
49285
9659
25039
14301
27927
70802
40142
42958
66172
31970
14924
35223
12230
21329
56632
13873
60384
61301
58701
39719
69453
52138
41404
34909
16783
67921
64314
22798
53991
70571
21770
15023
50701
39080
2976
51090
21873
57377
60318
17546
11423
58936
18141
20856
56927
51368
11562
35414
17006
35122
22976
37874
29075
51789
44522
38832
64115
65243
57192
11635
64488
32281
52828
47508
63936
39938
48861
404
56409
3780
10723
47656
34082
4571
752
16755
5822
6880
5877
13295
55239
23304
27758
6909
26789
61917
39908
61404
49161
27953
20673
45003
56112
42336
70396
48089
56897
69908
56085
54657
50018
13202
59051
30860
41915
40802
50329
44346
60344
20814
14049
20098
10463
11692
6363
50734
46604
63636
20960
39533
56636
59749
49725
27882
62216
47907
59590
41860
46439
49046
9082
68541
37156
49267
29995
46375
52709
70648
60227
12698
43300
4789
36743
44383
49346
64480
35169
1223
8386
5013
57300
50721
32942
7500
36103
62803
37370
11864
29840
6260
5455
3075
5518
25035
34538
1122
3883
15672
8669
8019
59443
7745
8855
26335
44148
33061
8250
19600
49462
37104
22318
55167
34787
4164
41000
27797
48952
48156
49102
21805
64200
34523
32275
38731
30894
25078
46825
47055
57513
56265
35322
70867
5292
55375
20338
53702
66023
55445
18031
48748
49869
50307
23129
31826
38548
13931
16481
7744
44896
16839
9605
35978
29735
22223
4427
66922
2806
56167
7485
43240
12475
17553
17448
28146
27330
47674
27331
10261
22963
69487
62655
6829
69808
61335
13860
35581
51571
69918
11051
3733
23015
32249
46092
62531
40120
7433
24557
51373
19222
16306
6886
13638
3744
40675
57439
54089
17873
66466
57372
28894
2099
45964
26594
65492
67781
50139
3122
58586
53064
1670
18696
5885
63735
63242
10007
49667
71061
10374
16852
44727
34512
20110
66006
38658
26694
71883
49160
66650
15681
68554
14245
35542
59717
29121
10612
36195
20255
53809
66278
17675
57776
5601
47809
33926
47048
41028
18724
8348
49885
15545
55735
23803
70434
61625
10549
12940
10085
50941
14482
235
68038
8683
13500
18097
32590
8825
37528
42370
2000
51166
29170
62637
22282
8846
33665
36783
40862
41296
20114
20851
71841
3007
64713
49917
48590
22525
3610
34451
53596
1076
68759
42888
49821
21048
55433
42002
13283
3272
43420
33515
53861
27748
25470
3192
15785
22296
37408
35393
48168
30848
338
2764
6001
71787
66116
51566
6558
53925
29050
32751
42244
17672
66959
1600
45795
3435
69283
13361
37929
5733
7515
2675
7367
38687
63549
65061
15001
45950
3417
12984
36938
44870
64036
47076
54652
24187
2154
46617
52554
809
54127
49108
14976
4890
36944
5143
32396
27207
55153
61150
12283
59863
33059
10567
29500
24870
21297
33058
29319
62341
474
11066
58564
59992
26708
16635
69969
15646
5719
63785
44185
19742
25442
67216
56749
14022
18974
37180
50355
65521
23603
149
21139
33175
60764
3039
50652
15783
12098
3550
62573
50376
67664
45545
15889
51446
7143
70532
39917
59244
19376
27199
39675
19167
33370
12501
48063
15883
68821
3231
58872
32168
61325
3658
5403
35335
48863
22069
54908
5557
10098
38417
17423
61577
44538
3665
62466
11910
62421
30699
41735
65485
30592
55705
29321
59172
60220
13577
25969
42627
18358
66665
66381
59335
70973
53181
69607
32199
57893
63849
66399
70700
12470
36987
31605
61003
64871
15899
53514
23295
22921
42611
51408
8470
15991
65006
23814
46145
16639
66867
27906
39622
64272
34925
15322
20215
34238
39415
41109
28418
53688
61721
20891
57298
23316
47791
35468
46856
22827
25758
13947
29774
56573
44297
37325
48401
24266
51744
9040
31734
71350
12514
23583
12877
12619
23598
64099
70321
42420
34715
62740
39392
51594
45871
27702
62928
10763
28052
70711
15125
33043
31200
6017
42038
42012
69811
37419
43555
1791
25677
20000
57691
42788
27908
18809
49959
9773
64929
52906
64179
70500
71406
6892
59689
8881
3873
25916
59628
5342
23883
20028
57383
7928
31420
24387
18650
39967
48965
33220
49397
3713
26574
50494
59512
71254
66539
26646
17981
68002
40180
57824
66676
34849
17812
49105
29817
1183
23491
11930
17055
22222
4416
26114
12199
19583
50587
47894
68029
56604
68587
40223
19374
68570
36785
18506
47205
36230
39055
60291
53224
62334
10391
34856
30144
52872
49792
57631
56775
14096
32154
67721
53321
20861
18881
47915
23896
3741
59830
28465
37955
48775
39481
21547
59548
33643
6051
70819
1757
47299
13306
23186
51159
31766
7822
43187
42438
9908
24994
18092
40952
98
6495
67575
5082
41703
6076
41858
35791
8891
1628
43241
23515
24134
10297
20408
2398
10474
4481
55833
68678
50803
40976
20332
47753
9669
35303
39910
23894
2777
30604
68107
50560
29187
54445
61764
46884
59065
49835
35178
25108
8272
28449
16074
42892
30713
43063
23940
2208
11398
15215
18532
25896
63273
26260
26795
33192
8679
5846
37406
7282
26305
46179
63506
25752
70511
36491
8396
18987
66987
52776
60461
71907
44391
23958
7144
61359
45417
30229
62476
4261
1621
50308
61982
28646
35782
40365
1022
28220
25491
34709
40994
30190
48661
5507
13161
26645
45692
32277
68877
54132
36671
52431
50666
25697
8692
21788
16580
20418
24732
2228
23480
26793
25781
13697
60795
17929
21051
54596
53578
20895
4511
51492
10179
40669
47417
1011
34707
63374
30918
29318
4074
11174
60370
67028
66313
59304
64706
35794
50882
2008
21624
5645
17600
57256
57607
32047
32729
261
25832
64362
16674
32847
7124
10165
38745
2357
50211
25280
70098
32167
13708
34343
3855
44719
46670
10445
37319
67084
60124
2569
20310
55810
55631
59672
36765
40866
65302
8829
12121
6161
7281
9258
29538
3601
2962
2993
803
67011
25539
15058
34266
71120
42315
66245
14483
38428
55489
22491
61826
32183
47145
8160
31426
26449
71621
29130
56073
19047
3679
30883
44355
64699
39444
68452
31168
18428
50342
14915
67951
68894
46810
7050
21849
19139
55323
63395
19576
28759
4908
24957
3691
70330
40580
52162
24437
4024
5484
14186
58744
25222
8068
62958
29361
17719
54628
14842
53485
29357
31340
2439
51273
31258
60347
8487
53382
59499
21167
41266
68686
69929
54419
24477
51378
61690
11147
41687
21775
49247
60163
60870
54054
68308
40759
24077
51783
10187
65857
10846
58309
15589
27363
27289
23650
67952
4440
63717
40464
54883
22927
47833
48263
69015
1968
25691
27933
40583
27453
40550
2183
35983
71210
18935
40848
8563
18365
35775
51279
26737
57204
57630
44712
71229
10598
46442
62788
52622
65832
53426
37939
35873
62144
39063
69032
20344
39497
28991
64039
38274
61381
3323
60070
9088
22876
32100
36722
2642
69934
24502
40886
38309
12171
7629
7181
60712
10654
18352
22045
2537
2299
55526
26169
56090
55232
55085
18090
58357
38119
29831
68004
22135
57999
38005
9789
21938
21686
59545
39512
29987
42063
20933
35627
60387
13998
54794
67674
70186
26198
11538
45299
71185
58925
50501
15047
20683
21962
39496
62207
16572
48891
66257
32523
47218
28592
60371
4038
46388
35345
58216
16707
33378
46875
26877
36020
38578
57737
5410
60504
7935
65551
60486
15007
2801
29782
56578
43831
25533
23557
55065
53928
59321
21942
66205
63863
3315
24329
69863
45034
62903
58256
46794
69801
60816
3187
20308
10082
6362
38936
18078
43941
7726
63346
31627
819
25271
54184
45124
20799
14391
27274
12964
43695
46675
29855
55651
67185
30471
5280
19607
44505
56630
39176
58014
10147
47365
24562
16982
14194
54913
61665
1441
36707
44960
9192
59140
49713
57078
35792
35111
22651
66837
30184
56190
57575
25166
23521
38138
5866
24695
11157
27269
34584
55762
36235
60971
69396
20478
1032
70814
27673
62227
16333
27078
32970
24027
58768
4007
17394
40391
6550
366
3561
37356
36915
42774
51051
33828
57114
2922
62988
63790
53256
46815
64568
34301
57028
41229
12113
52755
4889
64003
67337
27606
14633
6141
12006
53798
11811
15359
67103
59494
9595
4572
70179
64940
37849
48932
38990
26786
22829
65213
65126
63641
51
4243
21771
51924
59796
55493
40956
1969
64583
41436
56331
34441
612
38517
27431
36702
55006
22482
26071
7844
30598
36801
31487
44139
30679
60690
17307
17763
58853
42285
59999
16668
14460
664
38282
3210
7104
5512
33029
10169
66139
47497
63016
64937
68800
11982
62772
25225
41604
8257
50364
43835
50593
14300
31591
34183
28738
46671
16468
46099
25406
24727
56215
39909
16007
68832
30555
59922
45348
1010
66982
65621
50680
36334
23194
21701
22896
12903
44551
42221
45209
50603
2731
57241
20276
8511
5709
18198
66623
53696
26945
67773
40072
61342
26022
32552
48579
32733
35006
34059
59428
71268
22511
68702
58152
30290
57897
6573
41552
45516
23747
34354
23051
26798
29378
48196
71246
69795
44631
56834
50466
46973
14814
45796
36014
51417
10269
8712
66715
31362
20548
24235
27290
49860
11121
26477
2227
22567
12067
22271
58398
64313
45555
67169
34837
72091
31239
56650
30569
57852
38561
26028
68356
33974
11842
5909
20679
46987
4720
61775
4442
64375
61644
68425
9617
61877
67385
53053
48064
61125
23936
2271
27843
2992
32953
30161
26920
24523
28062
22419
66332
16367
28764
37164
68493
70619
17457
20324
62541
47550
52050
45691
23279
44404
52609
44295
31366
53186
54921
31567
70684
51425
49027
5103
20923
8073
31893
68208
31904
20295
37705
4382
64246
32053
32674
27937
39508
26389
31002
51048
20865
23810
14843
42440
37975
24160
32548
37083
5233
25640
46401
68211
24566
44927
6044
46530
71328
4732
63292
68442
61431
46561
19093
59682
56583
36270
59219
33079
67866
30899
5056
50825
4092
33570
66555
24656
1382
27855
61005
35879
20029
37896
53248
48615
10800
33136
20317
45976
66046
3898
21478
29639
68510
63035
68217
46766
70959
33017
42759
50813
41064
33261
17616
54380
4245
1999
6568
24097
57709
3986
24363
65368
58137
21217
46429
54595
14885
23216
30823
66435
49907
814
10596
21573
64341
37702
3172
34292
71724
36973
266
9365
19224
63738
20370
27787
43763
41149
3902
37573
38169
4435
50440
32892
12926
35486
65527
25990
18266
63318
5177
21740
8270
55824
3322
21958
1993
6841
2931
51939
64886
11371
64451
24008
53834
20403
35940
18787
58100
16522
48914
46334
46250
37491
28420
24635
58968
44970
71638
26413
49478
15026
65721
15333
25526
41342
33964
7325
31312
17937
38560
3511
37360
16741
13490
67790
61236
46931
35176
16940
59540
42916
38782
46603
17632
5570
49803
7784
22974
44202
21039
10417
4385
22956
1334
19558
11831
8125
12371
57469
247
70076
3200
46372
70589
24661
14218
32633
11480
22119
67753
38747
37295
43188
12692
11820
2978
18697
57331
23822
3944
25878
68765
51140
43595
52067
45848
68298
48272
11450
23798
7296
10432
34873
58885
14453
21210
66700
6821
20767
560
25093
55700
11648
11479
15617
44884
66038
22706
32882
60611
20561
30422
38555
9312
45678
62110
62662
59249
54501
17137
70395
3359
69035
56740
11494
50744
34073
30971
70153
62727
2453
44356
15278
18340
35941
48625
33559
27409
66066
13944
27079
40179
23522
63154
24828
62367
6605
14208
56379
53046
66160
71053
22477
49897
44765
4036
34056
7856
39902
26005
25019
5314
58377
60886
56617
50237
62217
11775
14835
7159
16246
32901
44435
45222
60707
15079
29195
65712
14788
175
31028
57143
18458
9690
13275
67584
38392
57323
68851
21940
4193
49317
29680
47991
71696
33885
66125
6071
3164
47887
52494
67800
17799
62737
54210
70269
23567
1095
41381
46201
5573
1818
8376
9126
63065
56307
66404
50676
28815
43932
58480
5194
3478
26342
3819
63524
6320
2281
68465
54441
68526
7025
13801
5402
33183
9449
70411
22930
40275
55765
45962
16281
53700
4781
69403
20982
59260
16446
34554
17950
23226
34870
61854
33438
21235
23642
25543
34459
67126
40169
39559
57067
67214
11825
30979
68549
41157
18011
52962
54759
4008
65912
695
35793
16069
578
66182
33631
63674
58193
10360
33869
32680
37706
42846
38932
50505
19432
47924
50504
41929
33068
10213
16286
12120
4581
46476
58670
36329
21141
18593
44807
56563
51854
41017
16540
758
61742
43590
37689
60380
52324
1732
26964
18147
32098
51545
2681
19923
24002
63369
38148
16757
64131
18218
17787
30789
1945
64371
10257
36548
24088
7541
63877
40394
60290
25258
40918
53153
59399
69206
213
17281
40492
853
41725
38859
56709
47783
69686
38653
18426
5467
10645
6313
57304
7420
66856
18967
44839
71071
26163
30751
69258
56014
3536
31750
46408
771
70523
24776
69647
43123
56622
61954
5213
54875
20342
7687
50835
55409
64180
3013
39492
40611
29688
11330
27236
46666
69101
548
26476
2512
61561
31035
61771
14660
3763
34039
41270
11192
61357
4777
37810
70504
47234
15780
35436
471
48143
8965
33565
32387
61481
67964
40288
15941
46568
5825
7381
69320
40031
30002
60678
9209
137
41286
15539
53765
69356
56170
2765
30760
56781
39499
38624
22858
49949
1268
54436
10843
43259
24974
24826
61171
10867
4513
1142
4509
64446
32291
51502
43000
68243
32677
44387
43250
5784
48336
13150
36246
3992
5708
50313
68467
47591
31558
57904
67392
18026
9537
50421
33969
53804
21223
51609
46896
12268
67816
11788
43894
34589
47123
67022
38440
64165
26702
39319
9157
10559
48487
10641
69265
56843
44808
21675
7827
2288
35709
23451
4532
1059
56309
234
27414
2137
70391
45570
53480
28350
58705
43020
24700
25408
35257
29881
23500
50828
53195
65000
2601
56288
64932
29252
30589
14922
46796
49447
2898
14832
2614
60517
31410
39863
61333
58662
30364
23337
34791
56621
67475
40033
18170
41721
25392
31160
17419
33294
43505
51845
16966
46080
67856
67573
71414
71365
15985
4129
47188
51264
15540
27022
7734
7012
49234
22979
52934
29875
35912
1415
69922
40171
12856
67291
19769
6345
42988
52291
49785
14728
44411
2082
30498
3306
56473
6502
3800
33793
36604
17109
36900
60259
60595
60846
43873
34622
53474
56930
60422
42049
42218
7908
454
49252
3400
23038
40447
66178
36369
35039
6453
17218
13089
31392
39362
14556
22862
38382
26157
17911
37430
8568
8896
1567
8372
31218
11618
1777
51127
69584
2819
17785
41208
6858
56882
42478
13626
27179
9865
38904
39114
28150
37441
1617
67463
52512
57182
11516
8699
65438
40865
39580
50809
59263
872
49653
37286
68337
47067
45447
39516
28397
53963
59754
47203
12493
11418
48597
55868
49839
37284
55581
27498
33582
28967
11244
16283
6216
36156
4457
68153
9990
42873
68572
69400
62311
32023
48026
36022
23934
69889
28519
2178
31056
36182
45454
53279
6671
17725
40184
44851
67480
22805
1916
32551
18705
54843
13954
71076
66906
26883
38474
64676
21100
3348
52033
36136
4356
9778
21420
12680
51367
20979
19654
69260
10813
54295
51400
47988
55747
25797
26375
3177
51754
26465
38161
58882
55465
30675
37137
56960
53934
60619
66143
29326
64406
14630
38869
51894
39758
49691
6050
30243
15744
24372
33123
67897
38977
65419
1859
16032
65019
48287
16785
70079
58736
23636
38776
63178
63880
2956
22910
2311
28788
22455
63113
23591
68014
56597
63457
25393
57316
25701
44338
40752
51619
15440
41906
14889
66185
18478
71485
20346
24552
14962
41330
14100
26591
15871
10002
3182
22761
29484
2724
45658
27337
22577
59965
54207
9367
63692
38528
31199
11922
17483
21808
56422
18930
8956
6639
49586
32747
62574
70737
21948
57664
69140
12483
14909
65223
63329
3843
63929
53996
22576
70698
31566
39540
31790
42318
6124
60498
46542
42337
51945
53868
49274
48516
59024
28484
71207
71460
66949
54312
53903
4231
64611
35146
35684
17303
15018
53108
41410
56394
40772
65072
58043
36216
45106
4829
18959
4708
44007
11503
42534
10083
65546
54464
61798
2749
67497
13536
38952
26001
52662
54448
9825
57422
41293
34571
52961
32073
22170
127
14
13905
46663
55079
30561
16883
50810
33130
34372
27982
34369
60145
36863
67499
57103
23511
20871
31762
6177
36185
65364
48752
69521
70742
32907
56817
2828
37413
23456
52635
4420
38574
15604
50124
43910
6622
34883
18620
28823
21951
5735
25230
32040
40829
58909
493
30107
4377
37707
54193
63811
62708
9500
63011
68829
13399
55413
69995
48018
20179
33818
25436
11771
8851
48872
64580
20549
62651
50137
14998
4115
38030
19351
63441
43213
41609
18969
3657
25977
38173
38830
13946
9582
29562
15309
7000
43441
35901
42153
11303
64453
29551
36654
6848
2511
38403
61918
5344
20822
63637
57069
1038
64813
11818
40483
19863
35772
18007
6602
43061
19391
27958
5302
20845
16521
37492
68073
218
18040
28970
48593
66975
42803
34639
46913
46304
30897
50358
56703
34684
58451
45471
48865
3921
15597
49780
36774
7939
57257
53203
68772
35024
31690
51026
42832
52184
21151
5621
9564
60549
68989
22002
54490
62849
48662
31835
10754
13521
57531
44865
51113
61396
10491
13358
61204
3509
13200
55103
12356
25422
34687
61292
40383
34852
33762
18608
68694
59229
32682
40577
23869
32868
61195
62504
13652
23175
7032
5880
3257
51840
55664
59612
36837
7769
20508
49920
43262
61956
34984
65548
25698
57875
22996
34329
50579
27584
8593
36879
71318
59989
48953
5781
1692
10809
45008
57155
15362
35505
58375
50109
52013
15220
64269
18006
24325
29165
51401
71887
27586
9098
6576
69562
52078
21247
37238
7145
22668
37211
49612
23505
111
26910
64066
34213
46834
14661
64695
15290
16239
12891
8190
30743
58524
19152
20721
28945
63443
60181
3769
16081
24913
43587
21436
37703
43642
15680
66875
62000
39943
20018
13650
63288
27446
29539
18802
22299
36175
24940
33351
65372
2534
35362
25843
69312
44532
57164
68232
35350
47551
7798
49496
31521
6211
13845
38914
48734
65584
16836
66011
35112
21053
49251
59431
16652
65907
49332
61734
27724
3313
41965
62158
48653
9980
52390
54023
25435
24763
60390
67179
25576
64338
18045
21120
31582
868
69885
17968
4447
67457
49306
57367
69278
14635
41402
50487
52222
18056
53244
12537
50309
38301
29649
71256
41111
43620
32975
40598
31110
26842
12360
21819
14592
57369
50985
69974
14164
40881
8079
29542
49435
69544
18818
67600
43993
44543
13693
20036
4828
7240
32449
38020
60478
59678
48385
56403
48015
619
25179
11142
25090
37141
57596
37530
14541
25591
52413
15325
15116
61338
40216
54198
67796
23464
64449
70214
49303
9534
34916
55640
12150
36733
23063
4114
8289
56222
44632
13624
3515
64498
44566
48155
63043
17196
7753
66588
55932
39552
29102
44569
13648
23139
30906
12161
14684
11093
14047
9281
48981
65009
42544
43699
51644
1214
58124
41628
71846
37021
43597
37654
4818
20336
60065
65517
60352
29206
28155
58129
53998
45147
60022
8801
71222
12731
33968
7543
37219
15400
11351
24059
45230
5045
29412
21571
24660
59553
68967
58186
46265
17288
30965
39384
31468
27682
37023
53228
68233
10379
12173
4841
55846
44098
13018
60230
39473
53295
8066
49993
68677
27560
3872
8189
52458
17509
17128
67634
41837
49883
30065
70763
70450
7940
54373
45485
63589
17168
23551
933
43822
32703
13201
40812
14019
10302
8726
69961
28666
64646
2198
25991
61486
24783
16709
42016
27818
43468
36466
39532
53767
38232
15181
4126
8652
33811
28215
68145
47999
23136
34348
10656
4495
47604
23657
46220
18399
20975
28028
55970
6290
39568
3935
66964
52217
33855
25724
14002
1622
45011
15093
52969
22407
30146
70198
41423
29971
66237
25658
47448
43512
19171
4508
61823
22750
53290
753
38208
10059
40281
58107
34113
10361
42955
32435
35666
51698
10677
18377
59393
47688
30788
64941
67432
19988
55961
45456
62540
57327
17351
35624
21921
60546
37576
69663
30867
70169
57361
2399
16538
50816
40627
41281
36949
50775
57919
70324
63846
2372
35161
57117
58661
51818
62111
2447
10104
54439
13747
12822
44849
16964
35267
60858
15154
44367
47636
31753
46261
24593
965
62361
59910
35821
21812
36061
37754
71489
19406
16912
63130
28950
56660
23110
2913
53448
13975
53863
62268
56229
37796
56113
45345
21817
37368
31095
45767
3341
51706
62999
38549
47554
21813
43181
11272
26192
35937
343
3591
47557
38675
22838
36256
20500
7771
60225
3953
3321
61893
58883
66232
53532
55378
25644
60923
48740
12545
29289
70385
26680
58572
1577
50006
44287
46416
24004
17269
4689
52393
16275
46704
32588
1683
51567
45951
6693
8020
20695
51975
54363
43261
50770
59618
53848
68076
56
44943
66885
52327
36543
3141
50315
16311
30234
22452
51305
37161
38467
18162
71200
28743
4670
37064
20204
71133
46578
24713
53674
26491
45462
36519
13456
51523
50033
618
55324
63263
4397
21326
30040
46327
46750
38370
64988
5270
52692
58559
64639
19373
56475
37829
62575
1285
33024
18621
34063
31356
10799
67987
4459
45363
11557
26716
22602
7443
61694
42406
63155
19752
46711
22374
5876
39886
57864
37867
23359
67644
40105
18306
56868
4721
24521
62656
15374
16777
9253
1457
65625
59046
64306
22513
47704
59510
20823
14669
29299
20579
9334
25899
37045
59714
10862
42640
67058
3893
28718
6306
59422
62992
67583
15094
31519
62498
28843
18834
39333
52510
15737
35685
3787
21215
50989
40450
23265
31554
33345
27831
17412
65316
68808
52482
63505
50671
12836
10377
65216
41522
18616
52219
21644
13849
39861
9047
51735
54249
24701
50858
21213
61336
56503
26816
35705
28772
30221
15688
31102
26037
31054
39155
54124
52019
2230
19104
52966
27381
14867
60454
4419
57225
7414
51862
13985
24454
3035
7388
20071
22030
25378
35530
16292
64918
64926
16918
56095
45935
10560
51839
21575
47324
43701
41539
53881
23790
36665
36773
29530
18742
43454
48777
48354
49073
66441
11943
19092
54223
54899
12573
21497
334
29673
24312
8839
32440
70536
47472
63304
23310
3194
67898
66954
19682
67814
65970
12790
31167
692
35591
9120
25577
70103
8437
51207
46649
58128
27901
62275
11966
20520
28933
17742
23440
41419
21383
65998
27951
46326
66247
26925
47233
53258
25777
23670
32405
31980
2089
36457
62583
7185
35567
6247
59234
16945
70933
61222
44955
7444
65837
33618
11459
53644
25716
65161
65404
11250
35138
54410
27380
46839
42067
8687
46445
21714
5636
8087
42724
16235
18499
68837
17850
47300
47349
61631
51726
12036
54581
56363
44653
20608
61767
61880
70304
33349
61865
3205
41777
15532
59955
70466
50332
4600
39474
63676
30304
71479
30095
43888
60166
35611
14874
70864
1915
41328
60576
62714
56160
54173
12860
28735
41501
15859
24931
19470
32897
58161
7087
68430
48883
38924
71815
66199
21470
65405
29389
60047
67440
8419
19663
68794
24154
32596
31308
48146
14996
40291
60323
66300
48856
5741
47103
48222
9498
22269
24797
18197
61307
1528
51577
19427
30165
63030
35880
50771
1241
60053
70550
11488
39117
41076
861
18851
63966
3406
29459
15149
45093
19297
19257
28780
11440
43450
67445
2090
25585
30036
47720
66337
45475
7509
19747
60359
68736
10370
57253
1266
19251
21061
49696
6250
31524
12275
765
2085
20672
66296
43338
20943
21218
63583
53097
44907
3404
38013
13197
6805
12987
20082
41052
69590
42562
43846
49415
46042
51984
67434
35962
31452
56063
32909
58080
38135
52187
33705
60274
43739
65920
11105
34172
49840
44758
30807
1576
7051
33742
24711
31757
31080
45677
58052
35935
52517
38579
59358
12116
43207
36459
2402
22969
6138
31306
46143
761
19546
51000
54078
8292
42802
17349
69146
17243
18574
62568
57293
45221
6395
36940
65160
67281
66604
34323
65759
53358
46643
5031
25797
9081
760
25681
67138
63048
51117
58415
3236
19768
66518
56900
4793
62673
44168
36664
8309
55669
59522
27341
17831
68976
25663
16752
8122
52188
17693
8466
40889
36884
