31011
29507
52386
72376
74354
89983
78139
83618
68084
6914
1960
2740
20274
86696
59411
16471
60119
20855
22964
41309
22610
47548
89231
44713
90113
27185
47670
19909
24171
40304
54877
79580
9858
42522
1030
70133
52126
37343
50677
89360
16107
14425
60733
79918
79548
46375
36396
19141
80860
11282
39935
7721
32923
18077
83935
60967
58460
36989
81447
49878
54516
82305
57264
81955
18150
86420
52913
87492
1462
319
85232
26404
61514
68793
59190
81841
9677
57785
21166
12623
75007
61789
2105
44126
65437
75331
36847
78292
37304
20685
69713
75250
51240
962
87989
37971
37995
52687
90430
81014
71809
25592
33441
29131
58306
87589
84799
66998
1481
63913
6764
8147
35152
63737
25067
72712
10977
77613
52406
72917
12789
40336
62496
32243
71771
16140
42953
82968
44017
87864
18738
70276
68051
587
72188
24654
88633
76061
35252
900
51751
46386
45526
26952
2261
11715
6702
24873
39809
88870
35077
45259
15190
13361
65624
95
6044
44673
10052
39453
19845
1005
17404
45379
25121
63998
32753
10013
38572
43137
6109
46018
81401
9285
71494
80000
19603
75161
86327
30236
30868
18583
51688
55013
72339
79614
36372
56903
26960
81853
40300
31867
85404
39883
70313
56072
33840
39422
57201
2493
32368
31572
5433
61096
35339
71122
10638
43162
90529
82756
58409
17421
32621
72185
52482
44500
89919
28283
28631
10915
31280
1810
33467
36607
39126
83889
12110
3216
60894
71186
48937
19585
3051
21127
43474
49482
38674
28160
60879
47361
3142
62668
27618
45012
4801
42964
37414
66625
85598
58695
1551
5071
51480
31263
67962
81971
5928
808
48272
38809
56558
90139
63746
54027
13142
25255
43590
8291
85591
74073
33881
60870
39708
13989
65582
56830
90784
83342
87502
49653
3649
11691
66540
7551
43592
73960
24359
28089
89354
11948
70322
55119
1229
35321
39741
30076
89480
45383
4307
10074
73396
51678
21527
75649
66914
27031
70664
8081
35439
53920
21557
22693
16415
39
75641
30729
17940
42367
3944
49493
45835
14292
77989
1365
80288
29303
78134
85644
84104
90968
20061
22425
72930
75964
42643
65514
59000
81263
1627
46571
36355
57528
63476
33880
14691
65158
82972
44681
5350
63192
57288
48390
42232
1294
9707
13406
57593
71668
82092
43377
17952
48071
77124
43134
19968
1694
44226
61000
44164
63628
34441
37047
61652
50697
82205
42917
52200
89745
65474
5589
4299
9474
80778
72311
15883
19853
26255
85983
35464
82507
71885
15084
25096
5772
6324
51783
11721
66326
50296
83988
78957
43194
61717
67214
33778
49228
70288
27937
80452
33257
73064
61715
71117
22246
77363
59927
14223
43440
39582
41448
89322
75931
45168
15984
28585
85597
64182
22299
16106
38452
22353
71605
55634
12282
49443
88052
38302
582
67967
19291
34947
74654
1580
34588
56034
79363
62888
31594
53240
68480
2039
54815
20155
38340
84827
76542
78655
23867
3339
16531
85685
46683
69170
3597
56960
6514
64405
68971
50718
53999
55394
47800
89995
1528
43787
41061
77371
53655
48265
90475
51777
50736
32739
19784
29450
39493
82253
29653
18075
65766
26133
73320
39680
13084
15757
35973
74381
82933
51521
21005
31882
35686
87142
75377
44841
31395
25050
37835
42510
44952
56764
39811
26305
70395
59689
364
22434
55810
69421
73195
1892
86941
74321
84525
35762
83634
9195
23380
730
20832
18767
25102
71119
44723
69986
43155
78127
37542
60496
36203
86821
33667
18986
21277
65488
18102
82650
19719
4903
80022
70900
14945
57191
79726
20089
57955
15696
23217
84375
43903
11647
38471
8185
55271
60262
34632
75104
21485
29861
42834
89781
33101
34918
63484
38292
76093
6271
32608
56775
68637
11168
58857
73927
88376
54911
37340
2015
282
80771
70862
16894
57875
30369
1207
20850
33345
30254
76597
63186
49616
63127
63858
8847
82260
71932
87103
67422
46761
42645
75013
78640
33261
24693
81556
84763
5872
15797
77788
16981
27147
67631
25941
82962
43305
31399
67458
13601
21074
33842
66129
29900
84514
405
16412
4810
73922
30220
46067
57964
48885
65187
53528
88780
10520
11358
4566
89193
52012
36012
50230
59776
68420
51651
26877
63236
17054
62003
36684
80802
32976
56790
62552
34578
43960
80270
85492
34576
700
14714
33985
59890
56949
33195
4278
42913
64986
53323
82111
45029
31124
60487
18705
9637
5765
60824
73017
65573
23802
83911
36835
50890
86662
75006
72359
23185
19338
22576
34716
81095
74543
66077
80456
39550
59203
10744
16484
12283
67833
5430
29528
27379
61106
53845
33086
66688
61653
64075
73811
27481
48003
7233
37919
56560
43982
19406
89228
86085
51587
85784
81680
69206
23551
86655
5534
76438
75076
22139
36377
68902
75653
90407
35524
47072
15948
36227
50257
56522
44822
23170
2124
70118
22703
83302
68540
34499
53041
74114
27046
49632
78081
70871
57771
21824
66379
49455
76578
11154
8093
64704
17854
64677
25177
50711
2073
90796
47732
32644
33346
40965
89062
78875
3788
78633
80896
44398
27102
8315
56470
87500
35273
34581
17508
22761
16532
89305
53214
32956
38921
17306
88372
47935
48424
32994
24225
32591
74406
12889
8521
61989
10241
57876
33209
10215
577
63072
67971
50345
56029
29793
3894
46405
13344
3336
72878
72618
20770
62712
47246
78738
47556
56623
41931
70825
12892
77429
69161
24835
37552
4465
18551
70259
30589
4792
49683
89900
40932
81802
50195
59002
52262
22732
82954
88144
31605
53475
47192
65238
39742
9755
51395
11416
64431
28560
7121
19520
39110
71575
50379
69470
32813
82170
60147
51454
83475
88329
19199
82479
72033
50945
85014
67201
86485
40693
65936
73249
63374
3044
37211
83108
53304
760
17073
43383
11281
48466
86612
51959
57363
81661
10432
38060
62932
78877
66031
72801
84831
79888
2032
73290
81372
78904
8062
13845
905
49644
44862
83387
20693
48944
73940
86635
28091
39693
38394
27019
39356
50179
77833
864
67120
56826
57814
66429
44682
34702
63017
17241
61494
21400
8148
16413
8502
44225
22601
89067
11124
64965
52306
62819
49104
89094
36173
41324
70842
83495
8252
26675
48242
46068
64882
36716
51297
19778
67030
83918
60512
41832
32300
22917
40214
1459
40887
46592
3850
52370
36501
43146
84113
25130
63947
76707
29437
63863
1770
37950
77234
38592
11831
23912
8686
5134
43768
70693
52400
71618
21767
15418
29477
34836
3604
83746
46
80631
45789
5934
16609
35361
42305
9846
26171
38729
87980
1322
57323
13953
3139
32704
50058
15079
41578
42276
62928
90611
69441
83409
80674
60514
62830
58498
34154
73226
76613
12449
37620
86246
70545
74789
56059
18496
10964
39159
87198
13103
231
21638
83646
13327
11777
75262
9123
71052
72
87452
30927
23108
59916
57378
75490
77559
89888
89123
48870
11579
49379
26811
64281
23693
89409
13721
58716
23425
20029
29898
67905
44012
12797
62243
24191
12217
16721
65622
33543
56110
82770
81172
67189
24957
73397
46783
61532
38350
9525
45249
82483
37980
56356
18216
58286
64662
90405
54652
73757
34077
65318
4877
45495
18412
78263
78508
4740
73310
51458
46858
83422
16189
63378
57382
68887
50167
51601
50632
63788
64864
554
39565
42969
76149
27510
51539
13282
86621
41646
9777
17333
50713
51266
7761
69429
32170
3343
12688
52214
31526
40762
14267
80691
12583
11224
51696
13137
58304
31230
84718
81240
70235
80284
14102
33593
84159
79972
84988
8020
60494
80708
45760
8517
84996
11011
62625
62599
51794
28634
26771
53204
6757
64099
7988
1136
15426
47163
28907
10433
35700
39605
16474
80359
32554
71153
14885
24713
46178
75623
35097
27024
41231
57485
2373
80294
12905
62034
88196
74720
68464
26526
46006
81049
21345
71545
25839
63353
71274
4839
55158
38266
2208
70121
34897
19418
16066
77808
58484
23020
58472
1351
65309
37961
42161
49393
55327
83866
86946
46632
23969
13231
63751
18850
45694
12520
12164
19700
88853
46987
49666
19827
32908
58302
60738
56144
345
16192
37964
44752
44310
58296
53575
59511
70398
86186
40753
2786
19385
73008
83979
54569
79653
12033
68753
44039
10625
89953
86808
80682
3688
81809
39636
65716
13734
1521
59287
64655
29275
4725
9059
21443
65338
45553
88534
69946
54490
67052
78001
49446
30608
35991
41131
69532
29295
37086
39917
52893
44543
9366
83971
64304
70946
71606
18510
84413
36761
75759
80825
32262
44221
29763
8550
79840
51693
16607
78479
66660
71698
39300
61856
829
13940
68073
30872
53826
23801
52820
16642
46593
70950
78370
56957
18628
17258
19693
14643
4483
24633
77250
89758
30055
21673
64217
80478
41146
26801
31640
67758
28711
90618
12685
19402
47564
62710
41921
10418
45742
82136
4646
13262
19530
84580
70927
83453
58367
88568
90386
51063
37838
65878
68871
1167
63557
64811
46227
33909
28778
19971
803
3757
72507
14089
3735
36542
23290
12190
139
62572
48459
5300
52257
80367
25537
67495
55032
39287
88467
17271
40215
77967
36503
36331
53354
39619
88121
43648
85443
10340
29841
41620
5018
38049
67178
44729
41318
30339
5386
27307
586
80684
10903
28490
57486
34800
30754
170
11576
3210
46749
13911
21956
12872
63418
88968
84317
53456
68620
20863
56780
54429
56401
32235
14929
56499
68081
75672
56591
4275
40485
20043
68710
58187
40338
52736
83249
800
67452
52021
80346
4555
31486
72497
18584
72291
54828
18735
53638
13507
28190
65356
43316
44005
57817
27121
8996
37783
68308
61896
59394
41846
70658
67276
72913
78846
67383
10896
372
83024
6147
49593
51331
51213
70287
14788
6556
79594
76816
13836
52628
38401
48009
44472
47902
22992
72415
65787
19755
67906
22963
65714
72287
3982
48693
32905
48027
17616
51957
8724
33983
27308
73640
52954
63111
85541
78117
57354
32069
75603
35883
63791
2001
23210
68024
78223
78480
27090
70022
32535
671
2736
22545
84627
48520
73682
32322
14659
9651
4305
68771
66296
51237
37755
74201
33478
69308
76412
32598
52887
66413
40027
65007
31741
71601
20951
9032
49532
32
5086
69825
75505
63759
39876
90272
37205
76184
83521
54294
30121
46943
56020
58145
48650
65167
21598
28786
60002
14506
34881
2587
80909
76010
90619
4336
37200
54825
83732
3824
2675
36924
8671
40392
76949
40268
1811
89714
8932
83552
44527
2096
12722
76863
89850
80020
7693
9953
11359
83496
58922
48553
72546
33361
73567
73268
89288
3773
25919
47470
34224
19076
50975
62464
22345
242
29400
24062
46319
7000
39130
63468
46374
40563
59130
83827
2826
53260
53750
66024
53900
5861
54965
53529
56716
47383
61905
3384
17689
61404
51938
67826
81031
56290
71753
66621
44330
58160
70600
48082
60970
8057
16761
42468
63519
15543
26344
47247
7500
16650
29603
90126
29431
60287
22266
5089
8086
10596
17292
89963
21414
11879
36968
89306
73242
88214
71942
89052
44010
60821
80316
11861
29143
55276
41613
74947
54281
41949
55969
76148
6524
48528
54124
23964
15191
17081
40525
20825
36232
64608
84422
37498
82828
28273
82448
50732
32007
3733
29699
40782
23602
83188
41345
60825
3211
1114
34168
68260
24251
13564
69014
4671
12955
32264
64659
42245
31306
29329
88046
62965
30
21454
7982
3135
8985
16623
6430
87575
57055
38825
67296
63861
4027
8586
16038
73563
3662
43685
3508
87647
85209
25181
15555
66288
8288
65093
70928
52767
86640
79416
40069
14908
17556
43577
70524
2460
24301
12222
46464
3540
51267
24271
40374
89961
24017
79343
74011
14739
78108
18263
75225
38722
69079
85614
20316
12253
80333
74269
32476
58993
63706
54265
90625
15692
3459
28134
24758
11717
85753
80305
84296
17970
83300
10029
623
42084
71990
74496
15748
8271
28752
63000
11589
17804
31140
47607
37009
82987
49135
43231
34798
73548
67736
15389
28861
84409
3033
6609
13638
52251
53417
53224
41422
59373
46703
31396
10457
27264
76079
14182
20651
34090
84665
57446
32912
55834
42262
30507
51566
9862
10724
71413
72100
15365
32213
73113
83651
11649
49212
40694
25784
2705
27759
78756
10889
30210
16822
37997
28601
10434
17713
14524
32211
59121
32532
51019
52802
29003
87222
74311
5912
69842
5610
83357
26866
66861
26678
495
20812
24575
26045
23641
80770
28823
46918
11723
27782
30687
58950
16793
4011
74791
23812
82545
21624
38783
44510
17674
34772
24672
82947
27736
24506
72864
3035
25432
30470
41344
2907
68778
71588
29061
20013
69198
21019
74273
85387
65185
13628
76815
64141
10042
30594
64550
80506
13260
81622
70457
15848
27101
58503
55279
21560
17415
20412
46233
11667
36213
84912
12665
29938
42086
85253
12329
24705
31502
37491
19650
73437
27852
30258
63757
49223
54165
10278
63530
53075
89617
83207
21112
20828
71519
3397
77495
74858
44461
62472
76419
54797
27100
26460
29356
31659
84204
47861
71671
45027
69862
82089
51091
79601
54940
25505
70748
27774
83523
62641
88190
50803
50597
22957
37025
9078
36088
56742
55656
18115
24364
22847
26807
76473
12459
14757
51929
53608
33925
87247
71457
20399
76952
9613
89178
20920
61527
70591
38296
30438
85338
6867
78348
54346
31060
22294
24168
50390
69793
64457
61655
88816
71481
66075
63323
34882
27367
27257
27485
9974
85722
12764
50569
24862
28222
31208
16050
86547
44722
11228
79960
55084
25027
28330
57625
40090
49286
77547
58591
72194
14563
68130
40747
76976
12082
83326
11768
13012
10987
10742
70919
56488
51600
41504
73299
49263
47939
42009
87566
82800
68660
41209
24021
54054
26637
17436
87224
46708
11675
35590
6185
52287
40151
6082
26541
28046
71881
74265
29906
81134
21467
37394
34769
56767
6708
60257
23547
70100
83517
69927
76881
39464
5036
83677
48958
64053
82769
16886
77661
57271
52776
67208
82025
58999
1259
39752
86469
63582
68659
73379
15591
35644
86863
11830
32632
57133
36311
13489
35522
21595
51894
22972
19651
18855
85099
50183
14192
8896
18136
70045
51396
48923
19120
59587
30420
4668
60206
5060
13129
75951
9623
72673
22159
13957
69266
7399
36057
50071
47131
62047
70623
79600
72847
35342
46821
66802
53103
23302
80845
56639
89608
22942
66272
16215
4860
76622
78751
40872
34381
78609
76623
36622
45449
2285
47616
89880
3298
8022
49313
10540
69262
45362
24006
24518
29149
23395
83428
79683
74032
53211
78966
79473
32200
60225
70580
71707
70103
32687
10064
87796
31620
59837
9027
18983
33824
19469
1299
78461
5999
86814
23507
82775
10470
51417
51468
2447
55898
19818
69032
63419
19869
47776
27660
83278
65847
25009
17396
3793
3361
2847
16996
74214
89697
59555
70443
17861
5927
17019
29840
68885
79674
74090
70319
55653
20800
58471
37752
54016
34260
7588
52672
74045
80497
54207
88325
2158
77745
6865
55573
17707
55016
50666
19916
81478
1587
9838
67883
40801
31134
67935
88349
51488
54413
26405
15597
29824
70827
26329
4501
16535
83120
61728
72634
7642
73149
65950
39355
25144
64462
63362
69708
25175
87094
51363
21121
41693
50080
7308
3468
81901
52219
21815
17872
17005
67586
46780
6515
17197
64822
9501
71837
34956
9782
88454
34219
51542
20506
66542
50161
45676
81529
67463
84329
77794
39971
83737
13317
10306
7922
16973
79022
85339
5078
67488
52798
64278
12056
69782
48791
6216
38132
19498
59900
36603
80827
16906
75694
35320
14303
73887
67885
6673
50554
84586
65515
86857
15422
6552
33219
14871
14040
68002
8427
26240
33060
24478
85151
49965
25074
19489
40142
64013
61367
36299
14661
46076
35477
51671
2055
48239
33850
86552
15747
52438
8068
58032
46770
55307
20880
13451
85658
43837
16426
53714
21892
73347
7846
75009
89717
28911
36105
73393
69023
7466
58076
7563
56461
15218
26431
82196
16974
30850
56332
47482
45800
21354
32087
1768
25701
67109
3433
51970
83442
55837
90489
68773
76202
77799
9920
25997
3008
15905
49976
26625
12537
56507
61176
79526
21327
68651
2271
6449
89965
19350
45873
70010
46558
24719
17123
9549
48709
61992
21712
32024
22891
63680
5548
69849
67132
7432
23740
73294
25819
13858
2670
74656
58310
15901
7598
69283
36965
21291
71039
76065
26775
26233
43725
82664
87750
45595
66451
80567
56189
39534
53562
25814
51945
21968
29102
27912
26096
60801
76836
51123
40800
89550
72695
52970
44693
63450
52392
26791
205
39146
24159
65020
33868
20662
60305
37723
17871
56707
64673
11491
5336
83055
40681
31284
77655
24140
27917
31009
70483
42056
75116
81508
12845
44151
37057
52453
18721
23235
14931
77556
22093
12749
56330
39950
82649
25884
26643
55159
27398
77233
48134
75882
88854
63699
30389
5579
77140
75277
26844
24721
30648
73986
82157
62747
35979
32214
48344
60692
77888
47719
27624
80024
38682
53160
67339
66145
58939
45108
8720
10730
63444
78824
29838
87264
71966
47643
72209
10272
74471
66309
7849
17681
37355
73076
79004
32993
30431
6252
60756
34046
80480
50342
76611
42460
1613
87707
4722
64434
7950
63892
47549
35444
52519
46286
13987
66247
52152
13093
14470
28324
14394
64201
36988
71658
83833
75069
59592
5711
21960
82207
4140
73176
61389
54268
87481
48625
36424
4939
15357
26372
14741
29907
33353
44335
1304
57402
33422
65094
41477
22460
84315
87889
17142
87866
30379
19680
79
35214
41491
8461
83698
58063
84061
85233
54108
32447
89764
403
30698
56947
24691
72333
25019
21157
78590
40051
81877
32272
81151
17147
65306
16658
78265
89107
69826
15624
10435
3682
47252
60309
51534
90217
58952
54385
26949
65873
69340
82655
59962
35474
11009
41428
54949
42667
32266
63344
555
1219
21585
15887
81913
865
49839
23076
15014
45051
24468
56888
60490
13680
33975
25930
7316
88005
5269
66478
59210
12119
36370
49119
32459
11246
9628
90210
8782
70209
31225
73202
26552
15403
12830
68722
40015
80304
79509
16143
75295
39030
51930
23714
73004
64282
9829
83922
84619
43962
54982
67423
76594
66035
19053
11194
28833
55319
67807
22696
17017
28104
20208
12948
28018
57915
38894
17895
19144
20528
26523
5126
89600
39191
57098
22893
57690
15779
70462
2833
19113
44219
16438
50783
12879
48394
56285
29867
6522
72952
18943
74912
50636
68858
89004
67772
49504
60928
499
36389
6319
86388
14803
4798
64388
88220
74975
16202
46194
51535
42598
72614
84455
60208
4976
39669
64180
26124
75147
19545
49370
34345
10374
63147
86561
948
67300
64342
15628
33333
89222
44147
18440
18465
17429
60903
8450
47944
1975
25989
8391
43560
23318
24882
87296
45152
59337
22536
89297
56142
6911
67622
14043
40001
11635
63695
450
68658
48204
76354
3523
37314
17617
52360
2654
12793
39719
16334
456
60715
90393
8394
11117
36650
74255
90880
47555
33016
25137
39418
43028
49279
70797
76576
89784
38046
244
73707
28345
60482
80370
60421
40231
41656
35971
24779
61844
83461
41280
19662
7753
68586
41803
14869
22801
38901
12998
65106
72230
17031
22731
78998
88256
12952
38561
12085
58027
64733
42435
77993
69596
31385
38307
338
57499
43347
20227
61493
39247
72084
1218
42747
60792
3904
22141
72885
87813
38648
13756
49846
16796
78985
15627
12994
29459
30070
30956
6731
4778
77063
7162
43052
2230
88000
68442
61279
42028
54577
69055
51332
23692
49872
84427
16915
35404
64445
19615
77193
23648
52211
65761
88714
90794
68559
92
39403
15452
89134
75852
58747
3868
933
77491
67592
85226
83940
72665
89905
71427
28370
80125
58759
25684
29748
64310
63070
27236
43259
47038
39522
2660
41584
37541
31190
85615
40719
80335
26351
25573
49265
22553
75667
23098
27756
57660
7836
52727
40812
70525
71001
47033
38264
61926
82128
68249
73993
56252
68080
13398
3517
88168
17634
725
20416
55165
75227
23784
29690
75004
86899
46999
71863
37240
89727
18605
66950
23578
22493
17047
4729
73309
11732
51540
42754
81653
7735
34639
37745
71895
81242
32345
47559
6464
86173
89096
81885
78930
21933
22203
11630
47122
72745
34159
64875
62851
1235
75993
53627
26684
18252
71261
10752
1068
81157
23829
56913
9141
22066
19393
17894
30894
30709
78110
56248
41481
73289
19558
47958
5800
64925
28343
58906
61974
25473
36187
76370
68259
58261
72976
31167
2688
79782
57632
6699
9975
68576
31032
84493
6196
75999
34244
44906
53379
66677
14299
18377
22671
12975
28164
62353
33775
82665
41684
4768
17776
3144
29179
74006
56979
12587
42160
20992
49920
6337
41934
56473
20047
38162
52042
70642
70096
13617
71192
49201
76386
26085
22704
51151
14323
19613
53307
71635
30377
25797
14835
29537
28815
75976
81383
73425
63437
24801
64532
28243
2057
55890
88752
35744
65058
16390
77598
4113
84134
81514
31058
37504
53454
8620
46322
38828
27479
48235
42899
85942
16214
48278
50968
51752
78522
2561
12706
10998
90391
80968
57189
9606
51475
38239
21317
23628
28424
62626
48919
52186
79970
44820
88149
48173
46576
60040
54752
65208
63709
78024
3164
30426
46657
38224
55840
74418
84100
81800
36869
14777
17451
17058
85993
72189
37952
55987
32456
49697
9272
46383
32903
57654
64290
41884
15947
63464
53664
33970
24992
75473
47551
23459
79436
63658
63142
83252
29339
17671
51533
8379
72434
40611
82961
36100
66877
80794
11066
71532
22924
12528
30119
82746
35074
57903
8070
53407
17425
55240
56808
30768
1755
10798
65332
24602
57286
32763
88040
19896
50068
85584
21821
12674
49231
38260
85034
69582
62482
12511
74953
169
38907
73082
55306
34341
976
72299
78696
17428
66189
47321
38061
5611
66850
21329
2361
88178
76138
89950
2557
53412
81071
59799
44797
14172
13026
43355
24059
61485
12417
52343
48495
31154
40583
53500
16926
20649
78093
32215
65602
26231
19647
83666
41965
42659
74251
371
90105
27516
81660
61622
53045
83814
32317
18411
30825
16396
22309
50684
90696
82745
18305
36429
21269
23474
72141
19757
81517
54810
85423
22602
33598
83058
33384
36037
89898
27425
52478
40900
17010
2160
90243
61933
31720
69533
35089
13943
6509
43638
37699
44655
25899
55985
26265
53404
17331
59192
25680
70873
88430
52623
52197
69976
7234
15949
66518
80081
3864
1355
70843
7741
22393
37346
66163
2869
11722
63926
44287
46463
10661
37015
12862
10774
12865
58986
37515
9834
69433
44516
55213
62515
43680
67302
57919
77512
66359
4726
35567
72552
32005
14934
26342
38562
65163
32323
9881
1885
62107
81319
9661
55323
74527
17454
20434
66581
21847
80991
85135
35111
49220
33982
79268
71776
58320
77131
8282
62691
60017
13097
17179
82543
69251
36788
1098
24061
46760
41358
21132
86694
23815
73216
38936
19617
80996
78516
70969
50430
76798
51235
33689
80591
53442
55657
1534
67499
85293
53399
29895
10918
60848
16794
44795
61727
12303
14403
44137
78995
312
35238
59386
67888
69551
70238
30496
45181
48077
32757
1882
29466
44064
65470
66924
5747
6234
13877
12310
59898
54147
42644
72001
71523
76896
1638
82161
33546
25720
47034
4879
72778
49705
83626
52757
31625
85874
55488
58307
1202
79079
33655
31676
40805
75498
36458
76609
71241
84327
4421
36817
50885
44611
79824
26596
33502
84078
15501
54668
81731
76042
76555
69618
59233
72856
73975
33414
89683
81297
5354
46345
53046
62197
79161
55808
41230
80904
54781
16649
22626
47461
46088
81188
71174
87208
54279
30583
1263
27841
36236
69495
45411
66287
65116
10908
68897
20058
61418
21855
54365
32061
68663
61945
43031
84631
41028
35212
43096
31897
7377
42883
45831
80655
64707
75793
76333
80647
26453
7290
9454
29589
16922
81684
70136
69016
63931
59529
71869
12910
69355
3877
42555
59104
50704
23332
23200
2024
34199
4525
90392
18624
66495
25793
7086
7013
65557
71602
38876
36251
40629
31308
25624
77347
63975
41383
43572
42756
18025
40834
17426
10422
33474
12435
44513
75895
8189
83811
53398
79174
17153
2861
14373
28730
23091
14526
61127
71472
20815
1454
64486
64506
34389
14710
21605
69093
83845
10712
40005
7833
13595
21734
2870
44644
20513
37866
29671
46078
39769
82182
45398
16742
17300
4933
36739
27125
73102
84670
78718
71325
76427
9765
51450
32011
50484
32241
63029
27957
36430
60693
62086
44389
85798
59641
26679
66918
10129
4025
35549
24226
73304
27494
60649
10493
51046
31577
39934
57946
61805
4003
87401
71335
62738
62901
85247
66763
80605
16955
53074
26688
53976
80173
19366
82132
78124
39501
31752
45717
17908
2981
7144
34801
81155
6598
21710
23018
84323
1856
32841
20869
2589
84618
33951
78682
65502
39729
85023
15342
70004
34889
50790
87495
74236
20584
81623
33693
7498
85117
9896
35505
19114
38558
5608
26191
71938
9519
69171
75039
63922
47349
24158
11254
32762
79881
35126
87721
21352
70291
87091
50218
60968
69227
77616
31269
81936
25707
7975
38268
47504
13970
74281
50813
60575
2933
5676
36908
9552
80426
44402
5787
66203
13527
64476
23469
54178
83369
53087
59472
66761
81112
49451
39532
69479
8487
31985
6164
74379
67299
13356
40075
2183
24084
61908
85888
46213
87134
38519
28680
48581
27047
31950
14662
66913
33246
63766
45342
63363
64944
18162
2556
29150
4357
52936
9384
20967
19678
61509
25523
26650
67357
67685
28245
60762
22212
57020
39231
86280
49278
88118
9607
87855
53798
61333
55564
7584
43843
2720
17289
34946
90000
42595
58177
61792
27910
25679
55552
34849
7079
14954
19103
31525
31993
25890
29013
54974
49786
86455
3542
6506
3138
29235
28201
69036
42944
3750
53657
85518
18847
47266
77186
75572
32244
75464
42571
61859
42311
27754
48065
68504
66007
7568
15681
19111
34353
22186
3496
24417
55339
49588
38834
28069
70550
13580
85428
28450
17670
24456
38665
46905
74780
417
4542
73225
35485
66408
20901
35132
39798
63661
18947
85129
4381
40253
5016
84810
76152
66753
87657
43684
33695
41694
58775
34599
29092
77736
44767
60984
59546
74842
40305
90245
51607
81769
63683
16541
76570
31326
70953
81219
85336
14119
20073
44780
1558
40088
23221
10910
31430
13558
82147
69073
38586
41391
82367
21900
60227
1602
88748
2849
53428
84940
33141
63199
21001
55682
61997
89332
71156
88418
24636
60131
23402
29995
52837
68854
85826
25257
34402
75536
37385
36728
56224
39898
54210
65524
9995
65000
2646
19723
44357
37345
7317
18758
46283
5682
39906
82071
70397
81542
44701
8964
22400
3424
38741
18664
43712
23356
4989
3740
34949
74874
35634
64953
70424
84652
68949
76757
83192
74264
64379
20498
61216
75681
2421
23634
53071
30631
9848
25336
48916
26634
8270
47679
64050
13670
74136
84349
90404
61220
9890
56871
1393
64502
6011
39135
40085
90506
27458
33099
907
56516
76853
77294
80388
9127
56279
84118
78706
50560
4109
23737
58868
81786
8577
21709
51474
61595
87831
49179
72741
41897
14997
16553
46490
47713
86527
3921
84560
38567
12769
84148
27395
39150
36653
16806
10313
1216
68240
4852
56763
89124
46739
32593
88170
70150
49485
42123
47319
23138
42987
86146
82563
66630
11150
53468
15417
29313
78085
38957
5539
90128
90953
2488
53005
76328
47841
66963
89191
84463
18224
38284
8350
90231
78673
86216
10400
9495
77733
45273
76518
11412
1865
49260
43675
32635
83569
43337
47837
64971
80630
77299
90267
72725
10309
26121
68950
34489
41245
68166
54349
86084
7700
64374
21858
57629
5066
47299
52537
68413
48905
71313
61402
70782
19524
81407
58755
5547
85344
31176
11989
14375
27666
78305
84638
11688
79704
16812
3639
25985
13199
33839
62961
62377
17676
70342
41979
84709
39127
19383
45060
73001
32916
76789
49698
38890
51572
45768
40675
76635
56520
18272
20369
35852
39273
44183
15818
72694
12415
10710
25907
14236
19096
793
73300
23756
12868
7634
89382
28317
77185
29912
37325
78525
29505
59303
39825
21908
3379
31144
72610
39099
18168
39179
26164
35607
4319
79110
25738
10153
81070
58617
78866
48784
3390
1582
76161
42940
56322
74318
21517
64005
88614
55445
40907
5220
45335
60709
84653
30410
83109
82842
10783
88244
8776
89830
24166
78355
10943
17200
62904
60392
31425
72748
42396
80231
592
23776
76667
16366
38116
90032
47249
66547
40818
87260
16028
76747
24968
4410
71935
55417
75546
56699
77940
3256
35663
47119
38611
23958
20375
34753
45011
11709
82197
34132
54457
61328
16700
1727
89363
57044
67602
7136
20477
65907
27599
63529
81537
44312
65481
7341
73333
66487
24463
19933
74440
37486
25250
82315
12697
12904
63361
71172
17780
27135
44747
76920
6687
4433
56056
68551
46323
53067
60212
67024
85954
37674
81533
69496
2640
47304
30792
58195
22730
80549
25533
81230
72479
38757
49200
39925
53946
49073
12249
75948
47483
75307
40643
88998
55139
82119
31702
65462
68646
33813
52394
48639
21223
51838
64770
1946
78961
54821
14350
24160
8400
48080
69377
1208
5699
13891
52116
77224
14117
44272
65667
5065
38597
7043
62374
182
28165
42080
31335
72427
68882
77188
52493
80053
59771
51365
45020
72996
75686
38325
48256
61900
24732
62210
24031
25959
76517
22220
52067
72944
7667
72074
34837
17035
19485
65214
9699
27934
15066
29538
75094
40117
55750
29497
61801
83118
87797
87613
1658
75535
76224
86272
16867
74730
81149
19112
84547
60891
67587
58587
53796
71508
73013
80912
65165
44016
42791
5673
38226
78365
80308
60432
32424
42443
51847
72026
25564
59296
65347
37667
13183
35555
20915
81479
22518
80132
72274
34815
8600
19903
11832
69747
67084
33226
4318
89921
20487
64489
31994
46940
32569
25486
86479
22543
12527
62361
51291
51094
4772
43103
5713
51969
36711
10118
16879
38485
16703
66804
16361
15589
37613
30843
30991
62545
53508
44159
72615
72217
71503
78870
64046
42388
35787
47813
49375
13951
12186
9280
60915
83293
55225
30718
38458
90717
13073
55747
61394
50910
1367
27391
81397
3799
67394
44915
76073
65228
76877
43253
49439
8123
33311
11329
81625
29353
67921
24352
28215
24363
66521
71925
67335
73507
3646
43265
43362
75228
8241
35561
3184
59873
18418
5962
66103
80093
86059
9394
49061
64696
68470
1191
54334
89414
66414
13954
69362
87037
47547
5421
16061
35424
52611
22531
82978
49378
24112
2526
65331
44615
50465
68306
4983
87328
40547
64129
81975
10087
46146
70943
43328
397
82909
89896
5145
12726
30775
3988
26199
56583
26142
70093
54814
23813
5420
56685
15688
25955
50539
86831
4062
90998
82329
33884
40791
67940
39037
81360
90645
51736
55363
45965
63685
15315
11200
89951
30642
85439
43498
84322
40026
71402
80970
29776
68082
34749
43933
62375
58295
18681
56390
48752
31415
10204
58253
71819
83170
25352
55620
56334
44187
38656
18175
6079
6047
36973
85254
87476
31863
83893
33806
1705
85795
3381
40460
86913
77460
48976
9746
46699
10445
36902
49925
72125
87426
31652
56253
41783
3645
63297
14849
20466
35504
19351
71780
44730
74210
25115
1231
32723
54515
43747
60121
62890
24284
81195
66235
43845
56995
39004
41828
89465
59939
72600
43200
71314
61813
9276
37784
78990
7236
56308
15920
83243
8171
81374
51000
53091
90202
48011
65695
832
14130
65763
33186
16647
73899
21447
33233
84285
49315
69949
19012
5988
74433
26670
48715
7535
38506
45571
1154
29504
26046
21687
54517
4094
79826
36910
57235
59191
82542
21451
39691
73142
72021
41994
1439
70586
67546
19323
21529
63747
36742
51528
59494
82216
29023
18050
87468
28236
9547
40726
24631
18069
11761
64996
16495
6662
61582
47108
19883
42034
23778
90413
53914
32415
19151
14758
70589
9106
39082
34311
11315
83376
57429
72199
60770
50777
76291
58603
23188
20296
11427
56346
23816
28534
62536
36754
48249
59684
9411
81454
67025
3315
48372
20281
80508
53375
3827
43094
2920
60023
67812
57821
36876
40058
7916
70136
14136
90745
40918
25960
25705
14965
24694
73664
14261
3477
62499
45321
90547
66692
34353
30187
63075
17139
11375
35652
53319
5685
40495
58604
64015
41556
56547
61811
74441
61705
76524
53463
30590
