903
28020
40356
63166
75131
73200
46114
46429
37396
10854
17579
22053
69894
29252
56894
66662
49418
41339
6918
5157
2931
33335
11548
32880
66102
43593
68062
55400
69844
57001
1814
680
14943
24635
24408
2527
47288
28300
52933
67933
55149
9277
32988
57858
66215
13212
21772
3573
67078
67381
41850
66897
31280
50193
38405
15546
58816
31342
43139
66409
57926
28936
74841
32535
9543
8035
57499
73696
41196
52500
26219
49028
36261
61831
75081
953
51028
53173
17528
26202
8120
45954
66946
732
39471
46777
35423
25121
7107
55427
25682
68745
73573
54042
60161
16527
22311
67027
14882
23680
4513
6912
54872
40893
72926
43642
39516
63388
63486
26197
18115
46698
35227
31980
53375
54511
29772
32540
61600
53846
53533
42458
45262
47685
207
44870
25908
18273
59049
54849
28481
8535
25475
10347
5898
44598
51908
37297
34706
66177
15036
68582
11449
23448
50685
40229
64375
26766
40231
2579
49611
44749
25035
65249
15281
65579
45195
36763
25778
34626
5995
69078
57865
22292
4405
52511
48552
63741
36062
69
42832
55512
5409
59507
68033
64116
10625
51901
67518
45372
4163
60498
1722
2780
2884
5154
1946
33863
31813
6900
9044
12292
14178
21915
56871
38428
614
74395
64696
14116
63022
23309
42257
11241
26605
66776
22798
52290
16132
42427
54831
56569
8171
21589
48958
63416
727
16918
28617
6160
27680
73546
31969
37077
44797
7072
72245
69558
35727
50387
68453
10406
44353
51294
35902
45192
3762
1871
8311
64882
1208
2687
74813
65330
32104
17414
272
63156
33509
24618
21655
52276
35780
22952
19585
3790
43717
7778
58879
42822
7374
75841
51655
26449
7715
7076
41363
74435
48216
69878
23083
58016
30805
29683
31204
54355
21570
20658
42588
38792
70233
50219
53669
14787
20721
19864
58496
18812
33584
50713
70955
12038
45564
17806
14198
26501
53911
22803
57389
49842
56339
48497
22658
48569
35101
68789
61713
66289
26381
72968
28350
29854
25639
62620
50362
17326
35355
10382
68861
13654
63227
3728
17736
25195
15247
67634
60365
58856
74406
44102
1909
25462
13105
14216
36798
49804
50471
40568
26746
8622
58373
42741
27307
6796
58409
29978
27953
54324
28826
51399
72955
42866
1619
62656
25249
24436
57939
67637
7611
61817
41297
46539
19916
10894
74436
21262
54657
73031
66458
17929
24294
69490
62435
15884
51365
71519
30499
73712
36525
55084
29062
69604
4602
5807
44646
739
56384
46255
62705
10354
46342
32649
874
42911
73090
5318
13997
2200
37140
5690
58441
6395
54053
62850
47201
41336
48670
68632
35527
24424
72647
8342
1538
48147
23508
29877
8069
58320
62689
56277
54858
63788
36561
24326
20011
56439
62062
48412
55425
52348
50907
67912
41569
51700
37774
39086
17245
68992
43234
41609
66223
19794
47896
48556
20775
40344
36345
19304
40740
10350
10633
19871
47465
66014
58709
51447
69724
54351
69956
69624
52175
56326
17500
25499
66088
25554
43977
71315
3089
48553
57403
48929
46165
42884
7390
32405
8148
48284
58678
43774
3277
17458
60206
54824
49862
39593
68032
67036
40758
1305
75034
67054
66010
71306
10278
75115
25360
17953
29045
22278
62939
40474
71957
25096
10018
55065
26513
53428
51622
20100
2003
43318
62598
7429
52968
18313
49833
50758
37414
6852
51333
11194
42159
24070
63357
42420
23162
19718
70259
65012
41448
69939
72456
2627
45566
2693
57139
10265
42841
8746
34761
7829
1993
56082
25349
15004
62658
4326
16612
69308
52048
15642
46080
8135
24977
666
7559
70489
54728
4156
20838
15003
48691
32559
16030
69082
47095
30942
8037
25002
4094
26527
48446
24379
59489
31494
39104
38229
53285
64357
22615
30625
84
428
58266
52150
59786
31295
4531
37718
74630
14297
31033
60017
5860
24777
33146
31570
65519
21528
48356
65979
25440
38566
24864
46521
42451
43155
27182
14447
55335
74431
22043
4879
59112
3068
56478
68323
47102
75119
6311
19380
73630
7575
70288
74219
69615
59542
52832
66077
27011
5019
13640
59379
50203
64841
72761
42578
30348
64022
40383
37484
28536
2501
72480
55404
69066
9163
38755
38698
30336
45618
67513
76
62422
47624
73645
37070
23505
5477
34792
52254
33979
1455
25233
74177
35942
48717
40060
22640
13354
99
73518
19425
62633
37427
20338
8590
33299
60185
24242
4975
57602
13839
58563
48217
74032
72553
32343
18750
48827
40190
39038
40426
67595
31283
17763
27944
16703
3726
39517
59235
23815
2599
22450
73458
31604
31843
34437
7355
24069
6876
13295
75016
68332
75279
71062
49358
63020
63568
41435
50493
8410
22140
38620
4047
16773
63278
18341
2955
8582
58289
43161
67371
19234
44961
72041
31829
10514
32186
55607
61747
24292
15799
47858
47380
21091
23519
24737
16799
33561
12367
64942
53082
49775
68084
51751
17666
72966
52966
708
46782
63454
54663
63518
53010
49566
57566
39476
13069
46546
23310
46420
26217
19501
47236
62253
7833
40582
52880
612
7207
6738
17100
9954
48698
5722
23669
45297
36727
67085
67314
31721
21454
14148
48260
39346
29495
62218
1362
57982
45163
45752
13093
54129
14175
46444
60945
1931
1793
9463
2059
55414
15945
28884
15062
48886
9468
64147
21987
47379
60145
61824
11849
56753
69258
56415
75732
1842
39640
35100
23824
52465
45342
38568
51964
37493
59861
58499
64793
60402
4021
71766
20217
21396
38316
39461
53427
36348
67196
47751
11786
57461
34148
28734
39701
68057
15038
6855
75388
21767
12242
34612
56658
60241
41057
75100
66109
72930
62577
38827
37104
65839
55027
55556
69914
18030
74779
43671
60867
62106
13973
40526
69020
74798
3988
43665
54913
67025
43226
70836
71159
70988
44556
48725
55983
8804
27235
63766
5153
45544
43830
2819
66017
31791
32665
27955
38866
26391
53613
54448
46899
54977
8992
62536
46984
72997
61541
72163
30381
60535
1319
5757
31448
43891
22307
58092
4277
30716
15293
1227
40022
616
73794
4716
30708
28118
51224
42135
71113
69789
55855
19806
53550
51717
28326
29148
38664
40680
63806
52253
66527
56799
12963
64206
31192
69265
27424
2613
9382
51296
50824
16352
18153
28495
6544
41249
72987
51448
59835
62425
43323
55586
46701
17629
44869
60648
17546
18557
70589
65061
44445
63725
10305
33852
353
9298
8526
55601
68968
59632
28046
20445
8503
71365
13278
53247
22910
73033
28588
42382
20829
27000
23087
22005
36914
40927
16346
65950
74270
63205
70779
61605
32328
5771
39329
26424
63238
54537
18890
28100
42049
4161
63472
6172
68879
53727
58091
63963
43770
2805
68938
40829
13811
6886
52788
63517
31339
75596
2640
45949
60892
7600
67184
54163
23380
66024
35250
33035
9905
54477
54890
22176
71536
21497
37838
21817
45815
23115
49632
1766
27062
46269
66488
45770
31982
55131
57433
47226
75675
72410
47130
16778
1998
28736
7764
17312
17747
54106
46910
65486
3771
59821
56709
8820
32967
52291
50933
53778
47277
57620
20154
63007
38772
59589
29507
62569
57757
16485
66934
67686
36185
3387
64420
14956
43032
3607
26660
16675
41933
62286
15876
56051
46082
39208
16043
65239
26098
43845
36796
12717
2167
15202
18735
38690
30215
37235
16651
21832
22468
9219
15253
53378
57236
50850
46591
67060
9209
21215
15095
13262
25505
33409
23348
64482
35065
47373
33580
30068
55436
8081
38832
5335
73228
65810
48058
3213
47173
67685
4794
14664
38599
34033
27380
7794
39300
23636
11421
49139
66288
66107
72423
4223
33014
51172
14476
68342
23639
69762
71546
61972
71530
52930
43430
69134
38381
31554
58557
17691
64685
14071
44829
3344
14999
42779
42210
3054
74954
41011
25409
74276
4437
36021
50883
29687
34372
10478
42720
58349
4144
65474
32237
24351
52031
31089
11012
64214
2497
54336
51183
70975
3479
28101
60462
7163
53044
26169
54674
4147
56498
6832
52874
10143
31743
31255
33212
20570
7402
60184
57410
71450
55055
70080
9251
53645
491
41923
19079
3516
68550
66888
49305
70301
63106
19891
11605
19830
6597
11725
10932
33372
28423
2673
16326
41285
44641
19664
68105
35238
24796
49871
34277
1988
45013
58476
19349
32816
31779
40265
61182
32310
61219
44474
1918
49307
35022
57157
13808
61183
28874
35472
72045
63537
64535
20020
74679
48946
61793
66733
70329
21962
54014
52673
65454
48496
64407
27594
23000
26022
18734
20672
8282
27544
5868
65107
57976
32281
72184
6067
3464
67612
50020
17910
8516
72573
28767
33725
47657
17321
3817
61265
50263
36979
44300
22386
61165
31923
51369
59762
61878
46483
33956
59309
73526
63497
35885
63287
55180
70563
7878
3477
32752
29955
24602
42960
15194
58276
18875
51190
68239
7474
32558
29577
37234
63028
32603
44465
33703
37830
47770
54546
40862
4193
60960
34713
22794
64477
70268
9652
36466
38956
73779
4854
48832
55815
40214
17784
25605
12333
26735
28387
47234
33952
14396
22903
32900
782
41924
21801
24393
63823
52117
25463
26482
14151
52306
1978
22418
50160
16916
14002
57041
48182
49237
45418
44393
34021
29788
5640
16080
51667
44365
6226
37409
45907
27357
7483
43775
62064
65965
51851
22661
58892
38104
8954
49301
23747
33928
66274
56774
27061
70542
67857
61579
41566
27693
71285
74245
70739
10080
29330
68515
63567
53369
44515
34819
65771
44978
66206
4218
35620
33114
52404
38464
49516
26722
3815
40790
9551
14562
5514
45160
52363
20704
27264
73223
8634
8652
19148
32573
67463
71071
57362
49426
68235
74911
63581
6747
67968
13794
2454
41508
73693
7793
37637
69886
769
61118
55349
43543
26235
6548
72230
2725
32139
13448
3808
9273
67569
13910
39143
32113
19673
20571
24147
55875
17110
22568
30576
71131
63052
72253
55221
59214
53821
41727
20949
63432
32604
20128
68344
36215
23037
26434
16594
51529
22823
70749
45765
35352
75782
49531
64636
26570
62152
63608
67178
41677
8964
1115
55602
17800
13790
17356
60576
72308
27289
33226
50428
37975
70042
19474
35715
59813
41323
12564
24887
18598
20187
28577
3035
7281
70287
3459
66120
51374
43644
38309
42774
25189
703
57933
33065
54031
56272
1224
44720
51094
38979
38244
2058
63038
33675
29523
37984
68539
73697
20317
26592
72957
26553
3378
10935
8825
20316
53192
32469
13946
638
74485
67594
54825
12689
5191
30363
19248
8880
5177
63540
19090
23151
12505
60687
13989
38475
43065
44821
12968
34306
71101
65195
29367
8197
8862
49854
34282
44172
6208
54715
51583
415
30877
11676
51923
73882
39649
66472
57630
19518
58775
60025
20640
16017
52756
33610
28707
42132
7934
13870
16045
53801
39420
5762
45971
16039
11298
20333
65712
31601
27376
72259
7961
63457
1054
17583
30329
48692
54013
32314
4075
33029
50693
60053
28015
56357
21335
7511
54773
58937
31547
45329
51626
8399
19546
71275
42196
55005
50725
33391
38228
57639
50776
21132
12361
13270
5024
27920
63585
50472
244
22710
50671
43769
30310
29267
25667
48885
68254
3383
18927
33706
31477
10970
52588
24450
53959
10541
39392
50923
51593
18114
32179
48264
29475
16638
66789
30864
12379
14639
58761
54973
66570
50851
29244
42797
4031
63695
62622
46764
31415
72789
12784
1154
46014
73383
58719
2905
62853
50075
38858
21138
58184
35392
18563
20594
49722
29904
41455
62902
34254
39705
43504
14729
30802
63493
34217
11928
61081
12613
62034
33424
6608
11265
10299
28225
43824
21975
62375
37616
26284
39107
48684
27788
49929
46783
1162
19419
2816
12878
62406
14995
26654
28558
18591
42170
70272
350
14761
22146
34656
72810
4471
2268
9959
34270
68622
60332
45880
28247
75664
69241
5229
15482
54786
7098
437
1045
3036
23018
21604
73159
69302
74266
42696
33387
50090
62873
19835
29853
30082
67646
22330
13662
41849
28652
36954
43578
58797
34897
27374
28586
6109
39263
15766
56994
909
21573
20832
2149
27085
17156
799
21504
74752
20693
50467
5622
62907
39213
5836
54775
17613
4321
39187
73814
73608
44751
54238
12785
48293
3710
61084
62176
51205
23008
57378
63810
72731
49066
56761
73863
30597
32632
60101
41640
35924
13536
39108
62555
13968
24135
18768
46974
57148
23466
41857
28269
67132
48420
8598
70784
71895
33795
61989
9908
26862
42915
31642
24855
54337
5553
15055
66931
17071
43807
5041
13717
45237
38432
15971
57604
75420
61728
26404
23755
30384
41740
53862
52724
51376
59891
56105
8406
8418
55984
58151
11576
15235
61452
70199
70658
27390
10083
19072
36736
60119
38789
26339
74978
51631
50852
13481
14473
68146
67821
23778
27443
23951
20107
39595
56915
7930
24080
64709
59966
8843
43639
36481
38945
28246
51484
43411
24440
15989
16463
74981
57100
43478
17386
5499
13498
65754
4457
19633
24092
28403
63136
46773
25542
43987
37385
31225
19505
64734
46214
27395
56110
33659
23997
11561
75084
35555
3341
33924
66401
11448
3391
29601
21353
39415
6468
22934
19942
67488
13699
44823
44988
56788
32280
6921
49048
67566
53213
20269
20852
51594
61842
57025
16985
17325
47917
34064
39201
15458
2586
30123
48214
57050
57028
30894
7581
33612
58996
27751
63221
50063
21494
21781
36634
63150
8656
25183
3538
72214
55306
50354
61643
1807
52077
48122
3876
43436
61306
42486
16620
18728
42736
73467
4653
70463
13901
61176
10818
22073
39863
41395
35713
5834
41982
26981
62497
50309
65603
16688
53095
29678
37198
33019
73793
72721
64128
16104
66286
66592
48564
75460
19910
53015
47160
34035
21540
10488
43169
62903
50360
31293
60469
42919
55338
66435
10322
53947
72946
3927
61542
20813
48378
59502
69210
67578
47338
74591
22622
18046
49947
30572
60325
60786
17949
33696
35696
19001
3103
28785
7486
71798
41827
25636
62027
46929
31465
74903
1068
14058
35244
59868
45426
72179
37184
46671
7489
73144
36856
15128
51363
29946
20289
23677
3720
4611
30136
31403
48985
25785
3541
1166
26363
57146
66002
24914
21125
31877
34588
40399
55449
13991
44736
38221
24266
25746
69300
41170
38571
69465
15216
73698
59598
12864
42182
53571
50976
21096
61525
17612
32315
55751
22306
47184
17479
30164
3448
59080
29690
48956
12080
11821
73545
64346
63651
21836
31367
5117
4845
4806
46901
53120
21067
42655
8136
72175
38470
10061
65539
19448
9404
68188
24647
13537
24105
43771
46964
67719
41224
58376
37433
47918
36452
17827
25323
26451
37618
39452
20191
20435
24345
31917
67322
50591
61335
75286
1207
51335
25784
61045
49955
59300
52240
3127
69807
65886
60607
74519
68908
24039
74148
48
3416
53593
15399
31049
64846
64545
38636
72164
38663
3518
1229
58287
13578
14855
48775
58798
71366
34244
66260
25689
74300
60611
36946
55931
51112
40262
33782
29836
66094
17023
57079
57937
70376
35074
75738
24060
67084
17223
7410
20336
10150
63561
60688
48132
9333
68145
26249
23496
66191
48964
14841
55308
53765
35550
719
43676
28161
21542
8091
14603
18479
62067
11137
37028
22588
10419
70005
63843
66406
3627
65264
2890
8669
15338
50374
27500
31626
34438
2233
2990
72775
3592
20777
35138
3633
44384
56125
20754
75539
56174
5823
41431
57717
24830
18648
30109
29189
40351
68503
474
20212
71921
44208
13584
44980
71000
36512
10217
37539
52446
67521
64680
11768
10616
36712
31662
27798
10977
33655
9997
35076
22776
9832
66062
29385
59937
23835
43909
7362
59298
71933
21374
17062
47752
7890
55493
17711
48800
39317
8676
61283
15743
39872
30679
11322
46256
8321
5730
12501
56962
38348
12034
1217
35271
69221
50636
34572
11904
50783
43650
23278
40071
32242
71745
61657
21581
8221
26355
41077
74048
59188
44306
57082
53880
18915
5233
71448
26117
28769
20735
48842
48811
28658
60603
52970
61940
68650
54564
59521
70921
47107
73410
72031
17162
23195
12621
27215
41945
58880
46413
41392
26779
1254
65503
54147
74110
2544
10952
54167
66796
59925
29084
7181
50040
1857
61592
13152
28685
18647
37324
32904
54452
12716
65515
26836
52186
43616
42003
16179
47357
52634
70973
6486
49585
12183
68467
18688
18055
35346
39155
43344
12335
16622
45616
36024
37125
66711
40088
52757
21357
5449
42609
29223
24533
59117
60618
3737
17700
3041
13283
47757
56192
44876
16679
64032
2
35749
32303
16195
68169
73015
23206
53995
13778
14036
62020
63048
15649
4677
71042
43720
45975
62196
51951
14978
9263
73996
51770
3727
36691
36110
33869
35968
9924
406
24942
25935
21142
51252
7571
47984
33724
28406
35483
4949
60964
4796
25104
58623
69742
52952
69709
37626
55872
8958
52010
11603
69722
41209
65289
27218
43329
13438
42238
15691
67248
57060
14935
7495
16088
33284
17083
64597
30458
60734
4348
25889
29645
48258
51698
25865
31988
44016
33196
36507
62158
57531
24273
61364
11537
51310
23395
41633
26625
33147
55529
74578
2203
41847
45531
67343
52036
72517
31718
55258
25315
68875
18400
45169
42298
13374
57040
29538
30337
22884
26046
67182
6106
5718
42577
57700
23222
60049
29951
54002
9830
23068
52467
20566
40789
43050
7507
45446
14631
14261
55828
4715
57701
24723
50447
51222
67143
44761
70557
12315
2331
55570
29237
62313
52785
68092
44295
50629
12948
35618
11707
48762
823
65379
46920
44124
47566
58961
51349
36927
19528
47364
52779
22270
34881
70473
20284
16022
52203
75736
65637
28198
70449
42732
10224
54237
58208
45387
33442
15120
21662
58308
68743
8672
59972
48793
14547
64089
58464
44152
64512
46480
19506
9867
67334
52155
38950
27007
65542
61951
46550
23478
27966
33457
59680
69509
38758
27515
49491
1269
25160
70611
54552
59908
11760
42388
6511
13477
12816
27895
70275
71287
27135
64246
30202
30435
32758
17930
39454
49989
35162
9632
43528
2665
32342
35589
58183
74012
7199
23127
10613
44578
54540
43937
39531
4135
62958
36610
63746
3858
66672
36713
34786
18338
39026
5899
5028
47487
18099
47510
35427
60619
17291
14176
15080
2833
30383
45370
15970
16341
7074
53058
44862
8228
50237
43409
2739
62066
4974
23825
42940
32138
54296
23631
191
42271
57476
30992
54470
34450
12074
57677
32455
49224
62978
29424
9878
47809
18140
62768
17307
49371
61996
42799
54369
63204
28173
68429
11619
71775
37261
55513
61667
50060
12353
54356
19450
12680
64005
39999
73619
47342
19038
36050
20523
22432
19159
13169
1629
1172
13585
25297
26125
2401
26773
18238
1642
55909
46689
37520
33866
53658
5391
35194
12279
61215
43389
11396
14460
60158
12304
63103
67491
24509
48250
69190
35267
8078
53146
74089
71305
69270
27931
18067
56562
4341
44549
52274
29421
74720
893
54731
1944
42965
3189
49194
46448
25179
4439
59148
54275
55750
32484
16114
6090
55614
53621
32452
5632
56704
60432
10710
47794
59116
59716
73423
11522
52809
24957
28774
20890
55182
29996
17202
55478
41135
56738
66510
1806
64789
25099
75423
38539
15818
71419
4459
4279
49332
1665
23873
31551
17531
53776
6594
75090
30257
62358
10275
27092
63042
19431
52797
47152
69396
7136
49699
56861
70713
32965
60314
26079
41879
11115
45189
60790
74811
68799
42007
20405
4474
52143
50446
18924
27494
9461
12479
25458
46624
68899
55455
940
44126
23216
47149
10770
55978
4028
70913
420
51889
3995
35778
53463
35871
44676
23552
60979
34958
30501
62092
28662
74874
40353
54343
16618
32737
52237
37310
12874
4597
65913
73751
527
15453
10032
64853
25588
37438
35315
71953
72459
64289
40788
64954
60081
31944
75030
17547
10043
28646
13389
7053
6182
59621
9328
21314
22422
6520
25823
71420
21863
23196
34893
10481
45331
37790
23783
50451
28792
44860
20743
4551
2864
16335
12961
31535
35652
50635
20407
53582
39178
7733
779
21798
37020
13922
36325
427
49852
18399
42120
37915
33764
58729
16355
47798
63619
29211
16097
61378
13872
1532
17280
69945
48204
12157
53197
58114
21410
41840
18699
55631
9208
23781
50934
7277
29608
2795
56365
939
10753
66695
14421
6811
48549
19060
42938
31699
29214
15114
40386
66806
11291
6862
47156
60339
36241
58025
12017
27012
16698
16986
75452
12700
57624
59625
44231
19483
21921
60748
71956
33660
23217
6330
24148
66929
39989
43080
29202
43953
25878
9129
17390
44973
43175
657
14962
75368
46834
39211
62869
44165
32277
45327
35759
15698
4875
26076
69842
14280
15433
28244
47673
56976
36911
71653
35475
29801
42293
61941
24658
19461
66115
20001
39975
74268
3653
46528
55797
19746
60065
57869
32718
35361
53141
25445
73539
17072
52107
17879
20882
5012
23293
32075
61233
61014
5815
49419
67388
74916
72610
34702
2813
22387
20590
48402
75466
73843
68572
43904
52102
52069
70509
70428
65130
27857
5736
13067
20790
52863
62532
33647
16450
33788
72015
63455
13907
20543
54174
10047
70777
66113
9488
51065
67530
42353
65431
65003
63159
37155
19105
17939
29239
54565
35793
65123
42656
50136
26757
44235
41660
1553
71168
21808
30650
22071
936
25253
43618
33950
62418
31611
21919
9432
28811
56954
73917
48566
44953
57577
10576
22180
8354
28125
49205
65524
37349
45440
66903
73225
35471
71658
26925
18771
72123
20229
54274
57468
61874
36598
41212
567
31858
38884
30734
5845
31759
44696
30920
34380
44528
41733
66015
27101
44489
69157
12457
16582
72515
45014
40245
3882
57506
7332
50366
5447
66813
43019
9606
73599
48938
5979
52725
18515
71249
62861
41008
72725
19889
33810
31909
35894
60579
4657
31618
22825
7651
56024
10973
34514
8244
73660
25703
7802
74489
57449
3752
32445
4055
21904
18833
11772
42237
24261
39762
27507
68910
17379
61506
66615
9274
43092
12334
52605
52168
9152
8032
7378
3250
43714
8764
62420
56943
48740
27724
43566
20992
68447
62488
7182
2959
74373
67825
19641
55026
58890
41967
63701
39892
62224
19133
69562
28398
53666
57317
53409
38512
45217
5965
43760
45054
49160
2810
33781
71799
22216
24253
44063
35647
44634
35339
7115
69133
24634
71202
59950
63430
15318
4670
11757
46068
17679
3023
15932
16227
63598
65570
67503
13586
31608
62495
41012
56592
35048
46969
37330
10575
10485
13025
72564
71087
48056
53675
18738
10624
39669
23646
50153
60586
72312
63530
43599
24519
50892
64262
65070
11228
15100
38581
12789
31440
70324
195
57268
27283
14898
14196
48917
52182
66418
74397
26276
56891
47533
4758
31640
31693
56698
64689
24053
18599
65399
50791
48769
60364
40086
17439
52120
49616
19177
67386
17894
60405
2370
10188
74144
46980
72925
47561
32842
22949
63390
6537
39726
1457
67768
52680
64252
45965
7893
761
61149
1557
9654
70673
28027
29116
14550
46863
72242
71685
18368
20912
67020
57313
19429
15953
30270
20946
8592
8962
56037
40010
46862
62473
5986
73884
73236
26353
64525
25271
71892
63807
14852
48834
26645
54677
52030
49779
15526
11876
33373
18773
52729
14105
75046
13977
1526
7987
21649
20839
1914
4148
20261
3875
60476
56901
52658
14548
59437
47252
50442
6423
7972
56419
25916
69626
33234
63998
44798
5809
58106
39458
61
2783
24463
16105
44824
47709
63279
59877
27982
27071
25408
54604
26748
59103
52620
8100
31478
16640
38279
55045
15749
20134
21728
40653
15107
2696
11950
464
64588
57159
40057
11095
25212
25340
71254
8849
33763
30408
31506
70486
25658
75349
21228
7064
16839
65335
34157
49240
36092
43535
15674
47110
52085
17838
34911
58659
49334
19385
33173
63865
74822
67358
31561
35425
32849
58757
66234
32358
5922
18853
67718
54189
13951
71280
36095
3903
24119
39590
28508
31358
17609
40756
43586
51052
17830
25706
23385
1196
40933
47078
46001
36432
14629
71598
7989
3510
20974
38314
64198
52890
55216
19578
73646
62908
68783
27358
8476
11203
69646
44343
39634
23353
49380
68809
40488
20943
22537
62173
10930
28746
35549
57822
40014
12560
9154
61807
38371
6867
45596
55967
3887
19207
28486
12851
26132
23320
44487
40533
4369
13170
9200
57016
46694
13053
27055
64912
37016
14530
35501
61281
59694
25186
15063
59559
8129
4222
626
71368
28252
12671
47096
25310
15303
16344
58002
35044
75527
41669
33734
6428
4501
52640
21266
31095
32739
53157
55723
23192
21416
56190
71928
44666
28967
40292
23190
72637
3321
47340
37982
56802
8176
55271
36949
45075
52610
66330
14458
44850
70924
14347
66481
21859
45493
65031
74035
6083
46718
23304
50028
1558
71510
49058
3792
71851
15137
7412
26678
40808
32711
35303
70360
23109
2954
60202
61838
62709
28921
7366
17337
1031
4166
14847
12919
71250
28070
13726
3022
32912
8616
66877
40406
9414
42771
33976
3051
34842
73134
3983
11840
64385
41325
39012
44700
46063
23856
33827
58928
43412
15930
70732
44421
16316
60721
47593
50593
1504
36917
62289
58986
70612
28473
61873
29257
42979
5768
43758
5059
51756
12273
74961
69892
2620
32071
39695
11674
14705
60478
72281
19940
26106
286
33098
58571
66230
69810
50100
63786
51713
41675
42389
21611
51566
51958
45552
50722
17420
48909
42563
11007
38062
42989
16202
49400
22401
75509
52653
19269
542
70999
17242
47935
26650
39152
28751
59420
9474
67395
35915
29141
2978
56616
48116
44764
24687
47412
25028
63642
13619
47915
47995
13756
26728
28901
34887
32463
67746
72115
10628
2056
65662
33441
56602
12366
63281
5639
59436
43577
70313
66006
70381
26772
52623
55260
59534
18907
11508
58513
25154
75140
64758
18644
55341
36274
37425
49038
46797
42503
69434
41311
3340
31905
8802
9067
53202
41320
34719
43595
3765
41337
12880
3405
4785
44877
75431
16997
46940
59120
69680
37172
50711
58366
42552
59360
8315
18769
8596
921
60306
53302
42963
35744
82
21429
67906
44534
46902
10266
73829
27717
29952
31401
40831
66056
14440
40487
6984
9817
602
19221
67059
10154
8680
38434
13814
20165
59735
62551
68086
73774
31285
342
47931
50246
19788
54335
26846
11759
35031
12103
46121
62195
48727
58523
37506
74711
16351
40678
43506
52424
43490
39869
41246
53112
19005
68616
40652
35582
35921
72597
15561
58701
327
20117
28154
1664
33348
42624
30530
2806
53063
8900
17294
72472
57720
12847
8473
49368
70838
60376
10012
34086
13528
25676
57287
72856
32379
40212
27423
14278
30753
39315
72718
27614
27176
52639
15484
60474
51272
19834
35332
23158
61234
8756
45392
21342
39105
29798
48218
18866
43691
67077
53147
32686
18535
55506
9646
2131
36910
18328
58950
26833
66155
30292
39562
66610
54292
52336
64185
61097
25466
70289
74951
49883
9395
16992
16155
64765
32363
35195
68385
61864
45753
68405
26223
51488
33363
62845
30376
54397
55085
67586
33026
18797
52192
18069
25029
21039
52124
46767
58324
9006
21348
48195
73743
60238
55474
63795
24168
1772
74960
24199
41834
54162
66365
25439
2023
42819
20583
26658
11192
39130
3713
55636
38142
46827
43996
53078
18893
8300
57434
53200
32108
17759
50948
30090
19012
33244
40729
13439
70809
11136
43382
51519
47169
8500
64678
61762
74658
5150
33996
36594
29633
58714
9798
46009
47186
31927
9831
19135
33652
12667
21171
64775
53477
45164
64019
8640
36126
32658
65099
26470
69484
2137
33935
33865
42327
53681
3705
25982
60014
17292
52251
31654
27296
36835
1136
13309
25235
60829
53460
23187
56444
11526
73298
53554
52942
28629
71942
49497
17986
13197
9980
44420
69094
69686
15604
31030
4244
75366
43679
11244
61382
64697
6851
67280
49045
52901
55501
7927
23223
18493
68352
63189
62125
1726
46200
68070
48615
41464
20240
28547
55398
65999
4207
42346
16663
65962
5346
24583
34470
66152
21372
54655
69603
59454
62915
55185
45026
73176
54909
64488
59227
49024
57574
19162
9110
9041
42941
26122
53274
60757
12012
18760
8445
73258
60923
17905
15851
61419
57340
687
38708
28151
65280
5179
122
19078
58766
48113
27535
30475
71
12506
44532
41535
27999
58877
45550
3335
10853
52621
18723
53163
1255
35498
26305
46561
26590
70879
2367
25467
8320
60830
64665
47099
68921
65824
8866
34352
42188
54578
10604
4810
37903
69667
11092
69729
71595
59654
44187
60381
32548
53843
49434
71067
70228
20257
4624
47628
20044
42532
18928
7918
37458
14869
8899
58712
63389
68976
15548
1026
30399
20137
58381
47132
62599
95
36243
66475
26532
17374
60896
47592
20663
42899
42994
45181
58591
25263
59516
7180
14927
16544
38329
4415
56991
65436
44345
41451
65188
58343
13802
59746
72585
20973
34709
28717
30396
59531
12406
29943
21963
72420
64965
56297
3361
41043
25181
39985
25322
74829
27782
69621
34814
69873
18106
18084
47360
29651
36604
27630
39268
43636
47053
65532
4032
70023
32201
65445
66847
10550
45198
18347
17934
59764
51482
72942
40975
12551
52568
54474
75432
12300
56157
51230
30237
61433
28434
46039
53014
28931
66999
68932
72239
68263
14797
26945
27913
21059
6117
1763
33151
52127
75747
24275
69815
8056
1922
27133
72180
25984
37242
7313
73301
70395
39375
41226
33232
22632
54707
65743
17472
60204
15861
47463
5122
54988
33285
4978
36502
73912
44299
29935
54735
61675
18732
70220
46553
3663
61530
69357
24276
23801
6943
59750
40982
21366
31822
38031
12791
46158
14558
67982
27113
1400
27562
27664
1769
53093
60413
17331
75041
20787
11353
57844
6739
40717
37441
4880
5804
2682
42440
65168
69087
57142
55158
66175
7862
22966
22434
72402
34935
61905
27616
33721
32857
46507
71727
14619
28199
13883
57401
11215
23009
28544
57636
65670
34765
11341
29589
28898
54721
675
27107
58179
43266
27315
41479
46686
51198
19749
11747
18631
1069
70885
58148
13782
51685
19793
21861
70928
57864
48607
63698
17962
1138
67272
29544
14433
11678
18744
44283
4048
48737
69785
70956
55047
14162
16493
28687
5372
8703
60443
30001
64531
9481
1451
9625
42751
7480
66346
9508
4999
68065
4409
39335
22913
3783
60860
21153
56996
38808
66030
43432
53826
73404
16070
33112
2191
24347
64441
66469
25981
22284
28593
44025
66159
26903
8165
18480
35460
5149
34538
11330
72343
51176
13244
75250
65014
8127
75573
49188
68774
20475
9164
39019
8279
71471
15745
17819
49081
60905
72548
49320
28245
16718
35771
54009
12635
21805
69069
8434
38680
49533
43308
43754
57213
71248
20099
70333
15101
29478
1214
582
1911
26115
45917
46608
49995
7538
70736
888
43607
17158
15321
45877
35507
47165
55919
45218
7542
10861
6205
17825
14849
40069
9764
10104
23833
10808
60536
72103
13767
43703
4579
18538
10517
2040
56628
38631
66902
15623
33808
74949
7395
63256
35160
72691
74964
50858
12231
57742
64096
3101
38014
13483
44508
63910
62792
3424
343
22276
59803
54871
63877
55891
34447
26687
61753
16212
43596
12470
48416
25798
24958
41293
73601
56247
27332
31874
61469
21651
23436
52971
3796
38276
72206
20554
535
47177
28368
43685
28342
66890
12191
29817
46307
51014
11604
17443
29374
45017
47350
47097
20567
26013
6931
47456
14986
28209
29035
255
67994
68404
10873
71004
34590
17569
43515
57734
25146
63073
11428
16665
57366
42400
75354
63502
27833
66849
39373
17854
32734
22815
6983
488
4679
68093
21568
41611
56108
20260
52413
22631
50905
48808
21459
12792
13406
5067
47945
32587
26225
71092
67035
40013
5364
47300
29808
52912
761
20066
10975
31481
15498
25522
41592
66229
43059
58654
44027
49617
36673
67423
54610
21347
72925
55583
48089
41938
19149
50627
8507
23564
66420
3891
70896
37758
21217
4566
53658
49605
59874
1710
6406
7260
74781
167
50509
27738
58733
55735
29058
70454
34480
53167
29158
11
7551
50781
37258
12761
22720
58059
36278
57365
54819
23208
54860
46513
20561
21850
48986
43549
49153
8326
55116
15567
45656
58714
23676
54379
75292
46740
35978
34610
54717
54948
28152
29635
70007
4340
59741
60760
27438
40243
11315
62142
43207
48817
47464
37721
74081
52359
16189
714
65163
21927
67258
48539
31323
54760
71648
3369
55223
10903
