14072
1588
36436
41308
68420
27654
40378
18134
21946
82536
49729
46497
15988
76706
52811
12081
57241
773
49181
5366
53134
77218
15823
78440
17742
27630
36314
10466
12376
56498
32717
78757
5225
27067
23709
29193
17858
15367
45434
29674
3479
50201
37391
58688
26378
48271
59749
39409
52100
9918
81315
8488
13348
76769
36424
16426
8267
77357
9810
83016
29628
20988
47773
46333
11108
20298
7582
64679
57132
9216
48326
52016
24162
48728
61509
40429
24218
2943
13482
39439
47864
72298
20366
25979
35056
14640
61183
61510
73463
28193
77889
51975
45721
72941
2611
69325
47163
17882
55675
52024
58789
12576
28037
81864
50845
17797
33867
36448
65951
15613
40294
50753
21233
58643
46078
71939
83518
75272
35102
15182
81480
66252
69514
69544
47598
63404
37994
8423
15660
75404
80421
34290
72148
27672
27659
39583
36948
23875
80652
41712
60736
73824
22746
36389
69067
32498
14192
8606
45824
33075
7545
59984
65522
44692
30846
47753
18274
20390
57757
81478
41084
10611
18642
50408
21038
26282
21100
55293
44704
82815
49246
39430
23971
30143
74589
30518
24756
31009
35702
68770
23567
33572
80370
15791
23590
45535
35526
71236
32001
82955
51714
47460
22626
79766
22448
80253
59863
82217
24096
62328
29423
22082
27899
66281
36151
21459
60238
80176
80605
54526
20498
82624
7586
81487
32888
67402
53201
7477
67309
25940
67899
28877
75139
22179
17087
53735
49226
69280
44965
49305
58327
60896
11050
8808
3414
71473
18008
84158
60588
22791
47325
60525
54094
9425
36722
2910
32352
75737
58676
22175
17883
81172
58158
53412
72531
81129
79194
38664
75094
22365
50648
10036
34405
84250
55013
58420
30966
23239
1731
65091
20462
82735
43309
15371
60267
72827
51808
16001
74447
20974
69866
1770
39585
71263
69727
35974
71610
8725
54133
7183
5320
37362
35153
2202
55268
55151
74444
40809
41105
5274
54484
44321
49405
70402
3101
17905
36875
36906
63465
69751
72350
68451
3261
37987
6141
62990
71145
2828
36263
42363
59846
21965
21118
58534
12041
30619
30252
30237
71546
51266
15283
35950
54303
78106
28844
54431
78485
21969
78392
61147
12815
28737
50856
32606
45354
70454
76424
27101
38156
40059
54589
28035
58418
61718
16921
30477
22839
69084
42250
20831
45452
24660
59407
82219
47398
72191
68453
6521
47313
71853
3236
18816
46691
10815
56660
82395
49222
7190
18905
46376
76067
34813
46705
69358
46934
38505
35960
40204
52342
6900
64945
63777
74947
34816
35203
58043
81532
70992
48356
28767
44497
85069
21694
37462
75855
8363
66096
73427
10359
4168
14173
84657
64799
54210
45027
74486
17144
21799
34553
15113
27740
34211
6292
33758
57895
47380
13457
65585
45296
3387
51517
84226
66189
79935
297
53402
52683
84631
10828
25984
67971
81156
77539
49968
79558
17223
65092
65941
5505
64775
31220
34183
47607
73609
82155
10284
22339
25338
22597
46252
63538
70854
22855
14712
32136
10678
58138
77353
65865
39502
28052
36825
47018
69318
47448
13359
25831
57058
63242
59906
33560
82114
61148
18090
51049
71432
71035
61263
22730
59338
38502
58687
18357
44496
44944
24991
53247
24522
3867
72567
9592
59270
55950
40088
54969
68748
34441
43614
47454
54503
66108
52989
28135
3170
27925
12719
50718
583
54028
81986
10092
38707
63830
46866
43476
57472
51357
13825
82438
6505
61836
18337
24326
72855
57026
5327
68498
5539
34665
75882
22213
40769
81165
53200
4804
11237
14400
4673
41506
78797
7581
83492
56765
45761
71303
9653
55839
8539
62962
44106
4575
59205
47105
3510
57478
22498
59612
8853
82442
82237
75377
62796
28715
49822
2754
13619
47759
78746
15128
79779
82268
25458
66276
83341
7411
67577
38001
14817
64825
69872
2668
76327
17962
75341
9426
47441
7367
32472
63345
7680
71254
28195
55620
10097
15214
77369
35106
36665
77080
81939
83342
60523
16190
67875
13722
36416
37623
22806
70024
82813
62956
84270
61468
19646
67195
3192
29649
63231
58560
28252
16372
289
70783
75132
24247
13133
33288
81524
51431
76646
66288
3992
16600
57699
51676
24569
30488
7748
16969
31942
79415
29764
22102
40391
47393
61985
70173
84766
8979
9793
49721
67839
19521
7408
76467
49430
82947
30861
81571
16930
48704
8703
61429
74884
5698
17353
9399
25762
14974
27131
80347
59318
60115
68454
57532
82184
34216
70924
38199
13514
26773
84618
31221
5349
52409
29620
10032
9482
78265
69065
57599
27265
17312
46981
83653
46965
37178
30365
81144
32635
72282
28945
51751
44376
2613
4868
16702
9611
13962
15808
10593
26113
39852
67230
59468
11052
53841
1175
22446
5129
69431
13402
68681
42784
16018
34310
51295
42627
69371
17934
42280
23060
66844
74716
48809
43751
76942
55710
82194
72762
71921
78664
42778
15513
17535
52208
33291
62882
42864
64105
41320
13476
3815
36886
36626
65983
51220
67511
69046
66211
26957
39486
73598
79785
7950
65004
67169
73135
79466
42087
50405
61841
56818
79546
49128
36614
9375
39850
5600
78455
8200
32011
18185
74084
9737
38804
46615
65343
60410
73591
15047
41101
69749
39188
37252
2022
27124
80368
80369
43209
31545
3685
58637
64405
40329
9169
13467
20861
17244
36063
61127
77089
31058
40102
64569
8974
55683
73798
43415
35098
38142
5068
68963
35535
18485
37269
25892
31882
44889
59102
42931
12372
34495
83802
56458
37870
20486
30432
6457
27031
84338
16374
25797
16138
55841
80007
24912
46651
24130
70977
64415
22201
2532
28281
72837
45553
44095
47482
62538
15478
14807
34864
7234
16624
6098
28621
83542
27319
23861
6208
29713
21810
5997
65897
27222
10530
26267
26872
50671
42461
84745
62647
52176
4324
53615
4741
49188
8904
23301
31652
27059
48948
4502
40248
61748
44128
40508
47122
57902
5297
74204
18706
83877
66301
45818
5690
69432
34885
49991
46595
6419
28474
28065
12064
59171
10251
3033
18680
14783
82592
6429
84542
72627
22900
21249
1200
42419
18227
60100
29096
46854
41378
61016
53006
34301
63208
18960
2225
80687
44911
50235
67157
78194
32124
1628
53086
54772
51604
3320
3511
46099
84040
28330
46529
7377
30749
25788
12130
79831
35391
50509
8960
39672
33953
76921
28074
17985
69263
26356
33869
30392
9360
35086
24011
42758
53705
2573
62486
65137
13971
52352
41054
58508
21238
14353
19426
35513
67337
4457
39735
38203
22050
39228
24038
6986
46413
80960
64555
10207
48383
72602
49601
81733
52509
157
72587
71940
16445
32065
24957
85327
1280
8338
14684
20534
80984
4133
30027
46904
83293
47617
75131
48002
9004
42800
33099
59689
20007
15898
44794
30576
70965
62183
84929
12498
63407
53869
10376
46534
83899
22265
38136
64341
81583
66814
39408
77789
10914
46820
58281
17743
45268
64097
32414
69153
70660
61222
11228
73982
55660
57546
60121
911
65722
262
81158
46209
74153
75070
82075
72524
30498
54437
64986
50936
24224
84558
46992
17968
14835
78903
39029
34438
134
63818
50625
64808
76348
22893
15771
25207
70118
44664
63654
26594
75727
39314
48249
2991
9398
10006
56342
59972
38641
28397
33517
34064
56661
56789
38194
37694
53753
35198
69196
446
70959
9823
69110
42179
69523
83344
58146
30296
46298
77062
74837
74092
43844
34454
61309
18432
20185
29642
24819
35936
24919
11168
35780
42694
43606
19694
77738
33282
15509
27227
80159
63015
77790
11910
36176
21400
72133
52732
40077
19615
46188
44147
46273
61349
831
68667
81609
74873
61899
28830
24190
3871
1972
55635
2930
4415
50011
79933
66783
18851
51530
82259
75732
22140
82334
36266
83351
16216
33207
39637
69599
55673
73542
10587
26807
20665
63179
59680
73912
82528
28689
44956
25421
73052
53030
29936
10552
18683
39979
37345
892
35694
35891
47893
70314
14220
62792
84271
66481
59498
41353
60328
38312
9686
55876
49425
38327
35738
64941
38698
84390
67374
78068
59276
42397
34468
18312
23812
80571
18935
17460
11535
17319
63883
17871
50469
68247
2156
76086
52261
60128
55379
52537
16347
25696
43329
46972
43616
57217
920
19673
65451
14535
58835
16724
60153
11157
48429
33553
16162
72112
51410
6361
41108
6766
35566
44852
53257
66190
28018
7699
30585
79249
44251
55639
36326
69748
81469
31614
9856
69072
12589
40607
54918
5241
29022
51186
20631
71319
37453
17727
19331
48796
36406
63405
13060
19915
32893
45283
57366
6398
37962
37509
16498
80726
81617
35713
60403
56195
69922
43699
3830
57802
16003
37457
28894
19719
13633
84152
76575
18941
61907
59792
12183
16547
28353
15262
27035
21761
7119
84007
15679
33454
61548
73651
18461
28651
6901
71189
67861
17914
16640
35020
59076
46864
10622
84880
76349
68410
42355
70423
67129
49748
49881
40447
18983
71019
33999
7083
70985
32817
31901
74297
66521
79576
64759
74565
22604
73974
38579
35965
32161
37466
54890
12785
11663
63850
68204
82941
9421
28916
48957
39937
33894
80716
33484
54289
55649
62508
3624
49698
68700
74836
73726
8605
17498
69674
52505
21900
14117
56834
23687
33238
21289
50267
51864
63987
60803
14296
72885
34040
24353
5936
4957
80431
21616
6167
44002
64379
29769
59996
25780
23788
39368
58686
56761
14644
51737
80360
48458
23346
59710
11517
42838
68513
57380
11911
71487
38611
65200
11864
62344
45808
65370
27931
43391
36827
83439
775
63060
41655
14839
66020
54160
83147
28452
27511
9985
32819
70012
75655
65796
35132
24212
55694
4981
64612
36325
22289
50940
53915
43404
17019
58567
2111
80434
60853
64721
46681
78883
81081
14003
39078
39860
64802
74027
41824
73196
9388
2513
49254
51106
30845
1755
36392
18346
62244
18993
7737
13852
51822
6157
48614
45071
1310
31377
34161
36518
7608
42070
83334
29616
73394
31102
41356
51271
81561
56198
54708
12876
11740
20306
7094
49384
72920
4490
17421
25305
19242
29107
38184
29576
7380
10454
58060
41834
65716
22383
690
51774
60081
57070
9860
54017
28615
65537
4441
34760
13920
43714
8658
49562
12734
8088
31473
70955
2092
63002
36645
13837
3923
13437
4462
75369
10501
34275
17932
13306
47390
83133
10597
74664
62171
77678
75824
34469
51031
8510
69778
46558
29535
18207
60729
45974
42213
14621
11408
3071
3938
19895
52653
2137
34066
64919
8055
76943
42434
6039
42494
61196
35222
1383
46443
82496
37973
13230
76149
45720
33549
72871
78721
16099
65895
60755
74941
42327
35231
55546
28614
27625
29654
74049
71901
46479
31807
49747
66283
225
63026
29618
29859
29505
36685
65485
30803
35241
77884
3298
72353
51891
3471
71061
1524
80201
46832
33444
84000
54706
26850
63563
82541
2572
6618
50620
12806
80104
83372
81212
460
38326
53703
32439
57644
73206
57438
45028
22251
35172
38845
80225
60706
48911
7024
22165
70553
82688
4591
4182
13111
43205
39171
32983
37638
8143
34944
36346
48191
80821
70500
65690
7850
71958
68835
4422
76268
17689
47309
44873
79883
49738
24067
33665
47999
76295
25072
38644
82766
75180
43235
55856
78486
33555
18290
14011
42741
56086
17939
56615
8333
483
50160
10204
3485
81758
67212
72234
28575
44558
79018
74418
12494
20369
44762
79970
35808
49571
6936
43417
60805
13163
13347
17783
59272
9473
23571
54282
64718
51277
65
43424
79996
17066
75171
39651
75055
15251
6240
9357
47714
60565
24506
40230
14918
1834
15305
10777
39868
65601
14030
15681
49852
5395
18643
52427
39375
27547
52164
1387
17422
16990
10133
62176
71717
81716
48687
49058
69453
35483
32993
38888
53189
23654
21690
43945
28699
61402
42410
5522
5149
25206
56482
63081
6287
106
37607
2372
64291
81622
24043
47157
542
67372
75455
8462
7325
30399
48314
48098
82447
27769
24615
10886
21769
19722
2248
9275
58904
10547
81402
68496
25507
69198
13703
52538
33138
74164
41025
13464
77817
61568
71681
79580
49911
13908
8889
20737
54377
79645
48443
84691
41490
75991
62928
77399
8893
17626
81598
10990
68255
51825
77260
67761
28839
2593
27275
34437
1520
7171
43344
37270
11553
13873
33788
84788
33362
43689
27646
74321
36979
77638
28799
43492
55380
36694
19262
39376
48265
13254
36553
15892
39205
58140
32969
19955
28217
25306
37640
61325
51811
13552
73444
34775
82594
36935
70963
14505
66264
43226
49286
55959
65186
84318
25370
40838
63567
43215
8663
52363
57485
18974
50775
62959
1981
4822
35300
74054
26120
4246
64153
61786
58099
11371
41030
11602
69779
12591
63692
11773
42468
44940
13197
16406
12138
39647
23705
50258
44151
62672
25859
84424
54096
23002
58621
30657
2970
34112
10476
83812
22237
11342
69398
52405
77322
15322
37728
50636
67223
82003
5175
24556
64398
36289
52630
41003
73170
68417
9100
52422
5523
32170
53818
43712
13528
65702
8368
17202
12477
9017
17919
59580
25249
59462
5180
46551
1262
9509
6668
83769
71658
1249
38689
80736
45683
16056
20891
44777
41550
23423
80031
52657
84980
54769
14022
69795
83361
77360
7292
69726
26894
16622
56768
25928
82498
59525
15402
43569
69997
11264
44207
30746
30233
83148
79265
80953
36046
16661
46366
20216
49552
1747
28514
11094
66873
4824
80083
28674
8195
8012
35940
70093
1936
47261
11756
64096
77798
81972
41990
62802
50331
31945
34908
34225
77321
75198
76920
28736
43426
10327
84319
32995
59911
11668
4034
31022
83352
68965
14598
13356
51998
14087
43595
71622
52763
79965
66539
2311
40156
14595
33856
45181
55629
37776
1140
26195
70625
18067
49108
78385
50663
16447
39668
78638
25665
14007
68749
37416
37033
46043
14092
80322
46659
66747
36466
2786
31007
7363
79548
83502
73385
11783
40318
77916
53717
22696
19135
65779
35022
75424
76630
33486
49364
34971
16932
43021
1279
19978
23679
61919
84350
43222
64074
10878
64918
82347
67996
16169
39149
65715
39040
5988
53187
75996
7874
67027
9437
45350
74598
71162
77942
2997
20957
33030
4242
55851
17851
50038
72006
5933
5312
55951
73451
43962
60363
50974
40968
73573
64047
34918
29741
60860
42850
70190
79121
41450
38211
79299
65624
13783
291
11042
17254
28579
60241
39764
44246
22021
70220
60146
44823
31957
53026
51008
62445
33148
63021
9513
29308
36103
62517
71333
48513
84021
73242
15891
78230
10853
15980
40556
81618
33561
66583
69016
80074
4727
65437
75079
78420
44668
44702
9268
50926
73218
15082
71829
29638
49645
47587
15053
56763
78007
26331
20048
40551
30322
43015
44880
17973
15426
74467
32688
14107
37205
2011
83954
76438
26995
69648
67355
13481
46132
39343
73954
12748
81358
33350
78676
41389
71352
60229
41710
38705
56417
52223
22584
44441
83005
1166
9719
82019
59853
58657
22341
5870
18802
69916
62483
73356
17001
64243
50413
23179
31843
79518
61790
8999
22794
70745
47177
69692
75092
51250
40986
78648
26084
50061
52316
28061
9205
6635
81381
14677
10019
3739
326
45734
25570
60301
78031
9924
687
44884
44949
33332
38659
72973
81182
17174
47616
65012
80653
25503
10355
30514
23129
60242
25389
43042
68556
61945
50302
75766
4272
21579
54313
83514
75871
20664
67926
43893
66620
37050
23365
41243
81953
57819
26436
69715
20106
51473
57193
43978
20746
50575
80345
47940
66383
38164
25523
59800
69011
60012
20599
75439
14515
32339
65925
66370
71815
54882
82750
45291
65904
35844
80378
7302
53968
66047
28109
13991
61999
1266
58532
65596
73584
6923
68936
80816
9165
25190
66107
31979
61377
47787
46937
27560
45396
31959
12007
46979
39341
51460
50115
75054
25593
76592
51885
32566
39700
80341
28732
39284
66502
38011
37488
29328
74821
8529
6044
65211
2845
4806
55274
31523
32475
84619
10944
13186
60381
35206
68302
81006
16032
43141
36530
38429
41026
83008
11333
47662
7676
9333
40599
74253
29767
9780
7677
34399
46491
48327
81228
41745
26589
4476
35865
2174
47146
82643
12202
43799
5858
16862
70043
54382
13401
49048
42619
13442
54694
39658
16717
24754
40201
23910
83348
33385
55398
80460
43263
65811
17840
32799
7383
80676
74295
36656
25706
45834
774
39227
68048
66966
47813
63928
41873
78033
78533
59961
49369
24788
66055
49303
44242
23361
43571
24139
40282
7607
2781
80279
35140
27335
29955
57839
44301
83648
14149
69579
42029
36508
21739
73318
35411
53142
25714
57624
33048
1630
55457
76186
70928
56821
84445
67113
12883
5245
54463
40629
56944
33277
23191
75399
74513
51718
31051
28572
57920
15546
47501
22999
57861
41153
48550
18348
27963
62879
54073
55922
13620
57450
70983
74348
65205
73719
28866
59955
14634
62271
77406
54741
19997
80767
73374
8669
20359
64934
40352
49447
39263
22443
64375
46127
82190
24361
25373
62210
67329
16483
62789
58064
62269
72699
42401
27422
18253
43651
77564
52973
82059
45467
60802
56023
51665
39586
81406
69989
74983
26365
27198
73844
64108
23339
36797
1401
40446
41449
76048
51536
7616
26359
29561
72849
18661
57264
39127
29878
31747
70639
33745
54874
15154
21893
74972
76910
15400
2421
74199
18493
76183
9025
30934
82037
39578
18288
44070
8224
32506
61924
3563
14158
57475
25766
4650
66286
35992
68486
15365
29407
78299
49278
76469
41693
77424
64321
49665
73289
79170
77576
45933
10813
64133
12739
6963
23663
73302
54718
23166
51197
26845
15189
58871
34397
51183
52308
64619
39584
53726
5473
52362
2759
47620
28287
5768
40929
68320
31647
61686
80077
75207
15279
71248
31236
12846
19197
73523
59489
77696
31812
15746
3065
64018
37847
8740
51742
47619
48398
9586
22465
5914
84956
43001
25234
79899
30691
75699
12801
31727
64045
24775
76895
17325
40857
71550
64913
71764
54422
32231
40465
41063
62368
54208
66137
31721
58976
2494
50735
3885
83349
57228
49193
55093
48078
60407
44446
5017
73319
28079
45184
18421
17548
16604
9759
10986
78617
3627
1779
76175
44829
8548
53734
15947
59816
55467
80824
22533
16085
63044
24151
3884
61532
27961
30385
83177
23844
19219
16314
77597
10520
73277
19767
67514
71657
27536
71859
76017
59817
69330
25232
66744
18812
56737
78026
22925
79272
49582
59775
63481
67398
69853
84943
37800
11531
56742
59466
63643
50502
76825
32323
16113
76245
27886
8759
47458
28012
47815
12791
25038
23576
16848
40476
18877
34
9572
23780
47646
12927
43770
27648
8437
84900
80943
21870
54592
64793
58424
43926
22757
31167
72050
69867
5163
71144
10830
80555
43221
65594
28149
40407
14057
37650
60375
71001
42837
78235
45255
41328
51360
72796
47516
69451
69204
42157
62738
18835
68836
72491
69020
18418
17643
60088
14768
72881
60622
66307
28506
60726
77695
48608
78673
34865
59287
39372
48525
11071
17295
65771
65238
37474
14093
70016
61128
32121
28262
27303
39204
17679
4684
16988
10619
63941
55068
44412
83435
11685
31516
18414
19441
25982
74626
71367
37637
1496
54936
57623
69499
7064
57755
79634
51789
43251
59220
5063
7274
47797
71905
7514
49510
18647
30890
1356
36417
7562
35135
32471
37337
62473
22077
10277
34429
36887
63271
38118
47003
44140
74628
78091
21079
1339
1980
18494
83963
9680
42835
65438
81416
10508
6338
29802
20354
85084
65069
46470
35962
51350
81417
9850
74491
59905
67684
57687
56632
30454
60985
60258
2718
80304
56702
3323
46838
43242
83414
2888
50024
73807
56105
41285
7495
48072
60316
50491
22610
50241
37803
71902
26636
3754
59084
51861
23351
46204
83401
79239
76983
47330
17768
65017
58328
19684
15567
3106
76524
46768
84887
6031
21610
9761
12146
39746
41620
69999
67452
20907
28125
45182
67417
52691
32000
23435
10563
37875
83729
23552
14303
2495
5842
76156
68895
10854
46271
6456
43230
54272
75894
60412
10908
31090
45200
63661
12065
5363
7107
75591
63535
77694
78595
54090
16842
52962
7987
31520
41630
72376
37617
7744
21295
54001
56664
55472
50431
56812
64905
48703
19995
8380
67122
35708
44523
20250
6740
3226
82971
64245
82979
68286
71006
18626
67219
8232
50894
12503
50752
61586
37491
42814
50051
31624
32905
77857
29238
35935
13642
49633
40411
24704
19040
75031
19661
43041
79489
8537
43761
7887
42549
4322
78749
40807
77952
332
12063
5786
79978
41000
46726
24735
25927
83418
48298
84115
17044
32864
56356
6510
67096
33067
42060
18117
5791
52703
54787
14992
41381
57570
59470
5982
34762
72908
26342
68820
83526
80697
43322
27509
17908
15687
35126
5477
59366
37557
36055
78413
14446
74010
62306
37256
75981
27812
52413
53216
84216
67239
27797
70482
64373
21320
57534
20492
49786
52800
27255
70242
67134
37690
8326
38700
11262
13520
81819
40172
78520
35608
10765
30601
51176
68553
65567
66397
16809
12761
9111
37573
24883
32028
52772
31774
47104
17450
83881
24625
76507
81421
6557
26663
11096
14299
61926
60708
74480
63817
48352
70484
70771
23786
32008
43283
30330
79143
24768
16305
75146
76620
83779
16851
59456
2348
74871
37450
49682
57090
52118
73366
75236
77632
5806
38880
63288
36868
24003
22836
64227
79150
28499
48663
77503
34786
83577
41676
40900
17972
9084
58266
1326
5217
8404
78245
8809
35352
39010
37626
43607
74538
70903
51105
40975
70704
8962
28642
3155
48515
59382
68029
40210
80018
75287
23799
24261
57334
63086
31457
71861
44249
10433
62054
81833
64353
70274
29330
5642
72527
51292
25790
415
66540
53978
70593
66150
17175
9768
34014
70855
76784
30387
41884
25020
80409
49892
58208
13296
75308
51045
40314
63419
53706
1164
4486
34755
80794
36374
5937
36738
58521
30455
34188
49080
11430
58748
57965
22521
60101
7014
41033
41011
36555
43119
28817
26451
20590
47510
29863
17590
59736
40206
2081
71600
22867
48993
3213
16947
53736
9188
61865
68253
39504
33727
2543
14695
3045
30325
71421
2324
39663
30750
33219
4092
19863
16625
73102
22196
79494
60312
67581
71573
78977
43288
50068
1211
79859
10272
82011
36717
70200
26403
43533
6541
71486
52020
46585
25694
5596
58196
83178
70548
67031
56320
74373
9748
60652
61972
45376
22155
61550
24780
61736
54868
36544
55341
2715
80934
13680
82677
80569
55523
66927
1012
4770
69109
65294
45199
1968
395
19695
47901
709
15837
60661
25307
7890
71147
70882
57649
73521
32219
43292
78600
50330
31997
51388
3803
49742
15926
15779
71879
6620
79508
36152
56582
53326
57706
55288
7863
22856
22747
52333
37420
69753
62452
72123
3920
41248
67191
49249
74731
29977
50281
76249
82181
40458
70060
12156
73708
70986
6385
2959
69211
74766
45649
37468
49177
38542
66194
82385
63758
63203
75778
64115
52101
52844
26654
38320
31893
61390
391
7267
54251
83500
68238
36086
44673
31742
64979
15719
3127
43327
33221
9965
68720
58848
24493
21525
33201
48741
66041
24145
33544
41704
62576
32836
24847
38157
45250
16082
58974
55897
28898
8816
73703
45541
75113
2168
80386
3107
46600
32813
43895
40940
77641
60857
51694
35888
28883
46757
36056
65107
33535
6890
5150
28225
25642
54052
72403
19397
84538
83895
56301
72756
34611
4352
47260
2596
40631
26319
80351
11731
77608
78842
47706
18754
20771
73656
80664
49804
67589
86
63403
78888
75497
74665
16817
37350
35732
28008
42916
15275
26354
42360
19167
54433
13566
45445
47959
6140
68922
82566
224
4101
54572
30938
26032
81943
14972
22178
64811
45941
16837
27958
71459
61601
81766
47915
30807
32195
49641
74101
47539
59691
77755
1183
32224
79293
25550
75731
37163
33519
40789
11586
40175
82487
72594
26201
49349
48755
79493
45684
39400
19306
22336
23491
52787
45655
83122
37274
43848
33578
3457
49479
11225
49700
45264
10178
23911
47079
76572
61345
18963
75659
48772
58164
33648
71007
31476
69392
70757
79315
63990
49624
66715
73290
7833
47550
24365
67435
59516
69225
30773
64821
42033
47660
62674
69755
7700
84547
4251
12026
67011
57538
18938
19421
1443
53584
80814
55892
38395
18913
25102
46740
77713
7915
2904
68719
68757
66409
71518
56699
71140
23199
14862
18997
80792
3762
12617
69632
51554
65828
79118
29589
58306
78425
2826
9391
10948
39321
1652
62621
63183
15168
20565
34656
51624
84303
24152
49404
73701
47789
44345
83107
78914
52928
82241
60162
48974
54232
17697
43284
63939
47200
43088
79963
2862
74312
78913
58121
58945
30570
65578
84111
1097
15074
45871
9427
22124
72318
1062
57303
61704
31206
47428
35729
68071
68489
46620
11099
34337
20815
28343
71641
16180
57056
6313
49825
23972
69643
73186
5622
12856
78675
41111
33309
64120
77449
1787
48995
79723
1919
81423
8385
49450
60196
60484
1404
3060
40605
8064
17250
5909
4962
68056
18152
77907
80286
47187
31181
37857
63389
51661
61796
28039
74449
13473
9242
56968
62579
54219
69430
33267
36803
69675
17235
47673
58785
4522
6834
34418
79092
30728
24471
35384
14012
9771
7194
42575
56728
83469
25191
58059
72734
36353
10984
55553
33842
59395
8106
79100
51155
1173
52679
59455
78887
8360
74991
53602
49629
10281
54383
12410
21559
8095
23429
40681
59810
69386
53528
56583
49982
39752
25998
6315
19949
78246
82838
62607
48428
38307
40972
21007
65072
4332
38914
15571
70052
59200
7521
37926
53629
42668
58969
64809
61445
22592
65826
61300
4745
71695
28531
55275
74183
32172
48672
37311
69767
8015
27634
67749
57479
1188
61213
69035
65199
22010
22396
66543
26065
6209
71999
25977
78260
30907
66346
12981
33223
23510
2986
6651
76113
51934
1213
84202
58488
82531
43183
7877
62827
35698
27891
5236
4921
62490
60758
30733
56367
19913
55167
81811
70304
29790
83994
50134
6062
75332
24597
19290
23375
15123
73759
45529
37275
4098
38593
14019
59269
27806
13025
83519
75009
77841
5852
65592
73677
42321
77023
64229
35678
9626
69750
31006
20130
6928
17798
45340
81204
33198
82585
79596
68584
327
29214
67504
48321
31803
54738
73344
50675
13059
71676
31671
43349
32482
67488
30462
50232
22940
65886
20618
36864
18618
13046
32747
14459
3930
22648
35561
82785
4274
14488
59235
22188
50456
20603
67339
61641
69069
64210
43594
50719
69119
84696
7389
47149
7534
84393
57717
66258
3068
9528
59283
56000
58334
701
10857
31961
64823
8160
40418
63087
60095
9933
35724
67294
28602
66324
21804
4526
45987
67087
69899
21489
56284
13669
44508
12564
17544
76443
27639
35351
81372
24170
38265
33839
15395
29136
79514
37939
74368
44773
61968
51666
46959
54475
41404
73466
70328
47781
74655
36947
9255
9079
35430
33760
77956
18200
41148
70284
41953
41247
75536
31447
16431
49014
36342
78585
73994
65154
65373
14704
54794
25484
9654
42679
49160
75964
16285
68565
23514
60863
37556
30184
25408
54802
7566
39932
43649
53681
5910
6832
20906
12211
66031
59582
33141
74652
79031
48931
75247
66389
6074
65741
58285
44649
15335
18044
17666
83362
469
71226
57607
43395
71215
31192
68950
68023
25761
30422
75658
34271
25217
31076
53229
78351
1409
12712
15300
19129
34773
11112
73096
56964
66196
22035
71814
42358
18175
76791
11008
43842
54033
72274
67917
81824
29660
68460
73331
61710
57094
28645
49231
26471
29864
5091
27451
25345
17402
23843
35873
65120
45077
82363
70432
20782
77764
26393
47811
4768
6007
30792
67949
23158
60874
20585
20305
80408
878
20614
1995
953
33789
15996
1576
47485
32889
1476
2041
34382
54844
32101
42929
41163
53255
25047
27224
52468
8383
51252
9068
39899
28143
21488
72344
42753
82675
58028
71765
24042
58127
47825
2640
12693
14850
31847
27909
11323
3388
54852
50014
35903
28416
23636
47989
82243
23119
20026
31915
53674
82944
15010
30719
80993
18282
52031
39276
16407
16170
43305
76863
12881
8163
27380
22512
12306
28133
80600
71234
35017
59783
61441
22062
36724
75673
8747
17045
83717
15990
69951
25884
15034
71867
84562
15116
49223
54797
13515
26068
22828
84539
18814
15696
20539
49171
68994
14788
10633
40501
59040
46901
65580
74936
23189
18455
26158
31426
75142
41483
49487
54946
48645
61354
67810
75473
61815
11274
1354
40258
61980
46749
56865
60678
38753
78562
43387
34355
51346
41193
35556
13310
45911
66910
60683
11259
65765
14596
45334
11
26851
8571
18671
18259
9905
48162
43175
10209
21894
35081
48689
19105
33378
16185
9162
20855
6807
77096
78852
57297
26180
81659
15646
70562
64516
27831
71738
33880
49297
75909
61971
48893
60681
69010
78428
77943
19831
56404
49214
33492
83226
75933
66899
15
71158
48661
39984
43479
36698
23249
4645
56184
3671
67208
20319
25033
42894
45356
44827
42689
65835
60579
73862
26257
39997
55800
33671
33783
82805
16872
47102
76012
50810
32549
3652
71199
18857
28804
33952
27933
84432
84262
43046
35790
19907
59012
29010
73273
3806
61610
26261
11551
21110
31510
23224
59635
51004
29433
75161
73700
74534
62966
66135
51958
2691
70297
28972
59823
34940
17869
17388
32225
69156
57688
3034
60037
74892
9889
75983
23292
61571
30381
27391
1407
10079
20788
12957
18079
48364
5469
11445
69132
63814
51939
6258
66987
6384
10293
69123
75740
68834
81378
46389
31000
15793
75449
30866
12397
42833
41413
26738
65434
41859
4115
33292
66782
49000
74472
44782
65388
65736
18862
32084
16288
64094
30611
74859
14870
11798
29521
23534
42138
41035
74544
54690
81179
52307
82752
80783
12353
67166
37989
22042
24694
80861
76373
64592
67005
47414
33978
78986
13649
80944
62608
25844
15085
3407
20275
58622
5073
28173
64435
62441
44000
72757
14230
62985
24184
9880
2700
1750
35691
51959
59818
38205
64428
63966
44800
21677
80080
12411
58596
31356
29887
4157
10315
37586
10047
41352
30481
67108
56917
40020
53426
17221
25822
60604
39908
39367
39730
56353
31674
30238
67687
49983
68913
7297
41123
52671
46162
70258
69317
72959
31587
5896
20816
4927
64538
2387
26756
25295
61043
79536
42795
8246
60766
32075
54244
16028
15586
16868
18721
77986
69799
33190
67153
70015
3897
25316
22770
13084
24396
38792
4846
65521
38670
60443
20822
19585
54495
17649
65477
79015
15167
14947
43399
5695
57384
75145
15699
67683
10037
74298
79324
66128
11114
84234
24974
61394
84905
60056
55399
8568
57211
50140
1059
42560
55814
81296
10514
4148
73972
51646
82378
44427
41611
48118
71231
66898
155
8799
11216
17682
55401
83720
34807
51837
58663
8339
84537
47010
70056
25107
46730
24439
30610
16048
82569
27269
54886
53806
79993
68528
15424
76722
26593
57328
85046
18968
19529
9554
51894
37394
80910
36116
31553
65165
24776
27743
47588
66619
47589
78128
68862
52633
53730
13847
51490
44221
64192
16308
77837
41475
45548
4227
47216
55974
46589
34450
73258
61526
45031
28498
73295
38042
81630
31886
39260
39801
3941
57998
55391
6084
24244
77245
59091
34346
26141
81753
57204
3273
62565
13320
5935
66225
61030
10095
59648
58986
37964
48015
81439
79445
25194
75226
29371
23659
10319
47784
51621
46161
71537
2220
70459
74445
3223
15369
53533
68603
65293
48647
11638
15301
77002
16367
59833
3860
81993
68214
34268
81514
11123
60957
3540
45616
84868
31400
84377
67377
37222
41902
29413
40701
15720
79702
69102
48838
34724
61028
28871
9006
7861
15970
75242
61873
35922
47469
80645
38435
43019
24695
77717
56140
36821
81163
29836
50470
69911
77705
35072
75491
83844
19468
36514
6776
77270
584
66818
71097
9540
62987
72113
59257
2325
71499
12943
74308
2688
16904
19185
60720
41715
16670
60181
73445
64313
55820
41110
34042
53097
42995
28863
26380
34314
72622
44406
81906
72911
26314
55138
84374
44088
81453
39466
32697
61207
25414
24756
83219
5445
79888
22347
57052
27953
28926
64113
18855
19876
62860
25738
64794
35512
6735
64740
51424
46385
48562
11364
1444
64346
70485
30711
13879
82865
2751
46564
12975
58050
1098
22478
7781
61557
56420
61712
4265
18050
16828
7593
62179
38072
83314
22846
81247
42756
7504
83006
44867
80318
72402
31089
82742
56952
73447
55940
18497
50582
10425
