42367
73892
58113
37990
16472
4134
46505
17706
53631
9982
48792
20521
752
21359
70967
32897
40458
2572
32682
52907
45764
24474
33864
49458
9381
59823
49545
38670
72445
74222
16041
44545
59686
2675
41656
28380
67486
64205
43180
45219
6953
14538
52235
28819
6256
14249
77045
33562
21788
70741
45793
53368
72891
16397
891
72247
29429
62382
24284
30790
2290
16225
30986
18643
44287
55352
11404
63245
81367
60626
27357
48049
7774
52480
51594
47926
46272
54361
39939
65064
28410
61695
23612
66761
50420
44356
53416
45319
78819
66480
58051
28910
16334
19634
80171
23673
73553
74436
54762
10120
38292
27555
9410
55990
32222
26574
24362
37809
9793
39640
817
45549
21433
27311
67034
2724
38497
25728
72478
80130
72869
47566
66437
15187
39932
58291
51294
20139
30221
3272
77213
61518
1974
54873
61199
707
30097
21388
23502
17627
36271
15643
67754
26984
56549
69604
19488
53238
73451
10924
33453
23858
64723
25440
58287
66575
16356
39548
39793
78288
53342
48035
66724
68281
12702
56637
64709
60574
39687
57064
52231
50135
43547
18641
13074
62813
388
48118
8171
13899
5634
36431
25108
44254
80670
57239
38498
2250
28635
20021
2249
9385
60968
70802
76476
28742
45245
38302
33947
54384
10246
80431
25994
3590
55358
57627
12453
52619
46633
54708
10101
37617
59862
8397
37634
17749
43916
30384
38327
46228
72048
13239
47416
46807
40804
59448
6687
61539
67768
21419
45129
60033
1889
30489
32613
13852
59014
39093
24538
39494
63708
23462
21929
50625
54970
69971
5183
43683
77408
7617
17767
51288
75746
27605
54350
57579
64444
79703
18452
29660
45304
69232
40627
78517
53627
41829
18194
2664
39870
75283
19781
42513
77097
34212
19627
64882
77542
783
6528
42345
10424
61641
34494
29524
16488
44338
33132
82641
25238
32739
63583
1248
11902
74502
73600
39130
30463
34334
77574
27574
31033
34814
69493
26511
28476
58735
31125
75438
51193
33168
36775
21534
30874
35706
79282
17302
1983
22096
47827
6869
43622
14177
26617
53047
55506
42053
68409
6741
52834
74460
82615
12901
26526
8016
14387
68847
64445
31565
54454
37848
30117
56758
25073
20752
70079
7098
60222
32142
42200
47606
46060
50306
78026
11563
17281
74239
431
54334
60466
72080
3754
28505
51176
77887
20575
47231
8036
20664
29981
50977
36794
60582
1516
8847
44379
77339
59906
46236
9024
73166
31410
35779
33486
2419
24650
55710
784
24308
3653
8743
73331
74511
67683
23657
14161
50964
17493
20132
40367
24519
76301
4587
8023
64404
6476
29893
53408
14327
53862
24311
43384
49701
75361
13007
61204
53615
61628
60576
42059
52859
18594
16864
18854
5068
65531
47499
64992
43257
36945
71700
25114
425
24176
76653
13077
24002
25020
39908
60008
63683
37342
54410
33117
38926
59033
69636
29219
15985
39724
24845
50013
69558
80252
20047
60003
7707
1608
57437
70667
66401
74797
35711
70494
21722
40885
80298
12825
59962
41075
61373
23904
18282
20439
21202
6390
64460
73742
43208
35630
34585
42138
10762
46646
56691
59385
66802
38110
54774
24906
18561
71981
24337
4484
3134
69623
20154
48459
69730
38244
57597
51726
76874
75684
71797
7056
74538
69685
4269
33232
38317
33975
6748
53216
77245
46870
22536
59475
58803
34850
16128
16479
63069
39834
12459
76993
35744
20246
72172
51192
51612
72866
54378
28518
2094
6378
60460
73769
57347
9065
30496
76823
50929
16531
11262
5655
27645
44243
28346
53691
7825
64109
75131
77433
28794
24340
66131
14046
19520
66883
77533
17553
44609
76269
64118
6977
5359
67308
36804
32119
16543
11847
82418
1111
67920
65795
49339
57272
10655
30440
66819
54913
77599
14288
13536
25781
36096
65766
13460
74695
69887
40320
23695
39167
68920
76921
13956
72454
43298
41938
48136
67734
44991
6760
75897
76673
32143
26818
76248
67623
44450
29483
51929
71423
54858
36209
3858
22544
38504
46279
67779
41051
73380
14499
7859
481
46934
33750
33136
43641
63719
4759
70220
34206
14980
32319
40022
53920
79885
82585
54898
63777
16896
80335
15767
10976
11478
67172
4908
22244
11407
44108
37249
72993
28486
49603
25810
54687
73550
39907
7982
65553
48002
71836
38323
42875
82010
5008
37640
19353
43381
7701
6685
62085
26519
82962
9458
76646
24910
35607
82476
4259
29788
31647
26071
45172
60454
48310
44940
61728
27477
58914
68835
31360
67006
69058
51388
72064
54779
72831
30525
12551
33203
18373
17336
60671
13725
57303
40471
5919
14301
37310
62254
30239
53678
55829
63994
58696
17762
21001
23174
45562
67219
81695
78221
81607
11071
41080
45477
1595
81225
30220
44458
9505
74530
66254
51749
53204
39553
60475
39384
26825
52856
7791
60840
18245
24648
43709
26096
9675
21859
80503
46001
82268
10085
18920
18180
66973
63632
80428
56483
35456
22371
36924
79161
51269
8733
36240
52528
66603
48423
41998
71816
55873
59110
10708
51321
77525
74853
12637
59380
71706
42025
15142
16212
77293
3614
4959
58715
19753
28381
64325
28705
23618
31346
58911
39463
46713
12400
16430
66330
10299
46258
67356
73615
1968
53710
36728
50605
78735
28173
15348
4796
13617
66558
1591
56052
23884
82776
62925
47740
48580
11647
81376
20875
883
23349
14990
38516
72102
76534
57909
75537
65442
44171
35203
27198
38420
72749
16743
21000
25747
20467
12140
57805
24141
69386
38640
35564
16959
81206
25695
71691
77414
43957
53325
25172
63036
58739
28748
49852
53020
29213
37602
8856
22053
8498
17933
69751
45464
39478
37430
7783
40096
56123
40394
40881
45459
45270
72637
45569
33392
31709
37859
49092
79020
67024
5240
58453
51377
71717
2328
63382
46170
22578
76071
18094
47967
32372
27778
80131
49060
37454
28429
59479
2432
43219
13081
63442
50541
48346
77267
33632
39514
57988
81170
70058
55695
5695
8719
73717
81112
60773
3211
55517
21394
56749
8263
12351
48026
68017
44693
79697
61425
64382
73286
49211
38570
37479
32722
65376
49820
12216
56668
54340
65417
10329
61622
57718
59719
34656
55807
42687
72326
36194
22585
68975
41220
35551
15543
67092
21108
55896
60427
12401
41893
50365
49107
35968
35243
81385
73969
63984
78121
5772
54390
72742
20685
16578
23392
66294
28500
13209
32691
72338
15514
21631
60459
32839
50784
42079
79093
41447
58286
21735
75456
30218
58067
60409
39560
53972
805
45747
1533
30086
80757
74849
7814
22894
62899
21074
28439
80302
82549
75802
40250
10914
8566
82177
54797
82669
10583
71539
17282
78200
57684
22504
24413
75578
9977
69705
36865
777
61265
64471
7903
38076
65381
13561
25374
66828
16675
7987
80934
72992
74208
32925
76865
69165
32380
24539
85
73993
71172
64708
12540
24103
18882
13827
32950
19044
6564
58190
41358
41108
70999
54907
76661
59410
70371
25628
5896
61796
45922
16921
13124
31017
28219
52506
52687
35777
56391
80517
21751
43382
13026
54605
11691
76067
71112
28386
50277
77329
31342
69195
4511
27229
23015
14627
24417
34195
2847
61321
40668
18190
70991
9520
7253
56242
75745
63091
31825
21012
28661
57785
50590
64752
30950
74467
76075
11944
17360
63057
78292
58817
68912
14095
73432
28154
64915
59842
30268
42162
57742
41851
58861
1861
26122
29076
16223
36892
1429
71104
49026
22672
51808
34333
76315
29720
27870
82484
44198
29987
10353
56227
37556
27926
9639
24730
6866
73161
67885
52492
73259
41875
12653
73462
66163
48147
47143
33349
79493
44150
7094
81167
34369
15839
31029
51212
17403
42247
61013
22591
7189
24631
19286
49387
61541
47103
41012
32585
24140
37231
46576
65871
24692
35643
4743
28726
24836
69610
43276
79095
42639
10660
52181
80954
72068
60989
79433
57486
3188
5495
33454
40348
69589
9375
36650
4855
77856
74603
72358
17996
40786
25563
23078
44945
44685
27448
40185
34933
49699
48586
46292
80798
8440
81804
22491
14433
79979
59746
22870
41509
9856
386
43838
18148
52830
13951
70869
35038
6327
20553
24659
20706
23378
52814
60520
789
41416
29117
29793
72638
63634
36749
32600
63049
28507
34244
28034
14828
63038
62381
78108
29795
30821
42778
24908
7355
26379
50334
5976
33021
43141
54908
24831
69072
81120
9655
35639
57232
59165
47082
42371
1640
66183
57810
16873
76079
38199
40118
49214
5350
9230
53262
46377
42590
57929
22956
52645
49691
80841
55041
29791
78372
22699
82839
2060
19698
56299
21849
25679
31914
593
36753
35173
37861
6033
2394
24592
30294
82135
40855
5236
76508
73518
52342
6772
63108
81448
62818
40117
40030
67990
4077
19120
33512
36734
6375
18447
82860
71022
55085
59913
13511
42802
51799
80964
7119
60506
50404
53282
25382
13022
23267
79550
39878
13103
26612
57842
72878
21661
9564
56525
58591
33727
29658
3750
20822
53088
2388
11861
47422
75169
70647
30124
3926
80952
48448
55519
6520
51370
8585
37808
22877
12517
22607
37769
63661
11479
28658
33544
14848
72894
26717
47014
75982
73013
67463
37956
70781
36578
60394
29402
32224
25494
10524
38328
69476
70461
38296
55607
54502
9858
80021
18787
52391
36688
17141
64631
46452
10822
41391
68089
4833
64377
4182
10954
72895
29859
4735
52044
34783
29041
39698
11168
60660
36597
3686
34753
71942
29246
62757
61179
60799
26492
72738
74045
30467
11148
79958
35569
4527
45940
75828
6951
40803
45182
14369
25138
25965
49834
69397
4578
73938
16064
71415
44056
60842
64573
58046
73509
35273
27767
79481
19531
54177
831
71228
38284
39188
1330
23844
78782
63190
27348
31359
22966
64729
381
31530
47419
57846
70158
28666
16135
32235
23300
40972
50323
18736
45243
63569
78344
60210
54822
20961
257
26956
62319
27633
80726
45392
72783
35603
38680
43688
12279
50030
67302
53309
30685
2582
53992
57946
23313
1269
75230
30409
23348
48248
46364
77004
29541
34030
65620
38047
24003
829
57695
54387
9757
7445
43247
71154
14386
36215
67324
44707
44247
19321
76812
66525
66198
74582
30449
17611
78570
69323
52828
51154
62880
878
38097
32892
48426
45222
81470
62834
48368
69239
21031
58186
58473
32062
39948
61185
54451
18775
76453
19394
83184
72813
49818
58907
6132
42979
76063
82234
34738
78390
7228
2443
27103
7325
66204
44042
4494
79757
48144
5415
33863
27862
15795
37424
13470
64724
44486
19363
74402
48630
80855
23107
71385
80615
74685
6666
44237
2071
71100
18962
77840
3491
14330
81987
55095
55017
41867
24061
42229
62023
59739
75209
67551
20187
19936
59774
14491
49269
25420
32438
24475
30835
21289
7762
14176
75675
8433
60783
62203
28801
348
42070
65129
2965
65815
26501
31446
18339
13421
45368
20486
12237
48034
11674
44069
60600
67480
36418
53514
47453
17601
33218
35513
66562
19289
59017
15301
44184
3164
36297
56710
19972
68442
48502
82988
75912
35823
11411
59347
36126
21475
70234
44706
66725
78054
51579
56567
75412
48870
76386
35806
37053
4793
7387
55151
50918
63696
43056
42792
40759
82440
51567
19790
44488
33101
63812
32996
41390
42402
12129
24398
26150
73317
50796
45581
32203
74755
27801
74231
69257
65286
54546
40372
1227
46824
74278
74604
17854
30106
52921
21845
16395
15981
79039
61981
20749
65753
18728
46421
2314
17095
35005
59003
44175
19174
15415
46495
742
9219
14254
62139
53882
71784
63937
77055
54443
70815
28070
50766
52395
35542
39110
22057
65135
57044
69663
42621
80236
50368
2136
30906
16473
16025
71925
58141
13778
17294
76707
53623
26800
82815
22754
13713
17855
81755
4765
46937
22428
35338
650
35207
4167
53494
13796
82134
69128
66269
70062
9557
66429
47645
65151
15698
11414
66015
17632
20985
61560
39722
80816
28490
28440
45928
37184
5602
2386
18445
14486
78190
9685
63551
28815
58421
66652
44558
79770
14819
55125
49420
50376
73103
69881
62497
33900
58941
15530
17909
56570
72659
5412
35547
12447
19229
20871
34024
52277
68521
76588
48399
11185
51262
25722
76775
45069
19042
32955
48926
29140
49244
61901
74920
51665
82915
36937
8107
10259
32282
73952
20982
71226
39109
69836
3073
49894
51179
201
17536
61166
67481
56544
8927
71512
3677
59053
60838
65849
66678
52372
24131
80479
27666
60421
65640
76389
53534
25737
71437
61653
73749
60087
31161
25306
77479
6498
59452
60662
64211
79443
82006
73116
28118
71937
35939
43934
54682
18455
2808
59127
62472
56579
31018
8724
65140
1704
66089
48598
76375
49530
51364
58990
76132
44480
67001
738
22070
76643
56611
68478
44326
10537
26010
4880
50076
33616
48424
32733
76803
81768
3122
18806
802
24909
24886
38109
50606
38527
72502
4861
32211
70059
57376
11505
2141
58419
11315
39267
47069
62851
30136
65997
22389
63950
62756
77041
36021
23013
9778
51936
41478
67146
14485
4408
34663
42254
35953
62460
23903
71834
10989
82869
31441
26930
5734
82737
45900
40300
5315
10356
21578
82179
52020
70351
6482
9728
4151
7502
12923
3138
39250
76428
14924
51429
14328
73297
11543
63472
39429
339
60863
23277
57311
74082
6963
56724
63714
75420
36782
25879
5082
11190
48596
17773
66731
57637
4243
13733
5757
61463
67250
52840
37268
24469
38278
74798
65977
28393
49822
60156
72798
4283
27806
35692
19204
66422
76622
8598
47793
23739
11866
2802
11934
60030
70971
11060
60615
27891
42901
65038
54922
2202
69917
943
10911
65379
22971
57793
44995
71846
77748
61423
48896
32015
36918
33046
49431
67978
20798
69562
33420
14839
79188
21115
70443
27571
18588
81175
69219
52910
5308
70744
8877
54155
8110
72647
35180
67354
34512
2186
59433
65357
61357
44778
36538
52074
25157
71471
60502
50008
6181
81229
61461
1534
13005
71930
47975
36303
76077
34010
78657
49319
25451
3351
1118
20771
67747
55484
43545
34330
5546
75891
45925
73788
48008
42888
21337
26968
24144
16412
72024
81111
19584
5356
18842
68025
53072
50960
43920
30558
48816
15010
12956
37393
24037
59996
16521
35856
13679
35608
43491
74131
80514
24369
5170
24493
17111
38738
1025
5604
56274
82784
26627
11608
7931
5910
26634
71517
53668
45528
33981
45340
13183
42873
28873
70215
37621
15068
38977
62042
25672
67327
80631
687
72183
44721
2127
57401
16653
26554
50343
24307
10089
53271
24205
29381
26212
47809
67177
65698
57600
57012
2743
25175
82434
33098
73634
56600
36441
54843
62707
67206
11617
30037
71130
72001
73053
55635
41964
57926
23643
60377
67571
60440
14644
82885
34514
26982
39913
82354
42421
44220
54409
35989
47728
45239
11023
3829
48451
67855
11164
42190
80234
45899
57251
57944
77812
15701
18680
54911
32031
52555
54723
46671
16231
46632
51310
60540
7374
16907
78297
77049
78473
59762
62230
22058
8872
9659
29239
47095
45109
6177
63230
30714
80153
58136
57367
61585
23475
22668
2671
34765
30700
42276
61469
31804
16983
17662
14844
65083
54120
63873
78895
57479
62520
63770
77951
13854
77709
48946
50669
76308
36383
57645
15182
35362
33571
82170
49572
5984
70896
59384
80945
2507
64885
28167
52006
74300
62190
7037
30094
69209
81565
50349
58960
19344
1711
39080
73821
55523
34392
73477
63941
11527
41768
52182
17663
75367
68691
48550
81712
29008
80013
43784
78856
35470
10626
7795
51386
62696
77699
75595
31092
70605
63598
1689
61192
24972
28968
63156
24344
60443
48640
50963
69909
75952
68324
14114
49235
31702
20237
46479
75063
76262
19872
38646
81458
75552
11027
35127
82311
60567
76589
78442
30492
2638
8993
38637
41158
80374
67081
50583
42258
26215
67840
69519
1540
33461
12866
25947
16049
44367
124
65987
74534
51354
2174
20000
72409
30183
61144
43293
55324
27156
39686
64230
10082
43432
8468
69611
21110
75160
24819
58211
20559
54303
56232
2692
13643
51099
40943
8673
48729
71344
48771
24616
32265
29883
43656
69654
69625
32918
52298
58940
26243
25042
33834
73009
3123
37979
2191
71997
58543
23213
81636
17114
35719
73273
40577
21059
47141
55161
76026
18748
25898
16699
61794
76575
65813
77587
79974
75919
16997
2210
19036
28001
23393
65899
19817
35617
32148
421
9780
79486
14405
3500
44300
36557
65693
59679
74403
53818
10321
26978
37322
67473
62885
61598
31898
21685
45519
32644
38737
32629
67806
17103
9841
37595
36066
30079
68890
2165
43000
73396
39441
71765
41766
42576
68985
59228
45817
61385
77597
36750
78623
26086
15338
17028
82678
55486
18423
54933
68615
19370
64674
17154
64151
79244
30390
39997
2117
40340
55943
28158
13429
65792
53126
8772
60935
5114
42071
62008
70326
56731
29698
65836
53290
60007
70768
22967
23830
48588
61775
54840
6885
80177
8682
34338
59846
2010
38172
72474
34173
68101
16667
59758
77144
26678
72324
71086
47560
73923
79690
41498
2131
72719
70799
50500
36890
29750
31555
32701
7977
45164
32037
63246
74661
58352
60523
40981
1679
64871
60327
1614
76304
14714
8593
4881
68877
2389
78552
46470
60906
72226
78908
40940
20150
17453
44155
80074
54634
46559
28145
24477
16272
21351
72552
45309
80110
37352
24039
59487
78765
73323
14316
60240
69157
17255
41521
32914
49186
60199
7860
32389
54583
44638
39258
29612
50823
60562
14926
8304
21595
59838
56228
38850
43335
41525
56895
37622
43371
12899
27402
15391
27050
39839
72961
33068
11663
46890
44013
68341
52160
60553
20667
62586
73604
4524
13521
61565
14871
49769
82989
11426
44137
6907
40395
82028
2578
32605
33318
19440
65114
15315
81154
17027
24668
42101
20719
66552
51934
63525
43562
75626
73108
36881
45325
43134
63404
58521
73049
11520
67852
47136
42948
41756
4257
31355
46930
62429
572
30121
18419
59297
24304
11597
16062
65951
9983
21936
47569
47995
36847
7116
38299
36668
50640
52348
83039
74773
7780
21919
74601
56266
61551
43736
31409
46534
20375
69590
46905
6562
72569
23042
75192
21261
60418
14422
72812
45743
33906
82514
24711
72333
77537
18454
70818
37233
13043
57377
18545
21539
10558
55587
60542
65311
28187
27510
19834
58028
50967
39501
28433
66468
81525
79091
64221
53625
20720
30325
54558
64253
47472
17565
26839
698
31009
43190
17299
51424
79206
33225
29968
27440
12566
64771
3993
15756
65612
32002
30107
18769
26287
14873
23175
61418
18865
56909
77340
1263
9568
53358
54291
30261
11821
63975
60652
65403
33007
14266
35684
12443
35360
6974
19830
50369
114
10522
67583
58535
33008
59912
60369
81204
3674
13535
61947
3296
72044
12883
43427
12508
45235
64487
75223
35676
23161
57630
75293
51166
53296
49700
43714
68185
36926
34483
40481
53243
10533
33691
39767
56498
7623
4859
54977
63157
60155
10309
2509
59543
35659
3252
41074
69121
17667
38108
45700
74713
72603
60231
1970
43619
67310
32903
14151
22737
41223
67832
48012
34436
79894
54635
63374
36545
6648
30493
67032
86
11967
54332
38336
13361
22484
16019
61989
67485
57210
69444
48184
78482
48092
60530
26756
82674
4072
35218
78984
82769
61680
2444
80601
18203
59037
49678
82035
72664
54969
29152
40463
58819
21806
60132
30603
11601
78899
53811
13175
42092
16059
75933
16841
35647
66749
49019
40343
23466
29821
15288
18538
23741
37764
5023
22041
58530
70106
36970
70166
74493
10348
57611
58023
26420
12783
34845
20022
5944
16089
69569
7713
72512
34748
60359
41584
55674
65462
51521
34614
52819
76028
74540
75934
60866
4653
131
72127
27804
38121
48463
64019
31287
29837
53843
34896
20033
10269
54170
14554
19112
56294
62079
61431
18961
49002
44734
60274
77268
25314
31404
27858
69794
7187
40547
26462
66263
43857
68284
60317
7586
32363
50308
11961
11434
72311
50283
13889
78185
31971
49473
63179
40690
73095
34948
48142
78852
52822
12626
10935
30474
46931
945
15828
55551
28660
52499
40021
58086
73932
44238
64409
45738
60207
2258
1976
43080
40498
12479
81001
10736
31801
59799
8157
43522
17230
70432
80967
27296
68469
47718
26810
56019
34569
17491
5392
1963
65939
51893
45333
59288
82964
35661
77968
13558
6503
57099
21353
15711
4669
80663
75008
30377
75909
37207
14129
57398
56078
27745
39884
46204
25482
39799
14242
10543
79225
19214
43880
48978
17253
59064
19134
29060
12289
46329
9839
30284
13174
21528
42790
13777
28203
7616
52772
58135
44911
54512
43111
25412
2257
11238
27531
76751
543
1947
16749
16306
60661
35383
20733
58562
48446
31539
71850
74485
20017
62373
31501
21525
65638
61783
49004
15523
45976
33693
8952
71849
49182
49882
18675
43915
77220
9151
39340
24514
17755
24787
24617
12436
70748
47912
46711
57807
33029
20124
54360
31324
20032
44377
61527
26724
72405
26306
21090
75785
78650
75705
34732
5963
5968
38114
59203
38333
24021
19162
15627
22661
49657
67664
57636
43636
59521
48069
50366
20629
36307
81744
82428
35209
54002
82021
28378
31808
18471
23410
70994
7506
40132
9504
59657
58967
42471
44959
14413
21979
56873
69554
65237
56576
20005
77162
67275
14905
1817
65448
49829
19617
40196
72455
19601
51145
13662
80674
67845
2019
9705
54416
2480
763
54584
52803
8787
42493
48987
67108
27493
56092
19201
81710
1092
14336
70032
51498
78433
77373
62046
11357
52673
70842
42153
14150
36137
30740
49565
69332
72062
43374
12466
4637
4865
39946
14073
30322
74029
76081
41600
53968
21022
76340
62366
47529
70161
25822
4486
56661
15661
5015
1721
47792
30243
8042
20808
1299
48887
10503
23373
37870
57261
27677
56281
9021
43133
70388
72926
76229
34322
66596
5874
32721
66647
25782
80558
21235
73912
34092
10369
54590
77981
6120
38139
13496
14334
47502
47046
28527
16228
65252
73418
55922
7853
24429
62767
81261
11511
34999
53921
61582
63535
47648
76413
43320
40941
23362
23715
69743
78357
71388
36655
74716
63400
52252
41101
1572
66363
38019
41276
48379
22454
5213
16957
11665
76257
3257
68813
52128
57472
65180
43162
17098
24421
48927
69721
63807
12788
39895
72069
35368
75039
82284
22007
37801
49590
71144
19494
2452
74353
47624
3671
45186
33717
41244
79995
69203
38225
34438
77366
69349
931
24814
28992
66023
69312
45391
66221
33502
43541
332
4953
29047
73025
7122
25723
73484
27012
33904
74418
9641
61832
24218
6509
36599
11409
25386
35112
27219
32405
14360
61632
1224
5870
50609
45148
23628
57228
33079
26835
44994
25135
19507
40692
6592
63541
24554
8406
7920
35735
38792
74473
39437
35586
3522
80723
18603
53574
55977
77270
20269
61994
2667
32068
6940
40310
44917
3593
20175
74548
15633
59804
24451
52347
64148
22167
69874
4641
45033
5259
53870
22379
51553
3298
31953
61419
67510
62294
1348
64114
8663
36174
61344
19290
6732
49761
34770
67606
64672
58026
10880
53606
34401
29873
51976
6388
12203
76819
58744
74284
18731
10520
62948
59880
29572
14379
5970
15242
62369
2556
24573
63182
1574
47279
50566
64014
68067
69150
68931
53958
5974
19046
49301
37096
42751
80105
36045
22538
44781
65193
50421
5103
40893
82481
32975
72421
43698
16821
35636
27257
77753
75776
46676
33753
7399
48039
67005
32182
44387
59561
72495
39860
63504
77143
72815
31444
26247
51390
32451
17466
3732
5406
18070
24297
25671
16033
80924
32549
56327
28593
79434
27149
32091
62640
38520
34029
7684
72104
932
57776
14036
61724
57529
73503
50229
2901
26234
53092
64617
31531
13276
49982
16280
28057
75048
60629
52089
5165
51564
11898
32865
57480
38231
34759
2907
11525
53667
79694
17138
11570
32327
54927
1615
30616
76625
69069
24914
74232
80730
61950
22948
40813
2510
29500
81791
17081
71839
16859
61057
19646
12293
17009
52535
69424
23010
58956
18771
63793
44190
881
18241
5787
73147
51987
23426
56222
19888
9165
77019
7474
8705
12298
60133
72126
42163
61923
10201
22650
11020
42902
73187
53120
8357
36684
60627
47689
51552
28715
64877
49989
3076
10678
59772
67262
76018
72341
58880
71762
77489
44427
39508
50385
28655
75346
69111
47067
45114
50266
62228
65853
63594
55457
68940
61114
71983
58753
56542
26945
60856
80138
73052
47326
50408
28286
47101
60204
17068
57160
2575
49088
73339
8880
45413
30332
20843
55256
31114
79616
10334
11119
62100
29454
56563
47205
59483
60166
929
47641
61098
28732
38507
61720
7826
31860
59194
54468
49327
38067
60910
69213
50269
60690
22291
33269
486
47982
49715
63878
19298
75142
44610
5484
5771
9851
55934
3717
74771
29232
54037
78223
27834
41698
8567
67374
75559
65227
42736
9037
47336
76884
20628
35552
33315
46836
78189
77843
75723
12695
82178
38958
11796
68897
82925
23155
75302
59431
6890
41541
7733
62148
82993
52885
44653
60687
19313
2960
45760
18248
24347
72385
75240
14384
50743
72508
57230
76805
63118
42048
28905
47890
13303
9900
41607
82685
7746
39667
10406
79516
26851
27041
33829
5663
79594
36731
40409
8350
75369
53933
47236
12196
56653
1887
45103
65337
74529
18796
24173
24652
41802
57881
80468
62070
35160
3823
9223
52079
55762
51078
14733
55890
7542
42327
52278
28860
46929
13958
23037
41895
20257
51727
6161
9448
17291
6394
26000
60722
11951
49359
22447
72103
50562
41955
1734
7598
56528
81579
10855
29420
26576
45250
314
52195
21570
18493
26421
25178
39474
53124
67924
69226
54919
33175
78340
78805
78139
69753
62830
76601
30367
22643
19967
607
70285
82937
68212
59567
21092
50312
8476
76590
82353
33826
63533
33385
71148
17546
22437
73792
67919
79076
39966
54962
56353
14937
19911
82506
43842
32057
6585
65035
26651
58872
40682
55705
1122
77944
50110
47721
70819
65094
19628
60360
82325
49278
57987
59928
48988
24897
40353
51991
27282
22272
31430
9575
55885
8180
59782
48308
18788
35797
14300
4704
28565
35399
49115
521
78548
35983
16965
50452
4401
70813
37692
79925
64482
41084
37779
28979
71110
31289
73676
49901
46861
26686
81868
37304
59817
23587
57852
62362
69736
55578
13912
76126
56268
61759
56925
5111
40439
29614
74961
52611
18463
47149
15109
22886
8102
50257
4332
15930
62538
39132
68765
6268
78182
59102
74903
42052
30311
48661
1691
55289
37112
33745
68825
12223
61656
37850
40841
20434
55553
25534
43510
26817
44046
20232
61130
21833
3649
17427
32133
24915
24690
48880
24242
74187
41583
43177
31545
1500
46897
21391
11855
27462
3226
47605
67369
69367
59987
75055
63221
16976
82733
56787
50460
21181
8868
37374
46396
29959
5514
35540
3234
52951
64795
45820
60338
30755
81959
22907
48949
82362
73081
12760
57352
11728
58924
76524
62550
45091
42545
3899
69269
39271
54186
7677
55192
26371
72194
32651
81561
24679
67927
33145
27921
36362
50534
18231
79013
82296
24153
36449
16790
50728
42578
68949
81979
73501
6254
58251
66888
43088
65348
55649
13257
2044
34510
10257
56238
18187
29563
45238
7547
16993
64008
3376
36277
53587
4734
68951
25318
10475
18870
72438
61508
65196
75327
24310
41455
61499
27910
11567
21613
38107
43802
8941
7033
8393
48052
52917
64527
56975
22758
10217
48795
46169
24632
40380
9255
72049
68045
46384
49519
50617
35549
64250
4217
11259
55696
7078
19122
53229
44687
5200
1356
60837
68278
16854
51780
16096
71718
49650
6931
52633
37390
1707
60975
40740
31260
51217
58454
54983
12624
76349
262
23997
23046
60717
9496
8325
49837
24952
9799
8369
48649
74792
5059
19621
77592
77153
21804
7168
41611
12897
23861
31712
59557
41281
94
13642
41450
30072
17977
36933
49898
79551
71372
42617
45514
30238
31668
71932
29000
52618
62752
65637
82582
75801
35345
49991
6664
55064
37618
51703
71560
4055
42856
45561
39989
1720
54259
64965
44851
43792
41744
81764
21195
6832
6366
12541
14010
49953
20184
5626
9209
71969
24575
58581
37837
47530
4234
20457
12911
18200
35923
38601
50873
74972
28064
62478
42160
4473
41529
73961
69290
54257
74648
13553
2745
8870
53492
40669
59021
4091
30646
59383
55778
69075
18872
67340
20281
78948
2827
28574
29015
51865
12992
60065
25402
3523
11740
21782
53260
78496
1877
82966
75937
56520
52442
29534
66177
59701
27286
15211
47992
63554
38916
29845
65688
20376
76854
76060
13607
23158
12132
17264
81519
33465
5871
52294
33412
9235
21158
74399
2409
9205
17135
70378
73623
41330
42331
51935
69756
53252
7792
50897
70002
77309
50483
38610
4890
33976
58908
53360
50691
25997
7034
47147
45641
73636
73858
81325
13949
78165
50956
6720
33262
19690
37486
17541
55330
81792
78862
48624
82108
56938
50523
75520
67638
42019
33590
39199
7640
61375
31696
36692
40588
24576
46623
33284
9863
65878
43408
31252
44233
51550
9901
34703
22352
13876
65299
8103
5028
4912
43076
70875
56076
14968
38669
57826
36438
68416
38887
4545
45482
62406
1035
28700
30491
25786
80440
15065
56101
57917
33952
25710
69046
70519
36155
1058
26905
8909
14874
25597
65745
2449
72809
20832
18957
77806
77908
57013
73029
23207
63465
52445
15944
54327
55425
52466
60068
56594
6041
44331
27883
20488
37615
37758
63786
12490
65865
15919
14827
57384
19493
50347
30230
63711
38112
30206
16860
58119
38040
42046
62578
69497
68520
2514
47584
77797
7751
6587
60957
4280
52159
8455
21840
4014
17326
23303
2971
28043
48890
54547
48512
50161
52833
71994
12484
54345
17921
63814
27647
24851
61971
55079
12213
32795
78096
69401
28335
15928
44818
29754
15171
19272
9363
8453
14084
50578
2884
82109
4324
82166
73505
27977
18544
12728
64422
69728
82654
81392
34583
35044
80642
40127
77900
79072
27431
6525
80246
53929
546
21732
25601
75439
10163
44515
47561
50821
38984
80970
48436
29970
30137
41091
54986
25996
27828
72408
37525
21610
60209
46508
19988
46346
60051
44459
3857
32504
33340
48854
80892
75183
37258
48443
45273
10124
39346
22743
57025
55434
52999
4563
11588
34269
20948
29411
8049
43569
5907
40898
57634
36467
56559
2674
9014
7423
33760
55822
64784
57573
65453
42527
62089
1031
72518
5235
33027
61408
4971
68761
72051
49081
70670
24071
82732
64452
70876
19632
39656
28672
18272
81936
70952
44212
81544
26382
9679
79598
39527
33163
3453
72925
71417
32515
68898
11067
14979
21621
1578
41777
50995
33699
31378
30891
8031
25322
76757
54516
49656
73616
41258
57190
31742
61030
69923
42824
12953
45024
15426
18177
19609
66926
68050
51293
74036
14291
4175
44420
1585
58936
29557
50235
34801
53038
55870
49802
19077
3897
46625
21185
18156
5651
34743
67491
60309
80932
45756
1648
24295
70831
37685
37092
27178
12089
40677
30735
19581
67563
46822
21046
42737
71265
71861
63379
44637
67086
32275
63986
40622
2816
71145
19251
20869
36619
70705
16816
43326
33067
40188
53285
79089
78049
39230
6003
9379
5049
74302
62069
49857
76097
43629
7146
47834
74340
74709
49528
71482
51846
30299
68546
41631
937
25964
46436
74441
21742
16902
356
14935
44033
47228
48718
30601
55832
29984
48476
12547
40187
37702
23372
78991
56949
75816
11064
6702
12451
44436
33640
22407
38238
35392
41360
39145
10614
10856
29622
43203
79011
12457
54204
79928
8801
64194
6500
55215
40632
20220
71577
38011
9100
9171
51450
79338
20332
52622
59512
31889
22318
65926
26062
44448
67868
46017
56472
78572
14170
55627
539
5140
41773
74248
67658
9022
6081
55563
57186
69866
31314
79150
70346
78241
42861
47916
26606
66458
70041
75459
54560
19094
67957
45716
48766
55767
80295
68207
4310
30298
10445
17681
49251
7794
18989
65532
29507
14551
27620
14472
49292
78307
78976
56529
36866
1535
17460
34295
76339
38295
81322
27001
64965
57156
82362
68102
69077
69404
17809
64077
52213
67870
2656
27200
74822
70622
46718
7515
61993
80413
56790
24488
78347
60108
78707
3846
6695
12676
597
68448
53440
49138
60533
42404
62177
76822
264
22594
32296
56280
4488
33945
68995
48882
23946
58041
45512
29720
5327
57176
82355
27794
70376
65580
63938
72454
33754
60119
53673
43834
