39207
12999
68480
53217
35256
32399
23259
10880
39611
75641
43224
3933
70854
54204
30083
63799
40117
12239
23327
3798
67559
22037
55414
19034
28427
129
29942
32246
79261
65811
54113
80291
59945
65715
55366
19671
29948
81589
29098
57460
74642
6090
11709
63338
25719
6121
22085
52487
59843
21754
84492
35609
40913
68075
35051
39532
46034
15731
39351
62080
14338
75932
51043
46067
34692
54781
1067
65444
35247
84279
79089
78766
2345
60696
58605
8108
5610
63322
19969
75335
5037
7365
67208
37145
70659
2765
26031
25630
65221
53412
77849
22697
50052
50844
62266
12062
61536
50903
71409
42054
8264
10669
42147
37359
31976
29449
55047
20995
80573
1735
16186
20996
84631
15893
34688
18050
27175
48314
76988
67187
24720
61986
25677
9675
53274
85978
84371
17194
63693
55592
46231
13078
22204
42439
77960
48686
17234
14002
41319
33218
38152
21273
38221
23878
73395
8647
84092
40574
68832
75893
64228
27899
85015
39162
53266
60231
40066
50982
15902
38290
3620
68130
81369
29075
16965
66410
65026
26955
23137
16717
23406
2941
65036
58481
5291
73510
21836
9041
74170
20585
82564
38989
33253
11300
24742
42905
19835
63248
21365
18267
44116
85734
63886
42103
47353
40982
47339
67316
31262
41298
26835
63397
12012
19377
25093
75824
82466
61370
19556
56560
40683
62264
44539
68995
70341
13223
50583
893
20578
66498
20093
68626
50964
36256
37766
25604
14717
25391
44470
22265
72708
24692
24499
60271
19018
16839
41685
45859
59887
71845
82216
38537
7524
68370
23257
32430
34600
43922
25339
4981
56169
24809
65682
76117
80039
77496
52357
34009
64538
65983
35761
20639
20497
2613
83324
78462
42655
11504
57780
24503
5122
30226
4424
74631
48552
67133
61162
72891
19460
52898
42236
62216
84987
46401
44035
13104
65542
26023
61661
13782
47230
63945
7800
26698
48155
49086
31223
19649
63460
58809
2090
7910
1731
21722
13435
61543
24239
66871
77824
6900
19687
33970
24843
30638
15082
70647
19081
25124
37418
44648
39345
35620
59737
74666
60601
36319
50698
68536
66996
110
35443
13836
68202
10272
19581
28017
38416
10385
34760
69049
40302
13206
22153
24756
24272
22835
47852
63305
11321
25047
27602
29063
66980
44207
9888
58812
78515
32577
36029
70530
84109
70438
34366
61315
16672
46137
39191
13658
2886
72562
7181
7702
2489
54876
49999
73206
10063
19388
47197
39881
23992
38932
77012
63802
16095
61028
51402
28945
73401
29805
50111
66328
71070
6097
78149
6134
13588
22090
46558
33495
27643
39329
56292
40985
39354
55780
66272
11784
68970
33382
77826
10851
9075
51544
30904
29346
39490
83
46441
54665
76894
71535
6963
1620
39587
38606
86978
22713
42554
316
61944
19789
62537
13776
67861
78970
80631
26220
55030
62761
73715
2913
7577
70053
6941
10189
52677
51160
38115
56437
43480
84582
48040
23631
79146
38063
28739
65489
41629
71223
13499
82577
53301
14815
32390
81130
60738
45946
53443
48816
48807
50591
37270
14402
46153
79782
19089
24940
78739
702
36486
52409
28480
20610
68692
69193
57414
76006
25703
54041
72273
56860
23344
65537
76424
38367
66685
22238
79765
8328
66869
49713
10750
56191
1468
57228
40362
2644
10140
47756
822
81627
23816
17445
70637
33881
13422
82703
66523
10928
82041
48525
13628
68830
78597
51874
37764
35196
42731
67925
15348
72808
63335
43855
58278
16815
33046
87001
53250
14953
23541
39773
61523
35710
82315
1076
60475
45640
669
7407
31257
46347
71808
6278
74246
29729
38730
15523
44215
74600
83003
24709
79300
35008
68828
38723
10195
74782
50934
81897
42983
56649
13
7177
32905
24603
52537
23591
29553
54089
61629
74768
71610
59335
81424
28893
16329
78463
3250
40790
62309
80102
80004
298
77413
44575
34587
71343
6689
538
84895
5026
78405
30384
27016
27779
23523
48678
47365
24000
27945
58379
51883
641
7128
64225
37856
42376
81045
70860
69559
12563
42643
42254
58849
74584
70287
2838
29169
42930
21705
68369
82863
18205
71519
47696
69027
57199
15070
62985
76982
8334
20402
32127
69841
36372
64188
68840
72453
52914
20846
77180
19216
32364
68894
16483
78431
51762
11328
27762
8840
25324
28161
34292
73443
59456
26257
9600
19535
50135
81361
84991
39155
13725
11692
62570
65353
43540
63165
8377
62297
49447
65725
4870
15336
17165
60485
61148
73646
15029
82235
54095
31420
55146
32631
64860
23380
20066
20597
26386
36511
64008
8075
54635
33966
32798
47412
86514
57430
12981
19060
8427
2487
71062
53427
32685
30740
57824
70306
7926
47099
60651
46419
34015
80971
66014
73141
68179
77596
23489
43654
21186
86960
52274
15186
49415
48799
32865
21844
23530
68525
33805
9749
23615
4776
46574
42578
41441
3573
16806
87080
28528
4418
13619
30228
14244
54825
48443
84558
57986
73239
52266
7752
73536
14624
31099
23770
26619
47779
81098
66998
36730
1876
5422
36784
5917
34195
45839
40459
58340
37235
29678
19072
60847
43258
16153
87049
16391
45371
31183
57526
16071
24303
57739
86642
9726
22508
70488
49395
26026
57969
61601
39834
10608
37276
56220
66245
55718
35492
40897
32154
34982
17590
53600
86283
16459
75477
15470
72231
23111
72290
9919
68382
5313
84948
24848
61998
72956
86948
62856
50931
42442
17923
6831
85227
85051
24263
9127
72900
40868
51473
86497
38779
1809
4730
60921
18459
77805
84695
12722
57840
45558
9379
59325
48653
73982
73068
47837
11903
11994
72079
47035
42659
25044
60373
2211
81322
39946
61876
82698
7593
30412
77240
23828
21547
72815
77117
49288
9638
31556
3907
22018
116
34343
80535
81483
11931
35430
67403
14525
72054
53296
85242
53836
80370
73139
61032
23697
22474
48408
71642
36367
45645
38835
34459
48130
71434
30423
49692
27840
60963
13708
64798
59411
77780
53521
41657
60528
40146
67815
18284
47476
85494
41507
3559
55862
67077
35864
71295
20405
48590
25981
55593
28236
48522
27954
53426
32009
26112
11340
38867
10376
14916
19814
65270
54818
57834
37444
73994
37556
900
71531
8086
73886
76368
48797
69612
7325
16879
54335
83951
4799
82690
20656
9467
1894
13122
76662
75845
66366
33199
25071
20122
36816
37668
58206
55928
85548
61832
69137
72245
82269
21552
24731
33300
31023
39427
11869
69857
30711
1397
28441
45779
12914
30980
63787
6816
55601
250
53693
11038
19328
77950
487
73869
13146
1200
1247
82184
60965
30248
480
35295
11572
26806
8419
60149
73343
54669
8671
33244
57383
66579
14089
10921
43009
58697
80622
62224
78188
65959
81501
21397
53711
21113
53632
24733
10073
37962
80642
62137
8183
52354
33842
77600
1518
32600
65675
81365
85803
49995
2388
37018
69207
43865
41402
21928
26266
56872
62781
63567
14577
49985
19082
12959
61389
44121
5281
47196
16525
60405
85017
53505
7998
6993
27891
17481
18272
79119
56246
37638
41017
34933
80096
31263
36318
29632
32516
41991
50328
60455
29144
3507
8030
29314
41379
86741
3884
22827
64380
56501
65771
32179
48860
83102
71920
37798
13630
26826
64055
56527
45309
21653
16134
81410
32186
36750
18679
43767
67711
69890
37750
31249
17273
66544
30450
33112
78938
3665
16881
27368
8351
49585
13783
80783
23531
17981
75443
59412
37710
84862
44686
78925
43719
15956
84336
12626
57664
44366
38347
13429
57710
43367
47977
3685
19352
67505
72468
24406
13344
22442
41246
25008
16775
57911
57501
28725
25060
63003
50563
47395
8962
11262
33658
30227
34566
1594
4054
21855
33161
86392
50862
54251
3609
69952
17763
64128
82045
52026
13131
80683
43556
21673
47364
81718
28142
72721
2692
71674
39222
42665
3152
2206
32198
73712
21145
42508
72134
78223
50908
40673
12276
66318
79593
14557
7072
46973
15353
22605
7915
70044
85591
61713
77105
36841
74794
13153
67105
10224
35014
81695
2649
20367
85860
84800
73051
62561
10050
79911
43938
41124
70028
9628
55235
47867
40757
29773
70150
52319
69536
7789
45755
59564
66103
36667
31029
76843
4713
64317
65778
18253
53244
67879
77798
9148
2020
56743
48316
19871
71285
19967
85745
83947
13758
10736
60050
30799
18680
81132
7622
81233
84244
3156
34105
71993
59175
58214
64697
79751
65636
86504
13641
23539
62596
67623
29414
58
35934
56888
16172
48186
35167
27330
15915
75058
67533
13739
37789
86612
31336
842
62524
27675
77739
28619
3971
11803
63058
47650
27050
47912
8000
21693
357
76845
52119
35003
9673
59053
76744
74618
77771
24926
16694
49618
3537
23684
62067
49058
11996
75634
51414
37461
20142
32254
2463
32812
17680
41506
79887
60435
17159
27889
7101
76648
37288
553
60609
24925
63602
73212
45836
11266
60036
2554
4417
70415
65557
13002
34203
975
26801
43756
21556
16142
7336
50522
40053
65241
51938
14885
13928
8880
39554
31307
19658
39970
76708
29679
83967
15091
53533
48560
17009
46596
40095
6069
80720
33793
71896
41315
79179
11695
30366
9446
3
59709
34642
59988
64252
57596
53548
80930
24216
57025
29819
73740
30435
33452
43796
53810
20394
48021
47300
40846
30905
72935
22888
24015
78338
42797
78556
35226
68226
8273
59947
11078
44819
86203
8284
50749
23083
72691
38411
11930
30427
36684
60037
46857
62115
16625
42425
83071
42939
70061
36526
19787
86235
80043
44556
65075
83619
33729
52477
39079
6226
46148
1952
23613
46015
34492
40218
43894
30175
60321
43204
25567
83409
70564
62418
71696
84931
74041
47377
18580
57608
6955
80541
53645
18555
10946
59479
12720
76606
62255
84091
45403
50404
39104
24560
41314
30222
46990
49917
44635
30017
80641
19921
57243
47526
64446
36328
70043
41140
81439
32647
55987
5400
55723
81158
16294
10466
62566
7668
66019
66256
416
76608
18353
51632
3877
52912
8288
29295
18960
19788
80850
83640
59425
10294
12934
74608
66034
23794
6734
12440
69406
25939
77092
38217
49065
897
74693
72172
61864
47237
7673
35827
56836
75194
11729
4089
20965
61747
9892
54257
77369
72651
80166
37011
42055
51245
56446
9879
31719
16411
34738
48964
4106
67935
7920
1252
42275
73158
214
2257
56900
68467
48899
19805
7952
60833
72816
78297
8754
2875
38616
71370
84438
17188
36920
14129
86396
23088
62752
29006
38532
50086
61878
66341
51713
58847
36722
9020
10467
1906
78494
79297
50350
59902
56831
8361
28624
20433
59077
49022
38565
82000
49845
9411
60605
54337
70885
46598
54533
54875
21305
5179
14870
22406
53534
69311
22892
15687
74252
70853
16598
5044
10160
18178
63644
53729
6893
1967
16100
51759
43533
1445
45243
60353
53341
7608
15946
2892
16637
51233
22897
69181
59953
67566
1613
22550
29307
80735
38143
75956
59632
23779
48817
50556
22322
4362
86629
37694
29589
37902
53583
73806
27580
34916
28300
54727
79328
40703
6912
25307
56424
38501
3100
70737
31690
36564
64781
77686
69247
86631
6415
71890
83563
21490
18711
83319
11065
60427
71680
74808
5801
3717
12891
41751
52679
51596
64939
47642
14150
30858
64233
27746
30873
40710
26124
61773
54679
53993
30925
12596
88
49566
4521
74625
5098
24784
18946
7358
45934
15368
17860
39854
36663
48313
59791
73377
81403
17958
31763
64035
25066
73171
40229
27716
64214
68002
32056
16419
13319
62787
71018
43772
55832
58095
84300
12469
78665
28914
6869
25506
77072
19061
19504
17743
24197
50851
40663
28504
4534
45192
77841
7036
34673
18724
27099
73170
20514
18540
79305
27669
16998
87015
936
19044
26368
52672
80912
77533
12819
42192
5543
2515
17133
23853
36652
14838
68674
68313
25206
87107
86866
69830
596
46605
65421
4708
60626
55505
74397
62158
43166
8698
62669
83930
46087
56175
30474
69330
68645
15502
48038
47989
59108
13304
10173
54184
61644
25363
41474
65136
26974
3651
63753
51928
85869
14181
31468
70668
53988
50334
7557
30699
74314
84662
27195
77083
25626
45648
40951
50147
19933
58861
3015
55469
73769
31704
6883
83825
45269
27752
64116
75302
6814
73927
16731
22546
83027
59142
20086
38808
14471
76731
38086
57054
51666
80632
28214
73602
61756
31952
26791
83576
46586
26508
37459
7493
42416
58924
35705
24958
21357
28244
85437
33249
65646
66720
49746
47053
45572
8673
46756
11914
31608
70204
4939
66182
68729
21061
32914
74448
63209
36805
7089
35421
8452
74727
21262
14003
58920
81453
31812
23042
55805
81757
23735
81782
43194
10988
54115
84516
39954
57432
46164
1053
53983
84215
442
1671
83378
6932
77197
36528
41548
23035
28586
73839
85527
19320
2433
28729
71783
59261
63316
10665
71332
24066
70516
66101
22100
6197
17065
40280
22066
50574
27994
69493
39651
3144
38828
42850
31876
48184
70008
56861
56305
21956
19276
38514
37030
51775
44460
21084
2923
37949
49117
80764
26339
1104
52544
74590
63104
52979
34588
25967
86627
21158
29126
51936
63797
3392
17942
54099
5006
76055
29945
3932
36350
44167
80575
82281
85762
24270
69523
85086
40356
71037
56913
76259
9525
83763
40123
9057
78332
45615
38269
3443
60179
26909
74443
16911
68592
66654
53808
48886
30320
48469
25504
38820
48291
38572
11378
17582
84674
7919
16260
36072
27966
27537
27493
49031
28377
5910
29251
41701
14575
17161
77393
55796
15715
19033
35220
12907
79080
10236
21440
19663
70769
2097
46294
26337
16791
59487
71705
14242
59202
71997
59785
9593
66237
43658
45757
5631
54674
30251
2960
37595
66263
8909
31128
30890
2362
65818
40191
16938
75944
75979
67380
15414
15362
25086
75042
53070
6289
84292
44078
49014
14489
2918
64444
81868
56445
61567
59471
45276
84739
1699
10916
24840
12432
63466
82061
70649
48831
12964
3270
76510
62955
2380
72001
6770
57455
18313
9273
35787
17922
60349
70290
53112
59874
69895
6665
22072
67677
15576
43839
69062
61352
66522
4466
77430
4515
77831
24894
8679
52336
83685
12906
27776
79877
46802
66457
2422
57856
45249
52919
34951
50996
47802
61178
74094
11370
34800
66836
44906
73642
8100
58551
17593
83213
78606
37731
85234
6517
3310
62869
10033
78337
62355
58981
34538
32657
1875
34110
32699
61730
44908
57783
86386
78131
61423
22492
63749
70638
3514
20851
68677
36388
49900
85088
14132
8411
64832
31287
51502
74141
56559
7026
45609
14496
18119
6064
11443
35261
81912
76971
40371
18003
74861
59098
37944
78813
61906
37968
43548
2874
42732
84999
82025
47665
26709
62199
6891
4162
20579
70820
56986
77446
77692
17341
26931
78116
26514
18466
1483
40738
69197
73981
81075
55471
38123
78059
15710
19957
7700
75160
40254
29433
30705
11224
1775
29154
68245
34833
77215
67819
59116
15600
1031
35266
37539
64304
15703
10833
65739
37020
81414
35585
73588
15354
68089
52073
31448
49181
27473
35221
54363
68372
3568
13995
70814
85905
67281
21466
29410
3129
1998
20839
36630
70997
13840
38536
48167
15459
47449
43610
13815
26196
10530
67897
60724
5951
30032
84324
9257
72500
55509
12870
42454
23001
40538
43827
53371
67154
74770
38418
7827
28494
37786
12225
7837
79931
41947
78639
50565
60722
74843
36776
22468
6181
19497
66928
269
71732
44041
61717
56568
60194
73738
12384
28903
33290
43410
37039
44155
10021
60128
26805
1532
83160
22199
43307
62421
75190
84243
63566
13377
11642
48135
14927
82840
31243
81100
71675
74272
38767
63815
28050
69459
69395
11882
8275
53819
18009
54190
12305
8367
65896
59200
51087
20659
59478
46094
47287
5372
4081
30800
68647
11995
27271
20385
17523
53143
56782
18772
77201
39964
40354
16612
23493
21443
76895
83992
342
76282
24717
14908
64109
53025
81312
82990
58128
12998
19733
73166
41793
46667
30502
76889
36024
62683
48695
72105
47824
42484
619
85823
59243
45407
47662
11549
69758
45272
61243
33283
86958
59440
19669
82276
44252
15025
52110
85099
10707
37511
52687
16384
8373
6185
51035
62268
83744
54127
38185
10216
1286
55388
24962
55480
67396
37623
8380
53013
62637
31032
32555
13853
83790
30507
46267
82547
25727
79053
37734
15312
17941
64319
54765
15765
73275
15394
65875
6019
6499
40467
32766
62554
71486
14341
9119
77054
7436
5750
61838
67373
28310
25606
82623
71089
575
29077
64566
48581
85775
33519
24035
45547
56514
43620
82354
27315
85620
22408
69848
63865
39789
24104
19253
60814
32380
30265
73969
21511
63812
26731
26925
35456
38171
29020
31416
84842
5270
81862
54880
61936
67439
77677
87077
12258
49093
11916
15166
1855
75548
59904
10763
40886
29895
28068
57128
37059
54374
83916
8846
23498
57424
52104
65709
16152
27015
20598
65860
45563
43641
28452
78459
64054
20558
70512
41628
49968
20484
56524
85507
17766
47351
75365
6360
1937
12650
47636
39069
48498
14096
28900
76517
50713
2740
58156
34802
48924
53459
2702
22134
14102
16330
16006
81842
1078
13606
69485
63938
32528
77628
53954
29356
54941
76340
12226
30008
40022
45030
51129
76205
37501
86593
42780
80019
64314
45556
68068
74267
70049
25653
13261
5396
4830
6741
6476
57515
75385
49374
42644
74974
49228
9496
25742
24163
22836
25990
51618
70070
61034
30847
56955
1744
32214
24274
19776
8084
4784
31240
42552
490
45007
49947
42154
12052
97
70142
32698
3739
1464
11359
33434
68311
43484
28713
43127
50115
62788
21562
71667
83816
73813
21083
43741
49552
77790
63627
49976
39089
62231
6991
72834
82392
83726
43542
68638
22041
9635
35586
47658
32937
57069
80684
77791
40504
57614
24766
36993
73508
710
22790
14532
51577
49224
41501
47551
3922
72686
21563
37237
60752
28608
54240
57721
11223
36025
1642
17538
81896
16222
63076
18721
49653
46408
72308
26584
70978
11550
15224
82899
62664
12576
40851
34392
46639
16016
66660
10776
57467
82212
13015
12117
17306
48081
50649
11085
5469
76739
16428
56645
4381
84551
22553
83223
49673
13597
29598
22661
20107
78132
17205
18989
39307
16718
51153
4867
12457
34703
1211
48756
68032
64308
85379
53138
3812
21812
78658
19313
78533
59442
83687
74164
75931
34091
40773
32008
25375
43960
58895
70705
63263
7069
81668
62202
31739
14834
63968
77326
13792
21095
84655
29272
81024
46676
27892
42525
15103
33322
42544
71028
42820
76182
63102
29897
20542
7499
70687
32767
38997
81047
61593
6987
40108
24654
35999
48751
11293
3408
79708
30241
19019
69387
11348
56003
35793
79594
84518
73874
62051
11783
56553
46013
9923
27927
41390
34446
40150
58557
45422
53435
65181
53520
65425
21886
16730
45985
46534
23769
72370
6496
8677
39301
62709
23532
82697
73256
51758
60622
64737
64689
10615
79687
12699
11060
16913
43137
13761
1746
74377
35700
43952
79018
27604
42680
74848
11731
34963
46580
72062
13225
51314
23640
40177
11532
3945
42239
53554
59421
13155
36454
54252
82748
60448
79561
1432
41887
48821
49439
59869
71851
31395
72969
80655
57668
65651
79339
42730
13376
25276
80788
6157
74027
53903
61079
64639
36826
71169
5887
17721
55352
14232
66372
56587
16720
75572
84184
60089
64205
17777
12075
23988
71301
44341
79067
68383
54954
36552
75337
48652
9083
52976
14278
48272
47384
9913
55293
20449
3076
18020
66538
61958
45109
17383
919
76113
82838
9504
71677
79293
26015
60145
84214
86244
52214
21118
3376
10727
977
74122
18883
78044
17539
32362
36607
13423
793
85354
42623
57338
33795
11948
84934
55917
12764
30584
55056
14447
8211
33497
59595
5385
24424
54441
50119
77167
32509
27727
31688
27943
85728
50489
27157
3931
20469
61882
47504
83634
84176
52185
2272
71665
72667
1014
5229
70752
55188
45196
77352
27356
61262
51815
51136
16634
9929
44175
68971
22923
44365
7571
15702
50526
29574
71342
63537
22147
26896
73235
74783
35840
55960
34614
77093
17544
40377
15798
32481
74724
18401
4595
8938
16333
49370
11192
55359
52312
41350
48451
77153
14157
44815
8455
56834
66409
40160
58831
14257
4128
12666
86495
47589
26002
41466
9884
37088
21514
45293
41487
70099
82278
81225
29293
17503
83220
39316
67563
6178
81015
32471
46
60491
80932
14223
4529
41632
82382
42661
52692
64657
61680
8032
13522
12671
73518
83647
7065
53981
47438
66553
65525
64376
57580
46326
55416
4234
24192
31890
62658
50034
61096
57326
57330
47935
2209
52684
48370
43554
68576
11364
27856
42715
45535
6836
15826
71481
50411
48357
57255
58865
49753
53499
60909
67708
22559
69964
85347
60331
69074
54063
31607
85825
14183
9613
16655
63294
59554
60534
61665
18972
66430
68515
57250
1254
49239
17397
65974
81532
3764
25361
34949
54664
50980
16351
20467
17121
62900
49160
17474
14345
29303
59452
42414
59527
65785
80290
5108
22397
27208
69367
6466
54053
49151
69483
66437
46540
9135
72298
63540
5615
56704
9180
72997
699
61471
78446
82602
68426
22732
33879
72075
3920
78895
40069
18464
42441
24970
77921
36081
18557
36818
64114
70727
21725
46895
61779
56338
78433
84754
76870
64897
36039
32435
34944
72053
31302
47162
30825
23123
78022
76825
21427
81750
29301
3020
58612
76062
70883
78219
4812
41274
20822
2754
9742
53041
21541
54466
19549
43270
36559
5158
58133
82821
19869
64542
70666
57831
61434
34595
3251
14020
818
10197
56949
15817
38342
72880
31859
79570
26521
21875
26143
800
77163
57877
36376
61234
55998
45324
46732
12862
36812
10957
56657
17659
76916
15713
5025
10749
49760
58094
81102
43330
39041
61943
55568
1874
5413
1802
72063
17238
26207
7773
52712
35177
30667
7914
34010
57752
14374
34279
32028
82101
55619
78545
37602
47117
55220
73220
16681
43220
20684
54357
60497
22282
71609
67542
7828
40624
32871
82149
999
6795
68236
34081
73650
42594
68182
81916
24030
24127
1921
62965
70224
61784
48191
61564
18031
78689
71945
20308
63085
45124
4266
75866
27131
5724
56614
30460
30735
45470
38029
41559
76
84098
25870
20435
65945
36541
36225
10419
67253
65406
62802
85828
47711
67374
63776
82068
71971
12437
53733
79070
8129
16687
55057
76045
77319
83085
53793
72608
69586
13035
49276
65661
32807
64663
31551
31891
48782
63563
66269
63115
62311
60409
51898
40892
45858
2745
38801
79138
57984
60677
66673
63494
18468
60694
55305
10739
29283
69048
16132
11449
25041
64195
18947
71963
68277
42784
37132
5168
72905
57491
13349
14195
16117
84676
5228
82576
7004
48579
2055
17952
78146
58466
83150
85555
32534
44989
49419
18221
3272
33657
52455
27469
39880
73326
21161
86145
51859
57910
46774
76248
19278
18314
77510
19856
80245
38105
59551
49949
20747
85841
77607
84689
45431
31051
78814
74644
17655
72995
41453
43066
68507
78488
55327
12514
2593
60713
64947
49303
12937
1466
8928
55013
23797
55755
23086
56470
9192
76885
65670
11184
38102
59834
61248
19212
33122
48516
64535
42981
38315
78997
80314
66837
32069
75915
70800
25943
47408
50731
78976
73052
76621
80138
80552
5115
63738
58719
86040
66862
14422
84943
35716
82441
1089
25634
9093
35967
14276
16898
42911
23629
36167
25304
51692
31588
5090
4351
68843
27568
54382
48882
54602
1892
6445
12502
60114
6494
63146
83541
86574
30313
19373
86588
46801
70503
1236
52927
27101
27371
56680
86639
55438
29865
15679
20241
45323
74030
57373
45108
55558
49935
18897
76463
39148
81044
78368
16858
68233
61146
75653
42702
32012
36808
9255
68399
11134
16413
47629
34168
55897
50369
84004
70980
42459
61143
27460
51009
54699
8978
52193
76947
79182
75507
66228
83605
75975
38702
4105
69976
52338
15123
6771
38836
47104
10718
32323
61354
58344
80483
27004
27496
732
52895
75068
5884
55312
18107
39558
20854
86705
56545
35320
40944
39599
83359
29681
31631
22734
24577
83933
72399
25489
61100
21263
27041
39525
47715
2578
10983
348
13255
51529
66819
78421
64789
24556
11712
49645
54410
41597
16326
19836
53910
11432
9317
79943
1036
62090
17127
30530
59437
24489
36689
16267
25579
3634
51727
45957
54571
40474
76855
9559
25987
2812
48721
57822
79336
75711
56932
29459
44915
6341
65630
14986
44135
44914
35188
17115
59312
19922
21019
50586
28158
4004
61421
57594
26204
65252
9575
2079
424
72170
5174
57890
82454
52144
37314
9801
53723
80442
24308
41173
70533
59229
8386
20531
26937
7323
83326
12435
31542
69124
68161
75668
53458
24429
50523
15500
36845
13567
17032
86489
62579
40632
41496
27683
16409
4702
62101
17635
62680
53567
58515
72998
73082
62996
21132
19437
24729
52964
9210
5995
19615
73551
35970
55444
733
40501
77619
1898
19954
64223
55014
29581
18486
41415
4267
17876
21198
42357
780
71364
11645
75392
10366
16225
32498
16005
2949
63406
78883
7391
70003
53476
17414
84732
50720
74313
81820
48534
4246
38483
34521
31609
54807
13921
17979
85170
31153
66973
49437
36437
81186
67719
66748
69874
73295
75879
17753
86620
40880
71485
15981
20572
53783
51022
73384
21228
21485
17696
63800
77222
5398
35497
12995
51145
85854
57730
10566
78677
3379
58077
55634
73473
29186
52313
22928
64154
17962
11805
16874
61012
62673
56957
30697
32938
21838
10239
80505
80852
16779
49727
27848
11136
30304
35329
86065
32652
6649
59521
39562
37311
8841
73336
69535
12871
30528
61442
38172
83908
18656
68627
811
75739
31350
2374
40405
586
65158
80714
18034
44937
69404
74576
1824
55605
14123
62749
84276
66882
19434
79974
43572
39054
70819
75016
741
68265
23107
50193
6350
7670
3632
59247
14151
52218
15129
29650
40550
42556
79709
67679
78468
36790
56079
7481
61238
43883
47502
60164
68887
42290
72432
86781
27851
39060
3321
37258
26047
86256
84838
28938
68550
30628
27037
44451
61297
34693
65399
22371
18816
57457
45708
49432
20101
65566
20151
33650
22749
64928
43328
52132
9453
77437
8674
40139
12
22581
42127
51269
53192
10932
66557
51458
8220
33800
17304
67040
8398
32900
7537
861
35098
75188
81288
38486
41452
68076
56454
69236
51247
11557
1835
84393
61099
70584
23423
34981
6729
39470
64418
39835
41461
15747
21003
37601
19348
53605
85794
70521
8581
63163
82488
1278
75070
31963
31858
56692
62039
47284
78915
19817
12114
24662
20813
20755
76890
85953
7160
56742
8732
30337
23495
33444
37619
53352
40444
50647
46885
9270
81364
66757
67854
44822
2999
39401
75923
65124
28328
75589
75592
195
69018
81877
11927
48945
2683
32603
69619
68708
54976
48326
17373
47120
62832
49335
82091
36554
9963
54107
1212
55435
85488
14860
37530
53232
38873
50516
19959
79634
60732
43890
32856
57004
71787
74295
65341
46711
48077
86457
73972
10859
57768
23952
24665
31864
22157
27283
50924
8449
7943
71940
2109
48781
3701
31875
12018
31121
1389
5857
53543
79325
62169
21936
48266
82790
74087
31973
13559
76727
2414
4279
81434
40916
53432
45683
22484
25885
14611
64528
22667
74623
22715
40499
59224
7158
57164
47892
77169
14584
59882
53441
45636
28591
13327
2794
40845
12717
60030
12175
13877
50849
4948
52787
20201
15278
74452
48570
61126
72658
16796
23118
83886
83438
42770
53395
36629
39620
7520
69631
33982
23832
2577
16955
14401
38158
8364
43926
30815
41941
26358
8911
68599
52840
70633
17845
70845
68586
30661
50679
42637
12105
39040
1535
22402
25876
4650
2244
466
48885
1157
34672
56648
41994
20160
10059
24170
27437
74925
18124
15978
5668
7965
62324
19394
40188
29496
49292
38612
56059
45692
32365
68537
78994
68084
73172
5946
82170
87050
38099
54572
13586
20593
84783
58604
44302
55083
53438
37791
82445
19006
44462
82557
12398
20510
6917
9258
73805
36427
44401
34018
12932
70076
3195
7395
33968
13202
85185
81396
85831
6481
80122
63508
82608
2524
77262
20975
7222
3090
74907
46477
13305
77403
60507
60571
40777
42991
1015
81670
8897
47069
76461
13125
29940
30454
54264
25636
72321
12161
14326
61036
10578
40948
61385
42834
46384
67971
47762
17853
33897
62826
36976
44661
65356
65856
13087
48446
66365
2271
62594
20614
25217
59096
75586
34503
33803
58979
66110
21035
31005
26858
44968
52050
44097
48369
67169
37721
13123
12692
13872
71340
60420
44170
85217
9970
1753
40352
523
75304
2694
81760
5861
39657
29890
17969
6319
45809
64068
76646
14770
851
16299
41920
34429
31834
25289
17666
35099
84790
79462
59605
21581
74593
1317
38677
38988
57625
32149
60575
32022
38673
5986
86311
37048
32356
62945
42458
21343
84899
30151
10179
75639
81173
42845
16416
61276
2665
200
61109
5599
11970
74692
21655
14559
71526
52225
32212
57638
80132
38535
31732
3316
62771
22461
1376
59570
57215
54488
31729
55261
45347
86071
561
34269
79626
9830
9172
70780
8569
5638
86451
20210
45106
27202
45798
37544
66049
365
60359
48613
13974
60772
84649
39734
37857
19790
77400
26149
23262
85146
43
24215
56926
78886
69142
4349
27639
55821
3398
52832
61954
43466
2541
47604
82107
1193
59111
26236
53850
32410
78190
65892
35671
43633
26290
60372
54185
40531
80606
54124
49457
14685
32063
28834
12746
8923
2854
9324
37911
67463
70927
57435
57975
80467
28634
74611
76036
68368
9904
53964
72728
59528
45261
40033
84917
62946
86617
63307
28312
46485
53100
76195
39259
9426
76782
57648
41345
65561
403
38224
47645
11736
24516
31162
72775
29696
50500
67236
24449
66184
33770
18409
2677
50077
12701
25455
37130
11471
25868
21851
75419
52173
16093
4530
36118
77856
78733
73271
6640
79990
42368
79410
54569
7795
79599
57030
34610
5551
27409
37429
40612
42293
17045
55454
30842
53746
52019
57329
19985
61720
47161
7167
65835
32989
57622
33731
7970
51456
36623
29185
84427
29794
83616
18956
35606
76053
59028
25618
68501
43884
75416
3178
70719
67707
35684
31324
31752
84500
44458
83405
59151
64808
68966
83407
13502
79377
13247
63925
30727
36829
21021
11849
6973
75469
67700
26874
28733
63859
19807
5911
29666
56825
67800
24327
1188
7657
14710
64780
40076
61722
20931
85445
52893
51072
64421
32946
6003
39121
76817
31512
78002
58946
76984
66564
67200
64754
47747
40834
6852
51778
51399
33180
40919
58745
11646
38244
75591
13962
51670
68610
3484
4969
26330
67667
63957
120
38128
79211
67919
24190
42954
80659
29345
49897
3444
23134
56094
25874
86169
10506
2980
15813
81931
51110
86524
77706
39410
38594
25038
65126
26462
74964
54893
49190
70245
30139
48246
23237
56240
48940
62700
59410
73626
1653
27098
29488
35190
47503
62867
7648
86718
18139
8703
32494
11934
52731
24696
9815
65783
3493
8243
67341
8511
44268
44086
73689
49937
69779
21995
50221
57118
53553
79733
55981
32189
84789
80001
57431
3645
29070
46958
995
50234
15975
20920
51489
13471
77472
31321
48132
61630
78333
1803
14671
45139
44960
35476
41504
68188
81853
58339
25656
36327
52886
25172
78057
40294
10516
10319
67164
68529
72005
16941
86532
37420
3940
75257
51447
78351
84100
68213
65867
47855
10180
80774
2564
22623
69502
74565
37294
19362
85952
86982
36097
23504
3375
60124
37419
36287
62443
2983
71561
86231
320
6704
67364
36346
8908
58082
5666
7724
81331
26840
23602
303
69553
10636
3951
81201
74779
18276
13081
79847
15632
27214
76104
62306
55328
43761
1339
12057
20767
12400
44573
72325
6949
84994
53385
27141
72121
18155
40247
32752
17936
27074
39222
73507
30178
69668
39740
69451
2791
10114
4302
58025
67541
43095
65882
3735
7980
80615
8739
67538
28333
68204
63442
3237
63842
1370
20436
87035
26541
20387
9296
62112
34012
38525
61137
30469
52593
82081
55587
70607
25065
29870
78572
62930
39776
4918
73604
57243
54245
83513
17814
68657
13653
40983
4073
9072
9638
6012
31905
5862
58694
54457
13307
74325
23891
78307
26114
48602
74264
72468
71669
52482
81067
24260
28935
58722
16250
13595
85667
20860
54270
75366
17327
35754
36209
71936
53813
21964
77146
13478
21334
23850
76163
86842
40129
79380
19123
52055
60538
