55520
41799
46138
37158
21996
61986
66010
18624
82417
43265
2515
77368
13110
3504
68988
82607
63742
5366
10396
51041
67975
65643
45853
33127
31322
29932
18346
77754
45350
13909
42152
43071
9811
57584
70176
10469
40914
73983
43545
378
62756
31626
19389
50665
54094
80571
25787
70610
23261
6842
44973
9946
13438
57014
71066
19880
12614
32692
8727
74587
34885
65195
40853
53152
5147
63314
45690
38007
27874
5025
34379
78479
9092
29322
52395
54015
7895
8461
60396
41695
18921
58455
10105
7849
67937
11104
69207
21567
80249
21489
41063
47600
19128
56678
3155
30984
17732
28441
48560
47152
52794
8360
56141
59470
50354
78600
58952
58154
77418
70239
14937
25346
22664
52392
31548
80254
39111
79031
38046
58898
54821
15915
18084
79262
22433
14724
76804
59285
23772
61294
83602
83711
48401
75246
2752
11801
23010
7656
13564
70792
78599
48335
30593
66348
5550
27968
50088
57756
35898
15978
10492
80881
65202
17347
7491
72370
12185
53029
49541
17269
75513
17158
37942
59549
65546
73020
72983
35801
83631
61571
82363
15203
60442
83325
57043
36564
18441
9682
7078
64200
55770
74335
63801
51012
38718
48353
56163
70251
916
66865
70148
69418
17300
15181
80726
61704
55076
67156
25095
24618
31012
5411
73639
22525
64955
78887
63683
24593
13390
45872
77702
1543
80075
79633
78191
7996
67650
83409
52568
51068
57147
72807
31783
60392
50102
31494
20921
32034
79693
17574
39075
43556
71280
41124
75059
11520
54816
34433
78472
53339
56869
71554
74662
16208
11240
54208
8141
37218
56965
4266
21564
12262
58186
10058
17739
33620
29523
17339
32403
69691
30378
51225
33528
38779
9179
37729
20352
18578
73044
37063
19525
20544
52463
17293
38683
63754
35906
58170
45359
20752
50531
21094
61611
75669
27028
79056
66933
1469
19975
34657
28650
14753
64066
21638
54949
48966
71270
49180
12582
56274
18541
44943
79671
20356
77794
45820
37224
8258
62634
75328
31732
17610
6786
67030
34416
17043
36476
54707
67800
75583
5589
1360
77093
26271
9463
44165
18697
2171
17333
48863
6478
3634
33839
26930
23992
65876
38968
42530
19065
52156
8185
50584
38586
56879
60248
28272
26614
10304
60564
43756
22950
63292
29310
30881
38846
64770
15312
67879
82556
67605
25106
15740
2392
77949
22201
24055
83408
65277
78482
1348
10320
61133
2319
15928
53711
41356
82644
59996
69892
68351
46923
30046
45456
23806
84235
55990
4639
36317
68132
45439
52666
70964
78003
2814
21430
66718
61044
26917
70646
1299
84322
8545
48857
38961
30311
18338
48521
5682
31257
39555
12469
47335
79643
48833
9471
22152
76826
39169
49310
74632
18824
81313
3122
73602
52391
34851
83046
50163
5803
14759
69809
81399
74984
36157
31133
11048
37537
29875
65855
26129
15110
30013
1707
43145
59543
76134
76743
10920
24978
18212
50288
19737
48834
19540
48629
26267
23519
44273
4011
15451
29553
45091
37236
48858
1525
56389
497
72829
34486
52423
16945
48342
45215
22762
82961
66883
7695
64139
64595
67206
82510
61686
44051
54824
76692
74025
28996
42908
30934
25231
6631
32417
34850
466
45057
51131
40808
22534
3851
83338
48479
53692
21881
31247
43300
12644
34677
23860
55933
34989
63621
68749
51326
56111
60390
20115
40750
17074
74426
35780
67847
48911
63511
31377
32029
63245
18713
26074
7482
57517
49352
47065
58120
25729
81569
81638
35657
25310
23225
11986
13251
5406
12554
40019
558
63427
6260
16083
65614
61545
52178
18102
6422
28640
49288
12223
58133
38355
18065
63283
17794
31736
50610
31363
28954
61059
40386
45167
16511
56110
35327
81315
32131
55054
70762
65561
70443
7900
64672
9572
80109
58596
51295
30605
25358
46451
56091
18133
29812
45704
83302
39712
77054
64060
43039
49002
8540
6320
14481
69984
49471
32119
26377
8789
31263
2497
9734
40267
29149
47236
39571
1641
23105
17378
56080
32703
69279
26561
4272
45930
76734
63397
55730
71934
15000
29839
16209
17950
2001
332
4047
26394
9840
65969
49489
67640
16346
70156
32010
39511
6681
25376
29948
21229
58465
63359
11386
51920
5438
34325
70930
70975
8419
63199
3416
25453
43034
64153
72159
27991
78367
75237
49877
13528
54492
57788
27536
48437
36230
2802
69999
48957
27260
55726
37317
72393
25326
38398
53015
10529
55792
56732
82476
7633
19029
58451
37652
73451
66502
18527
14017
18798
57809
16565
23995
82414
72533
48688
57383
47570
72018
51214
70994
7934
11282
75459
24788
50869
23314
31643
59207
26447
29123
56615
73256
32099
72685
16210
77152
5581
30695
23137
30274
47312
4861
61820
8653
55851
18605
12785
45947
34132
31298
61920
44615
12117
9027
36363
81155
32838
58127
26495
59831
42094
69346
33154
38811
76351
52349
24954
20203
27994
557
4249
40988
61170
20503
2443
13253
3009
32322
79129
5430
34991
66350
4811
12255
35272
40411
61260
2587
26522
79854
32234
3827
9039
83504
79990
35088
44998
66127
47178
8836
16451
37882
11385
81726
6685
29198
75301
48520
68985
82582
58330
389
39323
33208
27706
10270
28237
75691
53357
43609
36182
32654
53475
81452
25990
8093
63234
33296
17481
46639
84258
63893
47606
7388
64287
51189
74958
55259
28052
44319
84384
14808
51939
62957
56363
3019
57313
79190
50704
5643
19940
68331
658
83738
42084
67380
10832
78238
26010
29851
16784
60628
71224
82566
32598
1670
11134
21952
50563
62815
3413
73103
84070
7322
83268
80225
30766
58688
66461
78432
50014
52267
53647
56595
20140
17590
84236
14612
37507
81082
31750
41195
78134
57262
7071
16803
55553
43795
77778
3850
80822
9858
58460
21654
61381
79769
4700
80452
69199
65782
58066
17120
68422
3462
12820
23487
838
39880
34607
3204
82220
49575
76545
38612
82282
18266
74962
52974
36542
20119
31590
74747
753
25086
14954
42654
63105
52372
24981
75178
72510
39297
72526
46229
49268
48624
45736
11311
35643
62785
72805
24666
66667
58913
40569
20557
3665
26963
52207
5960
59476
11417
46317
44711
6872
41190
13571
21763
2274
9518
16484
37679
83319
74452
26715
55083
52322
40194
41133
19131
38253
44677
70188
24121
20620
73437
78833
75128
7260
49801
67293
72821
68155
20664
16084
36962
75751
21999
47477
65718
52341
43142
57178
598
66204
62106
3632
82052
1883
67546
63966
20449
24080
15106
66193
4539
30708
8953
44880
73144
45470
69744
37918
65772
63508
46092
19179
26283
37961
33241
81518
25046
77347
29806
6851
26438
60182
38583
34469
66324
61089
20413
70103
33325
40266
58742
66202
275
59054
12522
66784
10288
42343
3574
34187
4968
81402
27685
47433
48864
30154
37802
41817
21629
58294
57754
46160
59228
2430
42693
58585
42001
11115
25381
50821
70092
80427
32941
5605
13961
77423
12435
68641
57189
1334
35695
17611
2839
8211
51743
55333
9054
32619
68726
47500
4582
65935
32285
73269
60477
78042
56630
70936
28285
51031
3336
58329
62581
39680
20805
13507
56489
81966
44655
36527
26558
24807
4303
49160
41661
20615
11846
31528
1611
39349
59542
26902
16050
3903
80149
73372
30070
64989
26127
25318
71409
14166
82584
43916
79349
53966
39947
70449
46622
72385
45110
62386
58141
38424
60891
64363
59352
44982
61839
52217
70480
39853
5364
67197
22832
6106
9082
27756
20362
38893
26206
76620
13839
51251
3454
31679
30606
17931
7614
43007
35736
58281
10049
21104
3797
62653
49999
29184
71123
51804
46808
27889
50237
14921
14990
70988
36440
73724
18773
83137
81653
107
31724
70518
3720
23388
53129
4900
12059
8362
79230
64209
40128
27413
5039
59141
56676
83622
17267
78829
70996
64402
17954
5872
36628
52431
12164
40590
71916
61743
65845
3382
63612
44500
30121
65018
5760
32020
74523
67186
70741
35130
74188
14942
64440
43340
6759
3888
33708
71150
29561
53065
57838
61696
46509
63685
15126
22296
15919
15055
33637
43704
67249
8852
15872
31130
55872
82343
72850
56208
31230
70481
56500
28869
64039
47372
8508
53773
25109
13812
2616
65449
42240
11136
72752
33010
26937
61945
17801
39119
28734
70854
67065
14791
68788
37674
36969
26133
4190
700
73344
6473
65671
30372
63465
51017
60728
23618
57928
10800
13411
77900
51127
27480
16743
71359
54098
67789
55435
72073
21389
45900
27257
6405
84342
36882
59076
23977
81753
66941
53021
44322
51164
9270
13336
2178
23416
42973
66642
49342
75006
41749
71014
28101
2768
5383
80760
74712
56202
55812
41223
34240
37441
9169
41026
34104
43533
83625
51526
64759
42611
9242
74169
75959
24936
9726
3428
55370
61180
1022
52905
28167
22184
71763
11772
9790
76991
57092
23996
52198
7358
57323
67484
43777
83652
10812
34518
8866
65239
10833
48686
7351
37469
72077
48585
78449
34729
58581
46226
77020
15327
56298
59930
66110
34871
40774
72411
76590
30212
4884
40268
20214
42317
48939
19948
40025
76265
49336
73553
58706
55582
55609
13803
56513
78345
31689
79306
7613
23153
41244
10240
26018
34308
31299
22935
28257
35091
41570
67071
67916
25958
67526
82632
60440
63625
51318
48564
7314
44010
9486
79217
26611
81587
5599
19351
38204
83701
13101
52136
56445
80361
45398
47925
43381
31518
51152
65907
7610
72109
3745
46121
70175
2160
58820
36538
36807
44789
56169
31935
69440
38449
47960
19091
73217
62264
19695
22873
23461
67719
5480
61132
61621
33209
7793
64183
12581
77229
25776
14076
78183
64117
13360
29545
47882
29886
56035
70984
57159
57905
25875
49168
46415
46603
19299
67376
66570
59023
30713
55457
30269
20729
77100
64321
50983
47061
68195
54333
50615
28787
52405
20802
3303
23079
81937
78178
41943
22216
37612
10799
68910
63206
4053
65767
47949
46687
42456
9209
80317
64583
65920
12987
71789
53018
33855
20170
38479
28898
24480
58604
62483
42910
76623
2695
1350
77734
22701
14596
27911
76083
7989
10308
50870
1975
38073
1444
51964
19245
84014
71446
65049
50001
83554
32252
65893
55356
17296
38799
1891
78277
30072
27861
48575
44204
9930
66399
19890
20965
30407
56115
37740
72116
50595
42259
29950
9788
42185
12925
63937
78232
62271
56706
26292
46794
55521
33517
35929
78727
716
53511
5285
36103
26342
14952
16830
6402
3095
44921
69537
34783
69148
476
11777
40155
19805
38454
62914
78081
69286
58861
32454
68088
82338
24379
1719
40435
31723
20518
38174
76702
53109
21482
15298
71833
73830
43105
79017
10423
33311
69828
4770
40373
5162
39616
72654
6821
84336
53566
71757
65759
68026
10436
12017
75412
36149
65525
58435
15845
75157
47325
40878
8371
51594
62443
31203
37520
1349
62688
23108
22200
82649
79775
45449
75958
1727
53753
827
15613
7100
17535
63248
39862
26697
61320
40509
69739
11495
63197
1586
78965
1517
66139
45068
70770
70533
58634
18581
19799
43730
47924
39510
20661
31436
36301
45598
79093
70407
17137
6695
17820
82399
53564
5192
70309
76173
70775
78190
41326
43321
64561
39108
10462
656
82538
66197
57344
43575
45625
5349
30956
6113
47989
66380
63311
50685
79473
49131
69385
55114
42708
54701
57866
79737
77462
25887
8965
164
887
11294
4993
47319
54106
22117
59436
68334
48032
63004
83682
58624
52631
1092
76753
24315
50950
14264
3942
1319
73503
72922
84195
23073
14024
77872
16457
72128
11337
77610
34809
62664
58096
39955
70195
43901
6783
76745
39131
68466
20600
79273
18433
34913
43425
74044
53340
19594
73676
28375
20176
6849
30721
27286
15632
27892
18043
73383
53349
80039
27114
63170
76616
20535
34579
40557
33368
66637
7611
28422
42669
65323
77807
11262
36022
54593
77836
42685
16546
41130
21026
5800
20016
5826
51889
40307
8993
49536
61465
8300
70378
3415
71712
40348
6223
64661
22427
58536
57428
11775
46161
58717
58106
54120
79749
21729
38716
52654
62931
12924
62423
73267
80931
39437
8062
75596
7861
29087
63871
54294
38318
31993
80722
62890
57763
13960
54614
83418
69182
23574
58885
67941
55544
59110
69130
16736
43683
76711
4998
16123
58692
53160
48945
2507
53541
49382
40287
74393
14314
45665
31079
35247
25014
77466
79734
35253
7918
66799
27190
49778
75238
62420
56530
25296
41224
37153
23237
15311
8113
59224
74001
44402
32993
41415
57643
31019
27368
19017
4048
70433
34815
39957
51571
33878
46197
28849
47577
39447
41983
58612
75051
48767
74899
34751
62511
39012
50147
35818
53849
40681
8348
47025
66227
35740
54577
5702
12776
28735
8784
21300
30079
34164
53471
6645
56554
24710
33070
81435
66591
5944
55753
28955
14908
3470
31639
61612
14575
55816
22341
2961
17129
64526
55277
68337
34789
60694
71957
50680
11317
55422
5604
78581
25915
42643
51294
69244
44567
9234
21906
66314
7564
47446
5265
12510
74646
43803
3146
65588
64960
68069
51000
24245
608
18776
77449
18795
5952
30122
59910
4947
62328
53807
15893
38239
42727
69023
43368
39104
80194
56669
75602
60825
38711
22579
12416
32471
50643
36802
67335
10554
914
31077
40164
76820
26610
36027
83365
60547
43470
77224
64472
24083
77822
10778
63681
15316
38903
25856
34319
69413
59154
11039
17595
77221
46225
58904
32582
28741
61310
70217
78832
34157
8793
55573
38948
52731
43516
29450
25363
76667
27975
9546
13072
62773
8535
49025
41015
39276
60780
43185
37553
51802
34525
74801
49488
17990
3306
76607
12036
60470
28582
15777
48963
37154
27166
2886
19007
72104
55552
76357
72871
28354
45732
64409
83760
41934
31178
40901
72029
22383
14537
6034
64242
26606
11831
18770
58256
79132
13146
52762
54475
14030
58166
60410
62452
51308
44493
16764
8691
5220
67672
20004
82610
25542
58183
74045
51865
52464
1175
67986
35816
21572
59912
72644
16824
20934
9621
54517
57590
52368
62724
36425
11951
8028
8773
39799
11067
7837
61565
73888
25128
45021
73524
1226
33405
67344
68732
65966
25037
65504
34345
25951
49210
53316
80341
54806
54025
48949
34777
5207
10133
37580
13243
43242
69095
15912
69680
42138
51401
48498
9998
56404
16056
19303
41734
13925
73388
73517
9196
28416
45411
7116
261
56601
23221
22173
81643
84220
24771
17740
83939
16188
66244
73876
51698
32397
34945
12849
47093
45750
37785
37371
61139
73483
54543
28762
19803
31946
1247
66206
31619
18485
42861
30303
82734
49308
4573
27833
45884
28251
74829
83904
51934
20394
82720
64154
81699
52846
51344
73868
34068
12733
17526
83081
39894
16587
80781
56581
72852
29936
12488
31256
57134
31422
24325
55436
49989
38829
71493
47918
24053
25789
67646
61937
75141
20951
79138
37590
24773
65854
52243
48029
59082
28282
2783
73238
76069
42015
82751
78657
11653
67174
64208
64757
41290
35103
43579
44507
35791
23532
56917
24762
11336
12935
28769
1900
76063
59938
82574
45187
50341
57877
13434
76001
63980
21518
37636
45107
7423
16172
80531
25325
26792
17119
31837
12208
27355
27722
36032
29457
71785
66511
14388
8301
9107
14799
48829
60235
54954
42536
46249
7400
31095
67704
11710
61184
5906
82255
2362
41561
36121
83113
70049
50402
235
65995
12560
83962
61699
44844
70216
18657
83661
51315
20148
2383
47278
19731
34669
43234
63545
37757
77613
71764
69084
65780
37082
20152
41917
26693
63372
80418
65098
7803
73280
75954
49094
77285
17102
40690
62665
19448
7492
70312
61840
69288
13731
56360
7696
84172
29730
584
16827
70560
6445
68767
45575
52800
29803
77837
45039
39891
27326
51587
60097
80505
80811
60042
2280
30388
18863
16682
54197
54412
80
15051
60162
41112
11167
39785
57918
34110
19746
53256
29580
48463
20149
75835
28555
15977
57244
4105
33404
6709
49422
79096
43750
32866
81739
33375
11364
62460
30685
84312
26619
57902
11373
2893
19280
44170
55169
40222
47036
32198
22163
35626
39897
72636
55263
81869
3101
7427
44462
82666
49996
39684
44317
7808
66325
20791
28065
37952
43673
74929
48758
37486
7547
69752
24137
17128
20983
1273
73838
11763
12084
8794
58660
35547
18281
63282
58668
33764
53067
12592
24812
24362
1142
18777
16884
3309
68950
71878
22698
15452
4463
83488
63470
51033
14387
69328
77655
47080
19073
22527
17735
2483
79770
52191
44342
27132
54676
18224
75522
82754
44828
24312
54796
21276
69889
36897
74944
73057
71765
59410
7158
19154
71634
21645
70507
14968
11064
70765
19506
67039
12055
52000
66550
14766
45642
69514
51117
75742
21928
333
42854
64391
76856
19962
71927
46204
40452
44963
10784
667
2190
55579
20945
66864
84309
67491
51410
22985
34540
70753
2710
26258
51558
67863
11483
20906
48552
36316
29426
37304
49577
43253
9444
4411
1857
34921
29412
215
58019
29325
23270
10885
11741
13584
73096
70620
3112
54720
67069
80679
26143
54063
7878
27712
1880
44291
65883
48131
18680
7875
495
81172
34470
15752
72143
33850
13188
71881
51766
45390
27076
60081
70720
39245
41566
15271
33815
11583
21156
51149
60452
37099
80758
19981
6161
35098
17602
494
8564
19767
71435
47585
35448
45988
32567
53496
17774
27705
38163
37342
36086
47288
74320
155
47872
51770
59973
982
7557
28488
10500
38047
61568
46498
7932
83212
55179
13739
66965
51319
562
35945
37712
54943
2539
41270
64229
62600
59880
18061
17681
54598
7940
44081
12486
78386
62228
6905
41941
67245
54156
49115
32184
49755
43261
55535
20989
23491
59453
60944
68957
9819
78250
36294
84442
54641
57668
10314
57157
1079
75680
38160
60720
16902
24131
33835
21091
37789
71140
39285
55225
40012
2303
17714
6591
12367
59746
29285
48779
37929
1862
67623
68608
24335
67222
10764
40572
59573
32620
63218
74925
19729
45901
25651
47400
17570
52378
50015
34566
14757
62396
34366
32356
81568
71027
83363
62220
8575
70444
42309
28885
24461
63911
21460
7719
15524
40419
74287
83182
53049
62971
44192
783
40497
72727
74014
15951
7218
10559
62272
50249
46001
75108
48267
70999
80185
8618
61531
12663
19076
79783
48118
2450
63689
4950
77911
77440
83315
18929
64851
27477
67194
75850
46452
60358
84412
51918
71318
69116
71617
11606
79238
29065
69777
78560
51377
40971
79471
72295
45919
48304
1530
41696
73022
14386
46010
35041
80372
48183
79680
13093
28308
475
4278
65492
26539
59964
7876
33145
70580
52608
42195
34409
37858
23556
45847
37409
16921
12304
39623
59719
14370
82999
51817
68975
78784
45368
15227
49174
58157
1263
81317
53247
8236
50578
16814
25649
47559
68937
82475
31666
12025
10695
28075
79624
63756
56397
65714
45931
31198
23672
12161
84272
17890
5464
53128
8230
30114
2115
36096
40004
66605
75701
67257
51480
31495
47341
27655
75267
70699
41396
5631
70029
76252
72975
62663
1584
66000
65170
19738
79682
55669
63151
8025
82776
61979
68387
15044
59036
74952
84033
12993
15241
60880
3740
4359
3621
13464
3477
27957
67765
78977
30797
58643
83167
33985
68969
56999
74797
41796
64455
10813
23575
82043
66788
25927
9160
64474
44783
8537
15063
51150
36773
84347
32800
76449
68166
50577
53131
19433
42474
14519
20458
10698
82874
20327
47301
126
4526
66466
44241
50187
72257
31938
24727
30563
68162
50006
44674
79081
21
28551
10427
21263
8448
39854
29975
86
75918
50463
16269
77771
4839
14125
10879
15024
23451
40463
80486
68547
69374
35175
1125
27340
60896
34489
12742
59102
50334
72420
69938
45250
70030
15592
14127
22446
9376
22043
35968
39944
46553
37782
24966
33866
23094
12630
36734
9130
54548
13777
20205
7562
12848
2947
77898
6333
72949
71043
57112
24528
30156
48496
45995
63533
30842
48660
10232
47670
55499
46490
66257
47084
38284
13178
59401
36179
3039
26020
60885
80358
47961
72699
27168
71059
12771
15838
13297
51389
10437
29992
26432
75052
43914
57646
75085
984
7537
42802
82562
11477
4960
80263
84181
60809
48455
33220
74619
30347
40678
5563
25183
23919
84368
58103
7282
1078
41366
77315
69361
7901
53814
45975
48922
43511
41706
81374
26280
83160
48008
77226
51533
67407
18553
53746
55775
68225
49137
81667
45226
54406
4310
71931
75656
30217
79499
40002
35600
38978
32443
44853
46973
56436
22199
25042
68213
37053
72707
9227
6529
83213
62728
55340
47184
5578
64366
79191
59033
82706
47388
83546
16566
42316
31328
267
64872
34264
24265
38696
21346
38220
35196
8936
40226
14507
33053
53302
64140
6762
73324
52628
80669
54342
69432
28309
47649
40984
3154
39373
5994
23792
18585
42480
52456
48844
68464
10135
20014
898
36227
33072
51310
42086
14932
51613
79487
31408
67690
18755
82036
17115
76971
16598
18188
3390
30054
70249
80144
47393
72935
69995
13435
41167
273
73409
48891
41975
19058
48950
79797
4338
32539
57430
25882
78056
57478
52451
60181
30776
15468
59331
64317
68643
44522
3482
34410
59333
53026
74908
73611
82493
1529
46294
10152
51438
3741
31342
42263
14162
53750
38294
82004
59236
3499
62763
22548
55139
51439
30963
43371
22084
7014
72552
10161
29482
5668
48880
76498
49729
71377
8681
36544
34473
42410
61165
27934
59803
60057
1608
69601
33042
8861
8363
36307
53041
21612
81301
45233
74043
61906
51472
19164
69606
80350
21459
36003
12962
6312
1066
37625
31811
37722
43476
59521
80853
33462
5704
69463
46305
42052
33171
54696
4000
15390
47639
21348
80373
64401
70005
62045
54289
82753
7599
11973
3527
13015
66096
63664
66699
13695
9257
29692
60257
72602
36732
34474
57506
48305
9223
71251
78497
56594
16552
37137
19153
61112
57764
19491
73967
8038
5238
7172
43268
11165
16559
34858
66196
1052
54278
55793
31915
39875
37434
12866
55559
73533
8626
4049
45481
59013
4825
33148
18586
54926
5808
54290
70789
14837
65148
56428
75515
20722
22519
65887
39208
69658
39650
77599
20759
70922
39363
26699
69045
8921
64052
62203
81829
79174
57266
10325
18314
57118
38267
60866
14557
4499
70819
33420
65107
75452
70101
11009
5724
42920
42557
22004
84072
20754
79432
37136
71794
64646
63456
41754
50652
19526
19717
79327
56348
28389
42307
16049
42751
78337
14261
15686
18513
56591
11821
21006
82780
24382
14505
61420
80664
31287
59958
38037
25461
64262
4621
52159
31845
21010
24475
6961
11987
76785
2542
50076
27883
23984
43754
74237
29735
47676
78011
23068
38785
45229
62196
56686
55444
6472
65391
35767
70546
42826
81431
59585
83868
21417
37444
37364
22851
37949
42710
721
14164
70450
65285
18720
55388
16020
20866
3977
7982
46554
26605
82810
70990
29119
13444
45092
69086
2256
18823
16198
56617
19573
65374
12176
36053
7910
29331
50729
11934
48529
16889
72135
26887
792
19426
60526
67393
25344
33371
2016
60815
70809
49886
47800
51731
27
20345
7529
6063
62233
9855
45696
36648
18014
74754
69551
15633
26880
37223
46367
60997
12800
62808
49601
34637
13706
55810
80437
49836
2121
53448
77798
42233
77431
30642
26200
57498
2602
75961
22974
25662
50142
12867
65373
37402
75211
69519
4481
38749
72149
41054
14911
73609
74923
1164
30089
52644
66669
29446
44183
65707
76061
53184
6277
34326
32357
41316
21028
31397
35511
72613
12174
927
40073
66733
73478
69341
10229
32067
62334
4756
48788
52299
35477
70655
48741
12813
15060
80999
25841
3785
76805
52953
22531
66737
23858
83097
17769
10262
36246
27942
36310
70350
26629
5991
76445
57004
7672
35204
26478
5018
57152
33054
35270
17492
18991
4904
40843
9502
15211
6856
25799
70993
55156
25232
48775
42289
32887
65947
70078
40638
68712
50713
16941
37996
78499
29965
59395
13122
66573
39132
3738
72141
25755
47562
18766
45716
72813
66365
7137
19422
35888
18810
5098
40426
15413
6325
20497
21662
5466
64403
56885
76082
64207
29780
55244
15027
75341
57141
2726
63816
46708
29791
53315
35981
63253
55360
30940
71455
16003
24204
57286
45293
73085
32769
30906
38860
80840
48628
158
8138
51386
48754
15477
24095
80989
36295
3744
32608
3667
74258
39599
45815
30141
45499
38662
77208
23392
10526
19220
24855
48435
2546
55880
28217
1674
11754
45843
29955
49316
76072
6385
44509
82833
23310
70805
18983
72488
21064
46020
9997
16761
26889
29489
25996
57864
21384
62189
32235
26278
68740
8606
11401
16486
61603
47844
6037
68417
51998
58503
10204
54362
79730
20926
41521
67668
21757
5603
27449
26455
25833
66471
27223
56742
48355
49487
13428
17909
18336
10009
52662
74029
26463
12448
32329
1416
75102
41108
70307
19756
48474
36607
13659
47982
11489
13085
47705
40521
56897
50437
6995
80415
74785
2238
11253
43286
59485
62062
41639
54651
14737
63119
21594
66988
22807
37538
77432
79886
62262
41577
39647
69859
63996
4131
74947
1199
44242
23164
13531
33706
52955
60423
54730
623
47432
65960
69847
27056
55048
83454
79466
18637
42360
73794
26853
68617
67634
12076
17152
40284
51771
72747
38955
82331
46712
69655
1833
67254
79934
44827
26871
62633
38322
30666
1119
70462
57567
77682
27679
47387
22549
54654
46155
21234
30528
64594
50019
74753
66485
16625
5925
71249
65946
2522
14407
877
15363
13304
84115
64049
57772
2237
4326
2648
73842
32251
35980
7569
10878
17768
61628
17569
82491
20554
65011
28670
23511
66855
78466
49423
82922
81245
52358
56365
27995
66949
83055
29841
23450
19503
72905
18700
20634
41833
58287
74660
9309
39794
34430
70046
45351
66352
36974
18988
39988
52890
74593
31504
474
63539
53699
70272
84471
13836
65998
78742
38552
26370
47819
36514
31890
5945
71022
11671
9526
8087
77786
64807
8425
75172
8372
79260
79804
28405
49445
21120
49988
34911
59830
73200
22005
79304
54849
38509
14956
15255
69638
3816
52273
49358
8918
9582
306
30616
43859
23346
43221
17182
4761
36446
3431
75179
44406
79551
35778
10570
59813
37973
73433
72543
25753
38902
60113
58901
44253
38793
48494
25289
15969
25972
74225
53973
20813
17026
75560
66720
44680
25445
29193
61883
32230
17528
45323
8583
43158
8319
26576
75892
5047
1234
33788
58593
22000
36290
55107
61191
23436
68098
71440
72947
16935
59037
45500
53420
34891
72102
50846
16290
64887
33834
43856
84134
41422
52543
55801
48670
31878
81247
29228
63872
58711
36441
38930
38393
7981
65647
63820
39621
27913
24448
64320
9497
15543
4183
64782
71100
64680
66873
13589
53936
6880
9588
35361
29734
61058
47790
77582
67658
74903
67840
29262
23585
55917
66231
23111
62069
47030
62367
42265
37133
44250
81777
8311
10428
31755
40282
75824
80365
11712
14973
10666
51296
41467
76685
2479
83457
41035
65803
51332
47624
10251
14399
7858
16586
10032
65470
22047
57375
24876
49552
70209
30306
37067
42485
75729
50259
66701
75186
3070
24052
16274
71684
22771
3508
59085
29448
10243
34524
73850
61737
59657
70664
11813
69920
69218
14886
48567
64253
19869
37697
9612
58264
50129
75710
864
5807
72342
66910
5810
80223
29253
57598
60306
8006
1488
9801
47752
49689
47143
47346
83015
39639
80463
71636
37041
49496
72535
81921
35826
25087
16872
31690
28145
55131
67284
45345
50650
65197
8951
25411
65999
59870
14058
38577
9591
14536
18232
32476
65135
29888
41807
41200
75469
16977
5346
2666
84189
32821
82370
714
18932
23902
66172
81176
20731
16334
2973
49614
51193
75842
23704
1958
80172
20630
75346
26296
67083
54291
76624
58718
9458
81727
57547
26668
14796
58379
1106
56499
43845
79146
51635
76966
56361
59827
55733
65851
25454
61307
28784
79768
63772
32448
8811
194
6370
18422
31189
62605
44732
33739
72638
75378
75392
184
20602
81970
43818
75630
62325
13215
24381
65886
62508
21244
21088
65726
12555
2228
33893
50929
32653
81687
68122
6411
11888
80273
63180
31697
27986
3168
38441
44381
59406
25711
25094
68558
55222
1806
5337
11493
65059
48120
72390
58575
51855
28542
63202
952
80392
47249
24014
26632
70544
60633
23258
69052
33396
34571
63526
35618
64785
65570
50684
66879
21230
26288
25960
80021
46441
14674
36922
62469
43434
67529
1569
3593
25050
32151
19384
5131
63649
35423
20171
26692
25103
22799
53262
17075
56229
29872
42381
66506
516
28316
70857
51557
11460
33602
22788
59025
71804
41359
78521
56876
44352
50937
36166
17336
36823
2999
57522
5255
38020
46715
73617
19782
50949
51458
1528
63446
23462
72887
15326
11660
74604
13257
45839
4910
75480
6494
76483
79197
459
31374
21574
59567
6112
17697
56090
22683
26255
36162
24575
8561
53436
23054
12125
66982
61599
6987
30221
2604
57620
36138
40336
45702
40086
34388
24607
73425
47798
39026
76006
61087
20334
83308
37316
56324
17771
63899
959
81952
5290
76565
44343
24012
40799
765
68555
2712
52038
41215
70527
81512
76167
69709
64829
78962
11393
22311
54507
31718
43072
48402
7484
72800
70562
19163
36697
71598
34464
73709
16930
19932
44837
23918
40880
71728
45248
79946
1384
4502
30024
83075
48805
56585
27525
79911
33635
67730
36402
16445
75702
35599
18746
22036
3573
42120
38867
66055
56827
10990
508
75068
16412
35565
33088
33720
72283
14311
8114
25683
29323
66268
29847
69715
52877
42383
70451
54303
5354
10930
56834
7490
29419
65495
78417
51358
54789
6032
68456
28444
5521
48704
23802
45708
29526
72657
9469
43228
53025
43700
53044
19149
42524
50600
9218
82557
11966
49868
67903
79422
31576
48427
58207
35682
56757
80926
33613
34404
75573
1866
17395
17854
35730
297
7136
80301
25628
77875
71205
44607
70117
75439
23934
27780
74862
15649
68747
41681
58853
30700
70609
19855
66107
43225
35602
82985
7780
62630
53073
67750
32367
55605
1298
19538
24144
40280
71325
60078
30981
39153
22452
80724
40375
25584
35844
60302
7987
48684
14591
4141
57961
20481
45436
11718
63067
83374
32175
75062
50282
4874
14349
1465
36062
41016
60114
58628
33217
6862
72958
708
17558
56982
34621
71714
599
26322
72294
9960
49008
3184
10415
25060
7583
70817
736
12594
1301
58383
46673
7474
60829
72676
42784
32648
77510
17310
20909
31421
65644
63706
49364
6171
32602
35639
2084
39051
47443
15239
20243
81971
75296
67881
31305
75873
35018
59819
56037
76100
66275
28111
79794
60567
21395
4920
56124
57445
8359
49153
25462
53100
38210
71918
67016
39568
59468
2564
73776
21410
13737
59578
27414
46139
60847
46386
22336
33778
18152
4142
34721
52381
5517
33318
44735
78719
43607
51169
77513
72834
68325
25556
27066
15798
5050
7356
5502
62772
13246
537
7829
14438
82018
42804
35385
43694
71180
3858
45774
50898
39929
26126
34893
47725
21630
71252
972
11579
12462
1276
26847
52979
73603
68720
53549
80601
20294
66278
40112
9296
55744
39771
66603
42285
43764
5142
50751
56575
51098
14972
40603
47100
14512
52971
15827
25264
13740
3437
47321
13216
9841
39904
67265
11174
72214
848
32342
47744
2140
35407
23064
36647
1295
77650
27177
51845
6304
18562
1515
62256
44638
5273
128
20322
24106
35578
51121
44084
13339
48793
5983
20358
55595
42134
33792
7324
26022
63041
2098
59292
74294
29595
9320
2225
70561
61120
29853
76042
46111
15449
54391
37948
21308
57693
16754
9325
47812
43498
28887
59388
78131
41791
10555
24004
81492
60766
6036
21689
76938
47544
34292
81091
9974
82665
81222
53855
67865
14556
6844
11856
4529
19169
37246
27061
80723
9350
61997
40884
27053
79454
7015
55597
21268
24703
111
83988
23926
59289
57930
60833
47822
77282
72761
59359
23935
53328
62873
1943
71964
22750
32201
7489
33660
10585
8053
50547
34800
50158
30838
65446
9183
17612
58736
75672
60663
55821
10864
13941
19422
3076
6837
13195
7089
79756
22131
44914
57853
71801
6748
39983
37245
26238
58221
23046
6653
52374
5359
31729
32994
63533
62637
42371
9395
13527
83876
78024
30660
50078
72988
448
67264
74711
35693
11718
27505
11395
50260
8020
31159
63898
15388
75406
7898
51513
51850
79848
84232
20405
84185
24792
58955
61503
34059
6337
63038
