46127
31421
13672
31866
25969
49804
49488
54902
33576
16434
50703
50409
54655
36062
1294
3546
55581
10738
31397
17800
63852
5774
61062
32988
43735
72781
37094
72957
41552
59173
37880
18034
47261
71456
25033
31757
56894
57061
68703
42547
27075
73881
23956
1402
45474
25685
43876
1164
14032
50047
47881
45058
21770
48863
65870
60976
31108
18366
56757
7980
49851
76671
37728
16296
54310
6368
46957
37445
7101
76462
2504
41468
26376
13271
55870
29975
5215
16832
23664
9642
15019
6594
33950
76881
54823
69411
60544
3810
31611
8053
69700
71180
60249
31610
39577
19439
3351
42607
30006
18915
47636
4227
24566
13692
46524
59177
40877
13291
1088
23479
51753
65460
66742
22166
72351
24655
32660
15092
6735
16705
22904
28611
26143
60645
59888
51850
67320
71077
46534
26324
5471
57806
22399
32074
9914
45563
57729
35721
72435
17091
3407
52811
57378
39937
22573
46781
31304
56845
23317
450
39709
54850
41360
70734
28641
62896
51504
29107
46959
6557
26874
10448
54121
23387
45713
23623
17494
68002
49617
69302
19225
64420
3675
13881
4296
37165
32324
32814
31305
72062
68685
34463
56104
17155
15139
55663
62687
38101
7538
34466
61882
45341
46318
49276
21831
55009
69591
39842
26022
9322
28990
16682
76020
37270
39667
39156
30347
63026
57482
31406
53208
2010
35189
20598
35172
18463
74651
65487
32234
44298
46549
34896
29165
31111
65025
9662
7257
76909
52358
35575
17923
32640
23450
72213
2611
47786
20676
13756
50736
13205
28478
50594
48305
44024
64896
8248
72790
59719
66073
34111
61192
61365
57644
12538
56473
12535
63210
70207
72694
31263
436
54806
28095
12351
70885
57619
9259
38297
71991
74809
37926
11164
74033
65842
12408
61628
10181
76456
52973
32671
31669
76410
45488
35347
10830
19492
35828
34965
21803
521
55064
51789
41616
24576
28376
20774
70400
433
52345
70693
41977
55919
38583
55499
51346
43674
12592
28038
36906
14147
29796
65295
29057
3861
49362
47915
2957
22450
12919
11359
68465
58487
69868
11584
4529
75593
11533
43363
27598
12841
31121
48843
24419
26501
21606
44465
59048
71603
37606
36855
35456
70013
45574
7773
24865
17742
20791
35910
17891
23902
49042
62767
25303
12239
51015
4803
30033
49565
2552
68785
59240
15992
13962
46687
20897
16474
29413
14321
24953
38058
56082
21265
17918
51702
66395
69184
73797
23041
16729
11722
27350
16508
16312
56334
64284
48599
3784
61450
246
53786
61104
22263
74078
9166
2034
68692
52170
64416
28209
9349
50349
42939
32068
33582
24124
70854
7705
18285
15295
22368
30164
71577
17351
7911
20422
26047
7547
19727
17909
57606
69475
1952
35656
45259
20999
18542
76479
18519
60257
7457
13281
27133
51928
15136
53567
36734
29329
48346
42287
10775
8717
23403
20229
74326
5855
8782
60719
66357
73374
9953
25716
63503
76820
8311
64644
74407
59621
44740
69166
65037
66891
20834
30367
70035
22113
50675
26293
10572
61591
52441
44086
35604
25154
49940
11055
17106
71865
20860
56480
29775
23532
2785
69539
46304
52273
21558
36204
37316
41375
39534
457
61565
72150
17195
65789
42733
23401
46752
73164
2078
50440
45470
35545
18920
66589
12969
32342
56230
31332
24632
63741
50095
38480
65249
10518
24031
60045
59124
76126
29704
14519
45346
53266
59949
52233
35562
36990
70824
38894
4497
47019
45289
15487
63965
34454
58744
43729
77010
21962
73726
24471
40029
47564
3126
32953
28689
14911
37664
11932
29167
4336
48681
22593
51347
61379
7214
24885
53685
13772
38551
32053
48563
12461
44323
60009
13257
806
39410
33517
7114
8892
41541
60977
31432
63820
28543
24316
64137
55712
21162
31682
24645
73836
57572
15501
69221
27820
50389
39501
10123
57480
60163
52573
37243
1453
13161
49467
46750
31576
25491
48690
15318
19530
22689
44143
32768
46710
2750
26149
45957
75713
31027
64646
36674
48541
26296
47238
45232
1846
53055
22318
35526
544
37992
30302
57137
64157
18640
69377
36451
50958
29984
11292
33502
72770
11984
14690
56114
36944
17938
38477
18964
71489
57633
13414
14399
75839
73376
33275
27030
37051
54269
33791
20131
52375
2686
65480
60802
55286
746
7688
2646
35980
43475
37390
6388
72633
19318
46503
15041
63227
61990
30865
16244
38678
50761
47930
55159
9483
32938
12979
30245
27524
56837
64247
5479
34990
29573
74312
38539
68404
42389
7044
68819
13830
35057
57498
14613
20819
71102
69144
41660
42598
46088
16270
36399
45552
21254
30213
55661
51517
16999
59308
34865
6832
26845
8167
36235
14491
74452
69291
69767
10351
56368
32843
39575
47752
70776
54727
76320
51867
58910
65265
48765
46945
25358
23652
74547
8721
61919
53218
10831
18228
32446
33
66128
18207
9906
55261
41447
73340
45842
6566
29514
20588
59631
35969
30985
7543
75669
56073
9993
64589
71216
17218
24857
45913
8456
74846
66214
40502
65562
47522
21717
3868
59041
58123
11301
63
48257
10258
66803
4552
52251
34446
46115
54881
27644
74993
31455
20319
51856
26312
37044
40529
50415
21287
65047
65996
20813
14234
17068
4150
72333
21886
39286
60105
47812
25451
48159
64348
28947
41173
40912
7912
63508
6807
45966
65931
38266
6887
7952
66615
45824
58733
30550
74770
3980
69127
2739
68981
31450
50282
20560
46226
55465
46890
23979
12586
3260
59037
49873
19772
29090
70397
32010
9994
66713
20443
57173
74848
66951
16849
21721
30382
14708
38224
21335
18195
22454
39392
44420
34064
38701
54730
54071
51831
35394
47222
33118
32077
62992
22905
2543
36471
15812
31836
9857
53811
3763
3600
60043
13669
705
45664
30806
15072
35128
50638
69724
11151
72710
60376
37762
14382
15187
49907
76311
3484
28610
63747
32203
1105
23104
72550
30418
68043
59749
47829
22576
52232
69634
53979
48263
6435
8975
40691
62140
20324
68027
17750
63592
68861
59350
70472
56157
70581
27343
9530
26980
4678
31581
11836
35561
27729
24352
75961
76004
36846
50285
18606
53736
56148
75851
58842
54317
42859
51607
2859
54130
57718
1517
39611
53859
18674
53297
5924
51227
51916
20259
48147
56519
71455
73093
44773
5379
36800
3098
26860
27713
45572
73337
11779
56144
11847
43183
16410
72100
17465
58451
22550
45969
60738
67347
63991
57109
19168
35540
27709
9851
63061
46691
29668
46790
9484
26291
71060
55402
41733
39183
28061
40609
26297
41434
19538
68041
46688
27500
72320
69499
71064
43539
8236
39761
60173
6880
21320
11488
2040
16878
34619
44275
42684
27856
52264
53238
21607
43992
64879
17216
37017
73577
2011
8763
20535
9114
10449
67840
27278
8189
73855
11287
4531
4124
54721
66734
15932
67482
25525
23871
61640
59492
9294
40871
53290
27362
29885
25548
6174
42864
57310
27516
60155
14470
65909
20941
11441
70450
76670
62766
54664
61492
77058
51149
54679
65410
1558
61070
10819
12308
23093
22379
47351
22838
74353
11751
11834
64059
59019
65278
38919
6933
13592
73565
52959
68840
7433
40270
75091
4866
32877
59137
70577
45557
12053
66198
55401
2734
61880
59707
73769
36899
15666
32039
1907
33234
6683
10397
1877
61024
27323
935
66194
60220
21195
54048
1640
75770
52385
48589
36418
62144
22117
56580
688
57345
21892
1147
63356
68384
48382
53642
73370
57074
9345
19835
5116
59010
36046
61394
54657
74122
12286
25093
33886
33658
76175
75723
49794
42295
21869
46947
35042
3993
37384
54854
67977
73824
2761
54788
76248
55910
50827
6767
22328
26384
42061
23129
28524
76809
15907
36863
67405
48581
75556
69917
44632
55400
49435
2119
41703
75846
60791
39547
25593
69365
29688
22374
59521
75435
21260
315
21643
18778
17480
17945
25762
41581
28894
67965
11045
37973
55358
55578
16533
42722
25409
20124
10165
60100
50691
2770
29956
44032
52879
48708
27061
28201
73792
65427
36157
51740
1693
41069
57817
76428
41411
75852
45970
76590
49831
11447
52735
57159
18072
72195
53996
69678
17404
33104
38580
20445
61120
6193
75008
76954
45836
1082
13840
66779
57532
24665
67374
8954
16661
33913
63201
21772
21130
67392
6862
13525
32107
27238
60763
57375
75790
2323
48000
23344
31284
29968
13216
32044
64697
1698
42240
36952
36565
42633
57090
49593
28593
8287
55117
1348
13991
32409
38564
21843
55210
42776
49980
5025
51367
63416
52047
23525
69029
43949
4549
67429
54712
21621
44720
59912
38766
69789
30603
43656
33995
41932
70391
30545
50088
22021
46880
37349
61012
34535
23241
69142
59253
7896
29461
63253
25949
62856
38681
11106
17702
26262
56410
37729
15954
41589
27983
37024
26603
709
37279
31899
55528
6277
3420
66722
53431
17892
40456
44911
67161
65682
2669
4192
12907
71529
67655
73808
73949
46535
11612
51017
22563
53762
6944
9724
49975
3796
41539
59375
65454
34528
11959
33901
4050
20807
65735
58038
44765
66092
2603
27152
46267
1668
58599
71870
23595
7249
13556
72113
13218
17908
25757
50279
34588
51536
47124
15677
30820
17082
65246
41033
21902
38642
22623
76357
65243
76088
20564
38743
61958
50882
52768
68665
13689
73101
12789
61037
38820
66146
70842
13322
38528
11998
7455
59088
12494
37209
30508
57853
57013
47591
70792
23519
56505
62771
51282
52269
463
26747
64003
2465
26800
70265
11839
76803
42325
61859
11407
60813
31400
19301
33735
49115
11777
59370
8019
3668
44153
34523
24822
65164
38498
20338
15642
45109
15169
62073
6317
15532
50582
48890
30957
36872
38444
22460
65573
34752
5731
18715
65015
4760
10251
38095
30417
9464
74483
31965
62403
74239
52690
60027
70072
49494
3218
18532
12171
50217
9649
14569
4841
39339
59470
14685
48119
24986
67672
14099
2745
28609
19094
20711
15307
51788
62913
26212
1111
15274
17154
69675
14109
35416
6783
17583
52656
41233
46098
64750
29459
51799
60911
34022
38900
49270
68217
30544
60259
53706
49224
75777
12806
35936
40689
63443
28169
21534
39337
32650
47520
26110
57774
76436
23133
36512
42414
60467
9146
2634
42621
42154
57579
29263
74820
75985
32641
55565
3890
25498
27556
25306
71196
68745
39590
31706
38209
70302
27097
23109
74343
64748
72203
34700
5077
3386
66642
6902
69733
20189
64594
26465
54403
50042
56976
35625
26595
69755
17362
19678
30525
56390
5773
55598
39732
43438
14814
64753
40405
62465
19046
31796
236
17341
52435
53794
40387
25687
51542
6928
18359
70003
10570
41555
63376
33135
31564
75113
177
12912
34842
50427
43911
61506
66386
36573
46125
27083
34850
67220
77206
27604
63401
64696
14789
29817
25684
72166
5817
70818
2464
31361
68294
15527
66583
21919
36151
9870
46721
19003
26249
21860
14617
37814
50213
13451
3671
56805
53438
8345
58234
75543
54246
50100
57342
17051
66001
55434
45507
25633
11782
62324
11207
50417
6523
45075
40892
1996
66666
11934
36258
21309
71034
58383
36112
49881
34960
46508
4899
49971
15118
1101
57970
38208
75980
49997
17472
25072
15186
8957
29070
74030
19645
33170
57123
8673
58805
67498
30786
3283
5682
64827
35261
35729
14389
10179
21752
73715
48125
52140
31291
50715
73511
53848
69777
1764
7842
10698
22446
2870
11102
72405
13335
35668
52257
66886
27359
63258
22945
19954
4554
10022
32881
65624
44196
38618
75727
68808
76445
74944
34090
51580
46361
15713
19819
65622
24080
59716
47623
1494
45803
42951
30446
48189
6014
69232
49208
35169
10553
52942
74006
33488
31261
63179
40614
63731
26875
51743
14873
368
28150
50319
24762
52004
63900
55168
49029
42013
4244
36660
12928
39555
44239
13677
56006
36273
31447
13253
43030
5882
19936
1025
52384
41574
52309
34078
17926
59671
12450
40690
1531
11016
26441
50384
17629
72587
239
5942
18023
65768
2889
40962
19455
70269
62787
65818
21448
69434
10606
41872
16220
44432
69017
13147
56584
20925
67155
50313
31663
6259
32606
48470
44601
864
1320
42107
7925
69543
40928
44144
56520
26108
18505
63948
62833
13441
32382
77156
43213
11216
45651
6717
2407
64992
52834
29164
65929
72651
57977
7955
52376
46889
66947
10933
28917
43932
74687
16093
73350
3030
31772
60044
66479
41097
17717
76550
26003
6554
31338
20839
59434
65918
43253
25918
72127
60452
37581
61414
27013
69725
56600
15853
9109
52537
38291
29707
19994
45412
73713
8866
6087
47595
32414
30428
22448
57269
28898
39955
44484
70140
50795
1040
22338
73538
72833
56610
48363
16824
46297
9672
68933
29358
66101
11497
77057
42744
18346
66376
39094
68490
27850
26904
19367
75793
11078
20943
15694
3184
41275
13390
64148
651
62990
47203
27033
33252
33707
40735
65255
52673
11539
7342
56427
13513
74989
50199
50671
42622
35285
35655
11848
23259
33906
45802
4792
28721
36260
23980
39957
24490
5411
14833
57265
34518
70122
19702
9843
51538
12984
62785
52922
8403
45575
75871
22866
35670
52696
53020
66223
76532
55122
66103
65686
27519
14376
53804
25550
32116
39982
13916
39394
34095
2432
21733
43899
74403
22804
66816
13127
31521
72335
29578
14701
73922
42790
57845
69680
51231
73428
41914
63711
36718
51365
44046
13365
43782
14230
74692
27955
16602
8499
60701
3041
57968
55884
7899
20601
34616
36791
41978
50821
20306
47418
33705
10686
50801
39924
19593
29960
38431
47252
12563
45920
47584
16833
39243
38299
28036
27784
23845
68534
75317
41342
47682
12107
39802
56673
26161
2775
41126
32566
56585
70240
71504
72672
76807
43042
44130
10372
27035
56344
71986
38141
25141
12713
76045
25428
6857
4147
68803
60833
71457
17221
10470
63470
71109
67130
26853
71420
7691
9846
39542
26475
53271
35372
47347
75406
47771
60842
30236
32005
24777
21035
48507
71871
60534
45367
55245
10062
24184
50265
70876
16811
63079
30809
43117
75302
20466
52963
54692
52328
69030
29048
57539
4504
32644
54281
47672
47897
36967
32918
43057
53785
52071
68337
45780
31813
24078
72004
64793
48709
18116
2377
24599
46983
32418
31240
42504
71190
21914
38598
77109
38782
62700
57094
27797
70403
55316
61058
2459
41198
20829
64203
52766
54106
59861
59154
14120
20622
28179
2533
52746
53375
10414
72495
39096
58305
74404
70492
61848
40598
26683
28580
5320
50560
29989
43029
57818
71348
49075
37978
36032
43531
56559
26771
10000
71375
7810
1766
48883
28396
38086
61497
6945
28213
31298
38212
53464
30127
18999
51566
8840
21867
55477
19418
22227
65087
48218
5963
40929
3456
4065
39683
14683
16799
66278
18085
16713
4160
9811
28860
51373
49162
39118
603
75677
15938
4924
23489
41735
28624
41115
31037
29427
47898
16106
36542
19321
12797
36245
23274
9121
53324
38204
45209
56934
6003
68485
10815
35847
9455
51683
56776
76996
35866
44505
53927
51934
35325
43395
56492
18035
46169
52028
15479
51402
20635
68896
76708
55827
45034
36907
69427
8185
28973
72820
58694
22407
39489
19228
12550
65591
32724
14812
5373
59296
46745
68881
40803
51178
51261
41927
59347
50044
54154
67354
53493
74113
10550
28503
65220
10898
74640
12343
35430
68057
29371
26401
125
20133
48201
18655
43883
29428
61929
20280
71926
18767
48567
34495
38273
56275
29771
40103
54427
4364
23237
68233
25278
46836
71366
52003
45381
27552
28469
2899
54334
30819
40790
66256
20818
12963
24091
52214
30818
50158
36793
74321
44455
54174
28151
44294
60421
55611
66538
34008
56688
65753
9087
30822
7996
39581
10749
17598
61562
6251
14095
55823
22515
61751
44228
66574
60803
44620
65053
74602
45143
50697
1031
72043
4352
76753
67578
22829
50737
44538
28921
35165
69653
15371
2743
38886
11744
54212
31681
74843
32453
53503
11640
29915
77425
67940
30015
40748
55582
14413
31715
60104
54425
68272
33930
34749
8915
31817
4579
50664
3807
61147
60852
18017
68822
53712
923
65960
24012
6758
61926
8706
25954
47870
500
17033
45434
22183
35892
49381
58125
2426
23115
8305
16104
28649
25617
45601
49675
25042
18830
73442
50322
27306
16334
55059
38849
8829
51352
2528
62141
26616
26713
29117
12134
13277
59613
52075
33518
23318
47478
63613
31867
24083
21093
925
12362
29044
72367
27822
22928
44188
45278
61624
64063
4108
33355
61854
22059
31122
28496
17647
32380
6602
70117
33596
66017
694
32117
17440
48074
10531
49326
54801
55539
31501
48474
58309
7190
20272
27940
58014
42505
58109
74337
74141
14979
41015
69279
30959
11620
48725
59617
14370
6490
45410
20173
19098
73659
61597
28792
59364
73842
60240
10321
61962
58947
3142
44646
44823
19050
72619
51511
45124
69060
49346
23087
25538
39209
22990
45706
58238
44999
68116
39739
70686
24428
43114
21681
33797
69775
49493
57412
56501
15367
45190
53658
713
53519
72673
64923
41048
51714
29592
33210
17825
46977
14320
64125
53537
47856
10323
57907
64161
23650
44175
21697
51915
33050
29901
74456
55555
58388
17982
8298
62708
37170
56695
10976
10814
24312
71639
17936
22777
39678
63555
20021
55504
36089
11036
33406
15120
74537
53123
31424
45508
48347
43421
25112
56450
22566
21103
52143
25860
53183
68923
37923
25097
45282
63042
10599
59388
11231
9588
72074
61570
2985
16116
15652
46869
52835
53176
7481
64977
48081
48901
3454
31805
52178
20964
76795
40644
29615
10713
26992
10690
51586
11814
47987
40241
49799
57104
38109
52026
53105
55868
61741
14363
42432
37241
71514
29565
50729
69996
18046
40384
21100
3378
55185
54019
43530
46290
53972
13436
60361
58103
67823
8027
34697
52094
25304
26766
53356
45839
46219
71522
4214
42674
60494
39592
16530
2927
60987
24515
27963
27144
10455
10839
63001
8898
59441
5586
40135
10520
34647
34223
69514
1026
70161
14295
59696
57187
34116
755
12878
25088
36729
63200
19190
42234
62901
6200
1060
32336
62903
21818
47525
64878
59556
4475
32502
69995
44761
51923
26016
59573
73314
1689
64593
56928
21603
6941
31420
34695
1554
19299
49671
19378
2944
47552
45204
12775
32421
36048
44562
55837
15433
76232
41942
60451
6600
36364
10289
57664
42310
67235
12365
5319
64848
3252
57732
60434
24613
15017
18696
3303
40636
73625
25331
18684
12511
38964
76646
25994
45616
40626
65674
68104
57047
49735
52343
8728
40619
20059
32434
40551
26037
14909
5575
21462
75453
52686
33469
14492
17979
68741
28449
6908
54960
35184
74688
76817
140
6318
71826
60141
19160
72130
61937
33698
10995
26381
19765
10945
59349
5779
72891
40034
37015
12037
71130
27531
47338
46112
27232
52419
51242
5020
64613
22204
50706
20125
59921
69193
60286
74302
67519
67125
72762
70434
29446
16376
36020
50842
31660
3910
11063
68928
43618
46490
49546
10977
35232
67513
70546
41256
52392
28587
29202
64892
12464
34911
70898
15799
4281
50426
28868
46309
68328
54857
35912
2678
17497
37139
76568
76918
23831
27788
25692
13027
22762
16792
34189
61388
34610
39167
53012
68828
12496
58661
48914
42608
47970
9161
8326
45649
23608
38162
47611
15343
36605
17604
47901
27039
35217
53918
13470
28709
52171
50117
35304
21107
20883
63738
35065
25102
62885
49321
52422
42434
55797
39550
34213
12283
22006
10476
52399
44460
14976
69398
42364
35246
30066
65757
29759
59686
35301
38694
17301
15671
7057
48939
17224
42431
76321
66373
45525
44762
57390
18865
54937
27160
35790
31217
58297
2807
9852
68507
66418
17153
35470
31623
59721
5925
55734
72775
48823
15121
5532
55081
53779
29047
31677
52647
49441
46973
40235
22534
57708
29040
66314
51490
75058
26380
76613
16183
13014
58567
54986
15889
56469
7994
43309
31220
9603
74883
40828
51667
30390
20249
32515
61298
27360
74486
38176
27496
37558
11081
40138
35327
47662
67537
51745
17473
3762
75671
763
56364
26320
21531
13780
10473
70540
5486
1431
73638
48861
64220
28603
48042
53409
16507
2362
25921
13461
13745
10616
24868
77004
71093
66061
24907
15797
11048
19912
35298
17854
21590
39810
16738
20615
68963
68301
45408
38768
273
58416
5412
35921
25145
60063
32861
55319
65239
74214
2232
58824
76234
8693
49815
57048
62179
23703
15615
65701
75649
37176
50258
66845
48776
24373
57179
68596
40768
32109
52201
62051
57230
858
18090
52893
76776
20496
35597
43793
4345
28415
25592
12569
29689
62532
18792
73440
3494
33468
32675
21994
46685
32484
11690
46674
60564
76288
24096
3734
31300
12983
26395
43067
39805
20701
38553
27814
15160
13149
69914
28830
44608
66605
14684
53242
64905
66131
37263
53412
28488
19900
36575
59186
11678
3932
1017
30283
11849
20029
55621
19513
58790
5840
10559
53673
19844
9065
7218
33863
68807
72172
46887
68882
16059
49189
55079
393
14203
52302
26933
24724
34872
59803
37229
73566
16760
46443
65314
68673
55781
68814
32153
12724
67847
7771
53637
18123
1913
3529
27203
42903
40925
59637
32015
49852
30419
10863
6466
10729
17746
36356
46232
68478
15792
35255
8029
16774
66228
23172
5777
30457
59300
48249
35448
40079
6066
73
76092
8908
36237
29763
35071
55652
7731
47465
41514
57042
53670
63477
77309
58885
76504
874
52653
59676
49322
57450
14081
32152
31529
65590
4688
16805
8322
20117
59828
63515
58261
53045
60302
46204
70173
24258
31168
30083
15726
40416
59262
37406
3059
44564
8569
38889
16510
6007
60881
42542
26597
4968
4702
69774
29591
18161
14522
10507
63534
37074
10726
46442
50920
26088
55152
24528
57511
58364
32972
33339
32887
50904
54393
26559
32658
31563
27568
64297
57232
52079
15285
6876
42220
25119
35449
10204
54853
20574
44085
14887
3893
22022
75332
62509
30785
65006
43434
51611
45241
14141
20255
72950
53474
68643
24529
48867
61606
33516
15664
19841
22002
1901
61954
50763
22339
52534
55851
38227
39037
39727
23891
31579
27330
65308
71799
13989
53983
44573
71943
12589
23589
8210
29864
6949
58209
16218
1245
3255
71468
37300
5685
5807
76840
59335
962
69351
68329
64772
3933
19829
29755
26318
7471
37266
29829
47601
49212
72955
31302
16480
50112
38170
40679
22586
36422
10424
51941
19071
62130
75250
17458
67889
38240
73632
18740
28137
64189
20390
16140
3350
23820
25963
38572
66338
75930
65061
4957
72437
1526
9981
75100
48427
18357
4089
50721
32582
68257
24924
26589
55170
72931
47955
20199
54574
76086
19108
17652
14652
52530
390
26760
53422
59384
39133
46747
27163
34916
25732
57798
19815
15962
37648
46603
4000
53524
43875
8832
49465
30925
17347
5896
71176
43512
38218
74693
11961
53151
12811
52683
37116
35954
73580
63360
39504
52578
18602
32969
2576
23968
36298
59118
8841
19240
53948
67332
47620
48884
30372
40298
545
20948
58550
11009
51752
66584
41325
19888
14573
11586
49965
47513
62974
2124
51129
13598
2349
47031
43143
3626
67533
63349
6956
59073
58131
17092
75310
60899
51010
59425
35124
29544
15538
74543
48721
64295
14409
70236
70000
35769
64814
54066
45275
58644
44277
7489
19207
74467
42143
19599
54414
32536
70078
31657
44722
10312
16599
66926
24251
39233
18954
26504
49489
18855
13194
10825
9424
7166
71
47164
52362
11037
2637
9560
15340
67363
33738
8422
49006
72654
52254
7702
54723
42479
55403
39382
74956
38788
18020
18829
63931
3717
9524
19419
69627
50839
65380
65733
18401
71450
2933
31313
47855
76645
52211
40938
60323
34149
28567
48344
49885
7809
25696
47763
24509
64612
8381
34661
62985
58391
38912
4794
8702
8577
3131
40798
73002
34687
53891
25394
70451
17124
34659
8334
66151
52748
58520
56300
35242
41665
53041
34758
45307
28565
19402
58831
32847
39515
7473
59192
40183
33710
74644
63456
19101
44596
64803
6336
30741
25047
54802
28084
485
45901
73604
39051
59947
34255
5456
13202
1306
51294
24653
56549
56924
74609
24255
74153
12581
9033
21333
8037
57581
41008
50137
72548
14605
70606
20719
45472
18149
8565
6795
62106
37775
2598
16537
18551
30678
40143
66572
49482
5307
51337
62009
9912
31705
9581
6396
4629
59112
48340
14256
55305
44355
58351
16623
52985
12693
19
74911
10837
57376
39252
17238
34795
34053
14128
56284
62586
44791
15810
43504
27885
9902
44099
55468
42851
28738
57461
68076
2041
45254
37615
8387
4295
72811
37388
75959
59825
68967
49674
60640
23425
38015
53454
43491
24439
73373
15509
13287
24820
74485
58592
60692
4693
9149
14718
60203
8259
1207
53295
38102
72903
69136
46279
46771
10033
1462
40480
43124
55891
61090
26943
488
16167
62115
73864
539
51075
16912
37966
65896
37250
74854
5796
13629
52227
16177
29967
2945
55788
40830
50686
21517
54585
64388
52010
47229
61972
27050
74139
60674
45908
49342
32098
24399
11494
30876
38670
77018
60639
54115
18968
44193
1832
33438
4897
72888
14013
23380
41086
17088
38891
61344
28195
4040
51571
18808
19636
34909
29669
68168
49139
15980
9667
66865
45071
47235
53204
35339
6878
29804
59104
75159
25298
15309
57128
619
51984
77421
33960
46618
7993
32368
39554
11168
28767
56566
64862
44675
14357
19552
63166
5296
70162
42692
44540
50127
68739
40722
51922
13306
35177
27428
28589
12196
12744
70695
15825
62386
42183
62934
75433
77384
75475
41664
39870
48793
47580
7918
42617
28346
50104
65691
73976
67518
70128
47127
52782
52631
9850
50300
68848
5195
66740
2417
23186
11558
64381
42415
7123
55008
72451
23782
6814
58748
9818
66609
21825
16567
33318
46875
74205
33037
29575
38132
58358
1708
18111
71473
4590
27386
32362
46174
32797
13903
31126
57612
20865
11174
57618
6480
47045
40379
8407
55834
43741
68425
57787
37247
59025
30000
70788
25568
65579
22922
30649
28846
16919
45576
65158
30911
43272
11077
38794
5120
66449
15435
69734
47677
73640
49533
55818
71428
45478
64352
31104
65810
55766
59538
47708
72241
19903
40957
66707
55885
51710
48050
32226
17232
42844
30196
61016
6206
37294
76408
67922
28650
54971
30922
54522
35413
51364
26581
29773
17769
50665
27723
22321
11017
47435
22849
7823
49354
59212
64917
57221
50445
32645
36995
6039
67526
72989
26944
71317
6460
38628
1228
12159
62067
19775
24308
43147
4396
15899
36567
54250
14709
43744
50066
43557
10023
56859
37663
13531
27497
29897
32209
22775
35704
51638
75154
12886
54222
3464
29857
24987
56906
6325
58443
14834
15015
27071
58424
55995
41699
57370
65209
64569
48311
23411
60005
71789
26051
67491
35119
13607
20155
25803
19300
51355
43115
22513
26612
71363
51795
40452
73540
60596
38865
23296
37179
74233
10624
18913
66359
62665
12083
40980
15416
29691
19881
65149
54728
48342
67428
58589
53046
10601
24804
46862
49218
35487
25236
41297
51327
55523
8657
21052
42827
76172
70839
35996
9250
21726
68624
37240
15294
38984
40839
17661
49327
3031
27325
29921
48027
1822
10632
53497
41169
18236
57993
52884
21710
36441
13538
36339
39056
17609
4556
24848
48235
64658
5160
1549
41448
19477
5829
30270
23447
16807
24541
15545
36398
72176
2905
45974
6860
52679
34894
3616
73115
49185
29858
59083
8101
68909
25060
56882
31693
28595
40709
34401
65182
769
53862
49061
56255
414
63609
52786
42212
10556
34558
18365
58857
75531
6132
65780
34024
35114
59836
44150
41196
55799
62806
53472
35695
25766
47579
10832
56067
68099
51061
63393
17464
10896
31013
14074
28941
71791
164
71808
73887
17177
48365
33943
41583
38166
23477
43621
38188
3991
77310
41134
5476
61964
41559
47274
45465
23055
24813
16074
18874
40313
45934
29429
55548
39374
8516
37486
65812
62660
13252
8256
15203
37975
73868
8066
64335
1809
10310
47263
56871
67492
21048
73736
21126
26348
73046
15478
30983
21753
66232
43898
29868
44786
22082
42629
14065
40193
6267
34541
51526
55302
41407
3569
58045
74574
68274
21465
60876
23225
43072
70787
75513
42259
26102
52081
17326
24562
56441
6637
22826
70832
47824
16734
70316
68136
68996
73383
71078
56937
54233
56421
71688
29104
50425
18801
23493
73616
29224
42555
43390
16478
50615
34867
13906
69175
60149
58838
44233
8498
6997
25785
58546
29682
60328
33843
65222
65379
4848
25772
65369
23140
47694
284
23045
68710
31651
61879
42660
15334
34646
73633
19155
68877
40064
22687
9423
44782
6093
15277
15520
21366
13894
13729
67157
66974
50488
26353
66730
29699
46484
18271
60720
49712
42669
64961
12298
40385
21618
29214
68866
3044
61346
21510
47507
44824
22857
60766
60190
50822
38174
28691
32441
5921
54077
46023
30361
33323
37566
15177
3162
46740
44322
15858
17478
77073
35865
21920
55347
49173
66674
25782
17206
12827
17104
55466
10571
26962
4258
40506
77146
41145
73841
61495
20717
22740
13115
30223
1780
57135
49306
55882
70045
7584
74325
59482
12227
31596
38841
54696
36739
70098
47000
56807
24747
64476
59961
59856
52135
6904
1916
22438
60126
1825
63720
33415
2094
45005
10394
20724
36783
23804
4235
53417
50
50727
2540
44547
17172
49673
55039
2753
9302
34469
75451
46381
4559
60556
50411
60878
75739
58949
39519
7292
5918
59326
15093
63582
69145
8748
22923
32882
67682
51208
62609
75234
20946
22907
6446
28811
65351
14157
32171
5507
10622
36719
54189
47917
66720
15022
13706
50830
11159
70526
55394
56770
14796
37961
60771
18331
54927
55063
28058
17291
51390
76459
19824
36164
24666
16289
20464
35837
33461
34711
73650
8055
43495
68353
52044
59655
29756
41614
1818
70029
53631
60773
11167
28531
23805
36304
70964
39858
25192
45926
44227
28775
74672
73341
60743
70715
7660
33107
68171
62235
68836
31500
25622
49567
60690
9775
50034
62594
55356
10611
19654
60760
60566
53740
173
65137
47454
66064
45422
237
71022
61612
70408
11339
52492
12721
23705
42518
42679
26905
62134
71679
24610
68235
52568
5951
29262
58056
72714
21401
5706
31020
45446
46692
10944
34136
54394
62052
4433
68670
16620
65272
73410
51780
53399
50815
12023
70455
54426
59653
48767
27374
61896
26777
3437
3719
8075
37707
72603
37560
53332
4626
50852
23327
55587
50723
19628
38639
12697
53299
1837
30510
11639
55380
40523
280
42580
13522
25755
30368
70914
12492
70823
66006
60561
21246
72021
14448
13853
31743
42307
45212
23949
69391
37705
39171
10428
44653
38233
46990
2020
61102
28324
44885
2177
53850
68155
74960
75279
10851
77280
34321
20538
60634
39549
69278
48923
19379
41521
4236
64909
46185
20788
59748
53823
61914
57180
11882
73943
35228
17743
62226
30561
1191
55811
8126
67179
43288
8036
67935
13244
58157
18197
14012
50987
50643
48434
24532
45876
21349
51833
47360
12052
71121
8294
8718
22341
36023
33869
29537
10196
67994
27571
35402
36764
10591
75845
28400
1059
62407
5862
28980
31031
17039
45456
10551
9138
52057
67585
59704
54642
48600
49507
11974
40292
41907
51666
55674
63005
49701
15081
17965
23336
31493
25388
30653
33682
46280
2045
11442
27043
33942
21993
23829
5952
11088
5666
18980
61269
45260
32771
28940
51605
68092
66787
76980
67209
77211
40988
76401
36435
51565
56270
44135
71978
38791
57658
41930
24228
17772
40367
54272
21588
61409
13332
14719
3960
55133
43807
23665
32094
39746
49543
4278
28630
9247
69094
7950
52121
62351
14800
28880
21062
37256
51198
64926
58461
4720
60793
20
11255
9369
13072
52522
23703
47772
73834
52653
61476
6583
10872
69125
21472
55392
49408
2032
13888
63299
75288
58143
26944
30552
1328
16969
45990
63038
8522
19961
7676
4158
48140
63190
41583
40558
5514
4028
30535
36768
36084
45474
6464
11816
65573
73368
76856
59690
42673
56646
45592
18882
24474
13767
51296
21821
3869
45481
66364
39437
25653
3552
42227
22226
28522
38962
8002
17970
34774
66441
8356
36929
52817
29998
28866
31002
76169
1218
47274
65765
2668
28823
68080
75660
29976
76482
25310
66755
76006
38278
76165
16547
69723
50118
40160
49384
16766
66063
33057
10083
28729
69384
62173
77461
20578
52474
70890
64166
47278
11069
13327
44969
8646
56390
74289
67853
45607
38255
