49132
44243
23399
44300
10826
32217
13455
54414
69329
53506
51022
29341
3023
18506
5829
72381
15941
72256
62976
71265
47236
63972
16953
55229
68352
35526
5692
33438
33515
31489
36134
4810
8737
29091
4265
42715
67175
14873
4947
46078
29506
62619
26218
18774
21738
23347
59086
1902
42272
39134
590
21444
36779
23137
2399
3507
28280
28864
64515
8501
36758
53258
50676
34819
20412
23483
7774
12571
14730
39379
66801
8726
73420
48628
51492
21345
7742
57074
28463
43372
62007
12830
65135
27438
13264
52864
40704
32014
19673
48686
36156
58226
57969
48365
49533
49344
61289
10670
9221
38055
35342
44737
50427
17173
2226
28778
13316
64924
17671
63420
13728
58278
62219
20296
67570
32287
32727
28756
63945
49218
51708
26906
11352
6562
45123
49221
50761
62184
38978
5784
11194
68309
63158
27085
50514
5309
5402
27575
45879
40603
44503
30810
9888
49892
59901
37257
27878
63932
33354
12849
42267
73261
41054
47385
1815
17031
7098
63330
47747
44624
2578
46630
9863
61310
7828
45935
68711
33934
63841
18519
16317
14016
64737
32337
30107
53737
47245
9338
20274
23202
46923
23154
36018
10929
45984
30931
5929
12550
22421
15202
73269
2499
57456
56462
33230
29644
57379
67236
28580
23209
55595
52974
66161
26991
22715
39189
25233
32107
20413
12081
51978
7639
25694
2211
21599
1776
3643
2343
21310
7434
58751
30450
42067
50653
68883
52873
34239
28263
51566
36400
65591
38774
43534
35490
7443
43768
6614
53966
57894
22233
59181
20253
36074
28672
26827
103
11883
55940
51968
58889
6300
73351
73132
19227
300
71813
54903
47234
37853
16103
40185
58720
19069
72871
2229
70096
18683
33948
21098
57626
69380
7614
7283
22466
44093
16423
35864
37180
8370
42495
33214
54671
59818
18339
63689
46712
18767
70869
13703
51119
19278
15244
72882
33944
64627
14704
20985
25903
12343
55579
31097
55814
31632
24795
1599
60367
16993
40024
38653
27546
35444
33129
24319
35491
6409
3273
62837
56440
3360
38009
60487
16213
51167
609
4412
41539
36399
12875
4973
27736
16269
54196
50445
20377
8154
72556
10092
3479
31361
25790
1459
13213
18621
19885
23171
8556
43860
47632
51072
11004
17896
58541
49772
25827
5500
32625
34756
13329
47155
46895
47915
7054
28790
53158
13140
7328
26887
19133
50830
62488
23400
5081
37714
20812
72253
37720
56141
41826
33370
39595
27848
28468
22527
16333
29757
70241
63051
7785
30471
5922
22537
16645
56817
27925
30452
11665
18338
54937
66309
69315
21921
66676
50867
16203
58504
72796
69685
53013
46796
44109
28986
55249
17333
18544
27192
15227
52754
25267
30759
29393
32584
65719
19215
63701
25405
62075
26935
6216
3927
71006
35913
70785
11592
6367
22652
11101
32759
11538
3845
30546
63121
62263
20638
12889
41213
37260
43405
20552
17639
13984
15564
51349
3107
24947
61618
56987
70221
15766
72780
73107
61530
40346
47393
378
32905
57525
23490
50233
35230
29485
30196
46531
15585
60413
2398
63793
70047
12364
45435
42403
55954
21669
27087
2259
33711
26225
60979
27968
53882
31076
37851
34672
70459
31496
70254
49428
53538
14028
17608
13616
47624
31996
22248
23488
19327
26975
26296
62845
28449
43987
58016
37159
18513
38972
49054
4485
5641
41822
1395
38971
28910
69779
17135
39082
46986
51737
61071
58572
65114
60831
50145
44382
52734
490
7576
40332
49399
16800
68721
68341
45120
50551
4446
5290
49754
59805
31132
8475
20334
30992
17193
26409
7528
33431
28432
60588
48812
25417
8515
9238
24098
11215
52761
41516
22091
5836
39986
68127
52033
35949
49403
67528
33957
37247
17316
8100
41678
52296
42037
50956
27160
12686
30051
4124
33545
16592
34577
773
67926
66049
8839
18398
35739
67900
27102
67908
14252
67081
28683
65315
49077
12768
16115
45398
38425
31202
1603
53844
65851
2586
7914
19816
14874
64436
55594
47104
5307
9811
49002
29764
19997
18889
61354
24949
32167
58289
54470
57418
55456
14143
65595
34490
71049
11844
63407
33310
53956
49195
21952
45850
46577
28639
43225
14809
34892
1297
23707
22040
29643
29499
73657
32429
21572
71172
17331
11996
40156
48707
29714
72599
51389
56501
17583
31397
72813
30291
16474
27817
25020
65200
68920
59692
46042
15410
32023
16816
15193
30657
72944
34359
16467
31992
70377
71731
3777
29163
11895
17909
1526
59
10585
57552
11956
32839
2595
3605
626
62125
3883
14980
615
55695
50254
2457
13229
31117
39372
35710
47146
24422
59623
4588
12530
20150
30391
120
4133
9646
27061
39896
54293
65701
68021
62716
14051
25155
51220
30328
22164
15590
40595
42062
51081
6184
29138
34102
20613
6098
47748
67922
12977
6032
72635
5295
22166
54358
42883
59959
45572
50608
30807
64390
48424
61346
65803
32239
41046
36806
18215
45948
50156
67400
3867
61538
40436
15158
17395
43246
14384
57771
48963
17205
29553
66106
21485
44204
52653
42432
4961
5992
24524
39154
9194
60684
34789
62594
36122
69319
65483
42682
38601
16947
1108
73354
15324
15147
49972
61824
27947
9189
26503
20
58122
45323
17372
17755
56719
9848
37590
51511
45784
2448
16047
60183
70390
31597
52684
42506
51327
64578
54232
54949
56995
57433
55430
30498
40336
5185
62330
33656
73282
58170
38619
3187
66373
53734
13972
31662
70762
2804
69551
27067
25025
61065
22468
47061
57717
1048
55951
44119
25421
9752
15343
30162
48341
53101
19697
26645
51422
8833
3058
72740
35318
13250
48388
65859
10529
39574
39863
14345
1430
46660
23375
44528
56400
22363
16805
61460
33410
38519
67544
56796
21737
7044
69678
22862
44638
36116
34162
67821
5475
16622
36631
45476
24044
47533
3739
25369
26114
29688
68019
40265
70164
26271
65445
65379
42998
29196
69279
35066
58489
38300
45341
62957
5904
47649
14561
40631
50814
45963
26896
35461
61261
32744
42146
54586
21778
14398
18722
30726
49028
49735
39005
68803
67038
9858
40707
3543
3566
8273
3818
12275
17865
33322
73389
48253
47738
41548
54819
51120
69434
32642
48112
36712
45686
23307
7864
68381
27135
67273
43574
38798
55693
38399
43947
3544
23089
17661
65487
17512
11237
60210
43101
66862
29908
73372
27228
70169
46700
73401
3851
12250
64336
9037
70904
52561
15361
70490
68812
15369
9624
63019
4763
16183
45681
4371
6848
45981
21408
28654
50816
23862
43676
45617
2361
35971
48507
54895
40793
48924
72603
5089
64105
18503
41987
66163
28310
49859
14488
16472
27007
65409
29762
24671
53864
29254
43125
67084
64851
18940
2253
58318
63649
55181
48835
68545
17140
43345
37471
34991
43281
54024
66166
25974
48766
36934
62050
43036
30255
14822
2933
1608
21025
39317
4506
65646
24549
17130
20142
27257
50444
28722
64863
15038
35241
59718
20749
29641
41138
38062
9145
66118
7982
38669
42335
52294
67550
15661
28791
32518
21435
59801
48818
2645
4144
67246
65113
58793
39001
70632
62031
36037
7185
36294
31071
27987
9735
49750
47955
53390
205
3762
38696
34598
39765
69964
58829
55487
52545
40075
30766
8929
7302
10605
56122
68245
11781
65088
65160
62326
12069
8748
17167
33530
48036
23272
18591
27927
34557
33882
10564
65662
59489
18073
27047
73662
15077
53623
51282
40120
43977
35987
18255
35813
57186
4555
40882
39249
23369
24864
65513
68582
50613
9556
61020
35948
54557
32081
40253
27140
15304
66447
52000
13573
18610
59099
17693
24707
22072
13905
12923
38576
72279
63184
33201
2255
2798
24507
1294
1235
15867
16599
23916
59082
1148
21897
20460
2193
16179
33391
58520
22755
51054
61697
49220
47603
46001
42558
49481
69866
4751
54754
31237
5924
59378
8083
1439
60577
46119
28849
71972
47035
22772
48833
69620
3267
31028
21209
9910
67899
36398
33784
25900
12710
13679
42833
63855
61715
691
31386
70985
38841
27164
65601
61285
51852
11131
43999
41766
72670
68020
36581
13992
40901
39670
43089
59000
22915
26339
67979
54056
68164
9774
23669
66316
48247
55840
50109
27657
61025
56613
56856
49973
37544
21747
40966
9741
25364
21472
58132
5808
57970
43800
6968
29997
17734
61046
8555
20226
34372
54615
16486
33143
2275
11154
22265
2523
42087
36158
56915
18532
65822
50236
30509
68196
25419
48768
65459
29577
3833
44308
61637
36760
72580
4001
56441
10373
16044
9901
8646
20541
41361
69546
24716
46003
70882
27771
66641
5232
31501
22331
62291
43001
32380
14762
6120
26997
17096
73608
60428
8884
43883
4456
67245
41549
40101
28191
60648
33205
192
16296
5871
23007
44419
18381
67379
31859
47721
20828
67396
49246
26375
68091
46271
19496
24665
68859
26882
55198
17132
61039
3103
51131
43794
54654
52478
22705
9468
4754
68746
15004
38917
59473
24033
39461
4056
56561
38241
50817
924
58846
48377
31608
72872
53085
73487
37649
24428
25504
60433
7362
31449
64657
64979
5119
51927
68417
32327
13328
3861
6454
4501
43902
9941
57620
5446
210
48813
26349
69947
6165
3266
61320
28248
47501
6315
64001
61107
54886
13738
63159
1120
32236
20086
30795
43846
71150
57680
11371
39429
67545
15476
62536
61225
17623
24619
41988
24156
40937
4981
38112
9478
48370
19210
39271
57891
59536
60262
55839
68991
18346
66944
14066
66979
13817
67060
48315
5957
598
9232
3184
49172
44247
67441
59036
6380
40948
8989
20678
44261
34020
30456
56660
41695
9147
41972
67594
20876
15774
13066
42039
70398
17585
31567
7518
72035
73039
55605
19386
40642
68025
26282
28167
62384
12890
22865
25516
23993
52335
65786
11465
27640
61990
54304
35336
41273
64669
27598
52254
50018
35174
9731
27280
62763
14543
18557
49490
24735
58023
17453
26096
50610
14784
70781
42961
33896
161
10857
3678
14609
34129
18817
54832
29964
40756
51347
8345
23808
43965
72637
54566
30227
36176
14217
37683
15150
12782
6735
16145
67258
60099
26564
61490
30422
9753
4805
15378
31749
62115
14514
25019
62600
18898
40724
37391
41895
55003
49968
5747
64652
40516
5819
16470
23514
35285
62505
16969
23748
34122
62018
66001
37313
31565
8608
53558
9842
63279
24039
18423
13303
38363
45880
228
27875
68455
34166
10458
44128
11770
40905
58719
6736
48076
61200
57582
73666
70945
2496
63173
22295
20886
62395
4398
63220
10057
61268
40268
17181
31140
25505
22802
17802
51474
17013
58964
36282
8080
69740
4444
38477
69644
301
73296
1650
67156
6223
32001
35078
36746
40267
15771
67057
14566
4213
24497
38052
1167
68902
39273
32630
32228
58890
15586
42472
23053
2191
8550
58269
12396
7022
38629
58591
40282
58029
50592
2130
45965
30083
28969
25023
25869
17938
43152
45771
37846
53607
65610
28823
20168
5975
47403
49311
56294
3575
24404
14438
4278
20745
49978
66077
38743
34317
66651
41242
67602
42519
6588
30541
24176
18410
38994
61956
35349
27957
66122
51609
34984
48142
9372
27964
19957
54693
57858
10380
36044
44591
72622
68905
62289
35943
25880
33827
28473
276
58912
35586
47388
65732
29565
69900
40234
26529
11447
34768
27586
41232
68294
47829
19125
36653
48386
16312
63776
7801
34423
66696
30599
20959
45645
18878
16499
7483
72117
6084
59481
15448
26345
40522
63307
71799
54122
61640
11439
17103
72681
13194
57303
26217
33173
46208
16258
1147
57956
62799
62888
5464
46552
10481
1390
11852
57342
47490
38899
6213
11929
33076
68345
8421
39963
53736
40529
6042
2683
52205
34822
54932
59314
26429
60324
71745
16906
70953
37461
16346
64058
1885
19007
47661
6306
34489
21131
7762
71393
14691
46433
18905
2962
54228
15745
28124
72468
23801
67686
28210
10496
20503
30334
65148
11157
16730
30636
68407
10175
34942
52229
39755
28458
8607
7162
24889
14439
43254
56662
40971
9400
36618
9716
44917
3687
20461
51728
56114
47949
13659
16591
62753
23468
54598
9571
46507
46370
2362
59815
21872
12724
57678
16013
73535
26526
23690
51617
58668
67026
48115
20137
41671
36390
46487
72447
54256
20712
42309
52841
28532
50146
41969
44802
41687
55139
66963
66002
55571
956
58183
31839
40004
5932
21865
47728
56458
65974
58250
48883
34352
38799
42627
12579
13214
36858
48175
17563
48316
28297
12107
22214
47262
57692
29128
10425
61901
52742
58510
12942
60574
27340
54271
10258
7819
11828
58217
20796
11388
54207
30969
56350
14332
58655
59520
11112
68831
61443
5739
8692
10128
2152
66048
49286
66426
26029
44837
63645
38164
27440
15449
57374
33592
66100
62866
48569
56187
5017
28954
63429
36822
26466
59443
49450
52943
34199
70754
16302
38454
44315
25982
13572
13954
28711
16684
73482
70791
32148
40566
58914
26893
6472
60035
37068
19529
13290
21397
42977
50675
25793
19979
48512
22234
56723
7038
291
33910
24259
17319
61665
33046
1958
24209
29921
4376
16421
15580
71925
52813
62642
12482
25751
63930
62785
25440
29832
30308
27233
28359
4909
21577
14502
25061
20723
14154
52421
28184
10846
14965
24474
26472
72019
59488
60176
61031
48567
33109
56500
42737
21609
38845
38636
25547
8745
52634
55375
42554
57400
33739
16560
18742
23949
64542
63089
28482
13814
66182
41851
11472
29407
61684
16202
31474
47874
45902
27428
6706
18724
13228
29904
56762
19934
19236
21525
30794
17104
63973
17564
47441
71612
38494
64211
13983
28769
38139
59903
12743
35148
32053
34225
67023
21446
27156
72680
65024
18603
15788
49873
43308
63046
46262
41738
26490
37218
55689
72566
23081
17657
34507
19257
34361
60928
39530
37390
12480
24566
53907
63536
49229
35044
42288
55862
44652
49182
20385
8679
10480
12397
55553
13390
48434
69773
35352
43398
39890
24510
13278
28299
15890
27004
39100
28667
64938
42553
6434
31333
65554
58618
36912
4986
72213
52733
23250
22258
64670
32981
28266
35128
60303
7541
17610
26504
53356
33003
47474
66307
49282
1843
24087
6016
73005
20345
62489
16276
58693
24915
36022
20534
20504
2639
12451
2784
27493
9235
56478
52129
46090
44201
30503
68284
59896
71048
67063
5172
26711
30075
2562
39912
17640
61368
65067
12339
3888
41070
7967
55158
13006
41069
3879
30232
23443
35609
43177
29214
42124
19033
65573
24270
15013
11350
36721
38336
67126
21116
6086
43200
62456
20196
71977
28137
10975
65746
4281
42323
10536
32815
17527
9405
23734
28457
65856
46989
59601
7007
6125
65674
8516
20589
71920
50791
33770
24602
66834
11451
10973
22578
18456
51841
63027
16810
62299
13566
29858
30280
3694
53998
18240
1888
31840
14075
46778
12063
23478
18943
20305
53077
42586
47781
64316
21419
54606
48381
17624
66256
41865
36754
9262
35062
66175
18103
49368
65928
28460
5225
52836
72758
8251
52061
55662
21604
42707
16310
1637
5813
844
41796
51274
1040
33231
22944
22971
3587
15453
71352
4268
47701
56992
16268
53943
45503
60753
23029
61148
21164
34563
68639
35279
65321
14880
17043
32066
61015
30044
3743
66138
33198
14799
55900
62675
71263
27511
29710
1553
8340
9687
67832
38520
30850
17666
57253
53340
30111
17308
69347
23733
53171
57699
67612
59540
70202
19714
62393
62879
66079
45459
28347
35407
29703
61865
41066
48601
35653
9229
10440
69572
38013
26843
57237
57830
71142
73137
60942
67561
48022
35039
2791
63937
10600
58565
70382
50066
12658
43681
20363
27975
4087
52422
5898
44860
28846
39745
30908
66266
30586
28879
44734
69809
61373
18146
56356
60463
54303
37357
72626
27603
2651
38380
56047
68895
16141
15240
69473
67494
19112
58202
52627
44808
42941
46812
34335
46967
3346
48556
33835
8743
72260
52374
5921
43863
71968
67042
31920
68667
54652
71066
19659
6108
9149
5400
43292
65366
45977
66513
69500
12132
1428
15988
12157
3149
63298
14690
70834
20300
18636
37802
23429
42045
21750
33408
7681
39312
50117
24796
39780
39824
50866
49131
41886
40517
55606
15824
53635
62279
65292
73328
46697
45959
21004
29884
71080
67232
54811
67465
14517
14790
48259
7343
28717
3557
73469
32835
34667
26303
36370
72954
59933
20479
57644
45971
48016
21601
29447
43267
8675
9277
28682
73417
15561
21177
57382
66397
23144
6382
59961
3410
47777
5682
7511
56588
5324
4395
37419
54014
42031
68789
30859
20914
6130
30937
56778
40952
430
912
355
70524
69275
19935
8522
41866
39709
9791
30470
67875
38887
15662
45868
70866
5589
50231
12411
69591
60344
45075
66333
62356
33387
20054
10955
33907
22831
64142
47676
15096
67664
60823
38041
56636
61009
33017
19759
3156
41607
51212
6877
8484
6447
43580
60544
50122
29411
5654
34024
51093
49928
39570
30505
56896
43029
59081
67485
71744
49477
32047
73319
53717
62227
66274
41189
35045
14465
29085
62856
16431
38285
27664
20124
18452
53452
59315
51427
2312
68277
40451
18048
7139
29842
42960
23858
13575
51293
7188
69671
51735
57889
68539
58447
25206
14547
24692
12819
40842
50487
17344
62949
30838
66086
55764
70734
31712
39869
51685
21089
13774
2
70840
24617
22815
19910
3423
23798
13769
19834
53830
17589
4254
7677
7129
18432
57666
22872
35555
60652
6470
6201
68408
17675
18766
69259
32136
33742
5220
26874
31939
40500
7119
17730
63582
59295
50809
73516
24381
22975
43972
17126
61889
30451
27903
21994
24964
65380
2071
24927
20929
12167
19969
37758
8827
52225
1764
40050
46732
34631
46491
44036
41732
30929
24365
6983
66657
8386
55274
51815
60964
6572
16163
29478
53086
69933
53196
56074
56340
31963
12293
53172
19413
20521
21668
44384
41181
36759
16936
30077
54332
72349
53677
60276
61548
31133
45266
60205
67007
36095
12936
43919
63213
4719
9897
50926
40062
48542
66254
34081
22494
46331
62025
35295
14297
27353
63927
35994
30668
17548
59618
30534
5990
36595
55252
32226
11732
45379
64015
4662
15768
64552
62855
11118
8056
71212
51213
34875
45613
28287
30223
23931
38770
4519
54716
1308
49061
21696
48618
12982
51963
51909
46138
51449
7310
33636
62852
16742
8377
62995
62977
9608
36586
71588
23255
4291
13849
51830
31958
72955
59955
18717
69477
67898
44413
68212
70837
45278
17606
62301
3666
39310
20041
4380
5559
69638
7893
41966
30911
5510
23208
33394
50568
36711
70218
14632
20659
22301
73587
54862
18032
65164
8763
57030
20005
32163
69599
58048
52907
9011
57378
6527
8458
68086
19410
27296
12570
46521
43394
33294
45605
25476
8055
65320
18312
73400
55185
12783
36497
47903
8429
46389
65163
55142
60926
17669
34962
68510
69869
16108
18157
55769
44543
16015
69344
56582
59417
68236
2056
7272
68398
2880
43418
11973
1267
73040
11598
20329
1287
28613
6777
41843
17426
19779
62871
45135
34682
6997
48928
36920
25734
55341
68604
64934
60370
48629
71406
55768
43106
33553
36293
4400
51573
14653
68621
48028
26894
56448
64574
35600
40313
14207
48872
72360
39362
1104
24470
55145
3632
37290
60696
13113
68940
29039
48946
22731
16523
54717
15290
9831
40249
61379
36982
62283
21323
55006
20190
43599
22264
11459
25551
12357
2241
9778
57911
49801
63733
26767
16759
71573
41425
6546
5065
44995
20173
22299
68348
69771
59097
69768
19024
63335
24997
66029
42762
18463
42208
45227
64328
9213
37387
41619
14851
25999
64191
42351
826
57510
71439
57290
41185
3895
64816
17413
40970
65996
43160
8733
11603
57664
24560
50349
56818
15569
36098
31666
71496
5762
26735
58111
61740
34723
7180
12007
46082
70961
32772
16416
13007
7826
61440
14273
8132
10386
58279
33476
8509
47567
33584
37080
54299
3421
39518
27403
6964
11156
60229
28131
25093
10552
59159
7437
15946
12106
20817
57166
5113
35563
16839
40634
38056
2294
72195
53878
56548
5560
3638
25184
20810
44405
39127
64406
5732
30805
29794
54037
31300
19295
325
61619
19075
61954
28139
11385
6364
54983
26969
732
70032
28581
7416
62677
26141
38356
7890
15703
20379
16873
61397
3681
5643
1617
65898
60994
2421
2726
46948
23387
50587
72996
44363
3264
62500
31106
71075
66116
16371
56532
72854
1699
29356
5369
3305
7355
12555
21741
56010
69634
13581
1194
38415
39527
65522
42465
47448
40474
42052
67369
2860
44438
60829
24694
51091
14557
54495
10900
58010
33166
15950
1527
57027
59621
23041
69881
54977
67678
34028
12516
1058
12389
53629
44430
70461
17481
33529
31771
20778
24042
54943
30629
29800
34988
50380
60877
64063
41930
71929
53829
57498
22880
32742
2177
25273
71243
69734
53058
59784
53225
66665
19166
41917
59615
6595
45651
6652
15778
54126
179
12295
69212
45650
16717
35504
47015
63686
17257
24394
67164
33693
17784
2793
35754
58706
54804
1785
70011
50996
41156
48822
51079
72411
66206
57546
15251
56997
22718
56505
40936
49506
36248
38433
9198
28937
6325
6477
58644
2537
65561
63479
36534
27876
17306
29662
28364
20336
4741
22112
6266
56169
7924
26199
53809
22973
10952
71409
69934
28143
64579
368
70351
59058
64301
7296
64378
26415
45416
45245
66571
68652
69009
23686
66031
58794
37439
27534
6509
50368
63506
28056
64716
66718
12791
6331
50398
53562
7504
39353
69876
27861
1025
42847
11264
73022
61402
6747
4898
14902
11663
263
23233
54665
2891
65298
5326
69357
14767
21174
48105
32334
44851
12034
15493
26195
55984
13023
38207
66938
46397
20680
21456
63988
12517
45609
64927
2744
5457
68591
3889
54572
53861
53716
19932
38903
42348
32487
2207
27278
72387
64388
53414
70292
66389
24527
17435
69283
68694
53795
33123
59918
33489
63369
28891
72417
12028
41772
59419
9077
47291
39356
34165
639
21078
26108
22917
52054
45427
6984
32606
21720
10154
72363
56801
15475
65236
31000
11651
19726
20987
49329
14150
51107
42338
10170
27556
68209
27872
5518
48719
34368
52643
1137
26946
12796
38091
23660
70793
11261
45531
30276
52712
39718
71955
29147
73343
72408
15892
50114
11510
21813
28429
61705
55750
47926
17677
35131
67783
37615
72997
5395
6639
18109
7999
72359
32561
3988
10718
62672
3374
70051
29290
42751
66941
36339
54955
49738
26274
56809
38720
38662
65909
55054
72402
65960
33837
1964
70593
57278
37046
22172
71097
2483
9674
8498
36411
34579
58421
43088
71010
34811
64960
39219
59108
71404
52310
37545
29228
16249
36769
14927
32063
58013
14801
58481
66566
59355
40420
17729
48819
57549
23190
38449
55888
54863
55999
60038
46298
42886
29750
64305
47294
34820
50439
67867
33544
46366
10160
1838
40829
62823
32953
47654
53556
40401
14567
52056
41010
61094
11273
18797
16812
51821
56232
50829
26428
70829
60249
59719
17122
21156
12787
37992
24966
2656
58894
14846
64554
4194
34697
29464
63678
47289
63243
46073
44976
2899
37088
35384
71748
56244
45249
1400
55321
36686
56369
8741
62205
6533
14049
47011
2194
51800
5622
43422
48103
65734
38836
8069
66136
54289
49444
12080
73051
984
9586
56696
46470
29700
49203
58102
59945
11478
5241
1271
25931
64944
7377
44811
32192
53674
16607
72930
1429
23952
31127
47766
42203
56005
44294
49017
50081
27763
3068
61818
44716
37680
61109
71964
35878
42489
17148
45986
32927
41207
30737
69365
41266
9925
10485
52367
3828
16787
20366
31804
4563
60894
9160
20251
1049
34909
57355
45450
3154
73223
28282
62225
3978
55419
60852
26554
23267
49816
41159
14454
51904
48054
28719
1321
40135
26035
60938
25572
55573
59095
17520
46101
24269
59684
12140
57000
38435
38697
43638
17745
29217
23430
1007
46816
19507
22874
73428
7485
11356
3944
22078
61964
53169
64163
45028
22089
9836
61651
62211
32778
24843
54719
30637
51732
60805
13198
68026
5253
59392
15976
18703
47759
62945
29816
59886
38313
27009
1141
4527
1425
71738
36445
20278
64447
15563
68611
41432
72873
24161
45495
48927
3454
63460
54827
21052
8245
38123
5354
61228
69252
58452
30342
18664
29852
48998
18632
6784
47870
31568
3160
280
62607
10513
62843
49834
58744
23546
14257
61246
62882
4148
57882
48801
40614
35477
36381
37201
15809
7777
52997
14682
57164
16479
57520
52954
56577
18855
8723
56264
51205
53308
62915
17363
17553
63619
3866
21660
57761
25785
27130
42835
30184
25968
54319
14291
9833
7933
20392
62688
39926
17345
11588
2381
24670
11776
27518
569
39179
22416
42377
17354
24656
35058
57770
29184
36336
66847
69264
39604
32474
14563
49210
4595
23889
16387
53512
19560
20178
14768
58694
32201
12172
29598
14716
5490
43943
23005
65261
51951
52493
53385
44909
27753
41150
25091
68643
28898
10191
21784
46987
39225
51475
21665
69920
5489
16060
15748
24506
18492
55412
13099
27528
66848
42410
48506
51456
73348
5524
58999
34676
59686
67110
55439
1635
58968
54519
60923
62754
55593
42184
43359
19259
23828
23226
1791
1159
34584
16788
46589
67871
45566
48659
32024
30490
2431
39857
42747
47848
49026
8551
73365
60523
71072
67525
34949
34411
9763
13258
3495
39231
64448
37773
57077
14118
11161
16377
22344
832
13883
68556
64250
52049
61738
41575
58091
64108
12864
40848
19315
66978
57752
27196
26387
63017
7806
16186
11567
57259
64371
19943
59848
3647
43590
58673
21195
19128
70977
60313
24943
55303
60454
26579
35666
63723
55802
53816
72365
17163
23524
50372
35712
24505
44510
13595
1744
27290
56291
6800
27571
5061
63552
2277
53600
665
45033
3850
46166
43109
55556
14820
11323
37139
16705
17158
38940
51519
825
46868
28050
6864
64282
44793
28965
20077
12116
37330
26743
186
29665
48505
18813
70513
9628
56562
24325
28902
69125
66270
16212
45006
23234
14249
29282
888
60517
5595
65542
52811
16573
35682
52564
20367
66468
39324
71154
12893
25651
43839
67294
34815
1780
5505
12301
52428
61636
30686
41390
43223
44473
16586
13828
19634
48701
3535
30357
21158
20996
4530
33629
48291
7364
48536
46605
53754
5931
25621
71132
66619
35042
64171
18642
50200
47702
2165
9135
25675
39788
64007
26978
42593
60828
4005
34636
60030
37129
16386
36750
58845
67685
14339
20361
71348
56755
29901
45430
39577
1038
70073
73382
12224
57120
41386
6154
35306
60
62308
32
18208
22906
46251
63225
67053
28002
24691
24288
53976
66349
8408
54212
70231
45203
5422
62037
44495
1777
40800
29066
44642
16584
31774
41872
46284
55418
11733
14089
29767
5127
39349
30385
29776
33493
10435
1812
12023
5087
67842
25484
44738
67853
47735
1737
71740
29060
60347
21844
71522
45118
20291
30981
69337
27837
5858
4965
46189
15412
1019
50337
2920
42111
3809
25033
47063
56162
46976
10265
60726
26897
30315
42821
25647
21893
64848
73086
47489
45376
19126
14285
37291
54976
43181
57067
2463
3397
58286
10521
12637
49177
18872
52778
70965
26353
5615
33788
48667
22249
59849
2867
27026
24687
2435
37941
68395
50825
30417
42255
12922
24954
11169
36859
62803
24249
43448
46377
6956
32153
28269
2650
27372
17065
72683
9804
52719
69018
4587
21449
48944
38948
22654
24965
16324
38587
61287
65864
13459
23883
67215
55094
25327
2833
40041
28554
37118
48616
9407
55135
62577
51445
33525
12794
64268
70471
51364
33096
53565
62903
15388
14046
28508
11904
35930
14018
69048
34578
47083
54631
72855
64982
22081
65532
8020
50279
34810
30672
37055
43685
56133
38324
38817
29712
4636
60348
19373
22838
21424
33519
52759
38043
70257
21251
37117
53384
60352
24688
17177
10893
49765
34437
34825
16540
48637
41861
45933
47000
23531
72430
32736
73273
48404
66880
57621
41586
71471
46713
21714
25926
18796
15929
22108
70615
13825
55583
28810
73311
65882
21722
58340
20049
71317
44506
27380
72159
282
29629
48710
43257
32427
16277
68795
68266
49914
8190
2607
9634
60908
59061
71423
58412
40638
1035
58568
62450
48219
30355
63979
17821
56829
48487
28964
21418
26953
15287
32866
8097
32516
45488
17694
19616
24094
20949
3738
49500
54084
45753
8103
54247
25630
43904
39342
57668
28900
15621
28286
39907
8588
70454
53490
26506
73540
52760
19343
69810
34438
29561
64054
21860
15747
19803
38251
20682
13708
59360
38148
72479
32235
73230
71491
66380
60622
54647
21378
37416
2884
41767
20060
45362
39859
7575
47780
32940
13398
39983
23238
18682
72773
7867
3799
25950
6892
29193
2769
18974
50490
50318
32526
30478
56804
29307
67415
810
68507
3491
37075
53219
31603
9968
73329
66028
25949
10982
40187
37038
17933
54963
16078
71613
48239
44138
151
46289
23958
30566
38170
70747
67489
18660
49086
64286
43623
37565
48294
68493
20595
51910
18327
58834
46124
61411
60057
41501
62909
69980
27484
59464
1974
36183
61968
3241
59100
57674
72483
9986
54104
71102
63079
17098
58969
42292
35745
36980
31374
61458
65757
70701
60570
50637
73429
39052
37862
68268
38957
19096
51834
50247
52110
19615
11420
11882
70124
62278
61817
20932
5481
59461
45355
19123
22401
67234
20895
40470
32188
39248
43208
45092
3071
73271
58803
24217
53548
38718
37832
62339
48794
23252
46622
7380
46476
50461
60670
49095
40343
9324
64165
48522
63059
4886
37625
45008
52855
55465
9061
39968
7326
5938
43262
21426
17774
14746
38434
55489
34632
30563
18807
17602
45010
38115
13203
41495
54507
58388
39288
73239
50027
38683
16602
3242
73091
902
43924
13454
64339
44830
33374
19566
35663
20083
25401
49788
66774
16944
53032
31957
38129
47757
18932
15866
43616
36614
49680
8151
71342
12166
22979
21678
2994
53596
16837
11145
4799
9224
63302
17062
20384
50485
33000
37520
10691
11455
9083
4932
60854
52366
47110
32195
12495
48159
10432
53068
24951
50230
53872
10096
71625
49140
11246
64853
66193
23910
63219
27747
27267
40447
48973
6465
47825
8988
53251
46509
35020
53499
66541
5609
10144
17580
32722
34170
53187
52826
42279
45300
44297
234
10306
1144
42015
50204
66645
65556
13428
47352
22315
14069
56165
43678
38208
14715
23658
14512
34910
53344
38586
70207
63251
70583
66989
48846
15309
209
25646
31763
56812
37865
40776
66007
46493
4416
39175
13885
45131
68951
34637
13749
53614
69332
30474
9832
45023
28592
46510
36275
67820
48356
3175
5305
32693
62460
69844
9696
63191
16338
66833
414
18895
5497
10294
45540
36836
28542
7615
22791
14254
49142
69505
9335
20915
8170
31899
7526
71870
1113
63997
58342
10823
10891
26863
33494
65655
25745
21244
50623
67883
2560
37748
6089
41692
49984
38026
61153
65106
15955
39055
19012
58714
18462
9988
13547
62752
38369
31250
69878
53183
70817
71283
59899
34937
11662
1800
48925
12004
58222
60711
37367
55725
32293
43274
38169
14534
50127
38217
8571
15923
25935
6433
25842
5721
31980
7329
18060
3336
61589
29410
10755
7617
20979
20651
26318
3615
44323
43023
15421
18839
1621
9759
33091
58965
7479
14894
20865
69552
69397
48763
32322
59757
39666
45437
52252
1226
10478
41765
63773
1055
29638
40815
12427
63430
54888
24774
15742
41276
66517
71591
24354
56983
36280
61415
68900
17709
37945
36348
64949
16887
43887
8446
17479
38219
20892
28601
51231
39784
1578
65869
63764
58363
1851
36210
39748
60932
56420
42956
37627
51533
23984
57838
27158
26094
10960
37216
2376
4131
31835
22228
41769
1831
37994
25590
41598
4503
33757
43833
40742
38987
33144
68157
39662
83
58898
15027
4676
51962
24985
48298
20713
34280
63177
37145
6802
46151
21317
65999
51898
9742
71179
5479
3661
1996
39175
55596
34826
64
5772
7414
23685
72063
197
13573
15485
57219
58172
70970
7031
34939
41016
12749
44136
44275
56741
32906
15865
20920
12418
17293
60246
38627
71727
22034
62156
32914
25771
15811
66134
19081
48779
66958
39742
70006
887
59975
4321
56146
22701
44873
58741
34207
22106
28368
28070
24338
57296
20981
37296
39682
34324
57068
36439
61234
45869
7774
14938
57963
14401
58973
66421
34330
60558
46195
54255
23234
42219
38061
62234
23171
34120
48212
29212
4774
62900
44890
40077
47189
28898
42831
58187
61541
