53772
34091
33372
64763
38818
18402
7230
37959
50771
29353
59172
70215
36903
21433
49912
27104
36009
41249
18212
68952
10587
1138
45763
63822
8242
46633
30099
37121
20541
29458
30372
38002
14359
23387
44723
49217
68271
33148
13322
48905
37869
21333
23070
64012
12554
41031
10325
51923
18546
5445
36469
67393
12329
6846
25787
16031
19804
43639
16055
59043
8117
24855
29576
20008
9311
57053
19011
25046
42010
35234
254
4232
21643
68766
44126
51559
988
30787
59500
57957
45975
57145
25390
24088
14750
20052
13240
31620
47102
56523
41389
5187
13673
49255
38386
42439
56778
58899
52258
54475
31083
52708
21425
35501
38282
71548
28234
40367
5204
63086
41212
17384
47566
53215
6018
12357
59295
64649
43849
59420
65252
21000
59273
24073
50868
25978
52384
46606
13546
36507
41056
34270
16000
35364
13217
1092
43874
26176
66918
41688
32074
665
21551
39833
61835
68799
59959
17797
8378
28886
14694
59956
64409
37306
64065
59274
28969
39466
53233
67570
65540
28138
64924
4851
37944
25483
35901
24106
16330
68704
71127
52070
29433
24508
48639
46201
8361
27875
10254
33839
36799
41055
63805
62113
56481
6569
5943
8883
25498
39105
67169
34706
32456
58242
50356
65370
25482
22159
45175
59395
49741
31361
38839
71275
68328
29608
54308
16469
34454
67581
44928
26254
66812
29201
26167
38302
5431
58328
17565
14393
63449
5572
20360
53817
61090
49978
43743
57166
66242
53494
18256
14029
14661
34473
56823
55578
7324
41776
45550
28168
6605
56086
17995
61057
51948
13961
65830
47319
23311
43289
30698
59656
55627
33353
35919
31814
68933
14383
30537
13230
18770
48851
6219
2534
20231
60203
115
4856
46540
1379
32577
53301
56029
6937
8474
70061
4379
67434
28765
35476
49170
38746
50469
39146
9257
2342
66065
33626
33119
67573
19850
28607
33104
38204
68259
1893
19518
24298
7015
51325
68879
38354
60522
23058
24261
54344
52407
14040
7363
34788
49166
46342
26538
43941
13255
60132
54412
67763
34433
21012
70777
31397
5658
31228
55153
11756
36878
26591
66882
67280
14292
24839
37251
70117
66664
58856
54276
38151
31658
14272
35220
39697
31075
53306
20932
46891
15877
29527
31584
50269
17854
57668
59843
66173
68551
54080
37794
13797
56178
51445
8649
3454
20048
65150
66972
12789
679
4025
8846
26090
18110
38299
13772
65446
59470
22107
45627
30887
58466
33586
6887
2462
16616
13827
28728
4456
62395
40242
55085
3525
42376
26722
55095
65445
43956
66498
1716
46023
14376
3276
20890
5130
66224
66852
43468
49869
52807
35859
17443
3458
45910
65164
4613
22083
65149
7518
48773
13303
43904
36678
8136
8592
57421
12919
53325
50088
43382
40263
56056
68934
21257
56385
28725
36689
23060
26594
55593
38368
35769
8962
28080
54723
63785
21762
10513
27217
7096
39153
47514
33082
28326
30817
65687
13976
45832
51634
60188
45045
69422
38078
6509
30213
26824
54459
54384
55809
20286
13098
54194
69147
25190
32392
1195
68029
5065
44304
18042
21315
57222
53352
7260
41357
26122
40096
15006
37528
38799
18106
45419
45999
46452
32433
71353
18424
7280
17007
65543
28821
14085
4891
36228
8604
62440
35979
40332
66437
5540
14121
33678
52563
8933
11024
51784
56693
48959
3916
64018
15048
22077
23083
12291
40797
42790
949
30466
46989
71112
9395
35279
18710
62945
65583
62037
10701
50296
51309
57307
21057
47736
4023
69010
65299
20423
31545
64745
54840
67496
59756
46151
46285
8034
17313
40468
69478
17356
54417
31393
2708
40536
13624
70675
1065
41371
2682
71378
14226
19643
68837
71070
35113
65278
19846
43106
38296
68517
35649
34589
70290
37736
28150
2925
45611
45448
19594
31585
28955
10274
4198
32178
31927
51556
65851
65268
31170
52584
4377
19469
35370
33838
42630
35753
50841
42490
68263
49730
15863
9998
40177
63799
45474
45750
8913
22430
50838
23407
1108
3590
4766
71488
5273
68848
38221
27697
37143
9615
38507
58707
4582
28874
61163
12194
12695
12170
26735
683
33917
16393
55418
16824
9100
66051
62941
67969
45482
35663
21998
18494
26160
17394
62991
61902
43138
11907
58590
69614
57954
22752
13662
47437
66782
66105
70165
27556
45133
7209
31845
56117
9079
32125
43473
6591
5092
12449
2421
60013
42600
14676
49353
51704
47373
10483
468
21189
10861
48084
30862
7459
56688
43042
1409
19692
46318
4679
12924
32345
9975
60693
67519
395
38662
66533
57270
67474
49595
20914
21409
53337
67942
37510
45753
22811
3044
41529
4719
55900
12441
41962
57458
13030
35545
40337
71122
3669
20926
1374
11603
70473
69246
65844
64325
56853
54924
31621
53431
51751
15575
49235
16187
16123
65627
6657
43651
3430
53428
53588
47249
53496
19071
39374
19167
17698
55072
1963
51582
6691
23486
58671
9612
18720
3822
29031
16757
55264
32399
52983
12015
6048
36325
49164
65518
36950
10686
27659
69777
53560
17704
58961
7597
25115
68283
61879
25810
40113
31292
53054
68107
41334
34833
34597
63152
18041
6564
2519
24518
67133
53383
15337
42138
35734
21088
29049
30859
1617
70533
43569
32552
68416
58407
54408
7072
29199
65520
51112
54727
15713
56817
4544
53459
12365
52650
51938
59954
46109
44363
43136
14507
36826
70031
20173
41007
24829
64344
17353
33864
4390
60536
29749
26232
37490
809
33708
10894
67373
43214
1922
15351
47898
68540
9099
35186
41802
27007
32224
16825
43141
16510
5283
26819
37804
66103
15612
120
21876
8372
39676
36205
17989
20583
63061
56073
38321
55937
33115
59198
15410
11315
4509
14732
13018
63633
34543
67603
65266
27583
7248
68638
55138
40972
10199
39974
60745
34194
29852
24908
52946
68687
67601
1911
54290
26013
38944
62522
51178
62748
56731
70344
5035
47644
62152
39577
35173
57399
8157
5821
28453
50914
19316
67813
2165
27285
4186
14107
23962
1074
71278
30265
61482
12421
60500
15632
52658
20003
53957
37751
28736
52878
8139
17942
21040
20146
67766
26572
30569
57354
14894
51943
40082
11668
49564
12174
39127
37985
25586
28224
64676
50192
6649
14970
43853
51954
39963
41885
53250
44026
46772
40578
55396
37654
18265
60194
62834
53990
46039
38364
33536
23810
41876
28119
5157
31559
30708
3532
7421
7954
55050
67377
41305
14606
41521
57359
15968
61696
46932
22163
1554
53642
56506
45140
69746
22020
55377
33079
64621
33131
68976
15894
50461
12230
58608
32657
51970
52191
41579
20448
16595
21056
56217
58140
53367
28774
18918
64388
608
16698
26033
55921
52077
38328
56662
46071
18350
69404
44148
11057
45874
14026
10654
40450
38156
17106
12829
23116
70169
37823
22786
59807
35224
16322
36886
52194
25441
68842
30717
67106
23743
36519
6926
55869
46146
52627
1171
29734
11549
62608
47575
31851
48077
10566
62776
55768
42297
48006
34818
10888
13844
31369
59441
22164
53111
1591
2200
66925
33957
13283
39478
45455
66305
3934
15879
33797
11758
43917
21959
63415
51187
12622
9915
62401
47744
7921
23541
27000
47519
2789
2017
43389
48575
54897
39855
5936
9092
13756
46335
640
18866
52926
55234
16306
50416
27566
51260
21957
51150
63560
67692
12186
71687
58294
56016
1103
45002
46079
15537
38582
884
51892
50945
18530
66464
17978
39872
14224
17501
12974
47681
41965
12506
40670
47347
61199
22846
13116
29142
56791
56954
46393
14386
26921
15513
60362
24495
52088
10231
37274
40944
7059
23075
70363
13628
6993
38795
71013
42437
21730
50147
38533
50381
7618
35281
66674
24209
52643
27880
13613
70912
23143
23969
40037
40758
15234
60092
12515
15069
27067
45677
28859
62509
54774
12249
16085
33367
21759
5697
31116
70145
32678
58386
66530
34147
21633
18873
31407
28444
15456
19635
330
32015
69922
30363
28338
14655
1112
66014
14431
19466
51526
3789
70063
69759
153
42909
29037
61438
51286
4107
65039
24599
42117
44720
12751
64482
21424
42791
59248
9159
31551
48383
36696
66468
8929
1368
29726
6320
55960
41039
46126
4145
39894
67299
27349
25513
71938
68513
45493
13773
21126
20235
38107
64512
5920
31746
7241
52332
14058
57623
39951
7671
14836
9518
67897
63818
62637
24397
7093
60709
3761
44266
61848
69209
56861
57821
39018
7091
58614
5578
63723
52767
33714
68840
17962
53320
60479
18561
61553
19383
6973
60127
70655
37806
51569
44507
58612
66939
66034
38340
14629
7824
24897
71612
48861
64413
31885
49254
7198
32870
61477
42004
49128
36503
58950
10957
42788
49160
37574
43798
44698
42229
71973
46860
57794
71236
59755
49583
27415
6456
961
65111
46439
59969
19425
4464
32233
1202
69183
68132
4467
21007
18224
36733
29337
66528
37904
36796
29110
63562
51633
34073
54633
17451
58277
31110
63143
68286
62131
33008
26076
43697
38470
20935
65579
68745
32235
9757
34143
46908
4802
48270
22183
7193
23573
20012
3576
22141
10745
10890
34882
31536
35346
29972
40284
34002
55875
33815
59728
62569
13755
5044
40718
55071
10383
38789
61942
61903
52350
66688
30275
48769
1698
22604
32893
12148
8968
61178
6159
21252
42025
34688
19029
66777
27647
52287
38017
49304
32849
64205
48120
44613
12172
10669
68781
23975
10611
40389
68788
39588
45347
4599
29260
64977
21795
64342
63506
48052
11389
20548
15443
33832
20738
21479
18998
44545
13653
45333
20907
67026
258
45184
50560
28143
33949
54922
5714
57170
60180
46395
57770
46437
53614
42119
22242
40673
35442
37956
11330
57020
42781
50232
51188
9093
59695
2967
11018
12531
13219
13281
2702
60633
28259
54366
1233
20197
26966
63677
59944
58722
51054
62421
64990
14780
15556
59708
5058
56598
19900
44150
3986
69971
61960
28647
34219
48417
62203
29937
55458
36675
9075
42976
52881
14319
57701
35601
64465
47757
25250
28684
22026
26100
32146
2471
70303
36037
7049
7330
8455
46069
27937
18160
26797
25677
42041
65420
16282
64008
49380
53117
62032
2892
52256
55634
40696
34601
17149
56799
21109
48337
63014
29336
71556
45203
71944
69305
12512
21448
43000
50778
3197
14231
38040
22456
12862
11582
20133
47908
48786
3615
51273
7235
3493
41393
24956
26756
46549
36440
51581
844
68319
26925
20204
11195
66611
66823
5025
58820
1913
12214
1320
3494
23871
16924
35981
30979
64812
44792
53066
57789
60531
47529
55696
47075
41063
48267
6412
21107
24858
26563
32488
40216
61449
71280
23266
8993
44000
11143
42192
47311
61056
23980
31624
23788
46980
16406
54112
58308
20377
65551
49972
67635
10385
42187
13173
37467
40128
57062
9588
49776
55855
6704
42158
33
67990
28201
33151
24319
57527
70726
33547
357
1402
1035
32225
36220
978
45000
15903
56568
63300
45294
19206
13039
51542
57131
16932
62120
24172
58434
53291
27567
7250
37734
1147
43551
64969
7050
24350
18275
11
44869
8470
53395
37692
46212
51230
66690
15051
49386
20002
59658
50222
21180
7274
58465
44164
33331
182
5057
8568
14041
67528
33621
58074
55775
51432
17881
48315
19417
14745
3215
31005
25080
37643
10036
46243
53061
16540
34796
50609
43721
70106
53030
924
21339
64894
8746
27001
59591
20248
29228
11204
15615
67548
47646
38144
18161
48346
68287
46991
63540
46445
16210
44981
17582
46928
61732
52618
57554
59669
22693
70273
61996
2294
36452
62296
22298
47945
54150
14286
7136
45039
5294
51867
13800
44873
21340
16296
4007
20567
31195
10464
30233
38535
58738
52754
37550
35511
58090
67172
4818
55572
40686
65221
4824
4810
15587
18774
18427
21124
34707
35722
57288
4441
32055
66658
39342
57308
66817
5289
63534
62034
7426
68161
63109
49658
16667
51893
24363
58300
67525
60617
36999
18156
64213
9994
40105
34736
51361
51424
60981
21727
3927
3245
56627
19521
64406
28723
2283
7686
69383
43935
53126
51159
17575
62299
27029
22629
16383
19669
25516
21181
25668
5419
58301
23634
27753
21202
54272
60494
10835
54236
51077
5024
65837
49034
28500
43223
17526
35772
10952
11099
30706
66824
52140
46701
53977
26905
24290
16739
5891
10479
2497
14124
64756
35011
59743
21112
68834
37776
48497
40825
27589
733
34220
39537
4021
4358
16075
30132
15865
32847
42760
50828
14830
59131
64264
62275
62266
56406
8209
37318
58785
20104
38247
18572
19369
5561
43541
63191
7879
28188
52347
50365
1541
4493
45218
47984
48137
56860
37633
27176
57215
6149
64973
55516
71115
67173
64830
41775
23043
12289
18509
56334
5244
14975
17804
24636
8427
59334
13227
17912
20164
41479
18483
69310
38167
45847
19368
2028
3120
7633
29250
53406
17153
36832
11471
19963
5618
61125
68696
17520
68741
51983
29795
24289
37813
5690
64905
62168
66227
15038
23199
54022
6205
42316
1562
66616
22869
7119
69081
38083
47630
4015
22082
52049
54248
38539
66090
19246
56259
1299
44598
5405
21991
6118
33501
54374
71121
27063
18510
2816
67592
5054
18017
13669
25421
29223
65662
62206
397
62218
34016
56579
52928
55795
16756
24404
30988
11735
14479
25168
57138
49924
65773
71031
7943
37774
34998
59881
31768
5771
27393
13664
11923
32534
890
35171
16939
33017
61331
55858
17600
63297
22718
41740
59152
9511
42242
63403
38181
16465
3314
63205
45871
46290
42277
33670
6738
49861
69219
6030
58971
31297
20439
54030
31068
13315
35815
14070
38257
3080
1490
3971
12878
31965
28192
48597
28415
57290
31782
34132
59544
10584
30144
9938
15422
70064
36098
17719
29247
43671
56733
41562
2660
22173
43991
11592
55699
30419
7335
21132
50340
56221
4869
57552
60233
34372
53343
34612
44916
17892
31088
42757
47226
3807
38510
28442
49187
39542
5896
66967
13297
65390
46494
10203
19742
62831
25520
14329
110
61816
12059
46917
35425
10438
14647
21301
63140
38802
9028
9401
64200
40700
54073
59778
34167
23202
26096
21256
49914
53003
36254
30728
35696
4380
23705
41257
8552
15757
41172
33572
51872
29225
27283
28767
11451
68016
5427
48775
9515
57710
51015
35284
35217
6740
4704
51117
10908
15483
11724
64243
58839
32499
15079
22365
42118
55573
34714
21025
36100
3483
16327
32890
44384
20206
71160
28410
4955
31023
55753
30899
14038
51172
11581
26211
64957
1766
64999
63711
39687
2220
42148
34609
39155
45843
36236
53021
7581
62808
50818
47289
7256
69469
13939
48838
17037
14240
7502
42363
13100
63185
52382
46863
67511
1743
30951
5886
428
54823
17864
22221
35635
36284
22737
58688
16604
9132
62362
16624
14484
58741
69527
61112
39025
30846
6900
18085
61229
6709
23190
753
66510
12199
44082
41762
13243
65113
71372
21003
66610
12668
4498
45628
1476
64231
18400
24327
24931
31389
67732
18691
55140
9911
26852
54614
64085
54856
57558
44202
25916
35898
41344
40800
51971
5416
67110
9812
31
15163
25634
59277
41983
15473
3091
41517
65383
3996
26253
25869
63658
32372
59732
29499
44627
2839
16419
50525
47586
68417
53948
31751
30058
55638
52301
43082
11650
58079
1866
10607
20513
61690
9244
28788
9888
19987
6170
5505
28180
9404
40957
3923
68222
45391
40922
69284
6847
26700
19784
64107
21862
35125
26624
39522
18996
9368
11895
53223
29978
53346
14582
786
39371
56141
54416
40444
25228
63857
23618
59196
55865
27920
36457
20525
14175
13006
29358
40635
52308
14366
33116
68748
15628
66499
2664
30244
51940
41306
10806
1563
5259
4617
51721
55698
4511
7815
36186
46367
47900
63482
9185
4623
33385
20549
60385
63792
9617
17771
69981
15374
870
35317
33734
18863
28898
35712
63809
67057
12861
17613
19676
40651
63400
6994
63741
17187
52481
43166
22541
66261
67306
29592
60790
35802
54473
52862
26807
61027
29186
23362
21309
45881
67638
57923
32110
64552
20657
11886
8492
51005
64256
15086
42535
57338
65023
1556
65686
5716
3888
28699
66691
62495
30108
36353
3734
56372
43537
46469
1413
22870
27177
32880
23195
10431
42097
47811
50522
61252
20042
4731
17147
3983
65988
17417
37639
27238
39337
47149
45710
46578
68541
50305
7709
41215
34848
61283
68442
8380
6830
2563
21030
6510
37
21258
34578
52691
11734
44679
14524
18816
3468
58609
36502
67112
11344
38729
42823
24991
61240
60871
2678
18219
44588
49044
37801
20555
24512
41672
8706
70610
71304
39567
22069
17439
21465
7253
40103
24237
44919
25951
5515
65210
573
60950
63944
38164
10812
38464
46969
71186
34462
53791
6950
43167
36728
8757
33851
17202
36767
16292
4223
2054
45527
9377
57930
39162
16054
8445
58141
65895
69341
2700
58763
44381
2571
39524
1003
14932
37449
38616
63052
27530
70452
24903
17776
60676
18403
28198
50777
53302
44675
23210
36658
45649
23929
46604
60595
5642
19151
14856
46103
56082
24968
17469
696
10803
33665
17157
55879
50886
32685
22926
20112
5141
19281
43829
30837
30339
25408
68584
43403
52389
22342
18994
60116
62192
40730
24795
45062
47111
47310
16115
922
36978
35808
15748
44786
46875
21490
45692
14668
1819
26805
11696
552
4907
15390
11520
11314
17293
31097
36483
54958
21562
33792
6352
44682
62408
19418
4756
38081
43087
21645
47274
35643
42261
40291
46859
19626
21468
66988
38915
30199
8635
7571
39787
49051
9919
4230
40929
61551
52871
33283
42272
65976
34087
13836
2657
11359
7887
41943
34312
45010
6701
5824
8633
60910
9650
43986
43945
2742
48871
63296
67685
62650
54437
55136
16551
51664
8524
44554
64563
59601
4171
1249
38010
28330
17416
51677
6646
70606
45811
20467
37647
4190
15960
22753
57502
56067
26758
56236
18797
13970
69022
55496
68459
24509
25230
51291
32385
11227
68288
61804
42758
5462
20558
30501
24555
60482
54129
28286
5357
65051
22114
2473
2782
41836
33086
24387
21765
71196
68392
4348
39744
996
66288
15941
31994
37591
59649
4345
3701
70779
54472
7447
5948
28876
44902
24537
59347
52977
55504
66312
19857
43538
19973
18815
58096
10549
63351
3294
2699
53186
63010
44098
45099
36443
9814
26939
51390
4028
55611
53896
10551
208
9161
14
30017
32509
36710
40085
49670
59058
39047
25678
13457
58504
53017
71332
63440
67275
32865
34432
43165
29265
15158
42347
63621
19895
61133
26426
51366
22651
8043
50480
68089
19007
65750
31226
56359
49490
13056
66964
17673
48858
35229
17030
17643
3394
17312
20604
58346
16778
42945
28050
20629
55779
67249
47582
49841
58502
60248
24649
66564
39856
3988
21802
63972
22526
45322
5775
24069
16239
10425
19494
13024
31258
62056
38619
2690
4343
12276
69508
62208
10491
49286
25330
50403
13692
1914
42480
3705
69052
4482
33126
33932
36870
60102
14318
45909
45523
58499
541
22620
35043
42805
8909
2307
46612
58157
23498
27407
37876
63435
12286
30725
2935
43869
29017
51058
4976
7885
20309
45276
31442
7831
13050
2650
18034
44455
47238
47729
5911
22235
17598
57715
3086
48651
30876
55767
68068
23536
7271
69488
41732
38840
43245
55142
35944
47859
17536
19724
68529
38214
70358
27668
49688
4529
35419
14779
34701
47330
24657
62795
68643
67276
302
48062
42267
10723
22422
56046
34591
30309
4375
42459
45199
63473
14725
33069
7772
62205
46195
38487
8551
22080
51118
64813
38892
20273
18655
50941
7780
39904
54126
8422
51980
10166
25597
17277
23825
56209
17341
53541
36389
17695
22775
10712
19961
27335
66349
55439
65539
35662
12243
23057
17722
30139
45442
6078
70289
68691
17342
9301
30371
43220
56223
66524
48800
51639
43159
17464
28244
7026
43682
24783
51025
30134
17194
40464
58
46702
36177
20734
39098
53317
64793
34486
17231
3773
3033
50669
28519
1897
23936
8988
8464
70464
53288
48455
56080
2010
36181
14463
65206
9304
40896
64550
15377
13990
43726
58158
53024
20426
16002
48587
21232
5000
11887
50072
46087
50161
426
50114
62904
55613
67673
45736
13609
7889
66868
3650
30054
61919
16996
6331
17173
454
44663
58675
53131
10666
63011
15552
14470
1089
63181
40098
39879
21160
29531
65431
49492
64131
48291
6450
4040
47104
26112
18978
31251
20508
10367
4635
71955
64998
46710
34217
51398
30246
14628
17999
30566
20649
52967
44095
40574
1605
67965
4598
8251
36547
30016
53187
29007
8149
69483
15984
46978
70327
27239
7002
23436
15777
25542
53945
29118
65456
26895
57005
27252
44112
32166
54802
30990
22900
13449
6135
13171
61016
37348
65968
66791
31424
48043
21882
69649
17316
40493
54326
42460
20299
60008
15669
13980
70719
41358
10260
8484
56386
45048
6754
3214
12348
71636
3962
42510
24436
44758
1280
42577
50739
67340
38330
10381
29084
45747
26880
29586
49681
41767
61780
24058
47415
21879
45964
35127
4006
15233
24904
59163
62088
66209
21125
26821
13914
27163
53319
60683
14597
70122
34500
45410
60303
66156
21842
10919
47389
60749
2495
53961
54880
59013
24895
27722
56354
3909
56914
58724
17027
2433
18475
49342
58779
10681
53618
69024
45115
59213
48033
70198
39869
35391
19550
63330
51519
45936
27346
56160
41446
45905
43400
27522
63738
60685
61434
62416
34042
48280
69015
47331
39707
36645
22420
56126
32162
35429
13747
44144
27374
55910
19730
71756
47291
28370
38203
41101
40806
13348
26702
51092
16978
44717
34205
3535
42614
21280
11728
10228
61621
42401
21949
39629
12459
50939
18807
46157
65902
60217
730
23228
55199
19507
27355
34005
26463
59791
43373
65477
2111
6684
16652
45560
14327
56558
21229
15668
7768
66344
65550
17079
70140
53028
53026
42036
28489
64267
60091
43487
62905
36848
37100
7940
4525
24873
3662
43404
18054
12798
20067
35778
16343
37821
60488
35683
52120
32081
3699
17366
37105
38090
33243
39666
20735
53072
26648
4799
50592
50784
23417
14378
59600
17254
52154
70883
70243
45777
37305
44404
45583
19380
4723
863
52487
52780
26446
16539
17952
31709
14857
26934
16863
52046
71816
37345
33319
27156
25121
60892
65491
19835
14252
55491
51308
31603
45640
7388
34679
52911
66934
29832
36561
39552
49822
58005
32193
11519
41333
62105
62532
54797
33388
13196
23454
20905
32347
26714
65712
33337
23920
18916
33755
11722
66656
13822
16815
64538
50823
28749
4833
42981
16761
63374
34365
11203
34172
14844
68700
10072
70581
62985
1
50001
69642
42168
50034
45396
3737
21210
60425
2773
38274
51416
24054
9246
43156
4631
13082
30971
3132
27729
33000
409
69768
42099
18496
12641
12935
4893
19699
19353
52771
19640
1337
66280
62492
55277
67648
25243
2910
13302
33249
41104
69216
5197
66657
62437
64071
37171
45883
42961
71743
28919
19432
46522
3156
3974
23532
19152
39733
3943
63641
61065
40785
50428
65620
4542
14851
30330
48040
21609
37760
3432
44939
11966
18018
54099
26980
44457
1230
11883
62191
10321
51574
11078
2972
63545
6779
71331
41968
27036
2427
2398
29636
68958
34224
11890
10960
29538
49557
4566
17372
24609
29769
42336
4516
8267
59577
46034
67559
65740
20897
69729
1226
53452
49068
22277
52997
69675
70711
17845
50127
52589
3079
45328
6607
37264
29541
34905
8086
1200
25823
50267
63063
51708
1479
49957
66377
18369
15008
34773
37542
51205
61076
49294
24807
69830
35886
32357
63617
48321
12274
48362
16509
70923
19059
28865
57567
30243
50240
58436
38307
40070
1421
43523
25809
59025
25339
22043
34783
27627
71777
36829
22035
34971
47547
54370
24439
33389
6271
37580
52921
1731
3631
12527
58862
48070
19445
60838
19826
65994
49850
59709
32339
28931
53378
22239
39191
6904
5759
40691
39544
40632
60886
70958
52713
24175
25368
11069
29318
59017
62136
29074
37909
63811
68115
8572
12961
18712
37913
36876
61750
71555
34925
57524
61951
10277
15356
44425
44494
40992
29625
2474
63876
67790
62545
39131
45132
57540
64826
58631
36607
71645
58619
65905
52436
42792
11957
49709
34325
65861
21835
50211
58653
7778
60395
23365
71893
17355
23564
45745
31714
56928
20414
71913
4264
2675
51372
42691
66710
15955
54037
36798
3567
45542
42298
1841
46763
60306
4378
56446
22952
66609
7512
43243
64257
29555
33800
23106
7708
57177
25383
36463
1042
4118
37761
30563
23740
63358
21980
18317
50984
31440
70065
26802
47068
49600
22566
24307
726
7736
57926
60541
33728
43554
34545
63363
9527
10927
66236
19546
59284
5212
69278
61678
36036
37983
52549
58280
28262
18957
5295
13684
4303
40365
51428
7756
60143
67729
35822
15103
11185
65776
58442
39231
9495
59785
26473
71790
23076
41042
8848
29412
20300
17081
4157
11583
788
16464
6336
57762
33589
46024
93
14035
40453
40018
62988
53264
67366
3855
59953
2661
38041
17151
52151
14478
16367
14827
672
9599
59921
53269
57224
40621
4849
17089
35895
15841
10238
68194
20590
43575
65738
21443
58960
37480
61827
53071
60823
22071
6177
32342
15946
51111
18264
41736
69747
50836
54601
30624
48540
13090
66846
36627
57629
1650
8714
62519
54249
15019
66937
48338
50233
4052
71900
16583
54055
14205
64293
13200
16579
14267
28318
35278
39296
62728
42486
62111
64742
6533
63212
52172
11841
17291
49396
25791
48627
9103
68857
10445
10094
31755
22802
29043
58768
46954
63727
51146
46599
24229
47800
37984
51713
21803
34311
63839
69460
49997
33271
42078
4959
33260
71117
60386
69886
24678
33972
65892
41418
30312
4911
37103
17860
45780
41143
38766
38748
15292
27385
41908
35528
54402
21187
32525
61570
60808
59597
56907
71184
21412
39079
3424
55370
4091
44971
1109
12110
62778
26398
3187
22592
47439
38709
17295
50721
67899
68890
52646
35620
57963
50932
24148
36199
41938
29793
18393
57326
40213
982
1700
62636
53297
9313
1676
27602
33564
19278
5265
24114
3244
47413
67962
69247
62072
10851
14924
51324
12674
11302
12008
37008
19275
61767
1334
62506
63301
25090
35840
5325
53059
53533
48110
42567
55073
33903
30065
59575
29102
34334
5195
35068
6204
13239
65880
47098
31034
37337
785
34371
10304
26457
24524
54792
18547
15137
14514
37509
28117
51880
64560
23133
41668
70078
37373
44317
47084
46481
20029
64146
37842
40769
49899
32734
68356
44493
142
53055
46159
39515
61469
23019
57897
6528
68640
28883
66862
64646
27270
8578
66449
27251
53715
48053
44283
11408
59633
17198
11842
50504
30245
34408
17244
8012
55320
63997
15382
6580
25386
43122
8672
2655
68919
62736
7942
48401
69542
45303
70348
11535
41096
26291
49908
53368
25065
39144
72026
46339
11817
12083
10335
40382
22152
17059
32780
44883
13314
26320
47229
48335
55867
57167
68796
44557
61973
9130
58659
42442
51621
8931
33935
8941
11434
50800
15344
28196
23172
26525
21199
19157
55434
4895
14199
39178
29449
2314
31430
42561
31578
51360
61205
21051
54783
50907
38269
19658
26962
35057
51964
10673
69048
23270
29627
62502
837
36470
33685
47857
38794
26121
42474
23732
20190
28825
6383
32196
69059
24369
44174
18940
61988
20756
4762
26041
35637
54820
6837
63171
52756
68850
13960
47645
53678
25083
49988
27996
62902
45672
21106
29066
30818
6029
50028
2621
40812
5702
70776
50666
54857
48747
31045
42631
35535
64960
20820
68878
29962
27774
13358
28563
60525
40302
71047
55218
15772
50350
52698
29987
25273
30798
43007
8154
11705
15110
25379
68385
20580
41417
7438
20329
16053
29278
25776
21570
60184
33875
4299
14220
15172
3663
4329
9896
10875
45907
70781
29273
62224
28635
25313
69941
61255
31961
28038
12118
13804
6881
19946
60383
61439
17626
70055
41382
22909
61268
10257
18697
4634
1756
51145
69429
39745
63292
69935
34544
1888
2601
64068
10555
58311
35935
13575
65193
31049
156
47634
6783
65829
38685
29410
57318
18281
51902
40585
20443
22127
50531
46558
33305
25489
23813
154
56232
14992
23850
11136
28090
38446
27664
26607
37257
13864
8511
29581
63529
46972
38271
29546
11397
3597
23690
53967
58774
17668
38475
44546
56821
16233
17073
59439
28501
67987
24662
60559
53157
43476
31915
44878
63578
11726
10918
5062
5930
34741
22611
32776
70345
32248
55035
30021
14426
64301
23178
66362
30084
14467
63704
61231
61739
57611
17951
18950
51945
22903
25357
37858
8956
68246
51223
31812
29939
36811
56042
35977
54845
50821
68342
3288
47742
24215
29175
71153
60609
44552
24166
66955
12573
47617
11498
59357
55995
59790
35446
49366
38236
49242
58596
51802
29385
22787
12268
70343
29897
60881
51815
43345
60361
17740
7357
54636
15401
9065
7989
63719
44904
23590
37396
48454
33274
47315
45578
59454
12708
56785
3265
9255
18801
66484
30926
70563
59924
19179
59409
39499
14633
17258
57574
26666
46433
59215
36891
27510
46182
30921
43776
41163
39369
54087
25315
15611
43103
46895
49764
28291
6161
48181
34614
14453
48969
47564
63155
44954
51641
58581
23165
49264
12811
47385
31078
19708
67427
49632
70834
7629
65721
27879
45537
23627
70447
5907
36567
13062
34131
54493
9985
29497
31779
61674
11737
17438
48130
27143
36056
20447
54501
55253
2944
12706
46988
56457
56390
53070
12425
65095
66950
42054
37690
27235
61274
31528
8972
19586
13778
42281
33179
45794
32756
18282
19646
25495
35827
42028
46883
54045
67997
1462
52128
29579
66335
61080
52276
32481
10198
42904
9383
61828
54434
63653
36396
5169
42754
48702
5769
29575
67875
19996
42031
56730
66279
44182
41213
8562
8516
11902
66478
18498
19010
10889
2387
36201
71825
19936
68559
43556
3172
28102
12976
24230
17413
53118
51844
68164
39069
64150
2912
64703
31354
71139
12262
39419
62843
56366
22908
26982
1624
20337
14998
62860
17129
41690
49281
52250
29436
1590
43340
17056
27242
54128
25977
44511
56165
21186
39197
32358
35329
70297
63922
47475
13514
46596
37716
64882
48717
43448
34514
28764
45151
29658
15474
54430
36505
43205
5652
49926
10941
61058
41698
49159
63590
53512
26114
39445
66139
62766
28861
52861
23218
46513
68492
15912
66566
50845
67591
40940
45100
41387
31762
15280
11268
63405
15514
2426
65941
15953
44835
4985
44732
67530
43254
28354
5385
57340
38684
59978
29232
1910
40958
3858
68047
31109
62717
29442
60274
47368
13563
13013
23784
48360
59073
6623
66765
32640
64515
47020
38886
8664
69774
9728
15801
3938
19129
48985
31839
35987
1408
20351
9931
13981
49260
50106
12897
70355
5531
27929
6347
55113
61219
9050
29567
37493
52828
36911
63643
3384
51746
39338
39792
43961
64014
67468
46901
1204
4455
9798
27286
47583
514
31583
29457
14573
21205
63525
21623
3243
4537
68117
54261
2080
42094
24954
40354
28273
26065
52751
8643
42729
32173
44282
6648
7997
66643
3262
8089
33065
43967
14104
65352
35471
30942
20458
16987
221
23408
33382
38826
28336
57433
48352
23029
11119
64350
59875
25526
22145
60291
7197
44367
63102
60118
44464
36034
56651
31394
22554
11694
46091
27919
18818
71291
32148
23790
10622
61055
48850
61992
68985
26031
54534
36266
2780
53852
1008
26588
20338
57110
28302
59427
7750
31904
51190
19837
19035
51039
5450
33466
69772
42107
15089
57778
6506
8002
47147
23288
32359
24427
48285
21099
50600
46447
50050
71387
34014
48872
2081
18325
36677
62933
513
52252
58548
39658
52121
67599
9199
59271
18096
9222
13275
4422
36112
20999
37217
49101
30497
57083
36095
32599
7717
71622
48673
1303
57612
9134
17823
5756
26900
4193
56661
37919
55947
8986
17368
31038
49223
34319
28925
40878
25936
65810
4499
14993
20744
28135
17460
26854
15331
5784
47512
4637
46862
30842
60708
32099
33090
25664
22038
64276
15116
17259
25547
66644
42737
25417
21054
50940
4437
56229
29056
65559
36167
18956
57145
21257
47150
30587
3212
16919
41030
13477
38736
14563
36383
43897
57115
12126
18587
39209
53513
45497
61024
34498
17011
5494
46879
1106
35881
29709
65651
30163
50608
58070
30901
37849
22067
23064
19982
11191
44964
38920
59775
31468
45583
63320
13976
28291
38473
8119
32099
46630
63601
9632
6394
22701
27701
17717
