30078
42503
41121
38601
85361
6756
50551
69968
46010
9792
50630
23317
54807
17538
58715
736
17707
53096
59483
80943
66995
54980
15750
975
40556
38828
53573
51020
8071
45555
77778
40590
2781
46505
70608
50719
26576
63524
29778
62451
48469
59496
41933
69831
14858
9933
60248
54202
48514
68429
70996
11656
67529
85082
18365
6438
11783
77214
7669
17009
77397
15013
70921
6107
30205
39717
556
41410
38937
62833
11016
77782
25573
32406
26971
17528
63809
53616
43020
71709
26866
22157
25254
53494
65575
12312
54681
4855
21600
24285
53451
69999
5758
63869
751
7470
9703
8124
15436
5539
51802
35567
85530
48770
56337
78208
50082
18593
46316
34867
11453
71868
58479
79098
10988
15977
7576
36756
72866
26487
12881
37959
65284
55269
63242
8753
77264
43177
49274
36186
61981
74039
73716
71085
14156
34613
38590
84288
23517
8388
61780
7664
58043
51418
17993
22853
71173
40182
75794
76250
6008
13506
44128
14486
17747
33609
54921
50721
21672
5780
4716
15014
24216
50199
61602
36091
67237
16102
8248
4059
55005
15848
27425
49732
7443
48993
55146
76260
84091
77340
60262
22936
74970
55751
1016
6132
21548
25141
20839
46592
70667
44329
8278
21623
52224
22477
59708
22601
52389
12174
33519
71150
72942
30993
68667
64209
61458
8393
4870
8374
75202
64326
13101
38076
58037
19937
12777
1194
64599
31601
80290
22074
24818
81895
66203
85263
61091
76354
7500
30941
33947
39141
539
9513
2561
856
38320
71182
38477
8897
49310
67585
51819
47951
52834
70146
34918
9864
27438
63398
49899
52671
46626
1390
4656
13867
58389
1391
44432
6553
3694
84335
58160
48925
45991
31673
24683
79306
83759
45046
54520
39641
65420
807
60560
38915
47131
50751
84661
57165
14987
31616
61296
72169
18669
29896
18680
47332
1017
71134
48709
14255
84065
13034
4446
27308
81400
68921
28561
4667
57709
29445
61447
83348
54986
21749
25548
52982
82735
8086
2199
34686
82258
23744
45202
71808
8221
31117
58790
30950
81727
76327
85238
42043
43723
38328
19500
56715
42278
45675
58580
83533
71651
59806
16217
79912
71299
70364
15506
24797
38591
65495
13314
20596
44044
66898
45400
80303
30244
67296
56119
75863
24537
78271
78016
32278
82926
29999
5640
16698
74784
4932
44282
72240
38242
22016
26688
79185
18906
49333
63350
65158
82881
409
52124
71130
79997
32692
32682
36632
12573
8520
19620
36154
34343
72492
42404
42094
75491
4806
56531
78771
58459
38948
58175
1834
77174
71098
48952
9094
72628
1566
69611
39100
39445
72969
11089
68318
29196
44954
32728
32524
51333
76045
38708
71800
47930
1270
21664
11169
24603
76061
66357
64622
37345
54123
12515
83522
80067
14803
75267
19080
12240
52196
51378
82972
26926
26900
19689
44838
18186
66934
16283
37195
15321
31833
82720
71623
35483
10763
48911
65273
50662
50652
31783
22737
58835
73292
64510
77419
34037
64281
5796
41577
26104
72412
69805
17267
5501
11309
61334
55954
41384
45418
37371
16427
34070
21977
55694
19372
61593
19586
14261
32120
5274
83383
84446
12276
42294
7121
5967
52627
13005
55429
30041
44903
50505
2713
45795
56041
39529
10258
39709
82980
65307
41769
15484
57698
72638
72850
69994
74986
74726
74340
62571
20482
55778
66810
83742
37118
74074
72968
68447
81615
44922
21707
39189
21790
56636
76841
65183
22001
64873
38083
64004
54019
49454
49420
11359
83663
43139
29836
84205
82580
66116
24279
3281
62393
67302
13763
35724
62698
61486
15586
53223
41766
1410
16039
13482
79120
47354
13049
72859
79842
29027
59702
47599
22984
57394
52513
7971
60942
62510
10951
42974
27899
6588
57401
44605
35983
13168
50198
15988
12579
72202
1118
29600
65033
19222
69372
1772
31827
37843
25009
54322
73646
13192
13361
23845
41440
15762
41421
16198
44589
56827
22267
71895
29414
56100
1150
72354
77112
51902
72873
75603
33295
58216
4034
9518
55743
80311
77634
33376
76943
3514
57341
37592
25752
66343
40066
11409
64720
78078
45456
37042
50938
32719
56897
67407
42499
35753
11728
10143
31364
54024
65408
45527
59727
8444
34016
40168
18486
24141
78289
25960
39793
54493
14305
63480
82875
23187
43584
51157
51611
18641
64499
1875
34383
71596
40606
15953
43016
15080
64589
38963
10082
83358
27238
63374
68879
11648
22053
85684
55570
15650
58394
67113
13312
72916
75488
40046
30683
64708
75815
53664
4255
74048
25439
9038
25026
80291
52726
31717
84099
57234
609
32265
51934
71250
56383
55430
40977
6792
11091
36169
82738
5050
3784
58654
52730
63425
29363
40813
19206
30838
70007
64834
84947
50293
2880
16934
51251
10068
17356
64355
40953
37276
54075
3571
64101
4189
47069
74552
16808
46950
23674
53026
23331
64103
40614
30036
83775
64627
66890
48676
17760
64937
33874
69741
1467
15936
15024
21876
52297
37579
83779
25931
67433
50396
53006
48319
70892
76052
80871
56498
29107
13257
9265
51538
36930
35494
15021
75897
6765
56500
6828
30657
51621
15266
42844
61868
56799
47899
63424
36308
74689
9954
69770
302
50113
24939
44798
2598
39314
12828
47251
60451
71463
49175
65685
25730
11563
42936
30908
58184
83680
13587
81261
84154
40865
15951
71748
34299
61556
78966
75760
75782
30111
27964
85547
13995
79217
39553
919
25632
55983
58182
67885
47074
32136
2986
8730
40689
75439
36739
33310
83678
68823
14279
853
8864
83596
8142
54117
54758
20156
52807
30429
72945
11311
24998
18982
8972
67013
67486
74102
9614
34354
51677
66362
8956
74274
18847
8976
63301
46237
36083
75505
76333
16480
55585
35253
15990
78238
173
73881
82744
75944
23286
21318
16715
61934
73557
19590
28275
83151
69279
2270
20325
50503
50586
74863
76911
80383
39837
54642
68613
47535
65369
9774
36323
32316
34565
38904
13052
15798
56547
19479
49738
58357
52061
46064
46407
22709
28084
63045
12969
39070
35007
83668
36810
33247
6083
77204
44785
61136
65267
74322
54709
61911
52084
36044
31080
70717
49419
46201
30352
68893
39368
15900
68611
12230
42056
19808
76902
44563
36987
24323
20404
43161
82402
58440
54794
41883
23280
6089
7681
48841
72624
75465
27233
85073
64277
83120
29155
6382
32209
59407
38218
45074
67960
19898
48434
20079
64368
13733
55069
43714
36110
47807
39391
61975
31108
40311
1562
58238
74245
6380
32513
18700
34644
52952
69652
51996
22923
48630
52033
45391
60520
44381
56331
7621
12447
27357
27254
550
25369
77447
25678
63414
53949
20716
42481
69523
51757
37331
53964
26970
12075
80050
61043
5583
48585
80636
7040
46848
46601
69231
53215
48695
69151
70466
477
52821
30292
82912
6970
52914
39367
54484
18682
78491
67998
66079
2308
65916
50413
18265
31155
4417
27035
79833
84228
46959
66490
1892
32521
50333
15120
51606
2338
31297
18418
15362
35075
74216
61477
34931
25958
64165
30864
42146
54869
32215
1158
49794
54489
973
49421
35577
3262
10976
33238
54290
57169
69126
12878
17525
27219
77362
72273
45575
73896
26089
35307
58803
14694
85456
69227
49097
24363
66727
39907
24218
83252
53120
71979
70247
66710
12838
5685
26232
28412
48010
63569
46506
25346
28661
73302
79329
18328
1234
11470
76866
35446
73552
46709
61349
15889
75918
72899
20430
55696
69119
31127
41701
28669
79039
5891
56822
30677
73628
26385
46676
75105
10834
14391
66157
56003
8209
34042
60573
70680
14742
31204
4427
14703
68377
35489
16977
15076
43851
84982
46145
21419
10691
1898
4622
1516
69112
83583
32791
3258
85144
23819
78059
35923
81797
39210
5357
22859
77878
67574
83079
15419
11390
45924
23972
19671
20613
11040
23572
37137
47458
24636
54931
43205
19427
70919
70585
80684
60022
27455
1706
68532
23085
3775
27178
44767
58087
13445
80324
13839
68439
27164
62407
36237
34690
66880
60892
45011
69078
26197
22392
12753
25042
14601
52709
85386
50517
20485
50157
11830
67247
65815
49208
37392
22801
71627
56790
39753
41566
49342
42731
47563
21080
50740
61730
53390
51177
44681
40381
20148
10859
29345
75361
46347
7972
66213
40171
68967
54611
9222
61900
77389
6950
35100
34601
56996
79165
50379
56888
35769
33581
38934
16323
58833
50023
33373
72136
57356
35747
25330
78641
54269
62665
29852
72848
1207
69521
74935
72626
53308
22950
70613
37615
3467
73706
73817
9311
9497
19431
65186
54879
12210
12484
20171
34201
25720
72654
51812
71942
64062
61488
75836
28962
47020
46120
1785
57993
56763
54877
62728
65862
7688
41651
83762
60993
37132
10177
42226
3698
7764
71629
24365
65280
40933
71624
56152
22032
82807
23041
48133
80334
23681
72568
2710
72984
18699
57392
33953
27684
26595
17653
72897
60352
9428
2277
63773
38745
48028
8358
59713
22576
38829
10584
83819
55082
11473
6708
68056
48509
60188
82680
20486
26441
68286
64709
49967
265
40439
61723
34075
38509
34723
26887
10076
45060
20763
30267
29467
15821
45147
26628
61922
11861
19352
77129
67723
4872
4054
26039
18835
29201
34869
73538
279
10163
41886
34857
45625
69776
77976
60709
63941
61496
36282
7231
29705
68103
13476
75759
50362
30351
18842
65494
73245
13703
19616
10178
9050
12299
255
2444
70389
61695
41763
61524
79743
34967
12406
65446
28976
23355
25722
10543
14942
28046
61843
81446
81394
22999
69075
67926
34693
62682
5537
36666
28987
64494
24410
41145
31606
33751
47302
21215
72031
45709
80262
63422
71723
12914
81860
2461
59796
37743
32113
42839
75146
2597
77331
62252
36688
53408
62606
85214
46746
19571
49432
17520
53020
76267
47647
37301
33731
39744
52642
24490
7478
11758
32226
67888
71256
39034
38478
59378
20098
74761
69631
57815
59347
7656
7185
67675
25160
69561
4491
8652
21569
40728
28472
38778
80447
11611
40665
12224
15039
64796
34282
20355
8175
29062
30868
28450
76926
69334
35525
46132
76899
37862
2174
36419
40560
40114
85234
30281
25697
76463
43823
45392
39580
19048
17603
65136
55607
55427
7336
54937
13078
8607
35714
69437
85397
28559
38838
83697
27947
35270
55579
63878
7985
818
43034
31399
27852
37383
49870
937
75181
52516
31008
37926
13798
35680
5806
44584
48494
55790
84148
39188
21205
1708
56364
15732
54691
32997
51421
35134
22886
18481
40661
36620
83660
4144
63598
40292
70255
84983
15796
34486
69639
56283
37040
24024
65035
25612
30391
26850
22475
35022
68487
13909
40808
56585
37683
30263
55993
25839
71418
3516
64924
7629
51634
16051
5636
82833
56474
36166
35290
69864
12705
38603
75014
76084
47207
3999
27613
11306
33437
9071
64283
29247
76152
40189
46009
62908
70012
31995
2052
17215
36854
81485
26030
29589
32281
15832
22986
10403
63627
23785
78033
31968
3353
61459
75221
39247
83263
58204
37207
18969
58348
47819
38013
15760
13611
33226
26702
13486
25121
37536
71666
42301
4464
32735
66222
66842
61169
10888
60587
33395
20162
11076
69670
29269
1879
36463
63978
60771
45652
32045
21448
37589
9994
33059
66368
78580
68946
17935
25029
83552
929
18040
42210
42063
20783
21423
23516
30888
41980
48465
58874
39023
16591
69308
50288
75529
78326
57744
22542
27032
42834
38663
16712
51626
41620
43952
43441
61812
46841
31183
31150
66923
29717
66875
38484
40554
38093
84460
38834
46319
22647
41574
1365
23822
20527
10503
3934
53258
37362
36170
54975
33885
47369
28675
77356
22680
462
64246
70780
47700
77953
70994
36057
73575
61932
23247
23966
37586
15400
76411
71580
5650
31436
75246
80357
70601
43022
24692
4852
48130
65548
5629
15262
36391
54441
68281
83122
53662
32067
22087
12597
34678
61120
6854
40759
61857
37829
78962
71016
7777
78316
14273
40338
52509
33854
39201
64106
45289
64787
85372
24989
8676
78537
23601
53150
76313
74313
20497
13633
79856
53869
67859
42198
39088
61128
28973
17218
17014
19524
67606
50219
29928
76106
35412
14881
19775
45122
28935
55243
39004
20681
53045
896
56071
81443
57893
73270
70371
40278
4130
22828
49167
2252
32069
32142
42098
60124
12401
18118
71851
24022
52414
34143
54442
28997
22057
80028
48438
37904
33380
12532
27669
38
23049
41150
14852
290
14739
34384
47608
80758
22124
74197
5022
76586
68962
79813
32643
69664
49184
1312
41035
54959
70855
9560
49304
15226
12978
40241
63884
57723
29222
69540
13526
1631
59396
25249
64401
15639
28781
28978
2092
27589
34110
83734
2375
10184
49560
52043
40582
19759
41173
83454
47728
17763
35918
15453
12630
20928
4489
60483
38371
45798
36242
69750
2362
73153
9367
49048
4306
62987
57319
31304
21588
25011
59794
64135
46988
41921
35121
51989
38805
20000
53581
57376
32572
58177
56669
13028
81725
8600
60522
59825
83906
80218
39485
49682
85650
38719
30381
23024
39932
79265
5201
42341
81463
70324
42740
50383
16809
47252
49564
49687
24397
78137
53443
84439
12595
49751
66998
36362
33703
23689
84834
42235
28250
28394
60215
57793
37801
46338
61200
84000
11274
64433
47538
8880
43568
61389
84574
47559
51994
23087
44325
53511
60887
28722
21003
1098
12421
67101
75770
26230
50546
19346
23276
24534
83972
49424
72634
23707
43406
17830
53522
10407
9334
84375
33649
46092
18427
52990
34466
21105
904
65135
57882
1203
27937
80018
34334
43090
5611
74467
65889
25420
50731
66543
12899
31854
8062
47764
9085
41744
32876
68887
26880
69742
9243
75589
63867
52153
46881
543
45611
59349
40541
64414
67991
60601
31309
31282
25165
66892
27212
5677
60764
15736
45036
71646
83035
61677
64228
35979
18532
28764
55163
35646
36592
72312
61228
68601
59301
2476
49766
40209
83761
18541
17196
24979
26833
40848
25450
47032
34705
56553
187
57516
4810
47947
59834
52488
83129
18745
48123
12073
33965
68693
37641
7583
68560
79336
71757
8343
5712
79142
31574
56947
19296
25542
46751
63740
70767
20454
85510
69943
4933
51481
27092
72630
61651
3605
39993
79979
30378
67050
66862
55879
55359
71005
71396
84158
4368
57721
6797
31792
3106
21620
67560
17077
10153
50738
45785
85247
15689
24515
17340
56903
19614
75492
38388
76680
80490
76945
50760
43958
55947
32647
20958
4602
85111
82743
21065
33619
48196
18611
34247
43713
79256
30699
72216
57347
6406
48658
85520
6373
7117
78765
67271
11252
32109
47138
49609
83057
52194
61575
46228
36905
30408
71987
81554
64235
34639
72286
42811
5356
82785
50741
13859
27844
5345
2802
45739
79575
77697
37344
68715
5362
36467
73388
13292
26504
9202
37612
72190
27090
59434
759
37221
29939
84822
37614
26032
42174
52069
30978
48558
73789
30079
70982
50631
34456
5276
41247
81785
83812
29302
76758
16189
78414
72764
67961
60159
68407
42933
68014
30706
74239
48898
49237
19523
43294
13353
35734
51578
27706
2619
65340
49868
71996
76820
84495
37806
12135
44926
72983
17960
10687
72408
15067
43303
69927
43687
14287
13824
79976
20395
43581
83740
71102
77238
11897
45627
35450
75512
44808
70172
71986
42922
8197
23746
38962
15779
7990
12173
85230
76131
59540
18577
15704
77348
2983
38574
53626
12113
61445
18101
29262
62003
21014
9510
57489
28089
33895
84598
36005
45893
45316
81699
38014
62314
60719
76469
66294
61188
11848
34950
3948
28459
17781
40875
28429
54910
68355
30846
78044
17272
26408
25124
11159
43540
20039
37360
3604
14201
84816
64270
30746
26356
68382
10137
21696
77467
30794
4384
52286
56144
75318
48290
40215
69738
69091
51864
48511
84924
12486
8903
80797
15352
68226
84563
51456
77815
29739
63369
48562
70092
57712
73155
53203
54713
69299
68436
80999
68937
47847
1588
43398
59738
66171
275
56620
48592
45800
67400
21591
20319
21376
46110
66400
710
70638
35970
37044
18171
59281
42134
12596
65938
62992
53834
77780
80356
60287
2259
62894
64765
2728
77917
80048
45679
16643
45838
44634
37928
78650
28585
76618
73750
35402
23622
27270
7683
32273
4655
59254
55758
31715
72233
64275
459
42767
54727
68977
65059
9516
788
23452
47296
84428
5443
9656
69166
75371
55999
18535
77005
69954
74479
38436
18609
4583
26340
50256
44872
30977
40358
19819
14160
18841
61501
41215
38631
32032
50341
4576
119
40130
85670
27567
35658
40145
76262
81286
43735
44966
6787
52478
43410
42095
18078
79262
4097
26359
16160
48098
79420
4301
10892
32769
65149
76087
41488
26652
31497
15152
13959
55600
46956
69451
75112
36907
24790
25706
217
75780
12124
49122
5468
85228
51217
45080
59680
2505
75723
48848
74389
79839
44356
73132
57529
2387
36451
21067
54297
7567
78281
68137
24042
30384
45409
4973
61425
46244
60285
36567
345
59408
31389
138
47637
66191
58678
40512
14111
58967
73318
51842
78006
52433
85710
77038
10164
20689
10255
32096
55439
65648
22002
1322
33523
30953
18939
21092
59122
66672
60246
2932
27140
9816
44755
85712
52590
69716
21958
66918
46356
52997
55737
33496
77322
30698
82981
110
85103
19609
30186
47201
84262
57495
26724
31264
57904
641
46048
23943
38392
54486
84703
6555
33681
46984
79369
50775
7160
56411
34632
79553
53056
29681
46211
30193
35380
56941
10016
9372
25461
30772
62124
75425
23083
1609
67699
31595
43281
29788
8839
47845
72557
75305
51090
1738
23262
44991
43086
49058
19084
77436
72420
24266
77325
82470
69313
63596
49312
36698
20609
2281
14348
48951
67323
15125
39289
12367
70943
38483
31696
13576
14762
25544
50756
6309
56266
79507
32196
64965
1484
10020
24199
27203
56444
8758
49273
24282
48612
61360
53101
11933
46563
24287
41956
18073
10762
40677
34392
68328
55362
42299
33154
3086
41256
33691
19250
5729
236
27261
46861
48546
49772
20654
65949
74741
10969
18748
50012
12477
55859
23071
39646
60283
14524
34914
80176
5654
27148
40650
60454
12147
68420
12042
52594
14753
71641
22494
62398
12470
41463
28211
73989
72817
51915
80907
75588
59545
19017
30710
48871
2717
45235
69597
34210
77683
30508
46612
6056
21122
47979
10749
76878
66546
31531
28618
44105
82153
23404
80215
62689
4030
32757
3619
83527
15598
34673
69489
11799
80428
60598
22365
56879
55866
72121
77572
52233
39006
51858
52368
22243
14917
45865
16390
17813
48826
57611
76971
18243
80153
8917
17755
72904
50005
31096
38361
76079
31604
5657
20051
52249
24246
71955
60331
68109
31131
12313
24154
1666
65492
64975
22213
68828
18912
29933
36283
13976
74647
42568
35915
53127
60305
5038
34775
53987
38037
79444
28747
78510
66457
28342
31066
9781
63406
30198
68435
76412
10837
42595
21976
73766
53469
50765
2519
74795
69261
6053
43800
13525
67069
5413
47523
12430
16013
3547
44142
42243
2053
22995
27301
25869
70611
31539
31966
45655
22202
44000
6075
63119
58058
52607
4525
69363
63762
54207
22849
24320
23939
48671
54561
11596
30452
68880
72573
2462
69202
81376
8264
13130
16443
43309
80278
10693
27736
76048
81203
43609
32781
44256
66095
62555
34908
51089
41031
22979
72515
47628
78503
9043
53047
74477
61245
11145
58881
75085
81094
54416
40534
34786
37008
27918
68979
24899
25884
39438
18752
35271
16649
75334
79822
65624
25635
78623
49163
19822
18232
34700
65295
1958
45385
40959
41341
75010
5826
39489
82531
85375
49893
22067
16444
58854
48570
67422
41122
44837
68503
15911
72514
60697
26432
67078
12205
59472
59484
31888
29785
12720
55658
17407
19565
45701
12716
16236
40019
58119
64495
12340
29006
66870
10980
25476
76047
65818
26052
10529
52785
42143
30194
32864
76399
40383
7849
29554
54106
11277
40065
37058
4483
56207
5845
54516
68033
15194
34603
7650
4021
39607
83288
5425
69906
55544
34566
12046
74617
64212
31227
35624
25024
81661
53829
57768
13429
35084
23564
50081
61713
19365
54861
126
60364
45583
10103
48046
30092
32033
23565
28274
26137
25779
46903
18559
82413
73802
53423
51282
58236
60145
5243
71094
25849
83443
54578
70570
54783
79016
33896
78585
47109
80958
75873
25674
9447
58785
50307
35477
4159
7653
76104
9507
44055
23225
13645
19849
82616
64533
3039
11635
32628
48958
36452
47949
77394
58636
55542
77955
17212
34939
5957
20690
3165
65970
61638
65120
57992
71569
58895
58086
63672
60354
14914
26947
12581
39159
39966
8922
72707
81416
67982
68564
34195
18024
69507
8428
51327
25825
27600
14407
11534
75017
74783
24235
48508
4547
11540
57778
78102
46342
5878
81076
50961
32195
21460
64237
55338
50613
25397
17308
43933
13739
32064
16607
39587
20122
2071
64894
3053
23001
50866
80527
52846
72221
18153
2569
10267
51944
25834
83633
7642
74944
30679
50577
66210
63100
73274
30113
60832
74428
56192
34707
57604
60470
68266
15192
36855
78246
73844
7046
31052
16493
83187
29288
83437
32945
60666
73651
18836
64724
53823
48331
17574
67652
80869
84417
76517
69655
31279
6248
45272
23100
63925
1686
56910
25669
66194
69890
71679
67881
72664
803
44921
65010
6550
54429
73700
78005
14864
68587
41397
39356
38914
18765
17981
74268
13368
51283
81759
38899
40487
50350
80541
3735
11922
45530
75785
25326
23192
32783
56923
1361
60694
30875
42084
37576
36728
36731
22278
61684
62598
62378
41806
34727
33802
30765
75218
58979
10593
65841
54425
78982
15663
3430
49031
14153
55621
25033
65637
49426
45819
66653
48724
28911
45520
78498
73278
35295
78599
70486
48070
78140
36792
34858
69952
10355
17251
77765
8774
41998
80439
75129
39433
64947
34445
67031
54307
62870
80844
45528
48411
51892
69720
53232
73148
56183
35236
18023
35560
80530
7044
80399
54804
38284
19491
53238
1055
67411
43405
41971
42581
70435
74942
5020
49624
53613
5860
50218
6679
61000
57273
1783
48528
61871
41494
56545
57375
34091
38350
49746
44061
46221
56594
22813
57158
11154
68940
52817
35684
52070
47220
53470
33303
39409
81723
21915
13511
50565
78867
52184
25984
73626
16959
60067
55990
14662
22679
11142
4407
42886
58425
43340
64371
33415
66557
5300
22520
73619
70682
11906
79512
59647
44372
42381
13813
50329
39404
84376
34329
13574
24233
56453
43768
23635
66791
63737
2864
18035
3759
39271
76249
19870
83616
4112
11896
71864
40312
13367
8808
38740
67504
13225
4991
42502
77489
54552
63713
51991
77072
34058
26417
49557
78927
78563
70017
24221
71155
55231
38651
22896
77960
20464
5029
75546
24449
55395
18853
46166
74265
67156
8354
40376
66396
12488
60102
74342
20150
12623
76810
27170
44241
69802
14281
1408
61612
10348
68835
76520
71180
61574
4122
31449
17883
47751
73687
12257
59577
48575
47812
69779
46396
57307
30707
38362
45419
25183
31773
71946
67099
24518
4511
69912
29198
82632
3484
45830
44414
74244
28915
62640
3144
31243
83146
4154
1417
71218
28252
48440
56675
23119
22790
70154
27674
72717
36785
38003
18504
74867
49212
69467
32254
22898
24595
39526
81788
74053
52699
60944
71290
58295
72022
22178
52387
68941
5297
38983
29870
23867
77081
67712
14585
35293
24676
12635
83511
11925
24207
25615
63660
63670
14503
59879
46282
6443
10344
70369
17289
84150
4332
63700
11886
75312
62247
82323
45217
76664
62419
29887
44249
20550
43166
71013
79583
55689
16285
79297
21949
27047
60634
21207
34302
65389
61513
57729
77568
18367
1063
38160
3886
50679
22577
78145
74627
45107
28492
24838
26466
15720
12022
67353
6733
17329
46949
4801
72400
29097
82333
21923
83250
56163
77383
65310
63586
50321
47923
5397
46784
2531
7021
79244
51709
22440
23092
46593
42972
11376
84823
56939
5375
3064
71643
36503
14041
5820
2533
34018
81655
78502
17934
57619
869
63284
41377
150
21087
59573
26058
51772
9702
20439
63544
36123
15119
11052
9074
10096
25966
57460
78393
46637
37047
40741
77346
9666
44628
45781
74338
22415
16378
53596
56519
8969
70129
68617
42951
75600
18572
83364
9827
78821
48447
19304
29398
43195
42762
24816
11738
51615
53701
59975
16014
77025
79361
48034
42313
56684
36144
45390
571
65372
24846
58985
63460
53305
83789
7722
17476
70907
16406
221
5767
12507
21973
58538
20139
30680
69967
78992
36825
52518
18164
12148
2494
78418
36478
74302
3163
16575
41519
36455
49070
62285
60854
9928
2265
78855
40067
33476
9789
84786
2347
23181
11904
18196
83202
45040
19417
59033
62000
27959
36502
79960
47898
40753
81577
26168
49430
77073
41992
74290
1176
65539
12020
77929
18505
54970
63600
4337
73932
53407
45855
54636
9544
54440
79067
17580
52056
58151
8113
37246
76457
1146
28616
20141
76442
18224
28462
85118
24591
11225
35486
10461
28926
2919
10616
74695
40126
26115
42959
66052
31260
83510
40946
8120
13072
3424
9045
37171
71335
9820
38789
62279
17318
54609
28315
40431
75018
31893
84361
36092
67251
72189
32056
40268
17003
84796
68809
15543
51093
61662
73005
35364
37553
2816
64954
6206
45170
37547
42486
23344
21417
43131
37330
66141
57939
4686
74462
22226
13404
59819
82650
16571
3023
1136
81576
83584
29335
44630
39319
40055
12617
18219
48661
41552
38502
37213
18209
12542
11165
5673
15458
59868
25811
60513
33848
23406
34960
59391
61484
29129
75511
62287
13896
62615
80502
8477
45821
69505
75847
21213
11658
44499
35851
36943
51682
13830
60181
63364
65853
8165
78377
31769
16642
61953
72005
28158
16497
3455
37941
27978
66405
25336
61212
63329
16749
11100
15176
51357
36726
66361
50568
65680
22637
33467
18704
80794
15710
8136
1249
74179
11358
4335
18722
19229
23671
75161
29256
14906
76863
6066
56632
69869
33045
74430
80282
50017
18851
75878
54399
72296
82277
6665
34137
19236
67284
3453
64902
14674
80703
51501
19908
77262
7507
19067
74588
63181
62232
4410
3137
63257
32676
46225
79628
28650
47767
13985
25969
66681
56414
42720
33641
27850
53955
12081
76233
61015
40403
51712
34419
43814
72733
29883
41324
36952
78468
15789
58049
15764
79660
390
78767
80241
17885
51525
31352
27701
40772
6145
57776
55014
78702
26424
8079
54999
45746
49655
63797
5099
61828
12665
65864
58073
27036
144
15330
54360
68012
69920
72290
40436
44868
20803
42448
10248
31921
40726
5137
26478
30600
11755
55703
64725
1241
75558
54594
11893
58558
50984
12560
42256
45557
75370
62147
20166
67463
29253
24274
11218
10747
63149
11295
10882
7494
62512
22487
30656
71228
46884
3940
63727
49198
35765
75303
38810
23728
24953
1402
66635
45697
31289
59082
62362
35876
60280
57985
34570
55512
12757
23060
68024
67855
6934
29488
5769
3445
47259
8141
26644
42459
44899
39947
23505
23175
7187
24222
48989
74951
45744
84443
51507
71758
20421
52960
73095
23617
6706
55223
10084
72107
26559
72709
64466
28206
29150
60406
44923
41949
26484
777
72856
45286
8251
74604
48512
21558
26294
57527
2602
30857
4180
54974
40984
31622
53742
25799
60722
67554
75144
14845
70209
136
26538
76745
49618
80188
6884
41181
22421
70418
58287
79298
70170
65241
60898
15211
19824
28035
37127
3050
45019
58933
60088
22295
74674
68929
56126
34855
65111
47375
75052
64760
14121
32885
40858
28503
20633
48457
27174
47712
16411
15102
15956
9134
28480
67402
37035
24970
2937
35814
52662
42667
48079
3164
3205
58758
23076
51550
67075
6605
3607
32130
28136
1917
24171
65085
28694
3931
53737
52365
72931
4653
23817
57138
53637
1894
51073
25002
71733
48617
49676
70072
24981
15654
77824
83707
35545
65042
10132
62145
49290
69504
60799
46822
18933
48698
12030
39370
55123
37943
64019
52895
661
10556
50267
65134
77409
17964
65192
29899
14099
66630
48229
37604
57855
34474
13710
6351
2257
75861
15576
35889
29810
84114
51451
79382
85231
28708
6229
16196
30057
38625
17776
8005
74590
81871
48584
40683
78967
65886
71790
56848
20552
54793
43686
56124
71988
73992
39870
85102
42786
62650
84893
77672
34358
14079
35824
34053
30995
33242
49470
69324
18522
48696
57482
28383
28733
33993
17063
77799
61203
49679
44060
82521
7314
25821
29736
16813
81142
45113
38678
84351
33174
33984
51658
78101
35653
38526
64872
36791
73612
1985
52737
29379
60455
44902
71726
33834
8748
67882
78194
75451
36331
42179
60244
31730
2251
1675
17444
76631
71843
29031
71395
198
19512
14252
74040
84567
69120
38019
65311
42187
8162
13001
53504
483
45005
82208
4289
64107
72883
9549
3625
63457
59787
5711
45162
3339
51826
37651
2357
3910
57204
78463
80221
33499
47672
47771
61536
41623
69997
7952
37442
34010
42460
67261
44307
73870
74362
48110
9151
16900
476
29354
22177
84337
79226
71877
74088
38506
6105
25395
28225
19994
45053
61213
49338
37177
48662
34328
36415
50594
35558
30861
32083
48723
69641
22330
627
12924
52944
8565
14095
43470
77747
4104
34999
30317
69351
26087
67320
19422
6759
28489
16192
51498
80407
2954
31401
2409
80344
20973
15199
66071
30670
55793
24495
53142
17913
9309
6488
24663
75743
37844
18775
33486
17728
50186
40265
11498
25684
35281
55572
14393
45517
23534
24208
52931
45232
41981
23903
76876
24327
81312
7315
75433
23147
77090
2774
76448
22593
60166
35010
2884
32760
39352
60282
69173
56570
53309
61098
50461
74419
41133
2431
59166
7066
22552
55654
16782
19974
25488
44313
34758
43639
35700
79776
43763
16500
79309
679
45282
78441
27913
30767
80181
41919
19723
63748
19850
30375
31883
85545
15386
41738
69241
42293
31171
10024
82431
69200
28031
8522
70033
13029
83188
65459
83636
5298
65243
52748
14312
43993
80861
25999
17928
6139
82408
5136
51637
72835
64442
83243
57177
48768
78620
69099
2625
38823
25093
2067
62922
8069
4727
70609
19089
30695
43773
83961
51891
22172
36416
43601
9526
48714
4965
20364
6926
10575
15121
52506
77116
72998
2340
20925
61315
3961
24522
65316
47417
61262
83705
29281
34582
31710
45230
4758
81537
75353
56581
46659
54205
18746
33105
45506
2414
59429
18582
38047
76066
54450
6951
53954
25644
20900
67061
44778
15528
21917
80405
78477
59940
47799
20276
22969
61424
18287
7036
22718
40135
56721
26743
62377
80899
75403
21086
65878
17141
50827
33734
61393
55838
25266
28109
62096
31333
69733
62467
20972
1620
34523
7496
21209
74161
11616
48343
43689
59959
32005
20143
22472
46038
80468
28520
18743
31168
76506
81921
16001
4927
81487
40526
11965
79397
750
85146
22490
57953
79767
44206
16815
15186
42443
76363
65505
72295
15643
74759
38514
8534
5573
19440
79169
678
78087
9512
52932
74281
24823
84930
48656
8288
36898
42501
26564
85074
37031
35661
63549
20507
43253
17780
50348
2268
9110
83179
30780
66115
14434
39251
72071
77427
1604
14356
66267
9435
68616
10937
3963
52727
78394
13902
59390
72530
81835
54699
31785
58635
58209
33780
34510
27368
5369
19699
47714
54819
4717
69037
76912
53048
12338
1435
34194
1442
3956
52284
41625
23752
2430
28531
44602
57440
9138
22929
49191
17927
82885
6721
32724
69964
25877
9423
34084
11779
65130
32321
24321
11638
27500
17652
24952
257
49081
23836
76159
70523
79344
51869
81123
20318
73183
38626
16805
28924
7773
20975
45623
37319
18260
25636
49320
67147
23762
54333
51825
63920
40148
20433
46286
24646
53864
10362
47506
19354
70064
26178
75871
41295
12253
15290
69910
38498
50704
29900
31591
55396
44359
32474
28181
11426
13415
25714
250
30633
48338
56090
66741
61769
64058
75602
17333
44121
17582
27222
80657
74759
56092
13424
77204
72041
66853
28770
53783
75293
65101
64243
16256
59907
75979
67512
72376
4515
33457
67932
22621
44024
57358
52271
62345
10049
28353
71868
27064
15580
69160
60170
50732
12069
18633
16566
3983
42478
27385
55185
31364
75578
56070
9994
46271
32992
10404
50849
47128
14432
21992
11810
66898
12115
28996
61460
59492
84148
6728
24721
69497
37045
49863
56151
78934
55045
33370
74239
57403
64137
27228
13897
20240
79192
59983
63821
6232
23071
22524
58451
83161
55492
13047
44283
38998
