45459
45382
70410
22219
47596
7853
13791
66630
27731
67806
6525
7859
4230
25525
69859
30402
33915
57825
17295
37804
29844
14917
42405
24069
69956
35693
24883
33314
60556
64397
29957
16279
41061
28745
10109
44173
56555
58964
61268
8539
20397
31043
42000
61958
13394
40714
21552
26488
50587
36025
9339
32494
23809
51950
42847
26950
42315
14631
50478
3110
6131
19501
34958
42339
65929
37150
29689
8071
61922
29499
60998
53706
67771
3291
29390
1324
57183
52800
12417
982
68641
17888
2947
45798
67197
32800
3174
14049
68429
940
25905
60532
516
17344
53688
33610
65564
40376
47253
11381
39272
63910
25609
42942
32500
68467
3858
43575
69213
41117
40619
26118
9852
43531
1822
42151
62075
1375
45662
5390
23887
21663
45179
5747
16245
4267
45837
37278
37485
65394
67864
19589
20855
26981
29652
17133
24259
29245
29514
41413
52676
12663
2107
34606
53739
26447
66634
45995
52521
43234
21995
7622
59889
31374
21129
45827
11595
17548
24144
11868
19821
68148
33277
34232
38256
35286
3239
30981
3919
67800
53850
54242
1201
45422
10476
6493
48929
55316
66716
25304
18834
35887
64814
48940
49301
61110
42592
51706
30723
16387
25176
28488
50424
48337
23964
33484
14199
34887
37038
20691
51995
2703
993
5935
23786
41728
23360
43798
60491
70257
38650
60919
54258
47748
43483
69976
16053
13258
43126
26855
51366
64982
14307
16922
61440
1777
37631
47013
34555
10839
60978
63586
68302
67015
18068
66142
33396
3520
53027
69105
42677
34480
28722
30406
43217
31810
55129
36605
28356
9943
62395
8919
24603
8314
8708
35351
30208
9736
63890
31770
15546
70100
42167
37110
68198
61149
9911
26460
64437
15074
18954
61796
19293
58254
17707
46712
41635
44109
46772
5526
14890
22033
28044
1215
48691
51065
7842
45610
22352
48331
31241
50192
23987
58514
63951
52484
62301
37044
4239
31883
68244
14986
46121
48588
7667
29299
19560
40306
27937
41910
49821
25023
12204
38728
36338
25108
36012
26597
506
26724
54625
70213
11460
65655
40799
58466
18157
1972
31059
21822
25330
19541
67648
45668
27800
28163
41665
7782
26009
3206
53650
18064
32887
7489
8956
70117
36156
15622
67027
19661
1186
68578
63881
36215
36178
54353
46621
17225
61859
64840
39875
50171
20286
60107
5896
17485
53965
36248
33427
58851
59473
12910
54468
25950
17178
24754
18077
1810
17686
45867
17224
5372
44763
1907
1816
66924
64368
35041
60703
1102
65554
20127
40498
2064
53150
21162
68798
6395
54375
33960
10351
31212
4461
56394
36213
21356
14102
52766
35824
15212
50592
51639
61019
15507
45712
67099
53114
59971
55760
25848
13217
61760
68644
10384
57763
61595
31654
62955
39619
28760
50504
1966
53791
11977
38597
26234
41163
5756
31107
61836
68773
45986
50871
46610
66135
17987
6687
4614
45642
47736
16675
34611
18475
45123
56897
12545
56284
50977
18317
58802
64940
46894
12128
10196
35058
57935
3101
68106
30873
58452
26854
21335
10601
39561
66892
23417
56030
55397
15909
36984
65483
58255
35886
44015
41343
17092
29000
58637
33365
31229
5161
28973
65136
37320
48507
14283
42177
16867
59740
66969
28892
5639
51989
13553
21341
55536
52050
17462
21966
33585
12763
66387
59510
18812
34440
13997
5738
54284
32241
57339
266
29337
48973
30023
62273
65910
61249
58394
32558
37496
48565
6751
23903
17188
49579
6936
26101
16317
12747
69946
65218
47101
17900
40957
34399
42359
16415
53314
35000
59436
48276
36888
69676
19448
33169
49161
42452
46301
12129
50561
48119
34548
64818
26797
54346
31457
20327
4423
27343
65824
61319
64697
6813
25047
16851
58937
9517
54690
67371
37234
63529
29387
60020
38218
51467
29330
20696
56639
29768
17320
31832
12742
37944
54914
55972
37448
51722
2280
67219
6413
54181
19942
62921
10020
7599
34054
5573
55250
64362
60792
3754
1199
52426
14116
56789
42727
47584
62728
33778
35739
27971
13692
30707
11831
64450
33128
7776
18173
32373
64374
53760
3324
42414
23973
61299
42268
6146
6949
49780
52775
32258
51532
48871
37967
9224
10358
17540
7296
22383
28617
27799
24945
16976
34508
4778
28451
34439
67265
32231
30915
59300
15042
21290
33145
19443
11401
40000
45107
19329
1973
36835
30859
64168
21419
68867
713
58714
24658
67881
22646
53652
23270
66615
64989
38139
49757
12312
36527
62305
60245
377
23930
58422
23308
17420
34426
19342
69614
26139
65836
51636
58781
12915
4652
61605
21040
23589
70303
25315
66235
42313
32860
61694
22828
61285
63671
3114
58177
37070
55116
51194
18251
61701
70478
20640
68747
43537
66596
61954
57261
31103
10303
51831
12394
54586
24478
57483
56490
51147
51330
49099
49226
28677
3330
59538
5895
60952
45772
65446
44232
58330
59722
32401
67344
34702
48736
23908
36608
44554
46283
28283
3746
46480
18915
32173
51657
63532
47251
35976
15268
55001
47939
8582
34568
3308
29325
49756
19925
23526
1716
6436
34167
21787
32410
53401
45718
22986
45221
49009
20108
7499
50506
47375
5577
57240
23042
51055
11697
61412
41167
50060
58839
60095
41644
61242
36105
61724
66830
16744
50043
59050
15087
49587
45597
4976
50670
68286
62067
3793
17684
54263
35791
57130
33265
17762
29149
31653
37188
43616
36549
46288
2439
25987
47577
25211
10265
8461
24826
49785
46785
32458
8106
33878
43233
14474
30553
41412
9250
44417
12152
61522
18363
55631
17550
29281
28280
1205
9473
43764
29521
1091
9340
3010
70094
42361
21196
70734
48924
5328
43813
27954
64943
67402
7142
29860
5117
9776
40997
25139
23323
44103
44607
64625
19029
45735
23261
46253
489
39539
66097
3224
17259
22987
14842
18716
36327
35055
3789
36232
7805
70755
64387
17245
28386
20959
55865
17825
30447
61805
37530
24061
66172
2287
19792
28640
54396
4907
60842
8217
69135
5959
37896
15688
14396
22639
60621
37957
70277
32948
42104
10365
24487
17982
8410
26954
54446
53638
10560
39661
32750
60420
22373
10440
42678
60001
24875
7762
45602
34721
16445
21257
33395
65042
15279
67926
8485
39284
63089
55800
42385
34387
58406
62775
7976
67391
38709
27454
57687
54153
22312
66166
2814
33374
18248
15292
12537
10391
3463
65093
50397
36476
51893
10908
18505
65691
34536
65531
9611
22566
44594
65543
8992
58216
42933
6736
7445
45280
64823
12726
53397
3565
32960
17443
27209
34161
39452
29981
8517
15189
41325
58800
65917
919
30870
53263
2433
52319
70714
470
38287
34707
62573
25339
10717
20942
39271
20038
19902
47923
48958
37949
749
68295
50527
34692
35049
6503
70680
42588
26164
34180
11072
15857
4191
43943
66232
64676
30123
54367
29707
22913
42495
63278
57794
38541
44053
69095
30261
61788
11751
10972
58056
1010
70089
9862
43541
25187
42366
41383
46762
50322
44437
23944
31045
8471
58355
60749
47917
65899
33906
37680
10612
2680
57154
22829
38103
31231
65473
57997
63713
25911
59471
11631
16866
55317
28223
64513
30661
18301
24059
19968
36988
53564
53112
32166
55798
17682
16961
22815
39049
11705
27274
23546
37347
64078
14137
6384
64412
66428
14185
54315
51871
25521
20465
37882
23799
54065
41309
33721
38534
45787
50986
22260
40362
70475
16403
4333
19944
34140
30578
24477
6343
53443
25838
9383
65985
32679
32720
51593
27854
460
46752
36211
3977
56573
65139
22975
34380
62843
26807
45849
24499
19609
8982
46630
7105
20280
63015
10929
5628
9724
34164
69650
26926
20379
45555
27106
23940
42233
34712
58519
69590
52393
33650
51573
60060
18902
24524
70364
70641
24048
10406
20070
5894
28078
60118
69803
10546
37035
31395
46313
66457
8012
7865
44047
69112
33245
1829
55849
45877
41634
57707
68027
11222
10166
5523
34954
70797
62594
44233
22112
29458
57601
66272
46094
14215
69156
28047
56765
31709
42245
57615
44825
7198
2578
63092
59395
21719
10075
8924
62853
16262
1807
4335
11936
55360
62467
16926
50146
13737
31132
24036
22161
47620
8551
39153
39842
23595
12338
25614
42225
11964
3468
68757
5267
9575
51666
43717
27711
40447
28209
6994
30421
28313
19707
62578
38258
62598
11467
7345
20421
47278
3362
19789
46994
49069
24576
38910
15629
3923
50519
20324
9808
64201
11854
45343
70975
32134
55326
9769
11646
3961
62069
59750
15204
15227
11928
64527
26755
18763
25030
52439
36939
18222
3769
65469
31295
30022
30705
29074
7772
13673
5305
41337
21881
8788
58713
68008
14658
50388
70665
58280
47530
20311
47397
20058
27404
15640
49799
8513
2909
20629
69204
34923
17680
12607
64259
33249
16786
54538
44830
27194
68473
25109
28381
19593
853
27135
32170
33963
49480
12846
43335
59662
24001
42981
13109
22660
14618
52898
54158
18205
5924
38767
7057
5095
65874
69443
64580
11946
26330
38091
38322
69116
37407
10734
48905
4972
27215
24115
48151
62116
49580
56830
31945
13724
11134
8426
70503
21753
18095
8147
19849
54642
5499
30772
49240
70077
21170
61234
1685
56017
53730
45502
33696
42459
5920
4411
7172
34800
42983
48247
65973
18889
17774
20674
16340
11834
10287
1680
53169
70743
69045
47414
42626
5643
48867
48805
10845
17484
9771
44738
4608
70581
19507
35171
48408
32807
54727
41932
26747
16589
25866
9115
39072
57003
13194
24809
21092
24774
7546
63038
54505
30761
6532
9427
15098
13220
56429
59867
9468
13061
49435
13625
48838
63361
39951
63812
13509
10459
924
46227
52513
17938
69434
14997
11240
43188
61735
38677
36658
50291
36126
59718
49463
442
19365
62261
64505
13017
8540
61926
48798
27670
63833
58293
20308
18358
3249
27600
3569
30444
6958
2598
47020
68544
57968
23341
56457
63095
38884
11730
2125
37729
7403
42377
52074
27345
35679
18312
61953
64651
14431
15468
52291
16908
14513
70261
28039
60555
13300
20340
51343
42345
67063
58304
28673
24776
3252
41044
36469
10105
7912
3993
47304
42503
67667
45989
33504
70812
33994
21666
61468
33608
49639
56512
7797
37876
5431
70192
17638
59903
26760
51778
38179
9797
14011
63498
23935
16038
66177
57976
37013
9890
3496
46972
46143
26305
3409
4070
21174
39033
59410
12054
32074
18646
5960
3025
69270
7810
35578
66874
39039
44229
52564
18569
13627
24688
55410
21932
50965
67306
3392
44746
16697
13273
7620
20364
3654
64858
34392
13081
64600
16492
60879
53722
41561
15809
45290
55717
66843
30260
26159
895
65737
66329
11062
54766
55419
18311
22002
18497
18522
44579
37177
35870
9636
55838
63732
25070
139
22301
10887
16076
8078
10553
61641
483
21456
55257
68679
8034
6458
53954
45958
69305
22850
68085
65779
49851
70380
15463
40506
15520
70519
40278
20944
56261
64674
46940
34586
38148
54111
40302
18811
169
14516
22925
17810
23453
13159
47898
9798
61421
55565
66382
7490
64279
8477
39091
11452
13481
14111
62091
22537
10902
44933
21502
16074
47419
69050
5013
47507
16794
24519
9714
18337
44864
4769
68379
63573
42816
61203
37412
52112
40884
39020
61128
44264
3348
44883
29633
34422
48964
47799
67026
30696
35188
26985
66619
53276
8292
31439
23582
23652
56586
46297
27314
55590
36065
21840
61038
66745
61370
4804
31876
70923
13132
35764
49922
51209
55139
46078
49257
43827
49192
64134
25853
30360
41477
22928
8048
3317
23869
37972
13153
32161
1631
32091
16179
2520
43897
36187
27406
59428
58869
3699
67690
30861
50930
51883
22146
36517
33095
36071
18206
20873
50314
6318
42187
34416
7085
18008
62622
62814
47707
68601
25975
43367
51131
60936
16328
37924
38140
51882
57376
26074
32665
11993
43890
52248
24164
43326
9952
45375
53545
3945
41510
51395
64860
36393
30811
22333
27696
21781
216
45564
49866
47756
56558
917
46981
56246
16432
59369
19657
37064
26766
42003
4474
31755
59242
34725
59168
66930
19168
26885
33319
7867
10277
60886
28967
28906
44553
47537
36722
29623
4395
58408
32247
19982
9821
34008
62001
8236
67965
142
35954
13549
58118
21606
37007
63244
21834
14363
63824
31502
19774
16208
46343
67261
31349
3423
10516
4115
30720
34700
26800
9241
56904
55684
21375
1253
40152
537
4221
65020
2988
29717
57174
7991
23668
53892
67795
64604
65640
28002
26711
9168
68141
13291
762
31699
35341
27234
45044
51419
23062
53295
35050
50143
68340
17591
46069
26806
53201
65482
3658
55032
65124
28251
24133
23272
69518
69577
23655
58497
60385
68581
68556
9716
47347
51884
22187
10040
19416
64798
70343
55283
65297
4941
42713
69655
29545
48407
34240
13966
11513
24951
29009
21140
30365
10434
8129
3948
65186
56810
48839
15645
14361
54592
54813
62618
13178
66802
23253
17036
62857
1313
20477
13680
33452
65512
46305
15150
23864
44020
30316
63708
34448
22847
13750
12452
9676
13269
10641
42565
37498
55362
70654
31438
7850
69498
31314
54806
30120
58073
7441
59753
19680
66717
63799
20077
37452
46157
22393
34640
34832
22948
16413
3026
68558
30735
39928
21751
15840
9259
29184
60714
62828
41401
3442
15870
15094
36589
17523
11258
56833
69254
19607
47097
49744
47134
39373
37455
44312
22711
43024
14825
54968
49841
13955
57921
53834
34518
64222
9251
38630
33824
10246
68554
57887
32002
17509
8697
1578
11400
38975
33138
15455
65280
64947
40386
22370
17620
53808
8613
57928
50467
18790
8901
24456
4063
48378
62449
37931
382
40979
7980
69404
38334
64534
26915
30389
65769
6356
48192
38383
18845
69579
21555
55977
41022
30082
66355
16869
47077
46198
32017
20207
61337
5566
55546
48098
58574
25804
40433
31864
33147
1695
26105
20649
540
35945
57964
50605
312
64660
28583
30045
56824
64759
51448
65078
64945
46022
69225
15300
52240
27769
33434
18512
39160
61360
8535
7439
10987
2129
19730
36721
28776
11707
66040
47142
46905
36224
53625
31694
13506
66718
53331
23462
63781
30183
40370
52055
45438
33205
45568
14085
7724
43886
50222
4846
62373
2184
40605
11981
6015
25568
6079
43505
51798
19071
54120
2586
18514
62714
13580
54445
70391
21173
36259
20287
62603
68512
8069
34121
980
6389
57385
20688
62504
1501
20190
1912
40091
19387
50798
43989
55361
69373
12842
27793
62672
66887
6772
34214
51607
48960
9058
23071
65243
58546
44101
7768
54266
54547
45257
61245
65718
46249
36336
39458
33239
8481
9689
35946
33443
13378
18599
61032
45351
15072
20166
36108
5820
44608
62749
4811
9534
64458
62461
58453
50252
37998
68094
68837
37687
55190
16265
16768
1873
39486
35072
27635
53155
38886
34869
2486
33989
53029
18489
38912
26349
51276
53009
60350
62033
54937
52580
45011
44280
17842
3164
9610
61379
21724
42502
50867
59402
47645
13663
32187
7310
67982
66626
67465
40002
68842
66276
67604
29355
27796
480
30622
12275
59579
43397
59943
42673
64334
56149
35877
12862
32384
25856
46750
66869
51785
68151
30153
22094
15639
41761
6238
32448
64692
47116
30216
62960
60878
54887
34865
2425
18100
6001
52846
52705
63985
35268
59813
43667
2398
47210
9418
37794
24329
38235
29023
14700
39220
49855
65960
42009
69505
35566
6092
64478
62905
25660
40993
32700
69889
6496
18555
8005
28550
3898
61838
47067
63477
5365
34298
5661
14548
60079
36051
56694
39239
30202
3876
58751
28768
20747
69365
56234
48993
8784
62438
12992
64687
19425
53119
4460
7777
64474
37086
23116
25169
29076
46600
54088
3135
28312
27083
15643
44745
66268
27329
35383
54071
29103
21866
49109
52261
65390
54285
42237
32308
650
44479
7475
8604
11299
54992
55877
21023
2173
25817
38850
45934
49533
35345
12090
53023
60671
65765
26618
56962
30615
36114
16267
7065
42692
17696
56995
27566
30530
54700
40070
18624
56009
26581
6251
25704
754
53101
15290
20214
51151
55451
16984
55762
5929
30249
33654
24215
36300
58257
38133
20895
68612
27549
29223
10567
24626
16775
44138
21466
1019
9129
28432
25649
59597
52570
11871
37554
5812
29848
7436
14772
26248
36325
35839
27196
11927
21815
30509
68855
66399
22082
48287
18996
47217
27016
19500
24488
63321
61428
15491
13476
44349
63791
62541
67579
15884
62216
55227
48512
54103
8382
46505
25761
33286
21623
23532
62838
43017
66205
69320
3444
43847
1539
53521
69515
54374
639
30385
36196
28511
37121
4814
37797
14453
15762
36199
56949
8092
44385
17491
29664
9867
65250
56672
8105
44627
44810
61007
13976
58071
41224
48364
33246
68457
65434
25441
51821
20764
30157
8720
49119
6172
2086
9810
49138
53145
57971
43411
47940
30303
63490
13425
18036
17175
51205
24923
53556
3337
70901
57369
61681
30211
39949
37786
46320
68195
41601
42259
27742
704
36616
19306
14189
40446
54403
14626
9395
40035
6755
26830
51471
59749
49453
12680
20094
62935
19640
33971
12459
29823
22678
66242
36925
32942
29470
52893
53519
16435
24373
13345
14351
14016
63867
30405
44310
64971
68852
8250
24735
36473
7781
66314
27811
55051
52544
56402
3563
27051
5877
69541
48250
18891
40608
46302
38628
47358
67992
27745
61981
30395
36240
57868
55460
50357
45543
38041
30263
14266
5083
14628
23685
41028
4697
11017
3768
33854
39312
46421
47402
32403
52465
9965
24517
45984
11733
64419
7957
34726
40862
39416
62537
36274
59716
16537
15657
10508
57324
47728
29719
54946
37361
33657
26056
13098
22281
13379
60007
46342
23420
64384
34286
35292
42801
8096
60622
33912
808
17102
17578
10945
9577
28797
57734
21483
24684
2253
19429
19504
70894
13421
342
65077
11920
63362
18935
49049
54185
11655
23278
15453
40326
22089
51255
17288
37647
40328
44945
16458
44001
2799
30091
54519
24802
31732
68375
46053
46153
21874
14056
9310
32974
10544
10167
17876
36192
14963
35184
36953
7448
13851
26570
37225
40973
33760
2235
7567
48873
54244
32419
22950
58694
592
10651
70891
1299
58742
46792
33423
29800
45214
65373
16940
63184
37766
55117
45537
38989
22371
28810
45157
38505
41673
7215
9923
40734
30646
29447
39713
2561
25288
41139
49848
2394
34975
54406
63617
19270
23538
12540
2836
44614
55675
59004
38274
7431
10912
40964
33023
15257
20471
64609
29726
12643
29400
13052
55951
54424
34834
23223
29157
19345
57660
34366
39953
65679
54070
5464
50569
21096
12449
55332
35231
14069
36485
49174
35989
30422
34672
60016
8739
2008
28121
55707
42743
22863
16367
58761
69591
58632
18403
25769
20894
49102
55418
36284
64558
47600
52252
50417
26875
69360
36709
8227
51288
50974
14597
68472
3719
604
707
11383
6674
44187
59485
7611
6805
6971
1411
11923
8417
32938
3316
52069
3350
33965
58952
8828
41463
9410
45040
15729
3514
36013
60243
56250
34098
47784
61525
8596
29654
45439
3503
47754
26496
44891
63116
26333
19383
14464
49401
55767
55239
52817
32414
39349
50784
15598
60968
53854
29764
35054
36295
61721
1178
53757
56720
64672
17549
47631
61001
33568
6717
69695
32605
38589
5475
7815
29091
30840
28734
53336
13527
31585
18478
21399
38559
22526
57209
41575
49589
20222
31650
46865
30376
4530
8240
8146
64017
48145
2539
37836
45302
59121
28110
40893
1383
7552
41540
36020
38021
22784
36675
47995
40859
40825
31686
2321
40225
70754
61639
16358
837
36777
4192
14295
60868
51930
9582
32916
361
48371
42471
40857
33107
17495
37302
22774
30771
19458
8746
65453
54107
27433
59256
22671
54827
6697
69800
18220
36276
3778
15815
29160
32622
35684
32698
19410
19803
52166
21503
35242
36794
48336
10133
65525
4478
52027
27468
17943
62380
10543
22449
22097
878
60554
44563
40947
22162
36337
37596
25074
8344
11069
11642
13117
40174
52281
6274
46277
51240
16054
4312
59725
64745
55496
14648
68766
65563
25919
50790
42619
28509
10924
28528
54753
12057
13833
25710
6183
2607
48506
10540
41759
21625
61850
67106
20685
11656
57487
45818
49933
62924
10417
38521
40153
26314
5849
56926
11827
4952
1480
30366
40426
255
5787
10964
47031
24214
19465
8391
14865
18169
55715
41358
33421
43718
41288
60914
26375
7922
3282
67238
33320
56093
27818
8851
42909
43023
26518
61737
11696
59255
64486
36842
27295
70321
31413
66964
66521
15023
11354
32378
52329
61046
13622
7094
54878
16763
38222
16487
68877
38966
67487
6491
31939
28856
16171
50149
22235
50896
62411
25536
28098
48923
27591
22559
18364
14996
23437
28667
14702
6415
29502
21691
2721
3047
19505
29247
27437
17704
19433
41805
34135
49494
56821
23142
32686
10874
61084
45059
18583
21609
55253
11723
55594
12340
31303
50668
9269
41112
40565
28346
50284
8869
58334
67166
45049
14378
51224
54068
69304
22710
13555
3228
1995
56405
52843
19836
63576
2775
56954
68642
27644
14662
10090
57698
393
22163
60839
53063
56762
58507
5662
12467
65271
37912
17127
12623
47563
36041
54590
29713
33281
38459
62953
19988
29413
30629
66133
40137
24156
65923
38934
67511
70645
4170
59034
36368
52086
21543
52504
70096
7648
31600
48112
45151
45661
37803
11210
6163
43633
2011
65367
64773
59524
41425
46463
371
68517
26340
33254
20760
32056
28326
66648
43816
56980
26352
51630
68759
11123
28399
23721
64329
65255
45021
36029
50489
69022
26029
44618
39711
67957
33090
24092
54826
6707
55949
30311
40038
17094
2493
59349
12661
62211
33335
59361
41692
44534
62993
52015
46523
38061
52830
38110
11720
48124
58988
7231
27368
47513
67471
28729
68194
58424
64652
25134
66168
69148
6486
11781
16535
68664
57556
37314
19551
54979
37765
52037
46544
25907
44968
32133
2124
50935
3733
7743
28454
12381
2356
39911
48135
2978
44469
29948
69503
60296
64780
34848
6108
45665
3666
9614
3104
20593
37994
53842
44272
61131
38899
4793
67601
32245
65680
65627
4498
29987
60513
45895
2711
15588
49147
57854
50228
30234
50873
733
52581
37304
30272
27518
13799
756
235
38298
19367
61691
48932
18772
45448
34786
13493
42013
16817
2732
58040
10113
18651
37039
50274
61422
1739
45942
13853
62028
6637
40645
61475
18888
63171
30190
14158
2681
59778
70620
54705
55399
50120
14469
22193
27730
44247
22040
27523
53369
57541
66792
5696
1473
57962
35385
5507
12299
32028
22536
8255
49483
14862
69133
53042
61648
66984
15939
37874
34931
8206
24447
28382
60720
11706
70400
46980
17618
32576
32696
3725
21688
9022
5750
35654
16977
35678
45720
28084
18149
4598
24146
1866
17555
3664
33389
50613
1485
27678
49266
4487
50218
68036
5118
31758
67288
31445
18470
20185
47259
65725
3812
23333
507
10755
23491
26066
17956
33689
58155
47430
27589
35238
66152
19213
45283
69278
5543
58013
44623
4279
6786
15317
60190
15791
15008
45304
39776
13824
69551
61152
52960
45477
15323
22073
51050
63939
15572
42754
9782
58186
34877
11244
52246
48712
19924
6887
32602
7013
53658
47713
12580
9743
21922
53893
44286
44377
27071
22560
52988
33562
8403
44410
52508
36203
7478
52271
4067
16478
30736
17855
65738
54169
25639
41883
58619
14987
46380
24569
4615
27491
57388
70266
49312
8188
27695
110
12644
34871
39822
1151
47356
21933
10089
55340
2998
54697
17354
20926
27245
7668
8628
20572
68104
4844
56068
3669
34334
23545
34127
32342
11758
27638
12094
62162
66477
32537
7488
70563
12954
60027
40976
21705
67183
26834
28385
60457
10655
38774
30599
48175
18498
35856
53673
49643
2278
4560
61033
31035
31744
21711
23985
40325
56451
2249
51845
34227
30161
18288
15199
10450
190
52777
32468
15955
11970
41856
52742
3799
12397
33289
54930
42761
30837
37133
21408
12927
57191
26647
66134
13108
65012
11624
15721
60898
35473
44091
42648
744
17418
18256
13415
39419
32759
33124
60665
66485
47570
68973
1358
43405
58492
35974
53442
35207
59319
35296
15384
34674
55823
45312
52792
19852
37813
5460
62231
12390
26079
20750
53239
2333
25768
3777
64314
39778
31105
2718
59858
31706
18589
62570
38923
38304
65713
38950
30799
6507
38938
47847
981
30510
60994
20505
51567
15912
35720
5557
24568
45790
18963
69147
10136
30029
63452
52953
28770
66317
11211
440
33875
19780
55986
60641
19338
62498
55231
38027
62866
40897
49786
33358
29331
30743
67442
27890
3518
5538
472
55526
65802
52343
37219
16055
69266
7506
68543
11514
23796
52221
52738
55598
20540
49308
48822
3775
33798
55236
46669
22004
57953
32678
14062
42411
44879
3
2384
35025
18735
58521
65842
31898
24316
27450
33222
31345
22914
30438
20333
50490
63966
34357
69957
42164
45832
17222
36887
57744
42354
66245
61602
62131
44252
768
39613
60700
65289
7697
32158
59661
37126
58437
53879
46414
19828
61196
6524
55779
55137
848
17445
62108
30990
22508
24210
38772
16284
34911
27117
13060
50343
37937
19192
31780
7250
46645
5283
36482
60412
5338
63664
20396
59457
27140
58590
18852
1194
19042
18959
23200
28615
19646
3097
62799
59653
41897
31728
27279
6846
32690
7519
21243
40310
67241
56315
31037
68595
6634
42811
53420
54781
44511
19773
41922
2642
10185
25351
66192
64704
35327
38428
38181
51724
46269
48967
36137
41231
39715
47539
15735
65251
17463
20112
23441
69690
49220
47234
24543
19121
22381
22062
18698
7551
18080
41656
63763
20096
52300
69396
46650
33802
46336
54130
17419
16080
423
46409
6626
27555
388
56224
54515
52585
8404
64487
19654
23922
20402
23587
29267
43899
44802
45862
38864
60955
56108
13619
52276
38466
45925
28021
47239
66550
2541
48172
4218
9050
26380
49505
41378
68621
22845
47692
16686
25149
34112
10336
48853
28261
20546
7020
46567
21931
16285
67064
67508
8873
58893
34646
37620
47747
43031
32289
69286
62981
70422
28964
1580
65
29781
64509
51006
15821
63391
54932
65023
2685
44369
63458
59530
13675
30598
69732
52449
11082
56043
17149
50536
48550
21045
34878
26272
34627
66541
9219
2068
55821
70105
59532
50259
50320
42581
17490
8211
6849
13639
36470
43802
19400
39664
53728
49237
21674
7559
24489
1934
43356
170
65773
58954
31264
13129
8299
60063
48928
55802
20759
15574
29648
55549
39759
68916
54657
13272
64085
48050
49654
67030
51123
48177
65928
65767
13728
39032
20709
8853
38377
41570
45180
57804
66809
56686
40861
42123
51732
49823
66341
14030
55068
30290
29341
39395
60424
21892
55062
42998
63524
51302
12164
64761
55869
9651
62801
54821
14103
8661
38100
59839
51042
58838
58321
44799
51157
46593
8058
1978
8102
21611
13066
8220
55527
62876
29964
249
56701
23414
57723
18800
10160
19037
7890
13479
58350
13304
51786
9735
30313
30067
10859
48820
61528
5379
60764
1770
64681
19739
38991
31449
43806
34317
9451
10468
15437
32313
53152
19848
53362
31734
53330
26097
41222
32237
70651
34027
35348
60423
29814
28999
78
26556
55709
49189
1302
3834
48128
10722
29428
9914
14695
24723
20009
46095
14233
15458
2257
18685
15937
54112
52365
25482
60627
58342
52149
6974
69260
33972
68967
28262
33092
32408
4800
6615
11687
6459
62454
18676
12671
29634
12857
42415
33680
43282
59797
22814
65496
61819
26848
41662
26032
41016
23454
24762
7642
49784
26781
60948
56022
54540
47910
28708
68122
40808
34821
66433
28526
17753
55450
69932
33851
23616
57462
35863
59201
27426
30518
34405
48181
47502
3200
29551
61345
56698
45369
9560
67936
33596
10184
68226
28844
44717
11495
46851
24472
25376
27641
24720
49976
7
42621
42157
35153
68090
44054
42399
12436
8543
39170
27103
10171
35765
51464
64500
30512
304
16918
21242
36445
26684
50177
59698
34972
48992
19281
17406
1121
7585
14408
24366
2551
37673
25622
39973
44512
67071
5633
67045
29156
13920
7817
27304
29610
46693
64460
13760
45251
10936
736
800
51373
41752
14132
42441
55611
30126
47466
2758
65219
39370
25101
1114
50559
69890
56299
50709
34075
43636
18011
52639
37947
60814
5637
28929
67545
59092
57534
19087
15734
21021
13718
6310
52016
24564
7732
69913
45322
39022
27021
70080
47593
2248
20862
35818
31049
32305
68322
46422
56341
13280
45024
35381
40188
24696
464
13891
5860
63079
30935
27380
27264
32004
259
5022
47622
61467
63333
63530
69057
61170
11926
15387
66546
3229
5162
2158
15270
19519
45911
3526
26932
42035
5815
15868
5881
20643
12300
1983
35116
390
33561
59033
30575
33008
48254
17831
66132
32794
40938
26501
55395
43962
42176
45227
51862
39009
58353
20914
49238
36649
50575
9073
50999
55550
5221
30044
37024
14775
49194
28605
22952
51481
18805
32904
5175
4243
23056
20821
56638
52871
36575
3510
61078
21725
52150
68293
48968
51517
3476
26464
32635
42396
18766
9513
44273
29073
25484
8400
62122
30950
59290
12603
29067
47372
70638
24963
12903
28175
57637
31369
10566
29985
10438
10825
16913
1945
10247
18851
45474
43820
7928
46789
51190
23846
7757
42497
36785
42287
27606
58705
12976
11387
59614
53171
35933
21230
39471
29308
15703
46675
37660
4244
64695
30893
58163
19770
47040
40751
62302
30539
32233
9180
44347
9668
67832
38797
2369
19196
68376
67424
13813
58454
28994
57896
49671
27974
67946
14984
56711
47063
48165
738
24868
9314
47113
53278
60511
58738
44013
12868
65388
48753
24276
18245
34379
55144
10743
42521
44180
28328
16113
46804
51586
56286
54392
1024
46533
55913
5446
558
7659
14899
67352
45747
35558
56186
9164
16666
55242
17793
41930
35669
33266
42749
65257
19527
32570
45687
28671
39909
18469
22121
66394
56860
55517
6696
70416
37065
69311
47904
20394
40244
43775
33540
42659
62110
2323
67430
54716
8530
1579
31396
34072
5343
48735
59346
819
26990
25841
4852
29804
23989
26884
32080
34025
68536
38674
1074
466
32784
30857
43880
69845
29792
63684
22690
186
20547
1386
51554
69716
38077
54035
22990
56605
3656
476
6858
14304
38867
15736
5990
38157
3416
59669
11918
12167
22460
55430
21493
41514
62271
53116
64027
46619
3286
43876
32065
37605
65935
63968
13242
43804
16521
70087
30738
3535
54428
60384
43022
60111
24948
52469
49805
44965
32449
57423
10799
37353
9855
11607
12724
45423
3708
18767
36120
362
11083
59331
42838
66088
31254
36671
49198
43219
13528
31072
20856
57489
34722
56004
31814
15611
22726
40933
44495
65153
39293
11785
16673
14312
68764
33232
38631
16436
58363
43593
68795
24578
41572
59101
63485
66697
10523
15770
54216
10224
39913
42376
23326
50944
28409
23036
28802
45036
26242
13088
60716
27515
33863
44066
31580
58613
16647
57307
39588
13982
44622
14468
3418
52554
10173
49466
10041
55082
22402
59630
14886
55127
54147
30477
29649
6803
70513
11388
24236
10950
62024
20132
53190
63151
8640
32777
68317
67770
58533
60624
48533
46733
3737
19128
28373
4542
37808
18387
35250
38959
64212
31800
48982
30504
27886
617
62265
62687
54114
25190
52012
65953
42195
57755
8309
66575
14220
31988
18413
31481
43996
23337
36189
64091
5312
673
455
56975
14075
30286
21447
42514
8077
36195
50971
1493
48907
40414
11441
47420
33318
17229
32956
3809
10706
39367
46138
21945
45
27129
986
14267
2128
18663
1614
29779
20289
13895
54871
19980
52693
51905
39241
32717
42902
30778
22356
30224
47680
64503
43963
34757
3361
52136
30208
35609
23348
4720
10743
46618
42463
17714
54454
25302
10163
41414
19873
27556
66822
6432
30007
11729
17148
1812
67803
25873
44036
25094
59948
55765
4792
36138
32449
34804
67720
22398
69282
29701
817
48010
66880
30601
28597
13206
57274
21819
52818
2653
57143
22727
32124
59941
57104
62594
66388
11825
61632
30366
53509
22055
14005
292
50174
70754
22848
1575
43601
35152
9974
20787
7585
18054
12612
59034
67143
28008
16868
37050
6440
22584
12423
59437
11576
48345
39426
28161
58570
18934
52861
57716
13403
5900
29594
62693
54130
1893
1215
7467
4311
46485
48525
26340
17816
34985
64460
58672
48455
24697
53046
15832
