356
65424
39942
71422
49038
45865
3858
58121
30744
66167
67542
70004
54466
4062
78126
2326
46059
31807
26832
46368
77698
37371
25522
183
46433
3108
41427
61658
30040
19481
6227
69263
67316
25566
36173
21072
18164
14125
4851
42637
67598
72888
13837
45530
26738
66904
10255
21198
31873
26331
8357
41205
68461
37364
63813
48456
63158
57865
39438
14084
68673
78396
39725
44903
9186
1308
19873
49242
42224
9891
63367
31136
58493
76901
42502
60748
58333
22939
24728
25308
40232
43166
14842
18321
33854
44536
11724
25569
64806
23224
59863
49299
38011
29592
643
5604
18977
56419
5069
52841
18612
51471
75770
71457
7483
72530
17457
2390
49567
34710
71892
47128
23038
29796
31560
18621
29615
56750
841
223
52118
15139
53615
31705
14665
44633
59878
5133
48018
32981
68066
65195
40178
65077
18393
1341
69522
10613
66042
31814
63420
63904
35013
47054
27345
37961
18720
44995
15486
60388
21975
71847
43510
22243
10267
37442
21637
33973
901
32452
27074
53984
20800
2524
40276
13942
5209
69441
52803
9188
73953
27530
16927
44240
72976
32868
50056
29150
74205
74984
3312
16942
20965
48302
34161
67490
15127
35142
22031
22877
61654
19617
77263
16101
32940
43136
36629
13028
54916
68866
48855
65111
3160
58101
14067
31615
31685
76886
57698
12458
60919
2692
57977
61965
17576
25607
67007
53388
43900
36013
77664
73102
46192
67087
48892
9712
38219
76835
67609
48453
28042
58261
46902
77667
41560
74488
31904
55751
34077
43206
46773
29184
77316
38451
28640
43524
43770
48350
18148
888
44858
14521
31974
854
70454
23461
8006
39518
24179
19336
11629
39096
1047
46029
53461
42938
65676
3253
64938
15235
63081
77778
35437
20566
28487
50813
21091
37636
32630
73958
78252
45507
71577
8985
22491
24923
7822
71183
69135
1574
51535
74911
77089
77076
17805
10900
76275
43311
40705
74113
38935
23044
27133
78058
45886
34204
42922
50184
70603
53064
63755
62802
65508
41527
23378
44752
17256
25761
7627
29623
53243
33914
27681
59999
28353
8401
68021
49228
3271
48496
71275
23401
40963
4478
54252
27434
18769
46153
76148
24087
14200
34332
31835
12197
3176
74034
17116
58248
13488
68753
33430
36099
72715
15292
43211
25320
71513
8726
58242
14599
42339
40755
48012
59063
1537
31503
25331
2557
5850
32085
38261
43626
6474
20646
65613
10700
48051
64577
12330
52174
66410
8547
23746
36552
44538
9179
28370
46296
72553
34782
25196
41990
62381
47520
40282
22179
76487
31683
66048
22907
7011
30159
42910
66517
33511
62308
75434
64612
4243
27931
54835
23465
8555
43751
11907
63578
33745
65394
11056
8677
458
23823
68661
62724
10065
61493
13292
71080
47756
72450
70266
76630
1270
28101
1388
17938
3752
1632
10581
72725
63054
72143
3946
5269
19929
21053
45449
12664
34110
6022
64538
49352
64418
22973
19353
35223
59317
11633
16290
9661
67328
69767
14102
75561
3776
33242
55906
39711
74289
9417
38994
8765
7761
15954
10263
55279
22276
48340
44156
45007
7813
76524
17417
74916
75309
51743
30322
77951
16854
31321
68600
72226
70334
53642
39028
19912
62416
31086
71229
63392
34094
33867
28299
50105
47314
14562
61004
56216
29080
56369
45857
37256
45984
76936
39649
14805
32782
62841
41530
78321
26096
58636
1619
19716
14654
1247
61910
26170
7519
2931
71413
60337
42841
54932
74786
73511
44776
22146
67373
35582
63385
37296
1775
20790
12609
28634
64102
19906
60227
39291
46586
67066
41068
6611
27678
17865
17340
42449
33744
39660
9101
63883
52259
1847
22953
48926
70910
34580
4411
54065
8014
57222
77167
77248
66809
5767
58307
41504
17682
37841
35355
60661
57910
9904
24842
66195
46284
4477
64773
4732
33983
78033
73793
13346
28244
20722
60222
64684
51783
43886
74599
40611
15267
28351
34335
53229
20512
53104
21289
5186
56451
20254
10852
18714
2548
21124
2268
38638
36580
64560
51233
59136
71235
45924
3863
5958
26681
25245
72086
35325
21544
5574
24207
49978
28162
52963
34993
76775
51278
18259
49671
56592
11012
22264
52376
15570
20548
44845
44278
62011
8002
6041
22671
73643
14799
26707
69457
32629
21922
40404
46508
52767
60676
24180
4326
561
58972
13110
55245
17635
3786
18755
41479
20699
34443
58383
25834
17935
53609
6890
15737
6440
34672
49705
55527
20302
70967
69259
10609
26049
52393
66147
5885
13106
55875
61176
74271
17368
60471
35272
22256
13559
35572
9248
24913
25633
38307
41259
12508
16509
34445
35190
68201
40148
33981
13533
10376
21494
50874
50137
1752
56549
63820
34135
63894
13251
56622
69413
52602
41588
49159
68285
67212
15837
29241
51715
60199
39507
29473
62116
52002
32612
53918
23919
62971
41849
25911
67014
74642
39517
59799
48886
18242
14462
63937
69253
40702
71798
66740
68585
71370
72595
62041
65342
61274
67743
38183
72516
44564
32259
42675
24942
55978
28661
45201
75216
2443
59759
66440
11721
29707
43462
54539
67162
6214
3460
1630
33381
47711
10341
25748
34656
35651
474
63375
42399
17181
36244
69647
27064
36261
33670
30229
22104
28398
59484
64893
49420
42144
19916
45256
14128
70148
45568
67448
34998
22121
5588
69451
17595
30210
9789
33129
58835
41797
9064
49933
59266
49326
67559
54755
24626
3494
78212
60251
15144
52580
2519
74813
18014
58396
43282
20270
59680
59041
55018
57498
20701
71683
40048
69531
60140
75666
66640
5953
36941
69951
62974
42840
32196
36024
25280
36170
48170
24732
76085
4820
52569
2366
59122
3119
71114
77469
35836
56442
18782
12929
30350
48480
28850
16749
74966
54547
77753
40434
5314
29094
5882
71472
61659
68743
54342
72499
75369
45117
43105
51718
6468
70250
104
4896
54384
76406
9536
41052
36802
52071
7106
52066
48384
46460
41904
74413
10373
51076
23706
29645
4310
20251
53685
18855
56547
57434
11499
65749
78268
48529
29834
7499
73495
40042
32352
74539
59259
50131
63429
37539
31783
55721
47222
73122
73580
131
1112
68178
60351
63079
8435
71321
22326
60173
32482
21924
63430
65891
13011
41558
63218
59252
70293
52335
58241
11227
31169
5999
70035
38330
11367
62105
36840
28193
4255
62133
46479
59303
62912
256
2297
66327
68992
77601
25972
54388
24891
44073
43802
26278
50991
31232
4153
33116
63439
74202
47511
24062
11312
52241
22879
6641
37267
27652
31309
73404
10629
43290
75036
2014
75162
43140
35335
11824
77217
5537
193
30168
57590
2596
18078
49253
35867
78366
4405
66889
64994
17634
22482
52571
1837
74665
38212
39033
476
64299
16057
32008
21863
66662
77274
40697
76016
3334
49945
62056
6825
37677
15234
55991
16548
77502
68717
14883
39214
47772
64122
38220
18466
52662
27112
60240
13516
29447
59895
29339
33985
71618
75447
51434
16534
8658
39329
36298
70653
44724
66378
4469
75252
24995
33055
18583
6619
31784
29573
36807
42600
44442
7896
24086
17387
33984
58783
31492
47799
62875
27057
75758
16690
64485
32650
18199
70094
24470
6031
64584
70599
9126
14424
54915
74781
27790
74288
9255
2277
65446
44001
40302
12462
58049
53033
29502
22317
22103
6301
22190
29061
41961
31808
22441
11505
7707
72385
42518
59641
46232
20188
57568
31715
57920
20110
56070
37511
10813
34718
10091
7436
16179
36297
60585
6558
59697
54671
9127
39522
10000
10848
6666
67229
57428
47794
19633
23030
52313
35092
57397
6270
58549
18926
50524
50217
69256
57935
43561
34326
15764
20186
54760
78632
55521
25432
23009
65084
152
56455
77780
56834
59499
28832
61339
45253
3818
48362
41546
51965
56597
34423
68652
53277
65464
53744
14715
11974
55434
20863
43515
30063
68700
51748
8469
46715
47240
38401
48451
38536
60334
3995
12290
39027
18232
40997
36146
51522
49942
18427
55628
26949
30078
71537
43324
4738
31704
20898
8350
53325
60456
53902
41446
33680
65063
34433
70697
16287
55426
69685
30763
24940
57912
13724
72958
70518
50753
676
45091
76151
68156
14995
24724
56678
3262
48005
11687
18820
60440
74010
76067
25445
65654
23744
18626
24696
2917
20447
9310
6762
30285
74684
49871
12296
31527
49092
27402
31923
24699
67936
58968
64116
44576
39970
35520
37628
64701
40352
60408
50523
42832
71073
23374
64354
74944
36729
14217
52996
59735
10927
26899
32310
11385
57086
32004
35668
64733
12472
42939
27635
34429
60117
51754
62536
17727
45331
12275
65694
57611
58268
60108
19231
10866
1586
56762
19128
11412
26768
406
32727
65611
42432
43924
16126
47248
1497
78101
53312
18303
15552
43937
25462
75098
71112
42473
32322
69494
72779
34390
69841
22313
45244
35052
30860
46001
2361
76610
9227
31681
76412
71688
37833
16580
21644
26930
3711
61705
36196
54278
1467
77961
51314
43959
70559
25512
55626
57062
4584
29532
69093
7005
62572
34985
24876
16598
28369
57866
74998
12571
47848
11256
51260
12235
78380
10954
55271
6742
15754
36341
52156
32316
62635
7190
10797
18359
57261
14839
68868
54212
60445
56298
8054
55020
6253
74144
14676
71953
13402
30361
14520
61471
64573
21255
61686
69294
35274
50821
3758
61849
1594
18941
9110
46929
58740
45032
71290
21144
48913
23983
27559
69094
43437
18817
57094
58416
71498
51382
68656
1022
74872
60951
32742
41608
57837
300
55133
64463
9038
21729
65120
187
12181
20475
54142
37128
17075
8586
8208
65480
69412
44526
39244
12315
44550
73481
14325
72800
57993
1653
6287
26979
17352
55031
8232
58742
34053
33780
19719
43714
47540
27360
57557
17612
69410
14877
62054
16579
64233
17082
51775
6557
11055
26624
72182
72392
43992
73896
64205
45978
63096
58272
76619
14335
27626
3999
5780
22815
37351
47058
30919
49853
71692
37623
21884
51656
50799
66285
60554
71648
37084
72790
58870
58440
1767
38502
20807
53986
21813
55074
73852
59928
54541
6932
12809
15708
26350
24604
12849
64999
53115
40469
21143
54160
15431
12148
55645
70766
56101
30717
16293
60401
48780
13852
24564
62196
67398
63503
68078
66779
10616
65878
39860
60381
65627
18011
3233
22811
65645
5463
27538
71925
47622
53430
66316
10022
23108
44909
35043
8974
75852
52836
39237
36618
66427
67501
65226
29779
27548
76500
5328
50575
42265
9175
20349
57830
13952
43735
5648
57034
45896
45570
33141
39870
70169
70980
12598
13361
33309
31775
24925
30910
48323
71442
3939
38246
37884
5076
69954
15223
20900
19091
10054
37221
72625
54979
1787
14364
43724
20313
36271
33815
32404
37326
19689
45429
2246
9785
59261
18478
23270
69936
37460
22046
54394
43204
3164
26135
42064
2477
57363
77707
17470
72868
19476
17043
76645
6016
5156
41397
14765
63610
44838
68182
31541
55189
63495
51948
25269
22223
54168
70370
62286
3305
51288
29048
32725
47320
7952
61567
46052
28263
42788
56590
8786
11006
39408
67443
7805
61802
66484
44571
76351
12033
52930
67117
54506
41954
35167
51464
15216
75004
25538
37501
30759
18319
42225
17322
33352
53696
30019
56854
60393
77007
26404
15168
60792
19702
46653
46170
29022
75472
179
16496
47815
46817
40364
60860
22389
6909
57036
1298
35764
14386
61582
15988
41460
52966
61773
50179
53843
37862
58715
48701
56705
26361
11465
73058
21714
57783
62566
32588
53673
21337
14699
57531
38784
17761
77164
55574
20445
20410
41747
63756
22884
59811
54786
41245
28999
78606
41335
48528
40303
17971
42154
39794
40222
41919
66202
66265
6887
28878
14376
69304
65264
52292
69121
63309
20553
59456
46563
51605
23659
41352
46106
8932
50535
58407
45131
23743
43381
54627
15984
65670
26510
71675
42755
37922
47133
22432
12794
44876
72582
22033
45073
58698
2774
64163
7536
50930
15925
59006
54228
49437
494
26909
10774
27380
7944
16847
22339
74853
12503
27126
34270
37190
61714
29700
40519
31991
71449
44844
25271
38054
15799
71792
44553
56523
62033
38194
33606
690
17249
74147
6908
52670
15119
29307
36871
7931
67214
10582
41949
20238
47974
41454
68945
47390
16747
26322
5762
49676
21071
48705
19621
18662
35201
76130
59860
19340
51241
35770
17131
4370
76029
20634
33889
46988
1587
36446
5568
31334
69999
42304
18088
65079
64226
56557
4115
5043
62055
66848
38204
11128
29113
25441
16956
54328
26661
3491
20167
29798
71985
43045
40394
5190
47952
66418
43366
11993
20795
35423
22229
22577
14932
66689
13708
21629
14569
52642
73947
74542
40171
59962
36092
69158
47203
78319
19421
9313
71607
24998
28535
63104
12834
49046
5075
8584
725
63453
46961
3796
48489
67099
1436
27868
73175
38040
22604
24439
75495
12131
30980
32328
56971
9714
66448
11330
22637
51992
50016
29753
49585
50067
32890
58209
6407
24890
75564
77575
66472
56208
50778
73605
65537
12372
13877
6573
19903
63797
41962
48244
25544
53666
55124
36124
68242
75859
73196
60985
62643
36085
13609
17739
72119
24096
68381
46251
67873
485
50929
35512
143
60590
17943
65030
45661
65841
49618
2766
59896
76018
22327
50763
45944
4084
44966
26197
18061
971
49782
2908
55837
61813
66715
74362
70577
922
28695
15856
71677
23883
4967
32818
10567
66122
34039
62686
34463
13977
71936
52297
58077
29357
44304
26820
49614
17610
62003
56307
13380
8527
53151
38617
32587
72431
66302
9862
75201
13520
50271
4479
30493
52453
49999
35683
75397
10876
35307
25238
65198
5384
10363
56477
51595
52955
38328
44020
55876
20529
40098
58558
17175
10034
66430
12916
25057
44967
58877
28267
6552
17409
50477
17285
4045
57598
65945
58467
20024
34020
37983
45804
66970
52300
37973
1960
51036
46534
55571
42456
64829
3902
1507
55497
28213
28664
13027
11765
62630
16561
35419
65650
13339
5399
30062
63013
5855
65220
51044
35620
12409
36910
75321
33357
58336
11698
25251
56007
58594
13421
62525
76079
40907
58949
46802
21757
56526
69390
55199
4209
26501
75731
7072
24719
9688
13283
64581
60712
63107
7862
5591
25486
59288
51377
13792
66154
65733
18537
51174
6341
35565
37135
17356
70897
35109
22063
22848
40849
54101
34593
60087
26629
64808
35047
32366
51451
21045
26166
32490
55590
23119
41074
32204
5305
62492
29026
63605
15312
26571
61942
8855
54489
74590
69086
18111
4374
34560
59758
25773
29883
37580
14074
13685
66792
48831
72470
65996
49248
13761
70133
14563
52327
6059
31661
28643
19881
36338
29353
59188
150
51634
31044
55360
36376
59894
55433
394
52311
31455
21925
37901
50806
63167
53130
6395
24646
19329
71536
73835
30978
19819
66702
21939
33825
66200
65295
8768
27668
27665
69096
47187
12702
61330
70545
32841
381
35514
65397
57642
75732
19451
21409
44627
65159
19735
34086
24335
53962
32250
66925
31074
26227
21598
18572
23614
66002
24011
38627
35605
7000
41693
33481
7200
16998
563
66381
29547
5055
71815
2166
3180
64631
53868
16061
13489
5929
69168
10272
39980
70025
20280
21265
1969
50725
12096
41901
57770
17199
37365
17446
68729
74375
19667
66071
3332
25226
65805
77630
54458
180
8657
65160
63041
34839
38948
60162
78410
56385
63010
56598
64680
20279
34712
3074
44757
30643
34000
15315
76061
10960
42829
52799
52450
45140
1193
42001
58993
22376
59053
70817
37350
14020
77775
8035
24316
48461
7394
49254
26977
29947
4635
53646
46266
43383
32799
28857
343
1231
64101
42333
56963
62984
10173
72361
7218
19733
16003
69585
57919
66777
44473
49698
7196
17069
49014
41586
34761
27162
49464
13468
69772
14124
70114
4338
4364
19531
59534
1255
33310
18418
49275
29432
35096
75696
68651
61560
59519
37664
40577
4130
57747
73368
21697
14592
3015
68879
20810
597
55733
53859
9711
28578
58851
56864
23595
18372
11792
42452
23981
24601
49527
7688
39670
75836
29906
19949
62363
74476
38621
48208
9554
14227
5396
71003
5864
54469
9721
71155
15727
3004
52674
6288
3525
57254
41067
31413
48121
55977
75610
57956
61576
43155
53838
17676
69210
24475
52347
37885
70438
73452
1884
3839
40432
23828
61005
33182
50272
9015
21805
66117
53717
34132
7051
52947
47064
41883
55243
32918
14695
43984
32191
60160
13580
14082
71142
6663
75381
77716
69260
35986
55439
41359
36127
35468
18906
72525
7067
29192
5252
17437
5122
72929
62904
65710
11188
60550
71566
68609
38726
69250
40562
40967
55100
23980
64422
62516
77833
15332
20961
3652
64762
1107
70439
16024
11568
2446
9567
39130
13940
41509
8430
15217
63477
33967
30749
14646
32479
52983
42201
12746
70836
1461
39880
49163
18314
75720
35893
46306
45937
3713
73241
38891
58013
14383
53495
21264
22100
60057
46159
37499
75493
39955
67935
49280
39427
5879
51206
11571
39722
73876
2059
40687
51497
49187
46478
62217
67823
61342
20193
48413
67298
59099
72423
2670
33568
53927
27036
20303
18600
36047
30619
72045
15394
64266
32181
30004
61603
34330
24249
74582
38924
61823
42018
67968
7713
36465
10715
53283
20870
39370
31937
54645
75082
38240
9950
55552
38036
5661
32257
21383
11354
16484
9653
4771
6709
72248
9096
46564
13087
12118
32360
72875
38757
8612
40882
20245
57704
59223
29529
46662
24531
30857
55633
50472
38823
60411
45919
60373
23745
36935
52197
48573
62720
52016
20460
15502
2550
14848
64826
11697
39219
47707
49799
37172
25048
37594
35900
66592
36816
53665
30896
33696
41570
39036
8716
56522
62601
1454
36191
43950
637
45667
76112
36701
72987
52412
68568
26747
38092
33372
50876
47966
63959
53469
61278
63948
40242
44738
845
45735
36126
13923
75763
18070
4724
33872
72160
70791
63582
54594
1639
35752
49387
10495
34308
64351
46611
41718
3735
9976
11994
27720
22958
31052
78020
5641
23360
4420
4357
61463
31198
16035
17909
43079
13983
13926
22817
58858
68493
12090
20734
68560
43316
32669
28271
4349
52705
58219
40145
33553
47023
4784
32145
660
51604
77975
13603
28390
31315
46496
16175
52855
14498
31484
45619
24957
40603
51482
63968
4330
40077
17338
8797
20157
37255
14011
56432
30176
78236
24960
70119
34690
59200
8375
50435
45263
52588
23598
38936
21538
68695
19709
32589
20821
73916
20794
26673
15662
27866
67041
3715
73373
68462
43906
72315
9756
2239
11249
68573
72090
43212
40243
31735
65280
30248
58842
805
31876
16027
51484
29567
57540
22247
57658
74691
25946
14499
75924
892
20135
17248
33015
25899
24869
29919
6198
25601
43338
13273
75618
43955
76917
44677
62843
12434
24644
72091
6239
18460
30917
33363
3361
57637
34994
1150
46764
57328
46649
56203
32225
60073
42937
66744
6555
34290
77588
6215
41295
37974
72009
52528
75737
55621
15288
19671
16691
65635
30473
51762
12056
50164
71022
54558
53800
10308
72894
9951
67065
11282
17310
25332
8434
16667
74907
26981
60374
58032
48630
7092
1464
23056
33393
69207
732
19777
36246
53154
23314
5506
9630
10297
38004
19068
76909
25329
16712
52467
45668
14907
75902
73227
76499
8642
11543
52193
41083
65615
35662
40442
29772
55686
59750
7901
29732
26376
20497
34003
43019
10213
21959
37762
61587
20768
22602
30258
53423
28564
46064
76564
72029
67728
76376
51866
61236
5493
5274
19250
35841
28689
70131
2507
18622
16306
43403
3619
73764
21092
43551
60266
32399
6655
28671
66668
9406
46457
64348
16771
70304
36866
11426
5651
52845
48822
6363
523
40126
51409
62436
30280
23296
60142
9054
61205
50414
34591
63637
416
7903
31678
49020
1482
72050
12614
12971
29669
18863
3536
10784
14489
34466
31708
12829
7985
51848
61926
26803
30257
74335
8259
3861
60609
27642
44131
39404
72670
68984
21934
59635
682
47114
15654
15550
17419
3844
71757
37700
31062
24976
4035
33812
31245
31039
70099
44214
73103
51559
78030
55319
47456
15783
6491
22962
23978
38415
5658
67413
41183
54091
53365
2342
34688
74247
63791
14968
5976
41481
28576
6988
32113
59677
21204
61899
50595
59984
73004
74524
9801
63154
64952
62257
39764
26817
63063
3184
25494
14310
49156
1565
5436
62869
67381
62634
1058
25962
20919
36076
12774
15894
23685
52599
19000
32273
3340
76606
20372
29403
64603
60340
65799
16165
9383
70505
42266
38722
8059
19040
56992
11591
18905
15286
18819
32041
40514
44946
55188
66227
57661
22684
76986
66046
50423
54548
4459
58357
69987
44333
48348
27625
61404
50875
25034
60818
35600
75070
44280
28104
28367
12029
65208
61846
60994
60695
19818
27564
62470
2874
27272
74520
69521
35077
20873
3832
28826
51019
6097
51485
47265
23300
22788
20602
23133
75693
1233
56600
23299
8316
25429
25838
15026
12863
66401
11372
58988
39497
21418
57784
35587
46672
71399
78075
16154
9404
23010
22091
10077
11822
61311
39037
33584
50317
7970
75960
35483
25707
29641
20244
34949
62486
68385
556
62260
26338
63073
14860
62315
40467
54462
73277
65054
24543
62605
23900
24770
15759
14834
29741
37549
68909
58443
75331
41812
53435
65491
141
979
4834
61000
4365
73533
50039
10232
61923
51306
39839
2374
46518
41862
34614
61354
21799
32163
48914
22758
74182
38252
1975
13735
5932
28901
44161
30253
14432
13314
17690
58038
20170
42944
19415
57676
59300
36862
48527
15932
64121
58825
49920
78341
55677
52078
39395
71320
56080
76123
22963
48909
20025
19031
53674
41602
63775
49584
56997
65915
50782
9165
44221
65903
46000
2605
52518
40310
61133
64851
71821
63776
41887
48058
1922
51549
39678
30640
9800
46077
75101
8522
36747
70302
67411
51817
66343
45705
7794
70787
6693
22023
57395
67731
9209
5849
8664
11555
25669
16675
51082
633
53181
61915
46061
76436
48314
45725
51251
13975
40187
14534
71530
38687
13014
32015
60281
28169
53053
22905
42400
63016
9449
54955
48304
36642
39705
24248
21474
44556
37498
61623
25905
55447
2767
1867
2306
20633
73637
57987
71407
14770
42349
67732
51170
54880
5451
32804
52584
57503
1321
41651
40286
62314
48008
56377
70168
38072
63591
66415
62263
72367
66863
34492
27424
46872
21809
33901
59163
64611
63101
4065
48559
32430
75249
65983
66077
52027
51440
25901
61355
4940
73732
8878
68330
69347
14421
48298
39420
72757
3590
14939
67950
52907
22364
33153
2329
3096
47796
11217
11597
41742
25367
37958
38662
6970
72811
10772
20917
63050
58894
48709
75394
17393
67614
66337
58680
60639
12371
52769
63447
6033
12311
18933
36861
24071
2988
67210
4723
41349
57954
48104
75023
37984
29616
75182
74382
4369
47865
42767
134
2594
3196
51294
67340
388
38459
44418
69937
65493
55685
74379
12490
16376
33463
72622
27465
55680
44834
35371
74568
37068
77980
3313
33554
12962
52338
64751
38258
42249
10314
47085
50882
23121
49482
7361
25277
52000
18228
25947
44050
31770
46705
34769
74593
40244
14782
23511
44315
20336
40135
6538
52614
11912
28790
63992
52109
66482
28900
36575
15177
63035
66124
30609
36486
71653
14979
73519
44224
7749
35194
29131
70494
75730
42337
39477
57959
45597
21556
59193
31364
44168
41583
30244
26395
75189
7347
5483
15308
61984
59036
16173
7765
53701
33222
56190
49037
51827
41250
46602
21172
12055
13006
32126
21245
75673
53111
20717
43716
63300
22036
63957
43401
56899
2666
73652
6435
42660
9427
32184
54708
1427
47343
71535
49246
35440
55532
30958
27776
69555
19597
27250
32050
38895
38167
9323
25581
63598
819
20482
64717
5241
40684
68809
2391
23466
34748
931
45927
65086
25831
73155
46454
51250
48343
29507
23680
46298
64705
1677
7018
48319
39724
46771
52491
2805
38965
11736
2141
19961
70818
53502
33320
42839
295
77845
66753
14350
54890
37614
22057
75084
28119
57699
53228
399
12018
33267
36368
66035
32485
26285
13992
59792
58687
30907
11864
72112
38914
2760
69038
51120
18706
19370
30682
65850
70701
56917
25316
13412
11244
34373
23275
15309
35278
67795
24163
63936
76109
70489
10556
28521
4362
24092
7233
58210
50307
33134
7889
50427
65691
12259
54468
38373
7210
48388
23036
49338
35149
56813
47513
35238
8564
36662
64182
52615
58685
49226
38967
71375
30922
55356
65656
63014
15885
65412
45524
46537
35755
67898
27837
53996
62388
65392
17510
46587
4023
53858
76698
34635
59316
31538
1949
47732
40721
71850
71158
70242
34953
61241
59438
78119
37066
67592
74051
25363
52689
70915
41458
68052
36767
51186
28773
8072
40214
7243
48596
9066
28122
39355
1334
21824
67967
7934
7117
8766
34841
33787
28091
2428
8425
24947
76427
19404
74632
21039
4048
4147
5134
48092
24299
21647
34950
45949
12875
72903
43422
26660
62911
27421
64949
36159
24380
63271
18317
32683
38327
36281
31292
15919
53003
51397
878
35630
71062
8971
31497
76458
26068
67830
59966
45412
29240
32748
38461
76652
38930
59660
56723
58447
51428
56584
45102
43620
67147
20368
24678
30841
17694
69557
63671
67535
18240
57342
64937
14494
27384
37466
46291
71394
49758
9514
6834
14728
50424
15576
76779
51072
17737
62311
5473
22942
12128
61519
54099
23643
57890
59309
32151
57483
41551
31076
237
30003
16944
51805
60658
63168
2522
32959
72303
48191
4789
2912
76508
64037
7945
70965
66585
64933
37291
35876
72804
51990
36812
41755
3687
76790
61655
10756
3150
66320
24156
51426
10915
3620
19643
33244
18442
5474
9608
29147
40843
65113
19876
45793
51924
3663
68975
50589
67877
54996
18788
10838
783
77999
19123
47856
75536
33538
26601
18137
34729
60387
6880
43659
45868
5535
47604
7645
7950
4503
53431
37234
24361
170
34609
63816
10507
38991
72003
40437
23191
47172
8262
50377
69078
51690
55102
75591
65975
8700
33781
41015
61295
24027
45645
32515
59247
54675
18946
27750
58748
46553
7733
22244
59521
59720
52771
7920
46881
71284
44731
16571
9164
8492
11900
48043
63952
74866
70637
18924
23467
54773
38812
14467
72400
9857
10360
8171
27277
29806
47156
33587
35497
12386
864
71467
32939
54524
22774
12398
18576
23532
58247
5683
56995
40530
44501
10237
4557
60115
58471
37834
45577
27599
17377
10128
5513
42585
27851
8051
23178
19752
7546
50298
61602
14107
76510
34045
69348
50680
16465
66998
41328
2451
71132
78142
69887
50378
30073
55222
11692
36779
46122
39841
52587
46078
15384
55971
66360
31158
31968
20752
29159
25619
7119
38998
73564
70988
25033
56586
46201
40525
17752
33313
74571
52904
4014
59987
67965
72285
74356
3419
32327
33810
8361
76121
18561
3807
66119
14984
52924
43257
9190
20287
18072
693
76089
19211
13715
65353
12425
39818
23174
24290
43726
911
13614
43594
15731
6618
6
52394
52964
31263
39865
38192
35606
11365
31516
68682
17294
7785
19072
58721
22531
44527
56847
69856
77607
72755
33105
54150
13429
46110
65742
73862
67959
58847
10977
73024
5840
22406
70374
19177
74544
77376
55232
22175
24835
70516
59917
65872
47812
17336
36585
11735
8635
35217
6853
56670
62832
49256
29423
16671
75435
67911
47495
2127
28341
38716
9095
69128
35754
39455
64810
67247
37063
75459
37120
45374
18989
71493
8944
50267
23294
6313
38476
52185
6110
31490
75484
34966
60543
48243
17042
77779
55467
50610
25489
49265
69116
31021
70245
36860
30876
1
20705
29469
12145
40631
25563
44109
13137
21121
25054
32064
2378
71017
57759
71589
24326
23679
66733
9787
18872
973
28955
1814
16280
74368
55863
64904
67323
63802
16419
59694
72616
5653
8736
15715
18075
30839
59955
66958
45915
22943
51303
62964
17523
39643
68804
37768
60574
17229
68820
2862
20685
39227
22908
39751
30731
40252
31229
66220
29714
41404
26035
23352
11335
73834
36918
14858
71793
14457
41426
74312
71993
42618
20358
17117
65530
26413
43373
34302
64679
49025
42678
3967
77214
48833
23603
1667
22540
62106
62478
26296
44286
70146
3835
7421
72188
58222
27852
45248
736
3846
38128
35742
38282
9610
56898
22677
24509
60327
68715
47382
1356
6672
26254
48541
69129
40297
34328
66534
54670
42986
69716
77160
34065
68542
15465
21390
6627
5110
59025
64225
45040
70020
31584
55561
56220
40749
63678
54622
71920
64375
69012
67139
3379
74262
45515
47882
30445
73137
65385
1608
69588
48970
14768
49682
66932
19780
1935
23639
62410
76935
12520
20387
1404
50945
57346
8025
40154
32774
11120
32684
50407
76208
21076
69728
7986
77087
10871
64217
56383
63020
48495
71778
27479
51521
49384
48036
57384
30771
5664
62927
74313
30260
34901
26290
33875
11299
30914
13620
51030
44024
18939
14100
71324
59637
73854
16145
20419
14366
67281
77573
56802
47565
55466
59969
33505
49863
6657
16985
64370
27045
26871
6285
14856
55885
52048
4246
36011
40823
50123
44778
61913
45199
3273
51624
3554
47272
18099
43223
59179
74410
61546
38354
46116
23393
56139
72269
70431
47043
18286
26781
50755
9290
60549
2193
20549
68861
74964
66945
71322
22967
60092
5107
62490
62852
56692
45870
74859
9685
48363
11277
23791
38606
9815
1000
1167
60969
46021
19843
6867
707
14835
78604
46545
73667
5656
17764
55064
72511
29822
68546
58820
52848
3415
55699
11073
61175
18337
60523
50935
55926
66363
23960
55856
2731
7270
25652
43195
59590
4244
50654
37746
73901
7075
46966
44970
1086
18900
23991
21276
30383
71569
37472
74825
61833
53967
41451
69383
16332
58559
67216
74644
13319
70560
14791
61718
76681
57399
59728
56943
11220
57965
45834
94
30240
65602
42762
28515
67696
22679
25611
28207
29151
5431
8077
13876
50833
26512
28691
32822
43369
72344
36908
21938
35679
11732
62142
28779
14091
49756
69617
68537
18074
48422
60889
74796
55858
39746
17688
66289
62831
41790
18425
38495
71759
58554
19710
54300
36053
54732
38702
42782
27186
18428
18167
74899
16718
40503
70870
66808
33351
12709
70539
11396
77562
22394
43970
55936
61553
7087
35402
68377
73867
36965
66632
32966
28703
6756
2508
40950
49642
72535
66422
74856
49917
5863
56952
40213
65257
39386
15700
40625
26111
67789
43617
58615
28507
25248
43579
28646
70727
64175
11558
56198
56433
53834
56411
73125
49565
77537
42447
6700
59233
20826
54370
37074
33133
61986
22837
32555
77219
60180
26048
46982
35117
40498
13221
17228
34165
24701
20022
46458
69760
60736
40236
51073
76811
68057
78659
72750
46900
43080
72938
19344
21686
21262
28660
12484
50090
59314
52064
66132
14687
23550
67864
18371
12856
25554
30719
72865
53164
37126
21250
5629
7308
51487
68830
58638
43964
419
2113
76441
44380
37814
7715
4018
32833
71245
38779
8163
5155
18452
52682
34049
57909
3702
49659
13212
33158
61350
20749
10245
17873
68205
49287
37012
39761
30236
52777
34275
72459
13136
18780
77992
44613
5177
41233
45547
24336
14993
14506
78522
52656
39681
23690
3790
30644
40599
647
48419
45549
47728
4099
29119
54014
55122
38558
45938
58773
19973
56991
52295
55352
20494
59117
20462
21268
76003
77938
7077
65200
48736
5874
69662
30179
7284
70551
34798
62842
65904
47502
23560
69718
20438
78496
2252
37574
8750
12312
6926
9423
58802
9520
50368
16536
21367
9845
12377
57242
20322
31875
17589
9479
53540
25351
74862
22370
54852
31776
51070
40706
22280
43011
19888
70802
76149
64563
37145
12466
24769
20934
21054
63887
46292
41050
65011
66062
65312
62903
33862
51498
49077
2555
68158
18974
18632
61307
74751
52999
17869
34965
56646
26312
63267
64753
26522
42408
6767
78309
67429
29088
41103
40049
34698
17786
67560
13118
13325
16360
24154
46394
61606
66448
25453
72557
7355
56472
76123
54299
33555
6718
57934
29535
63494
22055
39022
39445
39832
64220
31274
2076
51356
68030
2493
2437
17867
19213
39998
46378
54144
11026
38212
2557
9554
27943
5183
26015
59221
27501
30056
28444
59413
44062
63333
41217
21830
71320
50938
44665
31761
49561
76880
68197
39863
18299
48502
848
61611
10919
8973
49924
74912
32822
17111
31724
29810
46085
42930
10837
4518
70711
18334
20663
43893
15442
39134
58225
7800
57602
