72115
35010
71630
458
76963
74893
11614
41703
20893
76724
72074
25540
42358
51504
12047
50471
33961
12713
39428
72160
13050
65732
49996
5358
52833
36948
61726
10375
69950
2815
13495
16465
65904
23473
86603
39667
38876
17255
74851
56200
11232
6136
33091
7023
14262
84303
55892
63642
3558
1760
15865
34314
11063
34969
46605
36666
38651
71982
58089
45881
34679
14790
53067
28022
60745
29145
33396
77916
46923
58846
36630
69738
7779
247
59570
1147
44838
10766
55597
29085
74204
22387
81552
48203
86942
25688
10171
43943
38164
82572
59824
5255
38946
74233
42765
50744
68368
34205
81861
25640
61500
69330
67106
17105
23680
1098
74445
23676
65945
20888
18634
73034
39206
71877
52279
37780
61587
54293
84032
25006
56776
66238
53730
71185
28560
16244
55853
77535
7808
47359
62311
21439
77227
18153
79535
42323
20653
75000
41240
13925
35796
52937
8273
78594
8970
29572
66800
67372
48605
66843
8720
49709
77040
61440
30580
7136
57763
52811
81945
6550
69360
63508
27345
2872
15116
87687
4737
47650
74955
59246
15559
33326
52479
7053
31099
22038
37499
79372
64302
54033
86214
11988
73488
66531
57452
83550
9553
37552
33167
23746
32488
52402
6865
4206
3610
9236
47033
46087
65834
56273
16979
47368
7169
68787
18280
80745
65038
10226
56489
2806
61081
53065
73537
9078
31260
26904
65737
15845
12354
40706
17020
68622
80531
76838
60065
67116
79538
30097
62120
20285
79199
35620
45375
25334
40607
67784
11951
69862
43585
2217
19742
49319
61585
14096
57288
16502
42252
61105
348
2915
1323
25098
39347
7185
65733
57209
48165
62728
77189
78621
70884
32027
35573
34460
38853
52291
44260
82602
77328
27502
39965
74441
26742
59522
61822
16540
38324
31972
64859
83246
74573
74513
72972
24116
30460
33683
81590
3075
84760
31599
57368
65248
77393
46159
40789
5775
12751
42540
27105
13599
11954
37467
19026
52299
3721
8591
9811
22040
6687
30392
59231
54836
31431
48
66656
7436
38987
71939
79142
6600
42200
41891
25179
6083
39483
86717
54
35144
3559
76187
74742
6564
59244
81074
43817
41569
14216
15830
71359
38838
36211
20943
36638
70651
44234
75468
82350
62867
9865
20163
69713
72660
68108
1897
79885
53546
7239
4889
3614
22944
28313
70668
64530
5191
48120
74556
54828
54270
82247
78408
69696
78766
36070
39490
1118
33559
59181
65837
51333
80921
57777
61659
38496
1292
1794
3392
75197
42933
73300
5602
25026
22088
34210
28490
34912
26000
78662
82296
82356
62126
42315
2488
55363
75013
872
62752
69458
10951
14616
77184
61499
76648
20783
76124
76065
41536
72196
50128
79738
46552
86342
24492
17137
39759
44902
86596
24536
78652
5676
85785
30727
40224
9011
34831
6351
45059
23356
62805
10581
68358
45750
83486
43037
87194
41792
72433
34132
37104
73079
13910
31201
85396
69080
29701
50691
18832
39203
15998
16643
18494
31834
56564
42003
4168
40279
13483
84134
41399
6904
77729
15170
60778
45192
27172
50850
31680
61530
46015
60615
81759
28841
80874
26928
586
20142
39377
29120
87434
60335
22735
73428
76210
21611
21502
35464
14317
43294
68441
35495
55749
35826
16433
6844
68862
3871
69098
50304
63305
37433
25594
68393
30844
81806
66345
51002
62964
31826
61537
53116
66998
39156
38434
85350
29118
17160
60871
73523
28089
5635
32950
67227
3918
55577
4149
25634
29554
37893
73737
5957
38844
67493
25679
80077
12198
3780
12010
41697
4918
1296
51061
57054
86053
32102
70627
32666
52881
87539
62372
41183
71908
66167
26022
3277
70780
52397
65885
46326
72063
78991
39772
4250
27786
24082
18939
25160
15702
41094
42656
49038
69087
74982
55269
35131
46076
67144
14392
32932
18505
78171
60364
19679
52812
72466
41617
30946
81887
54804
83621
2742
68881
49812
48640
44842
54048
57150
59298
43297
35154
56356
29557
22394
27012
36353
32176
45085
82631
55728
55466
41521
80853
41026
49970
47794
50478
46506
22572
78781
38390
3171
60239
59402
70648
85538
44395
4672
71098
74704
12321
64303
79904
67882
14206
79145
57798
77285
47724
66945
8551
30251
74703
63458
61823
52403
13108
50785
11552
54703
23565
73768
20261
36762
2186
14944
49397
19097
88318
49787
87393
20054
23637
34984
88497
81135
29318
66873
27800
77909
80685
82901
48622
12636
74714
83756
59869
52838
6259
3573
85832
86981
78038
4241
42461
13464
37574
44854
72958
48802
35142
83633
72803
26548
26078
29657
57011
42149
35035
22361
51053
58751
45441
7088
75791
14667
3063
66318
61491
10364
61011
70832
59102
48141
3043
63584
55149
67554
32809
70002
16600
79081
61240
64214
56633
67876
3301
16030
52925
9921
3423
28910
1782
55488
26802
40837
16913
13638
30969
53677
69813
42639
53919
56730
36513
74671
73465
67294
76387
41185
45942
23635
578
26983
22832
55870
59727
26941
61357
74200
80859
28864
55416
36412
5828
12683
48041
58485
32743
24900
66606
23592
13186
22019
53508
31617
39954
4267
31637
23757
1471
60616
2707
36754
21315
5152
51648
52657
63552
60764
63856
3084
80998
76664
8552
35327
39407
49192
66053
74495
54166
369
12837
35879
27877
8013
43144
76792
22283
78722
33537
50075
14013
39455
63915
38593
23015
47114
12758
28065
36616
27659
29292
32431
65291
52112
11593
50907
31153
55646
4603
60962
62245
702
45746
48042
55075
36279
44790
50629
87583
35098
59580
9724
18578
41555
16191
46865
38494
64251
2314
10834
60333
7246
16272
19805
63881
59820
59949
1999
11688
87997
26894
57191
64879
56412
11229
7568
57850
54384
16942
1871
68392
21050
61549
60791
53721
25852
40199
55627
62763
82739
48938
46892
65362
68005
82574
31940
63700
63900
6406
23522
77512
64003
16820
63255
54156
26008
21684
35387
45732
83350
60471
88006
49621
17892
49184
9450
83758
75942
73773
21188
51263
47975
30244
73060
19759
84058
61512
37455
46054
13038
60016
43530
22637
42116
47492
18392
54325
81409
8313
56877
70516
58333
9827
87047
42635
2572
50488
49919
14365
25632
70592
76549
73407
878
5221
40608
52252
71376
13101
57502
40387
60763
16596
36
75132
39611
35522
34669
38703
54767
30328
14699
6814
54750
45421
62821
61164
22344
23055
45053
61590
15530
83304
8807
56827
82297
51189
5083
40146
70290
50880
4520
37409
64577
68446
34773
87427
44656
16624
58316
16786
23164
59059
64603
14102
74130
4580
26334
41252
48244
62101
10336
11053
7769
17933
15980
3374
65211
59587
12458
48923
26760
73477
76110
86573
48718
45056
9187
52619
74544
57298
46629
12693
87152
3400
38626
57369
67211
79028
17346
29929
83502
72228
21790
6594
82902
83130
67689
77547
59363
9337
58328
13857
11742
74101
84555
42792
57976
31941
72877
77781
5441
27705
3716
34941
82759
84145
49477
86924
30587
35930
14278
69079
30757
88277
20501
69656
15064
31459
83059
60100
7609
11511
17644
22498
41332
84554
40995
61743
68484
65428
38013
24920
23527
53014
1185
14663
71022
614
70285
77411
16012
10785
2682
70802
42319
60556
76441
48074
29726
86199
18131
52306
53145
67910
73585
48488
80906
17830
66105
37213
49199
78587
55865
58279
78964
83601
38779
82018
8755
53702
14756
36145
79291
61436
78920
56253
79036
55690
59703
16536
34718
64593
60416
19312
69745
84349
76367
31235
85843
86520
60277
25185
86528
43442
13231
56243
24278
132
77769
65421
37463
79017
20572
72761
13484
1647
72211
69995
32454
80632
40565
68679
30793
18807
78941
65037
34434
6873
29401
86739
41495
58113
45515
49761
41649
34113
40647
85719
70403
6724
79228
49986
55908
37849
43363
49414
56068
47223
57037
61811
36182
13154
59311
60454
44618
72360
45984
58577
38550
36354
85962
64785
67966
19478
82004
80168
62462
65580
16618
30464
60578
48262
28659
57617
29087
47694
18709
19783
37946
55062
88196
19835
52218
49159
27500
73961
35514
56714
7197
61054
27021
23129
63635
14298
25029
24147
64724
54805
60487
16363
18045
46286
84614
64392
36011
78833
28221
82814
77359
12090
42952
38588
61455
53801
87017
4625
8894
73423
73444
21973
75742
42426
45633
45707
25806
65492
85521
15415
28880
53761
48057
78373
74104
74708
16182
79719
6771
42176
84605
57532
27818
15965
84876
983
3654
18110
27228
33639
58720
52846
61178
87132
32235
59054
26118
72474
34800
53105
22276
76793
4465
36695
45553
87007
61370
87958
70026
46000
50755
58908
50415
74420
82163
45087
63015
7176
67611
68203
8690
2616
61953
70535
84036
67706
29708
48379
59942
11230
11301
52996
43527
15299
47002
26168
20777
77383
51753
11974
65996
17416
58819
13301
81438
82130
45808
54338
36764
34771
12859
60314
8475
77712
36030
80438
21836
4268
43275
61643
22275
49888
49767
34726
35561
19443
71523
34857
932
63825
23408
68829
87003
52578
45949
17040
55904
446
33364
63841
24862
62148
45930
77499
18240
19892
87924
23901
4450
70312
60653
30595
68695
11065
85338
80003
66385
29925
55431
65619
42542
49758
12411
49240
2712
60354
13780
17994
29227
28736
2978
85418
69107
13906
23099
26163
12532
66120
35596
30163
44988
37065
77907
17752
73474
29874
43768
62680
36234
44823
39386
71593
77862
42674
8945
55364
40595
87567
14185
22981
70107
21732
75479
45181
36130
43899
38148
41220
40176
29302
1532
9094
68651
46861
23787
37332
23192
24713
38251
82467
67277
50347
6592
13486
11090
52910
25617
43827
85698
44013
85742
31878
62206
5257
67764
75754
81638
54790
16432
39003
7118
52957
37702
62712
5215
39519
74321
84706
85006
53570
4884
75303
56737
16340
72629
10070
15399
34041
13430
66410
78043
84265
56279
74392
67330
21168
77203
12407
46357
36814
716
59623
4862
6318
26852
43399
8218
77841
74805
30103
62348
49882
76160
76348
51485
15010
395
74242
6671
58988
51756
62057
64460
6688
51199
43673
55166
25003
46492
43306
86594
35487
56710
86407
33458
64331
32177
86060
75820
12910
87595
34782
25960
8828
19329
26783
48558
3593
60150
6978
7685
6056
9866
86298
71556
28188
5245
81848
25446
26150
16293
5464
34126
76015
4015
43021
2527
33189
24050
70824
5203
7756
44243
1157
16931
50941
28915
80324
8931
71405
84929
82912
16264
81906
45046
45678
30211
20241
70733
55832
29420
61715
32412
53449
44960
2920
63548
82192
41859
24520
48883
9504
40385
34206
22987
83636
64135
28871
35753
51139
31221
39447
52602
18831
73506
54335
71176
20529
6384
76311
58251
8815
43228
13359
12939
14977
65046
9065
26172
70270
2573
60772
9213
38671
54938
66164
1716
40690
74397
1254
50482
3323
22575
74798
40809
52715
17799
4371
35714
33891
14522
39747
48333
26812
81424
83506
82013
86502
80940
16159
62135
71168
57680
62989
38059
31189
52593
2442
14349
28084
38091
87120
62977
551
8175
35957
70611
12239
34053
72176
30145
55134
39341
80975
71867
27713
60540
85452
60945
29036
63173
56887
48822
84023
35839
39488
71021
32364
45970
39076
7300
30352
25672
57784
54084
43699
54839
22175
19525
55250
73420
27221
62380
34769
85980
42333
31631
6118
52911
64385
34919
43645
51363
18072
15793
31517
8339
68213
42472
25840
70674
16311
26197
38894
639
1644
2909
59407
75593
20589
23048
27513
41666
21758
38420
38990
64990
37202
69666
55955
14654
44269
29967
59449
53646
29933
27469
45343
2959
78035
19404
52649
7494
86893
86007
5505
12639
47152
68192
29621
26520
28230
18675
57247
8027
87781
34325
194
28885
56607
43600
58043
26010
11139
74335
42433
78111
52472
41755
64645
70888
22442
51598
19903
29601
8550
70643
33947
63698
23444
30445
61734
32487
48977
69113
81159
82172
10479
84318
38955
83553
54347
87814
47591
65451
15122
65283
61911
84351
45794
22230
84171
58664
64237
82802
84452
26486
74755
33913
40810
49831
17192
38920
41745
64980
45675
43634
3656
42872
78609
15448
17089
19096
59370
54557
7190
24604
40878
9965
83121
45457
36359
33036
83067
43665
32180
4552
85634
86786
39292
5889
263
7162
51998
81529
60895
49023
63827
42214
23259
45040
63334
12849
34272
36961
6624
100
7837
50411
54776
86056
51499
39636
33705
31286
66780
9797
33846
67671
87021
82432
8649
23825
63505
6500
78739
77524
54694
16359
66818
68246
32313
18103
16781
20483
57438
83892
26926
29573
64329
27530
47533
4868
85100
12162
69907
34276
44264
68175
80419
71821
31653
86229
66577
81051
10719
68260
17968
83346
40866
78104
86543
41099
63170
38413
47403
31117
26792
31276
17126
39532
17729
34838
3930
15627
73041
24668
4952
60293
83896
27753
20386
65165
25989
46285
50054
6067
22257
38901
43008
4758
46551
71105
83301
85392
64726
12397
18327
25126
49302
15120
87172
62106
78765
34231
49987
80039
38768
11833
17431
36146
7466
53894
23328
40185
28148
11169
6966
73645
64758
78840
2108
7904
30697
48012
22008
18795
65007
16269
29776
80411
18141
29633
9611
59083
15073
71026
7477
35006
23201
16048
6269
68269
78039
29504
22461
69345
51873
56453
30266
38610
52738
86533
46888
28308
68639
13244
3365
72718
84157
59165
4059
75741
27578
44691
34939
19322
68134
55479
1734
80172
30297
15511
48650
7558
59038
28994
68512
85920
83061
77053
78096
34661
29240
47917
22860
3151
66317
64866
27415
57698
65359
59648
41876
84449
37554
9170
78219
35325
31591
75369
87740
16361
36165
49670
55074
51976
75451
10365
22082
36792
80966
54144
42072
84372
54064
2295
39247
21967
60515
19426
7068
33502
67375
41567
31080
58136
1847
722
32014
17131
24432
65391
46170
73495
54390
46386
15634
32948
6084
55394
55478
6396
51314
65015
45250
34616
74300
51855
68974
57388
57654
19796
58701
12337
34533
14674
65616
78159
691
11459
69434
68670
73513
70495
55289
12615
57431
40220
11794
77060
21121
72325
22585
77963
6479
10340
59128
48279
60575
80973
88045
48939
41698
22670
78014
54254
37310
75587
70195
62365
42686
10693
48261
32785
26670
9178
19184
4437
3471
82787
61699
2413
63605
8883
25643
61671
6391
45444
25429
44128
79185
40266
79113
56900
42497
81225
6190
86748
74850
82804
62497
37396
29461
53560
51195
23933
50368
78288
1310
4774
31362
4349
58243
44900
45188
37460
46332
79931
81673
74828
67451
34889
51166
36317
37241
63446
20095
7320
27332
33708
46931
6859
61001
17792
84117
63793
63371
15973
73175
15199
65432
34826
23958
64449
11738
38665
32171
45651
32772
39331
61463
63418
27600
20
58505
56487
22806
55539
63561
3381
76213
14403
26089
80798
59226
16173
24727
5022
135
59384
10
82086
15699
24733
49734
87730
11479
33492
29612
50463
77976
21516
64457
714
11308
50852
12858
798
33371
12378
63796
8548
63784
50420
39754
61673
4339
45974
58951
64300
27028
23636
9977
3485
32728
50625
19630
57086
63263
68383
2974
64768
57787
71329
21272
37790
67239
40403
35412
39884
25375
79149
79498
39435
59032
35603
37711
37511
78051
23698
74022
80144
4128
57290
20915
14538
23211
40467
38036
20392
79603
8780
3249
47145
64131
48912
52335
37787
32824
36890
85738
25622
76509
16960
85475
56632
76093
72816
2173
57048
87362
62833
10466
68416
41338
4010
84749
17440
59771
48025
38293
4729
82382
45645
57125
39237
49342
32668
57999
86017
53183
32656
53108
64470
58424
28228
71570
44250
65052
22911
17422
22820
79442
308
4289
21592
54059
42758
84501
81055
37982
24503
9520
53076
56183
36233
22595
84868
72617
3184
55484
1453
69030
11508
463
26786
7752
44016
63118
44117
22720
3926
82369
39996
77001
58400
48280
49671
57226
5673
35557
63302
79148
82866
49299
68606
33426
2085
52893
10092
68026
38277
34180
65599
7470
80597
3216
21116
76490
73783
41079
7201
62542
84311
33513
70730
83776
12429
70593
38290
33280
13686
9345
3345
8758
81006
25838
51943
48670
36293
71879
46944
39822
46300
70657
35743
85794
23552
23204
36900
45608
87086
25993
1917
55090
3340
20953
30117
43555
68685
79335
5717
85964
14032
23234
64368
28141
27547
46339
29025
23516
43974
39859
73987
14842
22026
17726
43365
988
57136
40324
31345
31078
13448
86916
6506
21194
87639
74074
7050
21720
17170
10539
82985
56367
42049
33756
38627
59612
29434
30915
52719
8888
84541
2405
29671
27896
35677
14646
80316
24895
14042
87535
71532
16877
52247
39720
63615
86031
87514
43859
64156
85933
62658
32447
79418
19823
40747
39740
84936
23504
65118
44894
46839
36314
59541
27073
7204
3684
21427
38131
70288
29965
11201
50219
77461
62825
37392
711
17385
48235
9822
46242
12815
55732
12373
30275
48580
67682
67453
52510
47985
56986
14846
33352
23560
72862
80436
30661
24465
41381
48793
36322
11445
67831
87957
80187
46180
36608
17809
55044
63491
35252
40371
35424
35986
44068
37127
70354
37950
76632
25339
80813
60933
52152
84358
85924
71706
3207
61670
13959
42853
35852
44694
33000
35866
53757
48174
29088
30232
3775
72997
26875
57045
23477
66626
81296
47871
29899
48002
5779
3476
34974
30447
47468
30511
27511
64301
69179
23911
40292
40445
71032
13099
12617
36113
46937
9063
24882
1797
5314
9997
22783
14172
64693
34170
71642
8539
58085
47004
78700
9663
27983
55266
9122
77928
69037
72058
6703
33520
58432
84190
67869
83802
28232
2793
5682
47433
71465
19361
59913
80964
7240
58520
40621
39039
28385
81127
30979
7323
38689
4855
14490
27440
71025
11023
51592
12731
40563
57741
31625
65621
40997
60451
25715
71388
5037
14910
9580
29946
40631
22557
42469
74845
59260
50409
57853
56531
30974
50216
2076
36555
63785
42598
36696
48077
34154
58642
10664
56359
85586
59864
68808
53962
78918
65870
39923
24231
23255
21487
41766
25876
38641
72199
81779
12344
18346
64648
72683
76827
25235
33465
64589
8103
81777
59832
4564
72256
64083
23484
54201
46517
69997
3431
65889
68201
4642
962
31245
84064
44451
10927
54633
69602
10956
48522
50231
34358
62166
83101
9770
17041
33632
50879
8207
36953
80190
61649
35331
12135
1048
14410
85288
80061
26506
22891
41249
85988
20498
20760
52575
7448
22495
8292
36155
26048
86808
49559
48726
38877
15247
64963
11563
66909
26797
24788
14
19587
33655
87772
5987
39144
83505
7931
66344
59430
47654
21565
18975
43406
849
65947
42083
30302
20441
38715
35261
33283
44211
19829
27141
44520
21369
44150
78691
25742
86975
1956
63993
31740
51829
62489
7187
18319
87059
70906
52978
26661
2599
50995
73798
62011
56956
61704
10543
41811
37371
12696
54223
46688
76048
27555
63342
38058
29317
43941
77484
15981
16397
58360
74931
61232
57632
26519
41835
37052
30523
36292
28431
78925
15481
52525
25040
41481
46967
17165
69527
44042
74555
34288
12633
86403
58369
6032
54339
72963
7850
88002
47304
24539
63849
44210
5018
426
75335
19278
56475
76425
24142
15156
5469
34496
57117
26615
54759
50323
80668
86069
66615
7333
48346
36132
46873
77594
5567
70624
20022
12474
22761
41735
51338
82966
65013
73345
10453
27799
39047
32505
82780
68703
75659
5370
67699
67443
82392
43755
24901
47715
55257
32585
26315
20540
60638
19189
79782
43331
74314
59052
52301
32501
59072
85597
47523
22965
48852
26002
72537
67230
22679
26044
10646
53482
65929
67703
8877
6954
71070
28341
75624
73098
41680
36018
55271
77941
72130
56287
31150
38812
2154
67440
81265
80446
19503
5326
25513
86401
51768
72482
23582
49201
73262
44248
24737
83510
24630
63646
71007
19133
78474
14639
238
54348
64974
3507
67074
36625
84552
65511
83203
37437
80826
26908
21270
83791
17236
9905
18990
55997
10241
56016
18225
20774
25447
78680
36239
68346
66782
51790
41126
48563
51295
30892
27925
29425
62915
27592
57776
63274
566
69229
51005
76079
38282
47739
2548
57252
37491
67162
53711
2765
80831
15580
25230
5842
69189
39906
16725
7158
76284
65958
81653
20443
8653
24542
70972
21089
69933
65235
56020
68311
4302
56357
73190
25526
27122
31152
40894
35893
54258
32905
81711
13157
14005
55056
39372
8191
57152
27875
71479
7638
51703
32145
59969
80756
332
26943
86519
30202
15263
6440
82028
29584
80072
10873
15796
29746
4336
42669
7491
71520
62610
44238
63770
34572
41422
64745
21853
877
48056
88362
21154
47081
2140
29882
45381
25239
88412
41114
35346
35493
82322
32239
29847
66980
10296
41842
2190
66217
21991
70812
5224
21527
27160
21620
3883
7295
59542
69873
40975
77664
64543
31036
33423
455
48848
86416
50747
71965
4530
58182
56332
76336
88110
80040
85638
27696
52010
66912
6717
2302
78955
43084
21411
63985
82538
74718
50543
63752
39652
21500
33004
35087
85042
46145
45408
25589
36968
57665
13995
79339
41759
56651
80928
79258
70911
38461
20451
6220
66903
54740
60823
37589
56819
45105
23393
73922
29751
44324
62758
25371
33076
18260
11648
56398
5698
82351
61577
19114
9582
64742
25865
87428
42787
28307
73801
22600
86265
43648
3864
29805
61041
33500
65246
16512
76396
3317
59117
52565
36704
8489
46813
64662
29544
16836
62316
35816
8975
48689
21299
78181
52473
638
12784
74274
27417
66997
7083
10263
2150
12410
16667
67540
70138
20825
83051
5153
61080
42452
34258
82846
51344
61959
48901
41753
9480
59270
76566
73247
59905
57664
54200
50567
66076
78516
85943
52438
63025
80529
44795
32790
45995
69066
34736
25246
81086
65424
32492
78079
9190
14342
57601
80019
40787
70879
62028
43864
82254
67258
32685
60409
78549
1864
41100
37816
35811
57634
59337
77114
69882
83997
78498
49931
62829
66664
31727
22693
8569
39539
2249
69526
49719
73939
73151
30070
2297
68310
71702
5903
11348
13827
19534
4266
42025
77872
24605
1566
79444
42028
43919
38022
64537
59686
20730
13089
43057
41420
69724
49679
39978
17573
28697
80929
10592
12221
53140
72127
20153
52820
31217
1141
6737
47839
51745
86413
54265
57723
37542
71561
39969
37486
77502
44976
58355
61814
12347
1035
69710
42196
61809
44488
60311
13867
78514
81040
396
85559
86644
20775
8726
40675
50763
32435
87573
78265
12460
57398
75701
60108
29931
11952
88496
71595
9388
72021
16638
56344
31905
5625
48504
40101
85077
44592
54746
65459
80420
31173
56206
73990
24846
40033
30774
63271
65603
39492
87805
46380
84039
14723
55566
58177
6475
74899
50537
51450
75046
9711
5090
20458
47954
16257
51173
29660
47608
77070
45447
25410
8944
10598
30770
53598
71110
31756
47263
1549
62843
66269
47172
71378
71197
1558
76690
29030
4056
45395
26311
79284
23208
47708
12197
33816
16541
49841
17780
33376
64760
59784
5231
60349
48291
40120
8442
37048
24028
68469
65736
86177
10308
85023
61582
28423
21107
20905
43206
70023
62371
70752
26269
77990
48961
3855
52503
78451
11839
46545
39130
75840
42659
65989
77736
36106
20351
19501
64370
63337
9312
31271
17577
74723
26090
54464
27738
76580
57294
3110
77252
18311
80456
28202
74488
60834
21697
9183
48114
50348
76647
6525
1932
70247
2220
25625
53938
81519
74952
81255
7934
55824
47160
29774
42285
40839
34082
58462
73787
70740
81396
34375
43455
257
81729
66724
33066
29632
16080
78914
17585
65490
50494
56722
8516
30320
25579
76301
79979
77620
78201
52285
26431
40568
10356
24394
48743
1530
59779
68288
47373
60767
58156
20236
78725
6095
38732
42722
39572
73195
52061
82274
66307
69369
28789
77927
9891
82511
38630
33544
33630
81819
77349
14334
10579
85703
64549
9075
3022
29942
15176
70479
82078
9651
39139
63507
75016
81259
25820
5695
30355
76479
76759
83361
49239
39752
4329
87453
73121
16876
47382
24331
18778
78037
36813
80413
75555
49648
87409
83924
54283
20997
83973
61531
41749
29577
1114
31620
28272
26562
35382
80573
66258
49251
65631
30721
39896
57274
47923
15451
41874
51398
60972
5522
29358
41025
42133
82769
32688
17211
31265
7459
36661
36320
232
54649
84476
53513
25727
62874
1671
10576
76999
41867
53029
40130
37242
33331
24255
8371
75823
38793
46575
67636
62037
71649
59814
84907
4921
45484
2727
41124
63141
70203
61497
47797
15940
72549
24762
75538
13139
77368
83793
78844
78372
10759
24487
70667
24614
69132
86365
39564
75098
42503
74762
57424
83522
26492
58289
8769
2766
46495
67043
81506
17460
57876
82194
31669
43373
55324
88079
78131
30559
76029
60876
53336
15474
22819
25474
82762
76136
83593
11787
79416
55653
39889
3596
54061
2429
34078
68870
51054
44285
84594
4147
51368
23727
56802
58777
37339
72810
46299
2151
33878
59773
88069
9644
28277
15482
41167
54925
29176
11437
54564
55327
57018
54189
55097
69808
7595
23245
14789
86865
14485
10310
85530
73766
30791
26349
60567
10540
31942
76993
44343
10668
51145
32361
61689
20209
35076
10041
11734
21393
68371
81737
84530
24297
6488
27278
5544
7718
1421
14428
7322
9978
66763
68150
25276
39441
52099
26565
18819
47186
19776
46212
41989
43971
31029
83277
40617
21143
33250
41756
10644
4744
34411
4402
58800
7117
17220
8976
15134
460
27595
26079
61191
67417
32345
39735
9586
29083
8838
34997
27891
39612
7358
81052
39346
11870
21003
65108
64715
18548
18360
81491
67055
32055
38283
50779
76012
12353
66769
23526
76670
8777
48641
85144
62505
70109
38509
44357
41204
61969
61198
47505
57312
70693
5793
16834
73168
72870
66143
83279
84392
9999
48404
25554
56067
44558
41066
86373
40234
41552
87433
31210
50297
9682
58078
1284
24996
56022
7751
34637
67412
40510
50552
34581
58031
81463
7467
17779
42171
81041
3305
50016
78874
30449
63075
59331
19900
56972
64895
56917
54725
73657
87425
64161
9588
75545
54214
5126
39549
11179
57024
83377
7061
17817
25228
56875
50719
45325
80817
64880
31533
55417
8973
79369
38217
17593
4226
62291
77819
50269
41072
19028
5911
32816
27717
8676
48259
48104
9155
57690
80714
13563
33461
83484
84779
53587
67517
81316
4474
15836
66922
28673
73042
48677
17421
67046
30048
55763
32938
86958
81345
3335
78857
47829
3015
31712
27966
5652
85999
56163
54147
9761
48761
26740
12379
76155
64284
29287
9883
55519
6286
79922
34462
54714
48891
37624
30594
23430
47571
4909
59447
85460
68211
56420
33996
23377
12582
85135
88322
64225
50092
70850
24336
21734
83400
42657
20983
22196
55884
72979
6343
15044
84976
49889
24108
22620
9603
81517
52342
26273
62762
63648
40038
59213
43439
72369
74458
38089
45763
5658
17006
69453
32983
56149
14718
5195
34022
8903
84367
57790
17629
5173
58815
85305
15181
2746
42195
5886
32884
30664
84941
69395
81471
39419
52169
61819
86493
37317
55127
31347
56247
7693
73751
6291
15171
5038
52136
73310
87710
23514
12241
42056
69616
49883
69322
52611
22031
51570
43786
58498
18905
52753
47837
68121
80126
81235
43319
20415
45638
50558
25174
79231
29715
26177
41501
56886
37812
52866
26573
71894
78346
11571
32450
72401
14728
19901
35112
20487
68085
49944
68017
6273
35471
86512
75979
42101
75150
56278
55078
25070
73882
66443
3419
19744
18532
76315
85774
19907
70407
81098
74467
47208
28945
4066
6429
27217
39758
77926
82492
51487
1712
64644
58081
20620
24828
5583
3384
60334
83503
8050
84804
4048
7110
47945
5984
53949
53106
59734
56507
11980
621
28473
43675
4453
20152
73326
69014
85657
6395
6917
41688
14551
18682
31779
33672
80004
77815
72561
46452
67314
77005
24235
29349
8800
73807
67283
47477
86431
41417
42882
77337
22840
47776
45604
80825
18080
80658
46246
8036
8136
39671
56211
44709
22348
40542
57192
60874
82482
41614
85051
72695
40300
5764
54275
60094
76253
82434
10020
72812
19105
57607
84127
71221
45168
6132
34383
38389
45369
49183
8385
45161
56164
39367
30882
57957
72903
40365
16604
80346
17311
18991
68812
66456
71155
19435
3911
86511
15517
32247
59853
82500
13823
51728
84612
57820
63252
19897
1387
16184
58509
4065
75127
61471
18501
9223
47030
71971
4386
86760
80877
71533
41358
88114
40662
78497
26727
27865
87649
40528
84051
50253
13354
60994
58670
49416
72266
63042
25170
35898
40478
58697
83569
36388
61481
861
46585
30819
47658
13356
2678
74013
13105
83212
86728
50076
45433
11784
44468
21084
1738
78347
53520
87275
77550
84324
57878
58147
48500
64009
41635
88378
23970
34334
28642
51467
70300
59826
41817
17939
42926
60981
77630
33850
15688
87579
38577
8271
32370
23847
82590
47245
43316
71503
28691
58547
16041
76862
18342
35068
45796
49465
53818
79054
73040
75246
80033
45390
72611
54194
56153
55279
62995
48548
50298
11371
85909
19967
72012
1837
5353
42784
43961
14496
43099
17477
833
55835
29622
63984
85367
83248
16644
67103
64919
70958
24802
64077
57296
49792
17660
55367
13074
45848
69101
55943
55727
66839
29395
60751
5928
44252
79323
3528
85837
66890
84579
33366
41317
3145
19791
86150
82988
77410
7886
70193
61086
7399
2973
40644
79670
44467
52704
17261
27535
31076
80215
30405
35056
24459
55087
66463
83378
58582
31353
68168
15806
35205
43075
71187
46840
64423
69086
15529
9184
84776
75566
71335
47398
75039
9153
40524
25027
71426
20204
58885
3736
77166
13420
30347
29476
23149
54466
26530
55037
3411
6633
22372
85319
18502
66652
3649
46320
10128
24375
45710
31567
2090
30408
40230
1862
23325
88039
12528
1110
81063
7128
33937
67600
43925
80865
55390
69979
22165
5711
39021
43874
40271
7244
49362
41540
35204
67799
86606
14236
74312
48143
66616
76751
62631
33757
42257
79414
75111
8879
76317
82390
79517
54406
36281
85526
81963
75819
16755
20688
31330
12472
34598
40235
74000
64506
66011
85047
83996
23001
51198
51963
43698
4464
60186
18884
38171
44379
39824
37888
85417
63786
4348
67178
24016
72967
8369
21852
36137
56775
80911
56595
49181
59103
15690
5360
20926
18581
69509
16219
62035
72078
75350
83759
84544
61544
81594
24131
58077
27674
29945
64219
81751
40705
41933
45545
64821
2300
41351
66079
69306
22605
1029
8069
17293
5378
83710
42063
84724
85971
25984
31496
72671
14269
45328
20416
48204
51833
9225
34742
29558
47015
35163
27198
2656
11027
61262
45649
2597
88188
57882
63535
8094
52663
55555
26125
35567
78437
40297
2196
27682
15163
43255
57582
13401
86872
3098
12385
65512
2248
79976
2954
50279
6711
56378
20787
31893
6423
25227
39227
32274
10341
70707
75527
3082
24471
28350
84376
87571
35094
22295
24112
5351
5803
16988
30053
53084
14160
33882
87342
27611
21673
81977
34643
60902
54163
56291
24822
21135
27719
27862
49030
32627
10022
70609
52269
72655
40680
39756
69358
35568
86328
25376
35755
81295
51387
71974
66150
56662
81078
68335
53535
48577
16808
26420
45409
48838
2822
1555
40891
73678
87729
77636
7478
14336
75932
74007
29244
53203
42340
25505
7453
9793
55143
18256
69510
76831
68855
74759
31111
50105
36448
48557
21742
38567
62317
6159
24888
19374
18172
2985
87918
71745
69481
83952
79524
35367
71885
24045
49314
42170
87307
56681
39697
28156
11641
34558
87524
41131
36915
77485
57642
58827
29383
15148
710
72294
67058
60058
62329
65556
61878
5547
2685
26815
70257
7313
62023
34958
88440
5170
77260
4947
23826
78564
5003
50952
51434
75541
51824
24935
82411
14982
74450
17866
31739
74271
31479
84323
53364
86784
51473
57637
87033
60873
72152
67340
44330
41238
989
22817
24537
1414
47451
10744
76611
975
33666
82839
18459
46539
37401
85234
83149
22758
75448
77653
21886
39585
54781
31441
47200
57499
10903
11596
85695
23311
46231
32915
13809
83073
74393
49669
56925
53978
49966
38444
42527
7725
51635
49231
77660
75258
65193
27266
76231
49513
30592
52035
12730
75727
21019
347
5756
21905
23999
19279
50496
38089
52116
87788
58798
67899
35117
26180
52454
61248
18461
32026
69589
10811
84026
37349
38942
43853
78349
60643
30461
59061
59718
73026
56714
50243
22938
24958
39501
41374
58485
26598
69611
