40043
1097
27892
23539
42726
48469
39376
14244
8205
2983
51336
59966
41304
9714
64226
59573
39250
42972
36154
7093
25101
25833
52927
14870
31235
81
61605
52122
15815
54489
3656
4728
57496
66602
32225
88
5111
22832
824
54257
52025
5475
18118
3436
5137
15532
45443
54143
32933
19266
10883
17949
65799
19243
39886
46353
39151
10702
49340
57971
38617
65480
20234
19403
30064
18449
46121
16467
42870
69907
12117
25819
27701
33008
63303
38317
42627
40533
59342
14690
670
1836
17702
23238
59173
12082
12862
26865
20929
15778
6980
6843
1338
22529
11517
56166
22137
51390
57761
35025
9496
4176
3688
56620
31183
57801
12618
485
14176
28461
56963
22547
50513
8729
68379
696
25745
59847
51513
59233
14409
26939
35796
30155
57973
42724
53185
4377
26954
41088
63649
12954
58689
61350
42769
48968
52191
12
34541
34872
32655
29537
30941
72069
51181
10005
59196
20904
14740
7737
43221
64116
64407
61565
20660
51478
29280
23942
15459
65082
43992
16147
18227
53770
48451
7950
17859
3050
66819
54088
38387
37301
28778
58550
45378
58668
4613
66587
54914
44940
3027
57894
24029
48175
12886
24803
20815
6065
71344
27321
67528
3245
32574
46111
16766
55596
8203
39758
68537
10228
69228
23776
44891
20330
7597
117
34024
24141
27899
46851
16284
9145
52880
24384
66118
63059
42626
27362
51060
42842
69025
40581
37105
3074
33315
12256
31478
10346
34411
66560
49436
37519
43918
30901
60628
10039
46913
12979
48087
29869
5626
14328
23709
13552
44720
45296
52946
1059
44009
3128
54145
20543
64431
58049
61318
45643
69341
18368
18537
29271
1374
6336
59878
54828
70673
8594
5411
40456
3046
10648
18712
35047
4330
41534
28730
56786
70311
27951
53744
8521
11688
49410
49347
3258
31555
59181
48610
22402
66955
50109
50437
32105
52522
3424
25259
19382
11395
34142
1060
45540
38940
44410
39513
56716
33653
60815
42568
32290
41092
25132
36702
22242
6447
1996
48479
45519
51546
30929
35063
24584
71703
53488
36101
38405
34103
26517
70924
53137
8011
58447
2388
31111
52579
6244
33749
59988
62406
28336
16993
14211
13490
71209
17282
39941
56196
37784
5860
162
41898
49029
30079
62983
61747
30429
36543
23568
14863
69367
54560
26349
30409
16006
40561
31278
49225
45386
44773
71278
41637
71763
36741
49582
7778
64030
30163
22946
66791
36544
33666
45067
51355
20591
10380
30289
10743
38652
21282
11145
28468
24834
65398
45837
87
16810
12324
54841
26054
7341
98
67853
43937
3348
35401
66035
59193
59686
7381
12223
31568
52402
25822
65101
27424
68839
40848
71437
9219
37412
28821
41425
24314
4655
48690
34195
46092
2602
4319
17968
45645
50961
11354
41312
28029
42973
49115
37397
42008
51808
13838
29338
45179
69754
44770
61698
48899
36501
29602
34230
43618
70874
54945
21194
44412
7236
54011
49298
10943
63717
23914
23964
31945
10213
3933
6451
1691
54891
10927
52327
43917
16652
61752
38494
18356
31917
15094
50119
14884
65234
1184
19137
31423
64243
24074
8968
7990
42554
15916
37931
25469
13924
5751
11665
57682
66447
2471
4042
19152
68854
10625
67235
42225
11264
3565
61476
44531
9003
840
34375
33029
62475
66887
31626
21907
61212
65084
9416
14844
26090
48503
10708
53952
43444
8138
33449
68538
19617
70275
55937
32896
29135
43914
61054
34450
16412
38120
26809
49438
31930
6576
17608
36681
52796
7510
69237
8818
20548
591
46775
36984
39159
20823
44637
915
17854
2521
34835
68748
25102
55516
38672
4265
30798
60069
27563
17991
21212
55355
67718
41179
8714
2306
9223
12254
1043
19996
45188
53689
24123
71928
65394
10257
58456
61533
61001
30933
28979
28552
55667
68737
55693
40580
46828
60934
36170
8946
23390
19293
41547
32478
38682
44363
10725
29246
67152
36873
20681
27407
7720
50557
13706
30611
71627
15110
55249
36087
24872
55389
21939
41036
60391
17528
61739
49396
41897
54245
69441
26397
15240
51246
69446
45879
23477
4611
16538
65278
18093
41931
54361
57488
29863
71753
51220
38006
48181
58139
1768
49065
42323
49959
57012
50517
12247
20459
12252
1289
31493
38363
32898
31725
15768
36167
26947
65885
61433
59896
65605
62075
32421
31309
44955
65723
16278
39989
8032
20856
37046
22133
65631
184
13749
19377
61060
4162
4846
56149
56029
28619
5298
39432
54657
49465
10362
26635
51271
7937
22658
6439
26158
17364
26376
40964
8286
45917
54287
52969
42657
66826
1511
18010
15358
20131
11098
66257
44741
64941
11089
19543
15831
21005
59611
42820
8298
60350
14200
10095
44019
40599
36434
50377
2874
44370
47175
58047
30989
30210
5524
34696
33903
49476
4241
22381
56880
18297
34655
44125
19423
30749
58010
61983
69091
48470
9907
18497
19595
29321
54417
44177
67116
41911
40068
69532
39875
13525
63201
37506
2925
24215
60794
27998
29048
31891
25277
27332
52269
52138
19766
71875
54860
5343
22425
43449
31403
43852
18172
55117
35599
22918
39193
2450
54661
47256
39902
49045
65814
13396
17442
45604
37638
64856
377
1226
32268
49387
8997
51289
30876
41133
8009
509
55478
40783
8545
2476
26044
32565
10985
57202
15564
39416
4732
37793
17837
44021
69144
66149
12456
43339
46233
9370
33588
17279
48267
62744
5049
60616
13723
61705
10273
64153
48208
70375
5544
61544
3208
51855
50218
20507
71988
19812
35037
15966
16884
49486
8344
54034
27192
56474
2157
13787
53113
6679
48512
11971
62600
50785
63595
6852
54894
6260
40863
11852
19900
67833
20378
3574
65538
67146
28918
22394
54061
46068
51414
9144
40914
43507
40961
62542
48772
48790
32527
63489
49858
26321
40217
37160
10143
58094
9653
37993
56444
36731
820
3251
14396
54423
43000
65953
71799
17753
69668
52487
3672
69805
23613
70808
43650
34021
44025
20877
41609
51946
60691
66239
59390
17634
28759
65665
51974
24690
18484
19376
50844
4965
48573
32289
798
39550
18491
10834
63321
35869
63632
14216
24565
39997
53705
38209
42846
27757
21861
27821
27214
39221
25678
62751
54163
57937
16934
50651
70972
41579
29389
5843
12359
38443
25430
30821
47178
659
57468
48667
62842
13225
50818
34381
58951
49315
37495
30508
18882
29898
59382
34837
29657
40084
60560
67172
25139
1577
54150
55269
44523
25766
10088
63924
37992
24350
12825
19679
16901
33218
20312
42936
29158
46414
53755
62973
17448
26024
6051
42793
33766
19383
33589
15239
47278
68741
7144
12797
43379
28898
48959
23505
304
46739
8111
69435
37259
46177
42128
18529
2299
25943
38257
64904
21611
10001
54687
50826
60372
38107
68171
908
53933
26554
52463
22340
21213
41868
42438
26352
23030
19924
59943
22569
30839
35560
28457
5885
69108
30796
3727
29131
40850
22342
1504
3181
55245
70850
36588
13414
23228
53235
2840
28550
70465
53015
69862
41012
16007
71131
33999
4897
59510
22526
33363
42436
20252
26030
56370
60724
30893
37957
9702
39848
57572
33626
944
69675
8264
20094
62770
44488
53252
30145
10291
66896
48311
43595
41393
47398
47716
20460
15347
50564
15311
69699
16212
70690
48498
66611
60254
36492
12808
22709
69733
65313
46078
5830
5439
26389
54393
27832
6245
5799
70995
62393
25001
22626
11535
70376
31652
45849
64902
34449
19760
66637
5838
42446
17261
24200
62766
53610
10627
15147
50661
19966
1716
43190
11197
54271
34229
27435
7956
32812
50567
59920
22385
20492
23446
40571
55600
71440
4384
33123
32073
29635
43381
62564
28769
15129
24669
3488
12539
42696
157
6404
6686
34297
6929
24628
27329
2433
5359
3354
27006
38545
43150
61971
51281
31315
24537
52526
57512
52638
4515
58158
51376
56850
58147
68935
62105
51500
48425
29711
486
38234
63554
53286
9139
19623
20798
54481
17262
2637
51504
68180
5473
24472
64565
39805
66392
53427
21132
34648
22154
63588
34654
8424
60263
54759
48848
20423
56502
20841
58741
33753
5621
17880
44248
44498
46126
17972
57542
26775
54551
18554
3902
69893
16470
52331
57208
3017
29156
17236
39788
14303
54548
28176
50274
5103
51674
63992
54170
3845
21305
45110
30476
25401
28547
67502
59203
18230
44416
13541
37475
28509
9409
25355
16437
13412
48305
923
7743
49697
39343
24032
2670
14689
4934
6834
49912
19982
667
57147
17517
72166
18477
44109
7712
9979
31711
38922
29242
11762
36483
32307
39785
62445
24514
39903
62622
12012
16172
47472
23619
13348
54228
16567
5840
11007
6997
12369
14564
52815
37730
66279
48929
16950
36090
63044
66776
36676
63284
31356
70197
34706
64582
33317
7784
58323
6633
15704
20167
35552
10089
65133
41926
57373
63599
51668
32497
68956
72151
5736
21217
59246
17940
66639
65618
56876
40862
43674
65220
4189
963
41818
7234
3814
45899
7999
35232
24761
27624
27094
39100
60449
62934
3454
21590
40812
69908
38010
42246
60096
14294
26225
5614
5286
10230
59401
9457
2938
2272
53554
38321
50432
13678
59777
7840
2371
56095
34032
43495
43304
45889
35929
5636
21306
28061
69018
38571
46167
38343
7869
11591
58982
4939
53225
57946
66496
59320
36040
60766
16937
33151
6391
10512
52389
59568
39865
23784
16531
44400
54755
31011
7976
58055
32995
14840
11962
53481
60548
34228
30280
70932
21407
17713
12350
60950
6498
31499
61502
67951
11081
31124
69363
6762
39889
1281
13067
41311
56526
3052
5862
52252
25309
34955
15262
24875
26073
44487
10887
60108
42293
57657
42538
27005
16923
58971
17699
29927
16707
24401
25151
11321
54004
3934
36922
35072
13127
67310
3248
70448
52151
9954
13990
61745
39636
25004
14531
50272
57151
55865
40843
36781
65552
58407
53638
41281
24798
53110
42160
20593
68404
30293
27664
39076
69081
65349
63416
30274
38295
49460
58549
47326
53769
34582
29815
26413
42624
15086
1371
41954
33501
427
5013
64840
57077
26423
47414
50417
64889
5048
71155
64242
59989
28293
9888
46792
9680
52452
16799
11390
13086
12442
45210
44316
27729
50268
3096
16302
40817
47011
28054
883
19906
13799
42647
12267
31076
31979
27309
51942
777
65944
43342
40298
26854
29012
17216
49343
69478
52098
64240
55401
9365
41532
18644
14371
15618
69761
47413
38136
43642
31569
37087
16608
60556
15162
55974
7617
25539
71862
55943
3835
50602
48260
30012
14064
25859
16859
71845
61710
51786
15395
37736
14357
47603
40856
57620
1699
61571
19501
29633
43240
9142
6512
42853
10811
41536
54973
49240
815
43445
18330
55507
70629
41430
11000
17413
43822
9312
12214
3772
38699
60879
20158
4763
31067
21693
36762
21951
53826
58750
34524
24828
70318
3121
7582
18536
70583
50247
46988
6305
35344
33425
57273
12031
40390
34637
54430
7587
21358
2377
49766
18618
58219
16370
37813
23107
12591
60266
39850
70986
3746
49219
34345
71568
65184
46263
70027
194
1267
46877
17523
19518
47808
21079
56737
22017
48053
35846
56655
46273
69013
52718
1410
29925
25219
68145
59639
39584
36070
6729
31141
64392
15881
19454
50336
17086
65236
10843
55185
8692
3366
38728
68897
42204
44540
26165
13813
61697
17124
6174
32774
38373
17811
12274
27139
21185
28032
26757
30848
59792
33940
54848
64379
45779
21926
23965
23288
1435
5805
22835
2603
50003
3779
31684
28722
20128
68832
53586
54900
12603
70903
10986
18458
56894
53203
65941
9262
32169
24073
26622
11438
34855
38048
1561
60700
7252
53838
14758
65332
67703
41625
62241
65311
51998
15649
4009
22601
56274
59165
70691
257
52345
32061
67629
47827
46895
5616
30001
29007
32120
61209
54401
20663
67052
54139
55942
39365
7448
61968
32715
8641
57740
32602
42733
7229
49854
30433
41086
43675
28091
60870
15101
6977
16124
12235
33210
49522
53220
7057
25217
57444
48293
49117
20215
252
766
45662
48707
54349
11439
55079
41489
39667
52728
40808
5350
38299
40409
66058
61976
36833
12891
10319
28578
9618
58458
4301
7181
43771
7367
10676
14501
35434
6883
47883
3601
53789
16286
42369
22326
31320
47748
3177
34416
64212
21059
4730
47254
32205
12760
5196
43497
32279
19131
560
20164
14867
54399
20746
25876
67380
20964
43153
27579
40241
10713
25801
30646
26924
8238
69562
33780
17656
47416
10942
13161
20441
7455
2906
207
26269
2391
65545
35118
69845
68779
58980
44017
64391
12246
59528
43372
44232
3507
71295
54347
7477
33071
58330
17505
54289
16943
47588
20380
45247
54253
60606
71789
48708
57490
52457
12840
33683
61251
58164
17504
30827
57453
23695
42304
25122
17982
24189
18011
7540
26746
39397
45264
56585
31723
6419
39058
46143
64788
152
16656
29189
53391
31940
42540
46977
10858
65789
39988
32414
41907
62147
61230
12558
67455
26239
34412
13783
16557
5416
44931
50027
15640
26788
47961
62745
35874
28319
3382
45013
61031
24777
18567
52943
61281
56807
13760
21963
27666
8270
57350
39228
54899
9321
31299
40503
51931
44318
63781
70742
23625
69744
41030
1369
66163
10222
2245
17865
46532
10382
30690
59624
55619
52695
29803
6856
4460
1468
69685
8503
16411
72067
67186
31563
71150
66415
53664
31793
17558
38218
10655
8342
21903
62074
51856
70169
70793
24751
20461
26218
39306
69930
53685
31091
64984
17349
14946
34942
35346
51302
14261
46645
33634
43625
63909
24392
22135
28223
9886
40259
45472
47583
62530
55421
47894
57241
54874
12026
58901
34577
45290
68591
19542
26521
8021
62633
62785
42407
32064
5519
42573
16469
22914
42676
59176
46817
22578
58122
10966
64702
4184
10169
8418
5928
67555
17543
7866
8678
49445
67781
65402
8246
18209
11864
32208
46359
15550
6446
33551
37329
2231
62091
32443
3724
8755
11849
68234
61756
29849
536
36023
51992
50794
20570
46581
63793
40319
15483
48598
57317
60512
11406
34866
65553
47521
37670
29462
27524
64467
58850
38892
16375
60202
10280
40860
18847
60030
50978
34086
40185
58500
48343
63748
17382
12996
42522
44768
7908
22123
40798
39925
62481
10954
28938
50306
2635
39184
33381
63403
59495
34533
14224
56556
47982
38507
45922
24347
30041
30944
68342
22254
16661
64787
15926
68187
10885
66339
30061
48152
14852
21502
31113
9944
33186
51840
46861
5968
41504
39958
45382
9288
26092
8721
48346
14243
27002
65508
59848
29057
22070
25780
28779
32542
16076
15928
54044
23363
3364
24701
40239
30720
46875
50286
37893
20121
44631
53720
128
46935
1796
22490
58755
61975
36760
15754
59742
38144
25107
43508
18969
764
62244
12836
56935
39631
3498
51449
41633
62961
4106
45601
11052
39905
14184
49820
48509
49024
53721
17372
39012
27358
33155
6284
53581
54683
173
47880
10697
46868
25544
22117
32153
4589
60585
16747
53328
54249
2724
26504
51033
8384
46760
58078
53489
15782
41143
19329
26426
41307
47640
8970
29391
67094
53229
49050
63981
40665
68526
36474
18413
66721
71840
25890
18841
66632
53662
47954
64608
14338
64104
4551
57322
16143
65806
57218
52538
60602
67072
70458
72074
24338
19007
19989
40764
58510
66214
11420
19429
51715
65582
25002
12460
5872
19335
49692
6465
16733
15884
37655
38281
63352
18261
17788
11943
53561
45024
59151
33403
33147
37351
29685
69453
27826
36100
42648
3956
65797
30330
21900
30977
14766
21438
35120
2342
31606
6719
47797
34847
29734
50508
34288
61235
70859
43740
12707
59738
34770
19869
39655
48884
58262
14315
62197
51144
51017
38331
23052
5118
54746
29168
54200
5955
2546
47049
3273
60247
29642
16089
44550
49512
35863
54537
38457
31683
42419
15642
48954
59299
17917
58606
8681
71702
62774
56250
33874
6119
45252
56864
30380
13376
21601
43972
65242
8523
21534
55256
25574
34106
31112
52471
40841
64338
141
17749
26726
32856
59981
21336
19468
31778
26892
32232
23597
7091
52246
45688
48915
61676
31102
22130
35353
18255
35973
38966
10984
46740
64802
60570
18288
32929
34038
28744
41798
58354
33153
3499
67101
2887
70392
63404
30998
47856
55467
51940
27947
17164
55354
27287
6127
15695
56368
17732
58381
51966
14635
63806
49982
20048
59791
27992
26799
31314
18970
58676
18506
36109
3032
62954
69278
31889
58958
43277
7899
44492
49258
68558
36894
27984
14119
59464
52417
4250
37140
30795
54229
57291
37501
34099
26289
71613
46239
790
20403
71033
55091
53339
501
32505
49136
36118
15755
11935
42701
63857
48495
2962
8613
15572
18319
54970
51109
22140
23849
23203
26198
5861
47556
31888
54582
16750
5461
23802
46983
33362
30099
34282
46692
65897
25889
3705
10787
22444
69083
37920
57058
40865
13095
61345
42947
61665
59387
70166
35422
48100
67850
51139
3228
71755
35137
51121
59496
11361
68841
62011
68046
20249
5478
49428
45116
53904
34362
49866
1055
45666
69285
17138
19326
34500
17587
45254
46793
43847
45135
58268
12085
22227
40777
67130
18160
606
71581
66514
17460
1746
50669
12493
11394
20554
58635
33299
21748
41
15353
61386
70987
11384
62210
7170
24079
32750
48709
20598
1149
31205
3126
32984
29773
17010
7007
58077
64430
37404
28301
71013
33660
803
40191
48841
13071
13529
43166
29165
59344
56288
921
66106
22222
12344
38091
32244
64613
56510
59045
21019
48749
2567
36052
60098
19754
38506
55845
32089
11978
63922
56829
7901
56653
42064
30168
48447
22515
43724
45446
8218
59127
11444
14581
2114
63474
65519
21696
33081
47499
44496
14839
55457
19139
51779
50154
38508
28309
13520
4335
58402
46709
19060
54001
71856
36207
63116
13740
31441
49031
51030
2945
19320
32280
21662
25163
52740
64285
5691
68455
58071
487
63644
29310
51837
52970
50066
38851
44917
30809
70096
35992
45362
64539
11967
33615
12655
67429
54168
71535
42426
6802
37551
44041
25483
41782
47842
63620
25081
5415
71985
35057
4034
31698
13976
49378
34760
14726
57356
53143
41290
7312
31737
37973
57408
35694
28923
28663
66784
14121
26087
51608
47328
59064
18776
25537
11626
18393
11335
15302
20813
51294
25213
55754
44892
49292
38612
16713
44790
13782
43938
18153
25098
51670
9573
44967
21008
21641
26740
67514
26847
28432
24854
30557
27531
59675
10172
52958
17810
46254
27227
47529
10707
12392
320
5113
65172
36746
3413
13491
16383
11638
47198
37361
4778
59350
68137
35573
2991
6507
62571
11952
35857
45285
7624
747
9050
50030
64938
12094
60384
12405
1412
57235
22501
38618
42595
31618
51968
38615
24022
41518
42158
28768
34265
58042
55567
53772
64742
33880
61851
58585
30102
45371
7392
69176
66082
52117
26662
20537
782
27617
63698
63047
21798
68709
22726
47901
42921
28919
65667
63809
54169
23003
61033
22371
70209
60805
7953
15066
51858
11393
53857
39366
42382
58828
69706
31699
19147
36876
68760
57571
38355
25897
33455
60508
25447
51562
40137
18665
51559
38039
40508
50309
58067
36516
38942
25793
25752
55909
48356
20334
29529
67686
2795
34455
67489
3981
24666
3042
49624
4307
48349
34873
24869
70173
21095
23110
3963
13766
66341
27190
19842
45390
25949
56867
29860
40552
40509
17371
51969
57219
61918
3853
63200
49853
11770
33641
47731
39173
23063
7601
66076
50173
56150
37400
44146
57884
22843
55970
65471
70511
1942
63033
39602
57984
20608
7103
43323
12062
25450
55637
33842
25240
39591
28328
53254
20278
33090
27961
21065
55327
23068
69998
19888
2160
52148
30063
64113
38476
39162
8803
3051
49299
53518
26206
24103
27029
50860
61735
9661
39021
40682
48468
68594
30596
66450
32401
21741
31264
21424
24214
27126
39487
71140
34778
50136
19562
64259
22010
18464
15024
40004
29009
17341
62263
69248
61445
40845
32106
4333
7573
4616
57346
41217
31721
27233
68514
61420
46013
25964
37534
16310
28188
62008
39461
37512
32379
51365
66883
60198
28493
6215
22596
61437
37077
50137
27501
55056
22579
33814
35009
45640
16517
66346
2298
33248
21495
538
15154
5055
56108
63517
71218
17436
5371
43708
45940
1017
11288
61099
26886
58834
15784
12404
67569
27338
63456
44987
71745
28503
35997
52569
52340
24778
5850
19042
59509
40116
32790
21126
15125
69546
5348
20102
19558
34436
51318
14678
61871
474
55713
11972
61122
17860
71991
31448
21082
22815
59195
36135
8983
1862
68353
37808
49236
24216
34258
15163
63775
21160
28915
68479
33569
30980
2224
21678
21162
15455
7538
28703
38978
5995
368
23037
38716
17760
1465
44478
42311
37138
43760
18338
45632
40234
56415
53623
46482
5217
45615
20516
7162
22435
19342
67200
36569
39503
211
60887
69321
10521
63703
16508
52653
32952
11769
14468
20799
43639
63457
32293
15658
12667
12816
17566
67917
36031
38726
46221
26155
12727
27577
42462
5771
1920
14205
52753
23217
20223
24544
2019
49656
37538
60255
51235
14720
71591
27516
13326
41229
46974
19572
9839
54586
45569
67577
70872
48591
33458
10384
57807
33410
23878
57142
42880
46368
40901
21155
62272
44075
6494
53458
52154
58257
31386
42082
49345
24766
70301
59536
70428
22436
44013
42079
47375
32358
7436
25798
59770
64563
57359
37527
58350
55214
15705
50129
38102
38709
44471
61914
7410
58126
63225
44684
63610
67065
11643
65695
36849
17531
67199
3315
16815
31817
57702
62398
3259
14367
33045
21355
29031
37869
2876
22751
39129
32086
40143
57777
39579
39068
13824
68605
36567
57491
63918
16874
68298
31301
33213
61682
37246
60910
3218
30105
70320
54067
50842
34235
17092
39731
1520
42269
34364
48860
65647
7951
35626
42515
17321
46448
65353
47114
64434
69052
27320
56504
65122
33590
60270
17808
64100
4541
27153
64013
27903
6908
57871
38180
23844
64401
42086
38559
27317
55151
60640
41973
2119
16359
21125
31810
42231
42985
43538
29355
3798
9619
15958
18244
70053
30364
70960
52559
15408
47249
54092
15014
60932
31654
64340
42287
5934
23757
6438
24069
38256
48738
64570
25951
56917
23719
53258
67721
29258
71582
35859
2783
294
11198
1240
47362
47133
13649
4985
49689
67341
32986
14988
6162
55705
19394
23413
24648
2246
6440
39081
29934
34604
50112
58630
11428
56605
21371
23468
70423
58310
65331
20758
67693
35514
53284
41449
50841
28617
16819
36945
41120
15528
6118
45827
60646
30519
56181
577
1152
613
33531
33824
16264
42611
2324
39318
25171
70117
51373
32716
65542
65484
69928
9442
5935
24703
35937
69947
13929
34538
800
60286
69526
43728
10375
60659
57844
20748
38404
38715
29306
34605
53117
57160
44950
23993
23046
897
9255
41940
63950
54834
59235
51973
60928
19106
57524
43836
4633
47204
22335
43174
54207
28332
3679
64253
45082
65560
43263
32362
22683
12388
48022
33839
12488
63579
2394
6373
52228
29982
26228
18942
58176
47884
18475
20943
58141
9881
7128
9216
68266
62935
54597
64836
44941
59980
22908
34351
53424
32286
70940
13505
29411
71116
46136
6326
11317
26969
5248
18956
62925
21682
61603
15791
43860
22947
44640
23257
13718
35144
30718
65685
47951
52099
64387
69591
52904
57835
68166
27973
64317
37013
69010
38419
66557
50625
9332
2613
21826
46905
60982
59803
22470
59818
27220
12963
8170
40624
16097
26612
41737
25149
17251
62729
49381
45998
65017
58892
71879
54722
56282
25662
29762
69574
11185
51740
483
61407
50344
56158
61857
29887
63899
46546
33537
16140
48963
15783
9666
42581
67804
44051
36790
6833
58064
57914
64553
52260
64793
45739
68872
33201
63067
59231
16183
34892
41491
45395
25596
11091
1195
19941
29765
71448
13014
34373
67981
56727
29233
63764
58362
33384
40228
51368
20015
60672
40492
43764
51247
11573
45501
64200
45422
5221
1788
61989
70900
35279
58478
29965
13500
49775
1503
30942
40094
6048
48437
8527
28775
67056
50690
42542
57981
14231
52473
62313
2444
41301
37295
8142
22540
51601
30059
19053
40663
62439
35813
28499
44922
48529
68461
42658
28229
58963
22685
57011
47374
37370
12992
68843
1878
60580
61029
12320
16242
57754
70098
13100
48704
42478
48701
51151
6299
54778
1804
10740
47087
53146
34884
42188
11859
26303
7105
63810
13915
39179
47672
8869
28478
29894
11901
2152
56919
41384
48629
23417
29070
57158
46666
5262
36208
22575
10695
70750
2419
56950
39734
49920
34727
61171
66017
63444
60440
20178
26763
34166
3996
32526
11038
47814
37006
36257
55353
8978
13829
65388
50613
22472
5914
37089
19017
56890
62620
36290
26374
34553
35497
38212
19705
66060
10694
41623
25265
32450
12793
5925
45081
53291
46768
2625
55148
4586
29747
35011
33448
46647
13246
68722
4971
17081
42043
49099
46531
10181
9634
47557
14916
3598
31890
34356
58271
63688
12225
55222
22801
15151
69230
54351
14702
61419
20968
20141
69715
43185
69640
46582
62424
44150
38327
47092
27428
26718
5831
34101
43422
13575
31247
29033
6279
34414
43317
11639
4824
59640
15978
24148
35648
8162
13960
54441
7652
69751
11314
17159
35095
25290
27907
52566
18270
51341
59355
3104
27159
66604
14652
8022
51118
53067
6159
5086
15301
23335
47510
49037
30672
69993
56948
4901
17454
3024
2300
29023
28833
40543
64444
20481
61776
31437
60128
34488
50939
42662
15096
68769
30634
32583
25073
66430
38466
29676
33192
7733
54240
17533
39047
8140
43369
35473
38831
50360
6803
19594
32350
18890
52247
17300
71933
72024
6294
5387
56347
49632
45253
34659
8733
31368
60872
67266
14401
48752
33582
60873
35217
66538
52399
67347
50220
58072
59380
48657
48060
1531
41233
33762
32023
48001
17847
38906
25689
42200
880
16991
56111
40199
58030
56936
20830
15123
37755
8715
57327
42873
7487
68645
33445
64039
33430
24035
10688
69477
53112
13952
24596
22089
30688
58144
61267
44205
39036
39856
48999
35580
62219
31788
14381
27206
22720
66692
63782
52689
38094
61624
25694
56218
21510
23631
71929
40288
46637
50472
56220
7095
39793
29743
8260
26130
49519
41454
41037
12364
51059
16568
11794
56214
65031
6338
25769
68058
63965
63621
461
4481
53038
42628
21402
54500
36547
39953
27946
50189
28011
32595
67157
14831
55703
51006
14427
57297
256
70415
46534
12231
3384
37415
7191
39614
8611
54791
36666
6005
40799
13451
62539
24205
50083
27674
70394
67396
13389
65189
69187
54075
57330
29757
69219
40460
66081
49154
62300
71647
41694
599
26424
30119
34129
405
69666
38825
70121
71519
51799
59074
56674
35331
7958
63323
23991
20276
12950
26437
36255
7934
55552
41254
65396
53754
780
51949
34479
60471
48953
36464
53
25850
63389
56600
59135
12127
12581
61755
23279
44049
12544
39346
14418
37079
53135
53243
16701
28966
3349
42067
33466
25809
52360
54032
67301
16561
21369
6383
39553
35996
42954
39527
40717
29137
1675
68927
5057
42095
23174
12417
19419
29295
4494
67435
68848
71462
23803
66475
23336
1957
9850
13753
45667
9120
38868
61595
32122
7088
23443
70240
71076
3080
45567
33166
50011
33740
69621
65201
27859
55584
54002
56195
62121
63437
18229
24213
16358
40689
49831
42321
26231
3043
52608
44878
54556
12653
47283
22014
52704
50492
28890
37136
30043
2027
22304
23142
18000
45504
26672
64706
32861
4139
40779
25344
66640
57479
21018
64975
71075
38050
20560
48893
20688
22368
53171
40534
60577
52691
8986
31042
14850
39515
30057
6752
25169
15204
53918
32555
47448
67827
69007
13240
12396
15216
61664
44099
11727
18800
8085
18614
63051
11908
21094
31529
21182
29164
41005
32676
75
50903
20626
46146
30348
65692
5886
10278
8698
55691
769
48611
64164
41603
54758
54527
44426
47573
15748
12578
5160
34049
7757
1575
8628
40494
68925
834
3229
43876
25592
71593
27365
44942
27979
19491
28614
47629
37601
42967
7509
26403
21071
40490
71909
51364
56639
64688
11104
3225
54080
22277
61757
20656
59267
30856
39568
41152
33277
43555
55431
14972
3376
45106
69390
21880
40289
25114
53153
45593
47801
8379
48255
37368
9484
4299
16514
66629
66973
33587
54174
43863
39085
35495
12427
58768
9401
44132
12497
17391
46303
30470
2617
36372
54130
35753
19205
71028
30301
44124
37204
7537
22252
48164
49132
39696
8647
36082
22939
63158
6493
48620
69920
44123
5122
23856
6924
3522
41057
44520
16778
31494
49931
58322
64871
20576
39153
62984
61160
4970
10980
61737
25160
54837
14572
40698
21092
44510
48826
71919
25409
16545
45124
69376
18478
53164
68606
51597
21763
17530
42111
37141
62603
52694
55886
56289
56931
14309
61256
15266
4046
65742
42022
21642
64868
61701
26267
63145
11356
59576
37703
24493
69799
17242
63166
67040
50103
66142
59460
38799
3980
18381
48391
57546
13542
53157
15449
50380
59360
20456
26836
860
55244
68852
64145
36699
60742
34209
7036
60919
22225
14693
13484
267
43983
28746
54974
2645
39137
42666
57107
15289
70287
58357
54540
44924
41006
35725
43945
9326
6328
38702
20586
40441
6774
71397
70599
37801
7125
35119
5600
60853
36005
33156
29438
40982
16466
23013
50687
11590
28945
15726
48424
20465
28041
62748
35637
51866
37232
15597
50053
52623
58259
50253
71113
8096
2184
12069
39923
53779
24312
26377
51904
53314
10505
19385
31430
18979
14512
51893
40086
61641
44679
291
50684
52697
6648
44454
43950
22318
49903
69948
11502
36747
39883
32729
32128
24481
2821
55034
20379
70259
12646
33459
61244
17061
46150
27941
7109
9667
29866
30198
34415
58353
4776
33565
65085
32177
64414
65367
32327
58150
61638
19974
58149
37100
11455
35256
35609
51875
34520
56453
9721
43800
15776
31898
5497
13335
48936
35550
52212
39839
69426
6740
34983
34309
52678
20004
44559
1395
12530
14648
45602
25024
38377
1570
55047
255
4014
5218
13878
30963
30128
14307
70648
68290
41879
52896
11101
34353
68218
7467
48988
56860
48632
43463
33442
31479
57163
55123
28031
32512
15700
12851
46854
7393
58235
31511
19211
50819
57857
53107
68857
32206
42071
56488
47350
4580
14662
46634
24639
8570
19253
56967
36967
7203
13861
38996
31181
33434
1010
59995
51161
60528
57955
42511
26823
2566
8109
15681
65756
64424
46812
70402
37833
36847
26388
33757
9766
29608
26610
34499
16422
53712
6923
5973
5184
33787
70931
37273
24680
24060
67930
31497
15396
13423
2978
53022
8716
65107
65649
69180
39642
50114
62968
68770
47918
65779
56943
7926
46746
32664
27157
63603
29050
70669
27115
67783
30267
54377
31741
44884
61140
11226
28661
52120
53501
38324
49906
23841
37330
53995
71406
57425
19189
1350
16669
13716
56932
30037
35752
8950
41252
46796
37182
11195
46438
39590
5671
12305
46826
1624
70151
58859
13734
10417
1762
6526
64821
27921
48076
28318
59449
66714
63014
63266
24300
34220
17489
62857
28590
70620
37256
13074
60405
3861
839
45454
27410
53859
30365
13937
20109
56383
69232
7400
43881
12924
6549
29264
10717
7849
45536
44262
32569
8052
32805
53444
13857
13705
19944
13730
50299
41678
23403
49603
39284
20562
49394
48505
18783
4540
4360
29616
21386
907
5025
47743
884
45061
67414
44823
42963
65554
69882
69486
27464
55263
3974
6140
27348
11243
54116
44028
38787
64585
29175
2969
39762
45474
59921
2278
15377
23243
19727
50707
22546
34432
8406
37523
17362
56912
43679
5660
12602
32612
29201
58433
10720
54008
11055
28390
44233
65959
15730
39350
30338
39285
67991
42457
47509
87
51714
70053
55334
6647
35528
65901
63902
58043
55057
16537
34213
4286
52446
21632
12435
12131
13746
45278
43307
59934
39946
65666
18072
41852
57996
39443
59427
67557
29488
42070
41818
38250
4172
57953
40134
41559
55999
30896
38734
45843
15727
50365
55021
16604
26776
34224
55061
27907
51613
62635
61784
38704
7576
9951
53906
68112
1942
59073
28583
60259
55784
56130
31767
8360
3463
66213
639
41920
23158
44154
3038
22436
30315
3786
1650
64887
17466
35717
31016
8659
68431
28008
57170
15949
66201
67886
4333
45972
41768
11449
46736
33660
20926
70114
53042
45654
31643
27472
16520
55710
