40334
35895
56092
55023
38255
57412
71846
38774
65598
25780
23503
57130
11463
11938
59224
16535
25726
53909
33555
32518
76838
50233
9168
35784
15026
3703
20711
67133
79876
4529
2330
3198
47751
78874
38486
7037
37455
29356
73189
24884
36315
75855
33553
80870
28080
32815
66754
47938
61421
9323
1641
52917
75565
63330
43076
15601
52725
44731
33183
7591
49353
18089
21253
1454
73430
11899
9497
33966
39956
51697
59632
27456
24252
45772
79471
41277
71296
19097
12182
62803
4972
39994
57982
12932
10080
51685
10415
14142
29108
56756
70807
51650
62988
9112
8383
52163
28423
67789
48712
807
24801
59067
62638
20354
68958
10463
72901
27904
48004
78414
22356
54951
68579
75550
39069
67179
24664
41611
46628
16950
4366
63648
44946
61211
30450
36382
72534
19206
6349
49378
26531
70265
13761
33017
51553
21402
4446
37264
54404
34990
24997
76891
10964
75055
60658
79626
64420
79396
18751
7120
28269
67315
74476
1554
62379
60370
25389
49617
81856
7479
80394
71626
56597
47898
44447
57173
19195
47762
64031
59949
54813
80873
67060
41081
74481
45571
39082
12961
13889
38776
42028
10637
69283
52572
28258
30703
60820
52983
50164
14822
43
9485
30172
64236
77031
30720
19288
60163
7793
41392
72841
18836
6061
64421
43725
49785
4706
10998
55080
19427
38796
56583
69998
62727
15658
67100
44933
74679
76858
75534
54350
60693
3766
6203
54489
23441
73235
38514
58319
3634
30451
7106
77627
57994
50176
38360
26084
40342
19676
46157
63086
62296
51641
70868
58419
3062
46144
55436
13932
62235
38639
77659
21266
7471
18027
57270
47778
78603
8475
18065
9560
71586
19579
32932
29300
2251
49706
16523
7670
49036
58659
52069
44734
25222
15070
62636
1335
79280
70318
54006
55752
34388
65908
55280
16117
46611
60877
41672
53817
41978
57530
588
5570
41086
60005
51050
35463
66675
19325
2786
26271
79756
53935
809
26506
81464
48479
71307
44645
61110
58818
41054
40032
5973
76648
58354
31910
62027
33825
15770
16862
67950
47839
31054
20060
8827
17384
68914
15652
61762
18035
40937
1434
62593
29388
52182
75895
65317
61437
59815
32667
70329
16401
29640
64204
13373
75999
30367
60321
68306
5032
42348
61894
26984
7897
60700
52679
64330
78067
71681
44084
80510
44422
8212
1622
76578
74562
49134
40592
16032
53982
64785
80335
33265
80174
5056
51560
62602
74924
74036
16243
43972
64767
78861
31786
33351
28790
68894
3628
10433
53933
77758
14926
49099
71233
5190
1530
36535
52202
7768
46890
69963
37
38689
69492
38258
30818
56267
58220
8745
67983
22628
16235
61091
15800
48795
31615
8888
67852
71952
19526
2594
59811
39783
9545
59572
46072
69901
2791
29005
65581
74776
79612
15445
28200
76752
38614
78964
32162
70398
81598
81589
23542
3956
11610
36688
63997
14932
59097
66323
2282
62240
33819
19175
6067
65914
53350
891
12539
62026
28628
29953
2871
79248
70393
16435
73792
67507
74421
51415
25612
80869
56051
77407
43239
2968
54880
12521
80330
68539
7905
57472
73839
1161
74652
63510
18304
9077
60852
45605
74802
26784
7013
3362
74834
13260
14554
21823
11501
40571
61305
62124
69975
4124
53823
16776
47758
37355
71560
18238
65860
79372
4352
79617
80839
45292
50073
52638
31674
10672
46752
12461
7993
27344
27743
22120
3177
49664
60230
79036
9360
8579
71900
19505
78546
18736
3241
10755
54962
52029
77793
63243
1857
7435
16271
549
51086
33844
36092
77434
51209
40972
57779
75219
51411
77037
20881
40693
1398
9099
5007
56242
56363
16509
44190
41592
18837
9195
61196
802
21486
40066
65547
71747
17508
72486
29985
39193
14149
73256
66377
64856
53799
14851
76570
43101
53027
244
81171
76119
2646
32483
74632
63722
59295
1497
16025
30853
42055
17050
30275
34058
50795
4762
71109
30565
6972
53732
65532
34946
64464
24451
1461
46797
20723
32618
50921
42337
35460
19239
51136
73244
79676
37168
71117
67911
1739
36300
17150
51662
77645
67753
66496
69475
67221
38673
81508
32908
52608
26180
46731
77945
45113
70249
49468
4670
4186
62126
58310
8506
54246
69197
54324
44483
13364
69069
4263
12432
47804
44988
48628
48847
41689
2279
60539
66169
35488
30333
78973
25109
30507
23375
31606
49079
11029
4042
79644
76121
6556
10202
13452
29054
20481
61879
34085
52189
15402
64577
4886
6845
38669
20083
17003
29925
14944
79281
15023
25560
33765
15952
63511
68839
7208
47668
47474
49909
67564
39663
64348
74116
24376
77454
35824
69698
72254
44606
81189
62319
76211
57467
49293
19853
44206
4945
54323
59769
32165
56522
53573
65768
10206
35156
48049
54787
27905
21533
13383
70975
9763
41927
13746
8409
53180
43527
1132
25871
79179
4162
49663
13858
8258
26587
80166
7466
62356
16522
78351
63238
32415
11671
17426
36892
49163
6837
47806
9895
27372
76472
20010
32911
62002
10776
8122
6356
25676
28371
16495
17097
44101
694
60201
53123
54816
60211
56025
42413
46141
10952
11730
64408
46689
60495
5447
73347
31260
13337
12628
42194
23175
36192
60889
47417
31003
33288
16442
43328
27000
32340
20972
31750
63070
72052
57801
32573
32595
41381
36910
35183
21378
73447
23534
68104
81180
23362
4621
42029
70023
71276
17298
53614
10180
26993
33460
35484
64919
36170
32157
9634
29291
53765
19150
22673
10991
35085
17758
74402
69090
46131
21437
42875
78032
47542
17141
6780
27965
58222
14510
59766
54306
31247
4596
68649
71141
64340
864
64378
51169
9367
65100
4028
57729
9437
36778
42515
46777
12029
50157
74662
36313
61316
26953
78480
53775
12909
46651
37198
80034
3581
25312
1399
42651
105
25061
11829
56675
65148
71228
3427
58311
66732
44519
6059
26914
22414
67146
64902
21579
34676
42879
80765
71880
10976
23037
50095
21352
1014
62320
81560
79345
13209
46841
67011
71162
46034
43937
31698
71499
76023
42339
47313
57575
66865
57271
34964
1343
45541
18937
60516
81653
9680
43540
37179
39777
72240
62364
45245
25765
476
31111
64622
23709
41432
840
57639
74187
13963
31885
12491
11284
68510
58384
51425
28214
31036
24084
30362
18700
19916
65467
21709
9996
4363
26275
38603
806
40635
47571
68171
2194
38017
38683
33375
2720
59406
17165
70565
52190
1608
75128
9783
54230
54686
28428
62245
47293
8846
15732
55744
79131
58565
20904
7944
46427
40354
37357
56391
44760
22289
12087
9803
37403
2725
16935
1200
73587
35171
24621
77165
69204
77571
35623
2132
77991
1249
8693
58721
62710
10809
7490
49325
5504
61249
38326
81103
9456
72577
57634
7810
1892
57652
61003
76199
66306
6783
16790
13852
12153
50701
62361
56350
13548
3276
21441
5865
77432
12682
74288
1345
41204
55573
55893
2754
76231
10800
13249
68149
50761
81815
26848
46805
69719
37726
4791
4223
55419
30075
77130
12231
66708
56360
14241
48206
43458
25306
61227
75486
48338
53782
60021
31029
71090
52455
29118
13621
31327
56818
24788
68761
4023
48868
49471
67266
41214
72622
25625
2073
5795
39327
66367
71517
69429
25451
72280
45135
72965
67322
5799
69607
610
2189
66584
76846
61405
67734
42424
65323
19312
2552
75563
26366
5083
68563
50203
54517
46196
65535
44369
75468
2748
79320
9100
10657
25965
72646
62306
67084
81606
69849
71757
18841
64726
69542
81199
22876
53731
81089
18823
81797
19668
61342
65611
62746
71679
31697
47239
23890
59822
16455
59643
24137
47570
68892
56237
11548
10900
47673
7742
62134
47654
61375
23558
43863
34637
14838
49055
70874
51565
7807
10973
75574
2044
76178
8021
9369
51518
13140
13334
7247
6639
41385
65149
77516
32637
46479
2477
63464
8091
16855
47032
17459
63870
5954
58511
33472
42329
57223
40028
57910
57404
46612
66156
12828
32277
4302
78949
25134
64060
45084
43014
248
19727
75816
47787
10332
4676
6370
44535
44205
68889
35776
74329
21379
26592
19061
32601
38883
62840
21019
4975
44014
20903
61402
47752
49669
41596
79693
46467
33618
20393
70537
61616
34804
5351
31825
23782
81209
73375
64821
48746
10081
11834
5965
27334
71305
54424
60251
926
54352
18494
50360
3819
46889
80418
42622
12898
74349
2907
39096
3199
3665
15246
48934
47875
78218
35339
48036
62716
34738
48891
51103
27917
7023
56598
56149
19542
3659
26276
40669
17954
19142
54959
45559
64611
65186
15255
35272
49324
79080
68201
6494
45011
80463
35363
25330
63695
32579
65299
44641
6383
41960
53379
25838
25998
27777
38011
64283
10149
48290
41767
21023
58801
75772
15101
66326
58020
58776
80319
72946
71558
66374
44146
55361
7918
6775
57713
23495
31328
8844
81276
984
53873
32038
75780
22737
57458
56008
81092
60185
76132
3160
4390
1780
14014
51070
23656
48408
34980
33396
13431
50395
50558
35523
2188
28375
68332
37082
7700
30693
77042
81843
34661
39952
24406
41639
2115
44649
67503
60203
25012
75530
12983
33948
33635
30633
51143
8088
34265
30896
44017
426
52780
41320
79094
25798
31085
66417
37681
5961
28268
12299
7957
63279
36121
24917
41594
56410
69344
48066
49018
48428
25077
60436
23401
65033
61992
22593
46077
26318
69201
34586
22217
50059
37829
65698
39317
56969
32478
65270
43601
40657
47437
14676
24633
17425
56936
9755
22293
26414
29533
76758
48488
36448
42582
69394
29975
56928
21725
17611
62871
55973
78780
19783
75503
78939
68846
6613
6044
22996
14715
30752
51126
13805
61563
77084
76430
64189
14667
16637
2737
40705
53482
47625
71985
117
34433
30279
52578
764
24305
45655
17448
29310
42014
17437
35863
3182
75400
16288
6297
80019
43050
68039
76466
13753
43938
25414
9538
61826
62655
76202
67202
29440
11807
70072
53668
5700
46252
60312
54933
37954
21980
19305
22106
19936
40428
28590
71972
55876
7128
13812
39945
26390
15715
29244
8288
68418
55911
67008
11783
58005
39443
65587
57633
58455
11089
66478
37565
16722
2665
1675
21502
62081
29369
70314
25855
32429
33668
41422
2153
31621
33335
80764
80429
42474
39805
25164
60350
49783
76292
16106
5234
12482
62705
73391
10893
36267
44878
71690
35577
73159
50307
15110
79299
19074
19194
24071
8307
40173
32864
5476
31468
46146
61791
34247
6331
57527
40890
8578
38023
2100
29968
41521
50756
75993
18778
30093
57866
1820
38551
2360
33224
21587
80946
53563
59290
21879
59956
53178
11278
64327
12905
41118
59252
45888
80630
66552
30173
38934
74873
65431
78497
40769
76727
560
24793
47213
28747
57452
18489
51046
23579
25024
14239
25869
71126
29083
73468
40069
68479
60560
70932
60457
24392
64166
44752
28306
73408
24769
29741
78344
1282
76544
63501
24846
47335
17926
46201
60893
72779
8096
60931
43457
37708
7828
40306
35411
8326
40518
13870
37691
24435
53988
40129
14765
23860
68671
81144
70456
18444
31189
18620
73603
14591
14928
53826
5310
68917
23409
28714
63968
54063
11459
7126
39151
49709
18554
7182
73941
39948
46069
20981
33338
39595
44805
64528
81340
45285
46432
15434
80195
25715
17439
65843
57280
73436
14899
50317
70054
79900
29914
10300
4809
34204
25663
30251
78896
21445
29847
3676
50011
75350
1690
14483
69596
34689
45823
35678
9149
44176
80508
54837
32949
76848
36474
37309
8973
57181
13729
58317
29636
68734
74729
23059
70862
33944
53881
79288
71794
31316
46038
48706
29236
58727
4277
73498
47872
27574
79519
47429
1221
11026
35771
18387
10417
22118
76299
81460
25339
22069
54902
66906
61138
3473
35692
35271
56255
78251
72589
9871
28105
23238
2382
31392
75481
20938
52443
33046
1866
16323
17381
50805
65865
47421
14643
32256
42805
25264
51522
64744
27517
57116
54454
80522
283
61243
22247
39911
79092
47913
69871
71332
1445
64634
4469
77847
76810
31738
29498
64133
19781
76175
12527
72808
17771
44610
35375
19769
47405
35758
48381
73371
6365
53341
13721
26267
19689
65552
1811
56155
29096
66241
60871
34045
63482
81118
77914
8011
38630
18542
8270
71088
50811
1979
26550
33696
43104
29897
36645
74499
76615
7400
29781
63803
22362
44537
57915
27183
57728
77272
44528
68788
17569
24096
36269
49705
26859
14264
50403
26403
77702
33790
4009
8501
52864
37044
19909
23513
749
76069
59355
3174
28169
9213
2143
14165
32680
24043
31809
45719
64935
47430
42517
80702
24563
3964
27913
42955
36101
25713
1698
25383
29433
28440
24672
80456
73760
46039
25717
53372
14855
62502
68402
13731
54994
18113
43273
57114
6989
71263
62773
10931
25930
60518
66219
53542
72902
81188
40983
76315
42127
11619
17915
64524
55093
30686
8700
45935
20169
37167
52883
69790
57127
75253
28958
81611
68157
48512
13312
12406
73338
3457
51744
68672
17241
27053
76949
15531
49157
80409
23187
44446
80074
29811
47038
70873
21631
46832
65685
42043
59447
78238
23783
27538
63056
7190
68254
63783
21286
6133
52769
4051
7350
57491
19327
29524
13950
37547
6184
36960
24379
62230
80271
17465
63335
17140
4420
32120
63687
13514
20908
44073
70275
28074
58164
44472
19697
42501
38191
36859
44166
77214
44549
8089
5646
10426
45985
13266
36543
58977
4952
79726
31084
9135
30789
34230
26939
14732
32673
60703
18506
75542
45434
68531
57417
65948
72522
2499
63749
627
8589
12368
35269
59695
64200
47490
15435
6318
946
36133
16465
49012
39738
29499
12532
63633
59908
985
30493
57741
18604
57010
14744
21952
29661
45614
54472
75141
72031
76952
29627
14237
30757
32825
74463
76411
14216
47866
10039
59828
34299
59487
43628
12002
55474
6125
53905
81777
32354
46076
33401
25469
22968
20675
41720
15013
12024
64983
0
65137
37338
42778
79306
41269
36622
107
22482
55155
26638
59006
1970
8005
74442
26100
35408
44031
68310
66841
27224
69826
51083
61245
74623
16407
16470
3579
45835
18633
44421
8942
39856
49772
37940
58340
46019
9768
61281
49102
147
19662
15626
8236
79834
56164
66256
11959
73093
43422
26209
66924
67161
4092
25273
24927
17672
26910
27095
53938
40785
52712
48445
15469
19359
47067
27099
40647
42168
25621
29343
14069
45311
47682
11160
10747
31062
6888
36816
30444
12517
34306
23628
27399
4959
2030
10788
54985
43864
79763
35571
54755
67353
24709
25634
26113
60317
74410
62860
45001
63312
33051
37218
48543
41491
70424
35522
41010
37019
10995
31664
47327
27876
48636
25420
57282
22484
72635
30492
64065
56486
21375
31442
35138
31989
23993
80269
67321
19811
37683
41479
12322
56217
43983
45939
54781
22437
78377
66200
62069
71977
68709
54182
60050
21715
9418
151
53293
55677
38350
3882
6206
74343
55688
22845
9991
57167
11925
36287
72292
49490
9692
3220
35938
74436
21186
54232
25364
24079
26136
55477
29974
62623
11267
15636
19890
77391
61819
75129
65514
35289
72908
45488
55148
40967
48143
64604
14571
79674
69410
77764
59819
3924
60793
37098
62218
65152
34748
20428
37458
42343
42894
28723
61036
2066
55499
29558
21197
79794
3115
68074
35328
63555
71057
48409
2601
10865
23270
9687
23694
59014
21484
45479
62474
23302
59779
14207
70412
72421
18600
71212
15984
74760
16915
61855
36526
6763
2041
35374
30060
54202
9113
34478
30128
21363
28089
62466
27619
64649
379
71258
68831
15457
49621
2675
49408
34208
17541
61414
60125
16140
19823
37085
9825
41542
64051
33990
6123
45395
65268
51080
32850
45097
3828
18039
53662
16348
31400
46001
30112
4234
74429
52889
66999
34367
58125
7652
23865
25203
4827
49107
28338
3036
77409
25144
75186
13828
38193
23438
20584
6649
30454
5850
70986
5918
20033
62507
18408
6405
33726
30996
59261
19591
67348
81091
70962
74283
81874
3211
80519
36029
73668
44943
14826
54263
31246
77197
62171
30790
57900
23976
68365
70799
54021
49946
68116
22387
39243
67010
74169
25350
51823
77801
19081
31537
33387
45564
55595
43663
21760
68320
37461
30139
27056
38089
59148
76213
25971
50364
37120
60514
26708
71052
30829
58052
39813
35302
49926
58604
55446
47823
27111
61019
23286
52289
77215
19795
622
55242
44621
57695
35094
57926
20073
76180
46907
78007
56536
49006
46018
65346
20131
51152
35638
74570
8165
22134
8034
10805
21598
16921
42217
39697
71009
38252
78781
3316
53970
63980
65988
45366
80911
9402
39119
77899
19920
27827
21573
76031
13552
72273
37010
46645
30073
10194
22964
174
6543
60736
9351
10815
56073
42551
55435
48136
47308
5837
15629
27764
7033
13733
484
4652
57332
6482
52065
42349
70935
80568
62040
81378
47119
38960
1114
69886
71441
20949
23714
80048
78968
4584
46751
19360
66110
54062
7526
69938
79328
26726
33471
20717
58831
52196
13238
41423
64113
32153
41211
1246
7385
24895
40887
35091
20121
40015
9312
27684
28304
76245
2480
1018
56365
25768
48997
6008
72165
54639
64485
8426
26160
40469
42469
49616
66255
24378
5859
11142
75714
45685
492
10346
54134
7038
28511
33081
75843
37871
6915
71941
59682
23807
10122
31439
13398
50924
68350
58883
73151
18069
24600
4081
1063
7622
34361
38204
16781
15057
71623
35876
7021
30037
68805
38300
1307
73047
69880
79342
69799
67897
1478
62392
21886
31034
10303
29860
47393
61991
37328
77333
36774
75095
26486
10288
45424
43096
69195
77610
12806
81684
29850
6360
16647
57155
10885
30008
16305
30030
45942
61905
47044
49766
19615
61721
63772
5896
70798
38678
81197
10367
36353
39026
65140
14962
58430
19109
7658
45182
22114
53870
55706
76317
22668
51317
75737
17025
201
47630
39645
20876
51938
6746
67767
3987
40344
48726
38721
81474
42632
361
22288
59722
66422
36583
75476
19866
18540
52177
12799
57324
81685
21097
28291
2000
60177
44283
2902
33313
23927
77984
28702
77506
65282
13406
74825
53051
8170
56183
10434
71129
18640
36585
66185
58199
58712
9757
61074
45716
10599
14124
4812
48187
13953
21088
59055
52921
64248
24052
71792
34994
26847
7055
52093
78985
21656
11294
49399
43414
12131
29357
18275
75635
45821
39273
49804
37062
58805
34174
4628
79182
591
58641
54791
1099
19493
34443
55047
8712
36945
13170
16885
2759
11272
53442
14799
27536
6534
31397
46339
37602
8790
51631
72346
4948
31604
34279
54342
68552
37095
67697
38464
78196
41100
41040
76887
34556
7668
62476
68567
5936
1309
31792
15962
73972
78474
449
50018
47930
1844
6861
8750
19617
43992
39217
10414
37034
68537
28147
46561
47734
17009
71641
46266
63671
9273
61498
74126
8116
16791
32479
46576
78436
36412
7375
35123
10326
6879
49172
29915
66011
1051
45727
61843
17260
27803
69423
10849
13602
23657
15564
448
9275
34420
67917
67542
57048
47299
60743
72480
68290
38951
3406
2517
70704
72225
51967
43769
41729
3171
50101
51271
37693
74234
34188
1072
46838
26286
16147
46965
43645
76899
61118
72231
36650
23228
46136
30144
3842
32963
68195
32449
54037
41261
74677
22089
45764
38420
32158
73697
48860
48121
64413
13704
36806
26239
37332
69131
10363
24864
60070
10274
59413
27089
30777
46896
30103
48228
57228
65642
2127
58296
34124
26313
53810
29468
27513
21722
39790
57740
76729
39056
51624
60479
30943
35916
52049
76609
12758
23760
71981
64747
30801
38096
24821
59597
51862
32994
51995
70599
53738
12798
38746
28071
58452
69885
73517
62338
53974
17064
29476
36008
52439
4001
8486
44079
18980
27578
59024
18157
27545
26964
78484
53972
59516
20337
52008
7187
75376
4464
27120
58385
24283
24433
5318
4362
15990
13940
12479
36841
53725
28229
64553
70184
342
2885
330
47658
52681
49726
10879
31637
22457
27202
18815
65540
19235
65965
38095
26819
47695
15973
79474
35929
5562
75848
5471
13827
7463
66640
6550
4266
35048
3640
74620
18060
66314
36629
16558
29607
24590
54847
46292
50630
33884
17805
46180
55937
78148
28096
47750
69524
2816
28312
14050
19454
46335
74915
53012
30167
43424
41698
40626
77062
33119
15002
41894
36087
66795
14725
69811
9161
58732
42478
36452
67383
75111
43698
40126
73401
79146
41618
64815
78815
34069
30523
45697
58788
34930
65387
76057
76748
23271
63919
79402
18786
4612
13402
46647
12092
47
55610
27501
75604
61508
2721
9959
35690
45597
61813
13037
5432
24381
55521
69111
65771
78385
1511
77014
46096
51333
71911
34819
37966
40863
64678
18612
59154
15888
29904
25848
24740
33834
50919
77844
27973
33638
31707
7044
75871
67644
73855
48940
8987
14209
38854
9320
60206
43246
51925
1806
3446
16964
29722
16794
3216
65557
13438
77299
55095
79724
55000
43908
81253
34932
56137
2967
43479
64578
52160
33704
12346
21581
68954
25580
3336
21880
74640
13740
66872
24598
43865
19114
13486
19435
19516
63700
77539
52571
27169
68960
71450
10251
14624
8981
52581
39407
35225
44019
81325
510
11241
46243
38045
42001
32129
50622
39337
63809
68477
10494
12884
42876
14731
53549
44110
40849
54120
50071
10787
67312
19935
27620
31646
34866
39341
71337
70955
31333
41146
48190
35079
48270
65806
25711
37507
1429
69805
26938
50602
7244
56935
30856
36291
71538
36994
25735
15903
52397
80848
61877
57253
69888
37594
8547
18702
17814
13191
55818
273
15700
5771
35179
35633
9782
36049
27767
79540
41862
68346
2829
17492
20927
4161
70898
25512
8393
45950
27147
36401
54187
31632
58099
48826
20831
68838
8580
48095
45406
29065
36164
24407
14458
39906
31202
17885
70830
67249
50272
52915
19123
66051
8620
62172
340
13901
28449
1062
58771
6702
39686
53378
71423
1405
7945
13993
15551
72632
3827
73656
49131
6114
10732
4694
51927
57222
8516
9091
17270
66487
17464
25898
5426
4394
64938
19825
52563
69583
10125
25121
1116
5587
18081
71066
67606
71013
3259
29670
24747
45202
12877
12193
18539
1387
70476
67518
29109
20645
33221
44024
71624
63863
4063
81577
11418
35948
67594
68495
34863
10051
76958
44859
27930
13445
64227
49417
79755
138
30068
16973
73942
21804
27868
29763
16263
51063
50929
12271
11855
32892
66439
35148
1336
75853
7476
37065
24100
36854
29323
31360
81615
19509
30120
1210
63645
21308
53580
2447
54019
55935
9153
51034
79282
68515
10584
48382
38623
64979
10479
44910
79730
40429
52914
54607
45140
41038
77476
65927
25178
28325
65556
60409
49022
55
176
32298
21395
76171
18548
76922
31618
7407
49310
18927
17310
22262
3059
14521
16127
4801
41846
80709
30463
16831
7029
7983
63624
14021
44931
46369
30619
44989
64037
79787
1815
57626
17086
81015
36348
25992
7621
16783
52230
75394
9891
3663
23131
58856
75931
80861
52115
63742
12020
6014
29549
81816
33134
25229
48640
55584
37688
23946
4047
51004
64097
28340
65300
47396
79136
81786
51343
79925
56578
18753
38567
62910
20245
42219
60033
73789
50947
5644
79821
49340
74286
44960
5843
33216
52233
30456
70634
56185
57726
15134
71045
728
75938
13643
77078
29301
75165
16502
53395
56965
12538
49091
5931
40442
58450
69172
74645
60277
1294
8286
69245
42017
41609
57541
33226
2388
12066
15208
38777
75023
31957
19481
74223
7031
26615
61266
20790
15876
41189
81639
42662
24022
50839
43499
44727
10072
45885
58607
39894
4041
14138
14887
35483
45315
45501
35816
54975
70370
41523
36958
36649
20636
11469
39033
42300
40291
67416
41141
58858
70554
80791
13314
49849
61111
49369
27929
32980
17215
74268
56226
72017
42981
20096
71649
7226
64840
40587
30363
28297
8561
56224
66810
258
66107
64291
46305
39691
68940
41715
74089
13206
52213
61799
6118
10142
67273
13298
29286
51401
25536
5637
29205
5733
20827
11587
57278
43813
61216
4980
32027
29254
26056
74477
24231
55649
14225
30556
66660
56318
26963
8642
52373
52814
57272
70126
66610
11260
54647
62538
75536
36350
56687
1827
46286
47321
8938
918
56814
43297
57210
10795
21857
15249
58045
23683
71259
26105
25004
77990
7402
4543
63769
70003
15631
41395
72788
56900
38016
32395
77324
76596
25434
68941
18621
8964
9401
59799
38431
78825
71349
15759
1828
26336
35132
34172
35978
65092
59505
63206
30475
32314
65769
4538
50070
33122
26595
56976
28264
37097
70445
42294
1206
55376
47423
22525
56474
55822
35128
52776
51909
2060
67798
73618
19404
13782
49285
7838
79473
20906
80131
15320
19331
63413
77988
34765
9565
25085
55996
24519
20964
49063
76270
15819
76737
39758
66993
63801
50780
6868
56313
28535
46880
9878
50911
78204
36687
43069
59967
78381
20221
1906
23894
73076
5193
40037
17382
37236
4203
77718
47718
24051
5593
76522
20014
6585
46828
40057
56952
7597
46009
22877
22692
58855
39352
37576
49421
66614
32196
18779
36034
57432
9353
13231
6963
42606
2950
9288
26450
34544
78165
10646
16164
337
33365
17462
25323
60759
36483
14570
43313
79330
59521
69572
11424
69840
59157
73809
57707
52625
9196
14991
32464
36491
50533
12315
36395
20937
60694
22981
19217
50765
6175
39305
28018
67505
61080
22513
47859
22566
51020
14575
78586
36061
69936
1314
27392
22888
57070
13016
7788
44986
75293
67682
73956
9143
7189
37130
57200
76159
40988
7401
32357
13698
25185
75447
74956
31564
14428
28233
6891
14793
37673
36010
59676
2113
78338
11549
53243
53422
6729
51491
65923
53139
43270
65144
18976
56876
31464
67113
18357
40938
13513
73292
34505
67906
29257
73550
2289
31006
34559
1404
20601
73893
41135
28639
21196
65660
73071
56849
51486
15294
40277
79253
51694
72850
25341
65959
15730
11906
64971
14559
13073
76931
18320
48358
28985
40514
78260
11693
75966
46162
40461
44847
4506
10392
73483
19373
38424
46637
30300
62813
52960
17435
10484
32075
35628
56809
51851
54448
63733
46221
17512
25426
1134
73736
73075
50621
65591
18389
45230
27780
75756
73360
37284
57077
32094
73560
20350
72146
63851
68653
25541
13061
17971
81151
26835
62977
61302
12613
42375
38107
26423
58992
64847
44547
47424
13918
52426
33498
13069
32535
33074
53320
30323
6499
14959
26190
40301
49796
3026
49910
37992
70756
49329
65369
19519
58677
4779
5846
34233
55026
48861
72393
297
18142
41959
44884
38159
6353
42224
49524
79445
40609
72536
23149
46819
52815
70396
38273
33468
33580
52148
49039
38477
31190
53367
76439
57883
1710
41022
56847
80397
29879
20600
57353
43153
59901
73554
74769
1113
48573
74964
35389
69879
79748
43081
57156
43236
47713
32465
29508
70158
19826
73843
49674
62947
70422
50830
33592
61740
33750
4605
23235
61254
22066
28322
25887
25539
1042
37017
70407
1851
37431
52514
40784
24194
30080
69770
9202
67004
80628
12920
33723
80811
39103
62505
6528
43107
40791
66220
40395
27603
56906
74688
50285
70124
4739
3079
10440
28467
2345
68518
77024
60440
20398
37049
67861
24409
59433
39065
631
32837
10236
1403
68358
34987
64218
39108
79520
41337
27654
52947
73886
53315
482
39229
47220
38272
42513
72631
20765
52999
30290
42708
47090
11880
164
72242
51587
11061
18594
59842
27872
5597
51882
39277
3652
5685
65967
21907
52641
56451
63306
41281
56727
39147
14596
27342
56539
4535
78776
7519
4338
62818
22731
11687
80888
48033
18764
25596
29150
41082
12950
1702
2
26019
19636
47281
45304
390
33585
10932
18902
32723
72607
12257
40090
17062
16384
43998
53217
79816
4253
65545
25787
25518
22750
19241
56295
7813
79008
17892
67773
78651
3837
60635
26694
40003
61048
15361
41687
43667
1162
30909
53384
13303
36837
54938
60339
29324
27074
29550
48979
31888
46795
12076
17613
73730
32378
47377
50461
28612
49974
23893
46006
16930
48683
80100
75556
34790
56054
74347
77830
38985
43664
74070
43811
52283
48481
32080
3814
21850
55108
44430
12387
78347
8407
65499
51717
50283
36235
59794
53212
16593
21067
25652
62423
28907
37113
22466
66986
49774
26912
56789
34926
48502
27969
46988
20770
61827
45982
75327
19471
54894
43443
48527
5059
42470
2196
5977
524
16388
64186
56834
77558
80059
67934
58733
14809
17532
81177
58978
67726
47447
69263
2176
55292
64895
21267
27873
18824
70587
42548
56895
19830
31706
22475
80219
30549
28645
23507
32715
64032
25337
11013
15943
74045
59872
55359
21720
72566
2542
38179
48750
66742
77671
52260
49719
22522
15117
53246
55383
60194
32331
23917
26473
24069
36230
77424
54869
58767
63608
34723
21307
19707
51677
229
10501
42543
6634
43315
50681
61446
5089
56832
23405
47741
26023
23809
50156
60175
6105
48514
15232
69636
79324
40485
56353
15583
33024
20379
15482
18398
14492
65128
80216
71539
11839
62504
59286
68463
2158
29451
14939
10181
56739
3474
29610
49447
60917
5834
19147
67037
14995
6099
70806
71630
17023
8678
32991
37586
36504
4294
63858
56223
35886
16564
40549
38647
22820
20860
81096
75229
30644
36911
11024
28249
60046
11885
46584
43138
45849
20000
13433
38893
5881
28259
49159
70888
70047
30415
6223
22697
46451
12454
19031
51125
20764
14292
52506
73136
10683
5687
12988
27942
74781
29697
51437
33228
28564
9922
22232
59932
35165
70847
34713
49152
64630
27100
18495
37436
65774
36685
22907
20380
54093
42174
60851
57548
78767
79940
75864
25163
81502
41481
23176
62722
41610
58610
36660
8354
75281
12308
43999
53878
15276
33473
7420
65883
55988
69544
26928
66365
6304
30090
60952
65975
75184
41807
46709
27443
15663
80106
16183
73602
57085
33257
21475
36140
76256
56999
57840
49859
33862
60951
17884
76930
16250
27630
8477
23222
32017
48483
15986
60536
30825
60828
72775
6924
50428
62523
872
8870
78845
3753
28426
37424
53634
75830
64188
78645
6261
3708
40009
15742
33263
12465
22848
23452
7748
24924
69487
34635
36639
64313
15210
20072
80274
20861
53581
49331
77420
10922
60279
29908
31011
41505
36307
75164
54465
71272
81183
31061
24391
72034
37862
64834
9654
22223
38167
27826
49595
48745
63564
1492
32375
71510
33284
43684
58165
57582
29215
48866
9137
28173
59829
72692
73928
67490
3493
30774
67363
55695
33071
38575
66182
35999
24200
15192
26689
2227
9869
62784
73236
55298
22683
52311
45710
77253
78736
2316
14767
19028
86
70919
74260
73977
39978
21439
5787
33251
21224
58952
28605
49738
36334
73601
64909
11086
46513
77592
8378
22714
27724
53967
61918
26093
72831
14495
31691
17822
734
1515
48084
56412
57171
28359
66518
9431
36515
17192
25650
75806
14716
27479
33117
19498
37656
16039
31829
78268
16600
29486
61089
26227
53968
18119
26522
32959
66938
77306
79655
21620
26211
35258
74605
40945
362
3163
5910
48
79559
75353
53619
41490
49797
79021
50400
62783
55683
34309
62678
36018
40468
28835
76164
30365
15100
39492
28389
5877
67588
19872
81237
5462
32058
4934
33741
59159
21774
48201
37442
1560
13563
8055
32122
18177
63096
65413
81046
75061
24093
56290
32741
25737
35890
51852
35357
66170
49466
24750
49335
14909
58589
81494
938
17231
54520
12931
81102
29178
73790
42914
43164
37202
47415
8229
9842
2813
32411
13831
48645
50700
1959
34796
71142
66973
59437
28917
13806
62999
23774
27550
68998
66688
72043
74813
16683
7028
45490
45782
37184
425
4526
36365
10959
70205
74229
72864
49687
2863
69264
23318
50831
65996
45817
47573
51860
3517
53773
7826
10704
3901
30978
25526
39875
78250
21636
58063
33036
13815
10166
32155
76872
51377
62788
57560
1243
49433
8711
53927
75599
61541
77691
52018
53601
60613
70728
37749
53159
69384
57621
14439
61856
51427
23578
35166
47546
59815
79417
57834
69962
75509
65318
17561
66715
56311
50060
63725
65208
75022
68471
22840
62648
42647
67646
6366
73050
67570
25966
18136
19250
34895
48215
29809
24986
79902
76423
68076
796
36926
20838
57705
10708
15536
55533
19131
80236
69728
11392
3094
50786
24968
26956
68279
1434
13110
66565
32044
65187
74234
20203
53524
21658
37676
37284
80615
11336
62486
8446
7543
78216
63904
72653
17396
12442
65934
54826
16464
8594
45993
