57766
69934
38523
24298
59959
77375
7146
77600
49675
51616
50104
13206
33879
66940
41988
26242
16548
77957
32529
57650
1005
63172
49998
9729
38969
15948
72757
18102
51169
69274
50966
9767
38947
56898
30761
58079
16201
73580
49663
74077
54243
21786
29588
25985
71856
33374
66234
55358
56778
3394
5911
47854
53650
33512
78546
53217
9684
43433
37891
57409
16248
18447
29426
7154
73355
60545
72403
14687
39514
21228
79405
48798
32791
61058
76047
15900
31612
45861
46592
5945
9369
71831
49846
50827
11283
17089
17971
29207
40084
49385
67459
44706
69003
67332
63234
8137
69466
76270
50911
26169
37515
74121
2946
74129
23916
41179
15889
46170
3447
10537
59952
30348
38421
12996
10659
71447
34462
67196
46142
30391
54374
26631
65247
26804
14612
55605
26321
22268
7971
72590
4490
13777
30965
15043
46271
77284
12744
25000
38482
58915
60507
16953
26007
44014
44720
52441
63405
50473
74775
39020
23521
34869
42906
66396
69834
47479
77903
38398
3291
26590
5223
66421
73123
69309
50099
367
16535
67910
54804
53940
28329
23694
43720
70928
15238
46585
72791
21339
3879
20827
18554
8228
22044
68524
40027
30330
39520
79196
64763
21193
12955
11060
10163
38767
47678
31095
16682
69552
27879
53770
19961
9480
4787
25340
65425
38
7165
33618
66442
13951
23856
74960
29971
16008
64606
3090
71922
56539
54447
38194
38815
15719
27313
6757
70035
15252
4901
61841
63788
64121
39535
63433
20238
75985
51077
15640
22118
75805
17920
2806
59645
50836
30452
29831
52815
5372
40029
38658
61648
26430
33569
54955
25562
43496
45042
47061
78806
63036
42798
41507
36329
51248
62547
15759
64584
15707
34276
50664
36127
57586
47415
66077
34311
19237
6970
46551
15766
35869
75418
53691
43900
53618
76310
15524
40713
54363
12991
17994
58622
19321
7126
19234
54549
22388
21192
56554
25250
31686
36706
31828
6610
21548
43165
16592
60379
3461
65254
36187
68367
15401
23013
57486
46002
72123
51433
43866
9051
9352
41532
31222
67148
72725
63269
42080
73499
25955
67014
50668
33546
31389
11252
10254
62004
51383
39646
64892
22666
27921
43514
772
21473
50552
29882
19466
16686
34696
38637
63110
9268
2308
2576
66772
22379
67750
61611
642
35696
6972
32458
18934
32448
34010
23637
13247
55588
5976
36354
21732
67587
2553
70875
6557
26973
8508
24780
19438
69698
7513
13556
6151
45142
21015
16144
6351
15036
64995
66551
21659
22766
45803
16454
15612
14505
33112
16556
72760
24887
3694
39947
41627
27088
29065
15911
27390
54847
36133
20556
15532
17861
3339
3030
63905
30582
36548
29396
34142
37334
28277
64420
49780
45322
68895
51925
27480
45795
38149
6165
6853
8462
22469
53571
17639
75320
36784
29307
76616
75779
76830
44239
76325
70280
79105
63609
26409
79421
61226
53034
559
36796
56351
57667
70512
23193
68350
27535
32982
37716
37201
32441
43305
57713
19192
78229
68730
56589
27262
31975
35426
70000
53754
23748
11699
8018
67089
23075
79632
23544
14966
6961
73861
514
11625
61961
29665
45903
2341
16406
908
46072
34632
5409
72881
48325
21826
17241
12966
28910
15186
77567
27814
31824
42820
19755
25969
60926
60169
58585
75601
52757
36535
74880
78831
75500
66457
74383
64640
15733
38748
736
35911
8745
59523
47616
1469
1212
22439
39432
69205
44777
79563
4497
7865
52057
45871
14538
54675
42254
63895
845
78311
20086
51460
72989
27560
56128
11347
66820
46318
47500
62079
54771
18492
45859
37142
66322
33499
36416
74711
42660
68534
63408
72164
5574
33990
7060
25799
28950
14650
42727
67718
32585
55260
26791
25816
74488
40407
35174
21293
20382
43156
13841
18728
39765
57747
21761
55712
16831
3259
645
57068
46608
37069
77205
5969
37915
17714
11246
55571
34175
39477
47025
42022
73598
15410
17622
11526
7857
23870
15968
31617
57974
26195
65659
13036
72463
36632
58602
9511
52240
66236
54655
53801
11226
45468
6023
43974
51465
50218
35527
36639
69781
73295
54608
51489
37164
66669
25273
45151
4085
24869
52928
73866
72084
61373
6725
981
58010
59097
77766
17437
73811
53735
36903
6010
16564
6703
30372
29931
59670
4496
45207
52685
52841
41711
46260
67465
62986
18357
32116
26361
21197
2411
38752
12761
8686
6967
23412
25993
28127
55921
74739
33240
5468
4050
50161
8863
21986
22234
68682
59295
36209
65593
22697
58829
67528
44144
6831
2209
441
34388
67467
16732
36773
23455
39928
31005
67491
61445
56548
76061
68347
64860
30475
24577
29844
67164
31075
33511
45626
4666
73792
38176
76665
77452
26034
17212
36047
17671
37203
34178
32061
54823
37067
11978
22441
17373
78989
21223
26261
33902
63072
43351
64029
14059
36252
60402
30263
41514
68754
39795
17624
29116
38967
2416
79512
50206
73369
41642
13530
7423
58753
51655
43878
47815
52442
34553
556
79013
1734
50562
61308
55332
8610
56950
74540
62913
27253
16424
18729
53142
59608
49658
51898
36103
42817
42519
19583
23085
44289
34360
45433
47982
28668
995
343
1659
38677
22444
30429
28936
11054
55480
73230
26347
63305
24232
11159
37946
34833
74110
38087
70340
13416
73714
39168
7008
47130
35199
16163
27578
56164
8074
15421
24303
77099
64065
22006
22520
51157
17516
28236
37866
62431
25034
62523
48690
19432
15494
7336
44993
25873
67633
74162
45082
45305
74707
43999
22320
12750
66050
33779
5362
69787
55404
79146
11888
77568
17101
40896
65623
52748
4416
14727
16625
73755
40336
42745
20823
66135
9893
61942
55858
61164
10286
73440
42551
41253
53830
12071
68818
2861
33651
75465
14625
54682
61087
72847
38316
15877
54849
53588
45906
22592
70621
56874
50515
76381
21559
21408
5952
53445
48975
72535
14758
53663
1714
67338
67784
12145
68733
29167
11560
18751
9160
48830
6404
59235
30572
51739
57469
48813
61264
6796
5019
54504
296
57607
27653
25987
34940
9344
41942
49347
24896
32680
15491
17274
18439
11813
34738
23310
58756
34003
27736
17166
27871
34140
51254
24246
76220
10525
32758
17028
21406
61431
13128
69342
25598
69478
60949
78354
56074
15003
6689
18149
35975
39472
26041
41183
12874
25861
3464
17087
54274
27807
10035
69106
71071
19926
40470
41975
58046
73608
8541
35834
60251
78909
29783
61086
50274
74181
2995
47909
44364
58912
12904
36713
13552
22724
11160
5802
32983
36460
52756
28201
37293
14147
9813
33461
76400
47755
61195
69882
3423
39836
48311
47512
47958
56043
72409
14208
39249
67785
52021
49826
18441
64267
40207
48599
13963
72898
63880
33950
35047
50720
41440
73947
45245
50299
35206
68543
51246
29060
3755
37552
13078
74927
23237
70153
6035
72872
14774
47539
66227
30404
16105
44132
77072
32566
66317
9960
27888
10758
8796
24984
12683
20885
48275
72699
52182
59181
75184
39893
61434
63578
62777
69734
34843
74800
32186
59065
68247
18678
74640
33781
14909
65845
63065
13715
48811
63546
9363
22424
26025
8559
11769
55662
58771
11714
51642
66675
27891
38823
38560
35711
70227
54747
9253
8244
10569
1762
57267
71849
30034
17785
61784
61216
30105
18607
37926
43115
978
14875
3029
30830
49264
48859
37475
69353
13289
7078
16277
39985
16393
63440
68549
16628
41280
70708
66635
11675
32860
12841
70971
65743
50238
74545
10505
12892
67647
35853
39289
63274
4838
5723
3617
66367
51380
40497
25672
11030
50480
48172
60396
52336
34362
21851
35183
35033
74653
57662
71785
36879
29636
24013
62723
59258
61934
38360
48346
51102
20401
15331
15779
68759
52071
32740
60696
30745
22110
31267
39931
77999
61416
74076
74017
5563
5937
36156
7595
48319
62368
63908
69264
48210
12468
72115
77438
21358
34524
2603
50534
65990
64464
3991
67046
57176
5793
9054
59160
61447
58155
14599
30783
70733
67301
17997
52988
31656
71442
25449
46390
66765
22138
8378
1959
137
8326
24268
76628
39758
27093
39455
7320
35952
38294
18663
62752
2022
2563
49478
69297
26381
9060
27486
28723
49362
49764
73572
12852
69282
14268
75714
51277
51189
55602
22089
36376
43189
56317
8236
36095
73817
5472
55086
57342
41752
1763
3698
14680
25578
29227
57132
71056
27481
68504
30250
71070
25636
21819
51475
6083
42121
40450
70682
23892
56503
42265
14588
53361
21158
33672
45889
54905
24365
14475
38996
47100
25225
6479
72784
31858
32825
77824
13808
61260
59200
29437
35080
15743
21560
34218
17481
60832
20446
25546
900
14107
61360
55747
65341
22319
56767
75794
63140
35756
17076
19711
75301
43161
38075
22365
61002
49986
34574
72145
43606
6825
23763
29018
1467
35165
52686
13117
67010
58530
18917
79484
66156
70174
15750
59625
7311
53168
40601
69713
4791
6692
14314
63805
41073
54033
23999
61552
63545
63816
30635
348
21300
2366
73841
70042
20288
8290
42529
40175
65374
42180
35167
67668
65200
64380
10682
64789
66604
37375
1390
60202
30260
69160
61535
41835
69433
61250
42331
73663
2717
56872
74838
467
60445
5872
46766
4665
3906
18937
50946
46282
36457
10298
23023
77709
1682
77660
24343
5970
3834
71047
12862
50042
10346
70777
54898
47906
14567
42483
38829
1396
31489
29703
31051
22654
75266
25589
3244
5962
3050
26689
18337
65972
7353
15045
79052
38682
2768
72112
40426
40216
49734
59558
63028
53197
10764
41920
40612
56376
33257
41553
4969
21157
36655
28887
32936
72851
63141
17665
44317
54136
53764
62128
57270
25684
33465
33350
34139
1611
47235
50784
66879
61001
74780
3285
69611
19236
10579
36071
9034
50325
55973
27572
3035
2383
67502
47102
59105
18459
45293
29890
67865
31186
14973
7960
65007
56599
41808
786
21466
12061
17545
17781
68205
60840
51135
45092
14576
30433
6423
69760
49469
26485
64884
4458
23064
63632
5550
5325
9745
68267
50209
19897
53902
53955
2789
73718
58441
79364
74491
3882
16308
66264
56885
72027
8478
26305
9733
44656
44851
67242
74832
59709
21736
52196
43393
66991
2247
4543
31442
18548
10813
2685
73362
28411
39632
42958
6445
66865
5308
15240
42981
79485
69792
2835
48956
69263
25591
11113
67221
48601
58802
41494
54908
74272
66533
74984
33180
13235
56300
16323
40743
18621
51527
57197
41601
10445
44394
30931
61514
48558
31013
24893
40453
29181
41252
58790
2673
41690
36086
64294
15180
29477
23913
4022
1316
19393
55094
60928
44243
37749
9952
7002
8606
5551
63285
51032
65046
63934
31993
40044
60069
53566
78772
42253
54616
56233
14442
38668
74541
77866
44930
9659
34166
38988
8011
75171
30799
5547
79353
16479
23491
49215
15354
13818
27996
68580
69716
44750
72687
24824
10319
33129
62182
72492
53049
3579
56879
21546
21595
54231
67512
8808
74908
37842
40142
40174
74124
72762
61953
4157
61594
66499
111
36606
26055
52775
40039
7025
670
35062
53045
18888
9798
20890
71731
22356
46703
9498
68355
35772
79257
14540
27016
48459
4447
30139
21370
2943
62798
54185
34726
61353
2006
36055
57988
69444
11360
40306
11258
18557
53906
14228
70464
34455
58746
31432
10072
12779
21141
75419
147
4371
53539
37168
58256
46360
8267
34092
69935
52934
13816
31679
32079
50375
58505
63304
3072
11523
11394
36213
64666
61880
29456
40257
19785
1123
15621
37049
39195
79483
1578
39688
32200
73124
73483
72010
46819
10406
3169
43596
1723
17218
4087
38170
59265
72732
1771
52081
29046
21904
48623
30875
54720
2480
54318
23298
22991
55693
47438
54921
59532
9946
51139
21286
46076
40667
44755
60570
68588
65083
77392
2992
35610
66183
29676
17568
11190
62377
41194
23556
51873
43278
61180
55465
36108
14791
39269
32753
5751
43614
29496
45826
7753
65141
18027
12297
19046
31672
69925
62275
38674
9096
66925
24154
30627
38328
54594
76589
15584
68782
50959
65465
14035
5079
53019
27638
52068
15084
2243
70406
53753
32773
2018
79093
66567
55983
56761
38027
39230
10424
44499
31347
46494
21561
40113
11118
49512
39145
38600
75615
50225
19791
444
54772
8294
41041
19837
6848
33570
4433
13294
37524
36952
69851
13119
48437
3204
11403
70740
33976
20690
20927
6172
75693
18480
7716
75811
58208
10760
26638
39755
30187
8846
69832
8654
47423
22459
15477
41376
42497
77960
70094
29716
45999
31016
34376
15470
54151
71011
74135
20518
60550
28164
41503
73117
2112
53405
53925
18241
56151
7819
77774
23638
62809
5316
64819
31546
76227
67656
1386
21000
27751
52732
37448
30581
42890
40094
29656
31372
53332
49397
68454
2201
15689
5774
78866
74983
76269
26629
5032
67551
61532
13853
77272
34134
51528
31577
54006
74994
37876
32010
24329
49671
36946
51427
1510
18129
46656
39449
32586
3672
62929
78375
20272
17419
57082
26126
77678
27776
22315
53001
68813
26889
30795
76157
16410
62560
30110
35
38923
54706
26989
60953
46951
68756
38871
11702
67559
7644
40536
52618
64292
19652
34648
15814
637
36379
41623
36536
45774
50246
63650
53203
44928
53061
33016
56344
33720
74217
70769
17343
28996
57573
30744
17124
78206
16958
23713
30136
51878
30304
38205
49643
77575
49988
48887
46661
27408
43306
15083
56389
15685
51941
29009
22327
51395
53900
17158
57698
52237
13311
65279
31443
32577
40343
74216
58855
53656
1339
69603
38714
56379
2988
420
28111
1475
7240
24152
34959
54331
28020
19691
40155
61745
56906
41325
7969
4303
53494
47320
42363
69789
62097
76834
45618
50462
34516
24603
44225
67032
1796
9386
55877
72327
63328
35702
13501
32048
76331
61741
68704
16857
16134
22309
39061
27614
31868
74735
53869
1051
42123
57981
51583
69697
46557
28315
70274
59404
8782
56004
34127
19010
56336
37078
9951
54656
37852
9710
40125
51630
42320
52696
15756
22445
69141
55324
31370
17906
77370
49208
77243
22730
23592
7650
69776
78857
67006
67156
53832
60859
42419
521
17638
27791
60815
39065
44223
13111
74577
45399
35380
51918
72733
41787
25073
48382
40982
36346
30587
39657
54061
19792
13150
43634
59722
60852
12475
45211
41223
70251
44620
65609
34588
41492
58823
72844
64391
51060
66256
59947
72308
57320
62571
49990
59710
48373
14586
22926
5041
63653
47772
47241
19932
9016
62509
3151
44756
7003
3727
27459
59611
2938
67902
35968
32148
19016
65851
9487
66176
68019
22707
26024
48345
72903
1208
16015
34521
66932
18096
6640
44549
40873
52076
32096
35269
42700
41145
28576
72963
29015
8052
56481
47731
40381
5710
12234
64655
10784
15105
13291
18063
15314
11510
47613
76771
355
70442
47736
57460
4986
3081
40284
20223
69486
13093
14986
5035
75072
77537
41605
1954
38436
38773
40694
48013
72129
13288
21612
45550
78227
45315
57478
46280
55146
62862
31160
23820
32834
2790
38064
64180
57695
40490
27576
66572
78525
28703
1711
71838
16922
77294
7386
5285
62648
43684
78826
68816
34844
60261
48880
71659
44636
1485
11555
20235
31549
55634
9412
6067
27724
2733
46137
12352
66018
5998
52259
35259
26728
58334
12893
8642
47002
45504
46323
27251
3612
20332
45766
26067
40937
11385
76666
13780
38510
63321
35885
49066
26970
20793
50802
53932
21947
29585
1263
70927
6284
52406
73165
10279
66609
33459
13701
51762
39818
13236
43162
13318
18706
74231
9663
72026
24788
76412
11579
55799
30184
19484
44119
41203
48983
45048
4545
44967
57043
74881
37800
61805
65588
16223
68348
49970
60981
67783
54754
21844
16298
72217
27475
67333
21583
44084
50723
71475
11759
2347
45592
43623
54649
15261
58178
73336
4290
28567
69074
59572
12253
48590
71898
57852
59648
48968
12228
47213
38559
7163
43360
57913
40847
777
58755
41338
73570
26458
59306
10818
55805
34583
8812
72553
36607
38596
15965
65175
55829
69729
30301
23777
4688
46194
28618
33298
1864
76023
29143
56431
75134
59831
58170
67932
29648
48699
451
71864
42853
15264
55580
12357
31145
24494
42220
15552
42516
61867
25650
77963
22129
70926
38831
13257
3522
51090
41301
53873
23027
42978
44677
71613
7560
66558
39863
77508
72150
42714
1800
55299
2830
40367
3924
53746
47702
22313
3252
51883
48947
62812
61339
24859
43235
33764
14457
72780
49372
52590
61098
66126
14071
44460
56733
78137
11029
1623
74078
19346
11964
32561
6912
57961
24880
34604
14307
15562
71931
26561
16269
20327
79022
59745
41405
41931
43594
55576
27783
4504
76346
36924
47825
41674
54827
10574
46841
64764
14140
41615
71960
9700
60712
59580
77332
13058
59281
54779
34271
15774
37843
44955
26460
76272
36258
13082
69914
6469
47758
43511
47681
11311
38719
60814
47526
47258
69754
76161
29509
27860
65150
70327
19262
32846
68383
20032
18178
18167
26000
38206
78207
32613
47
8094
20242
13884
37173
49032
5300
63368
42062
28587
42869
22954
32738
41515
7938
66528
42717
33858
33294
16432
29694
33908
18990
32805
31777
20330
13632
58902
2534
62313
65525
53957
59426
38758
1128
58629
60602
29685
12193
20442
5465
597
36315
20576
73390
11859
71799
61476
21231
46087
26521
5697
58543
42377
13673
67781
48692
50097
34313
73659
35249
50252
49321
51236
77921
49741
29459
63095
67581
24422
37751
68556
23356
8032
8304
68519
21398
2723
7996
59049
42442
41242
42306
60711
61192
41916
78455
69007
40519
21495
64362
66357
48845
77309
40859
36135
31570
31433
61817
2592
20501
44562
31403
37704
30833
68787
45343
45392
78476
66920
54258
73706
25372
57072
68237
31643
54170
18829
49889
38973
11783
73308
44660
25265
54414
8694
909
17783
58717
37983
68279
52289
24858
21310
21107
64956
67764
44754
77406
44260
64905
49364
70946
10871
43815
69364
35611
58841
62860
35894
41771
34876
59797
5668
38241
22691
51613
51877
42130
1393
69378
28904
25083
32794
870
56286
13503
29226
14603
23417
54626
20112
38350
54257
57202
20712
21041
33268
3044
23194
36553
37432
79424
22833
76811
70462
68722
51670
51773
70705
44875
34059
77320
21323
37169
41776
12810
42372
72408
41589
73492
31631
43107
66803
54557
55222
17786
76057
73901
33724
56006
28100
63784
14173
22803
62499
1764
72945
20542
26497
21046
34035
22400
22813
8991
78458
70021
52328
67086
32342
26141
5808
24355
52560
15428
13815
16405
11010
37470
64864
25413
77654
48559
57536
61946
23550
23011
8524
748
36016
58343
61875
77592
34475
54372
63827
5535
58578
56092
22552
64327
10705
20959
47249
77619
35930
162
44396
36019
11755
61530
62142
9361
65404
45055
11957
5863
63356
4974
42735
61237
23825
69158
32365
8587
2577
6397
34948
32609
71993
52760
43221
1639
47626
36960
13682
45768
63828
75719
46480
18605
9945
21307
17532
64794
8644
43012
72049
3959
50086
25625
12684
63385
17833
58442
32772
42011
64748
72436
12168
18569
78160
20652
52388
10913
63624
39917
22101
16925
17299
7525
18419
30412
33670
78646
10299
52990
12014
37596
32295
76039
7994
30985
30188
78491
40537
16975
29135
2709
685
4603
76898
67494
47007
566
71713
46901
56870
19494
42295
60876
25124
47179
77114
53043
3783
69799
58128
17869
20622
47405
55526
13019
51756
59302
31759
3254
57925
60074
50141
30102
67441
33581
35932
48341
75481
1804
78333
27610
59293
56877
21051
37172
36509
69844
6147
43487
12798
10624
11248
6342
61083
29096
25899
2426
1340
43669
8276
18856
58023
49973
15616
39054
60429
56771
41151
57173
13900
71506
62575
37787
74413
51959
65286
68630
6489
61628
54264
46246
51011
70363
72417
54727
326
33175
33285
12748
73806
15232
74446
73014
31411
38587
54568
38771
50859
598
52155
76022
30755
57510
56046
41997
65013
76751
70863
16193
53036
28559
70157
49749
21475
35652
60784
31475
29283
59390
31591
42925
73304
50958
28680
8159
30194
11800
12462
65660
41542
63169
65935
78461
14786
22255
56015
72322
18206
5743
9927
28931
51097
71696
3793
34458
38941
47842
8650
61945
75314
15071
69017
18018
18088
12814
1369
70078
51101
41126
24005
33348
19925
72897
11569
39498
19215
2001
70301
25451
7851
66856
8804
17818
44219
40032
53631
69620
20678
36370
49395
34404
75309
41180
38726
8198
59335
33023
63007
18205
68071
53506
30229
56773
4196
11951
45006
51691
22665
38116
59332
63581
40709
12306
74626
58438
36523
74285
64745
52307
20449
60984
78698
65057
5889
56442
69967
58426
46131
10589
31002
28741
11618
23403
28883
29750
23390
54637
58794
16162
38031
18399
38344
25559
3610
15405
15608
23669
67423
5148
43316
17023
70253
52516
69788
11928
54095
68989
9919
30780
65019
51994
46303
79349
36643
48158
46707
31263
37790
52299
32869
6390
2307
61222
23808
37548
69365
15391
18973
55639
55574
30143
65923
10566
63362
4814
25175
71550
53971
65078
52719
62450
42569
22745
15403
15738
30319
57776
49230
75224
21891
16783
64693
18892
78344
42744
76720
67994
65089
22998
6534
70291
71805
37663
15046
53230
47385
67539
39767
53141
57069
54235
27649
20508
46604
8855
8651
62792
45950
783
46035
62642
51631
16020
76001
19658
61451
16028
52782
41483
22870
50481
76379
22289
12596
37739
31133
36886
7492
52326
25165
54572
49022
16605
71262
41011
21496
48658
30957
75318
22415
21779
65015
12618
6729
77907
31881
60078
60952
21207
11626
2692
76164
1370
55733
47515
51195
73284
132
5621
55674
18611
3823
26540
12675
22957
2862
9669
51095
56138
43918
54501
63235
43540
5476
23981
66148
31458
23891
30996
79340
15450
361
3773
55554
5584
4193
38776
4648
64024
39894
2983
6261
60651
17643
27750
66398
21362
59529
48035
11456
13146
36759
31204
43335
48789
6514
353
71364
48077
73673
52608
6348
12027
21750
41629
50025
52229
50347
44183
56749
77608
18516
68904
55922
65721
13897
61185
10057
38961
64765
35356
53581
41213
77161
60088
15727
33011
29762
32927
8248
17233
25251
27427
67964
13228
20878
74433
78052
33
47667
51833
66446
41535
34025
60148
41826
20701
53069
18552
2925
56179
48399
3210
7442
60499
57394
31428
48302
9630
27846
58586
39172
24927
3631
17839
47389
25503
55725
32330
34181
78230
1795
43042
68566
10327
23786
78190
79599
50585
4492
48709
68214
72309
25114
58596
3257
38939
50020
4626
55325
4987
40839
69251
16553
18724
10178
14972
13740
22311
2134
15389
32040
79511
63943
65928
52011
6406
29140
62780
28262
36026
32551
57512
75046
47587
2244
58350
11856
23478
24402
19858
20570
27994
52211
16989
4964
74315
51289
8963
56435
67389
67758
19481
40500
71742
26221
43741
31068
13647
20409
58119
41227
40011
5769
40442
29860
38395
74373
52172
12263
7821
25377
12009
4884
50637
15
18199
58299
27595
42976
37815
31920
69536
24649
28944
68433
20849
18883
5656
27767
7611
73909
39026
38841
68272
46462
31215
28039
45584
56460
58480
68076
55464
36228
52005
18723
39012
74380
20030
11966
42206
30851
68530
51422
53291
64967
33338
29526
62989
65542
12365
63542
61484
53341
5835
11647
2896
62672
39448
25477
64243
53202
17236
15134
57508
67394
63096
38798
19398
45918
53077
41328
26768
47039
18680
26149
77581
9250
4985
60841
23766
26908
29714
10671
48056
37302
62315
18507
33188
68091
14263
39911
28681
67091
1132
36809
16486
35682
76913
61897
68999
79306
10729
41685
1884
56796
65652
63540
57004
63361
67304
49059
51017
7707
12033
28606
28951
45742
58260
51910
9102
1399
57629
41286
4718
72043
73522
70481
74559
24253
35273
71164
51126
50763
49829
55962
66734
22196
25409
18841
55687
10577
36242
18840
77441
38873
10131
17898
6525
69314
65209
57032
67262
36922
75172
8887
69802
69957
44004
39728
21737
68649
36477
52849
4310
51697
62047
55613
79481
19969
29067
67353
35556
55842
2406
34426
76225
26852
70861
73614
59860
75421
54127
20767
65517
3720
16695
54646
60583
59641
20166
56017
14070
32766
22301
2825
56086
61663
53172
7445
22218
62078
4214
53779
45429
64333
55813
13144
75030
62981
1550
73471
20145
21558
57606
27714
36067
47291
39558
32102
3745
39752
36196
55952
68338
37788
25058
47491
13601
54520
55744
37260
73431
68416
43017
59314
35122
37501
50371
4617
9775
7331
12465
23970
15633
10189
24789
18365
1152
47014
56859
49672
66485
43030
38162
44399
69318
2319
5022
30928
16369
40465
31539
6524
72928
19116
14690
46746
29892
41980
62356
77657
2430
12166
77465
7000
39385
78139
11564
34027
6841
39639
66850
67292
16197
8542
31892
64133
53301
19668
7498
10626
51488
64937
70931
74562
52091
75587
27105
25641
52722
46118
64466
60260
62154
30235
524
38799
72074
55997
44659
21140
11805
36263
2065
45677
22885
5946
6583
49101
72334
51288
34365
46175
67867
52339
72683
52676
66938
8503
75745
63779
46054
36172
79635
25490
78897
67140
174
7400
76217
66217
67625
58519
72274
1159
76582
37141
4691
7325
69511
4905
23918
71774
61053
15523
65096
54869
66130
50436
71007
76678
42353
23539
4729
10184
65477
12583
70578
64570
8427
9932
2054
40719
4188
22498
12424
58752
23349
10803
11916
57456
26821
45599
9317
79141
4128
62204
29747
35599
73480
71424
35032
49442
70052
70814
10392
67107
5213
18754
46205
74583
38321
10115
66139
9289
57128
20324
76793
11936
57462
438
6355
34212
72722
53986
46401
53912
64425
50010
10602
3772
14761
42879
15510
15928
51164
14063
65670
66203
7015
78210
28803
46209
19929
37942
59877
2987
31974
78273
67752
52393
41845
56446
21399
71628
13007
62427
42833
78392
37726
17613
40523
52665
19916
74873
8554
22141
37494
34710
68509
59089
50680
58364
3544
52950
44893
65785
50116
56048
77891
24669
26647
70397
34406
30256
15359
44062
72961
5788
18171
52549
63708
40912
56390
7511
71723
76864
18563
49156
37333
40186
61395
20706
22951
11097
7578
8906
24668
45226
9503
76684
12774
52167
55931
34619
11319
5059
70132
78288
10573
11955
1548
15187
54825
30313
28997
54508
78675
17514
44415
79392
19474
63874
11008
57540
48511
38710
46230
72678
36764
39616
25869
39360
39541
63376
57947
25774
31823
50036
5792
52236
49436
33300
10896
11576
19504
24634
24665
17604
5459
63553
27612
7462
52725
74837
34492
16305
52639
38497
76139
28850
73211
11440
47688
32728
73383
41887
14729
35725
48737
31174
10321
76
50442
54425
37
9179
53426
69641
40228
74376
59946
38914
5483
3381
46368
11987
45541
48519
7332
33965
11591
30929
3343
63395
63899
61272
72451
71122
73098
17464
12704
76671
29688
62106
21810
35674
62965
20486
64679
69458
18037
37420
64824
59550
39933
20655
24520
25103
6311
18654
62133
57950
43454
37655
58937
32980
34922
34985
29737
63456
44088
22765
65507
30210
49542
17577
56844
61144
42968
58282
76456
33466
21291
31024
71136
63845
22035
49322
38918
65958
37567
50752
4463
56316
4676
54362
14703
70164
65880
60539
9284
69712
72531
69619
65826
43002
5386
5707
37791
58788
22770
15404
78683
21259
58895
70357
32574
8873
57752
13903
5255
16463
75936
68864
34714
76303
29651
61790
34943
2864
75724
53414
21568
76688
63786
56912
40605
58044
43343
6193
14156
44645
2909
43950
39131
77210
18025
43858
73795
70040
69335
76162
4336
63256
75840
13329
28399
79029
6996
1099
29500
22590
41089
25698
8155
76778
41287
2346
29302
10280
35925
51980
51
60265
72321
39469
56250
78444
14021
48530
8178
46597
3529
25105
67690
40157
9025
37869
10833
38202
6915
3510
51560
12651
58728
58380
26856
366
53354
1894
71297
65117
9295
7150
7618
22860
6196
3165
17535
70470
38466
60063
14747
38850
5371
12585
37518
67657
64750
725
69463
25346
5289
23062
66788
44442
7281
34675
6025
31563
60955
76807
7544
55201
38422
73777
72867
1285
19602
40823
41757
14771
56339
844
30394
16758
34493
2102
52626
32844
78055
20967
32641
18012
64522
58776
64616
70590
20428
10468
31455
33483
8925
56022
29728
16511
13570
21413
76127
35267
42025
14708
54359
38764
43834
14344
69102
23932
28288
56725
35631
55721
62502
18097
49179
45954
52824
47328
57815
67841
10982
76165
62025
62496
41329
75538
65480
16863
47625
23176
4468
3556
65438
57242
69768
47224
76453
40092
54729
64741
70883
65156
28724
56
33327
18150
70716
52792
5663
48014
30958
36914
18185
26749
29825
22003
36151
54910
58857
48397
382
42951
10044
70024
47674
42499
36869
13759
29164
10490
18734
49334
36495
53131
37648
75813
35222
42966
5442
70604
79474
58632
51913
34815
44556
71459
18810
48568
53992
14276
13249
47428
22641
31030
26944
58051
69321
74710
36803
47074
18681
16328
25271
46236
52603
64275
42955
34163
45472
51166
11539
677
78674
8271
12085
34108
6418
76858
21396
52905
17324
20312
56232
37780
70208
28155
31776
34319
73268
39343
31831
7937
31506
36161
48933
53102
29089
66773
42066
74381
60809
34026
76746
71729
8944
38907
63906
49569
16819
43472
11298
43346
31066
47011
49105
53945
39285
16519
7527
14387
44819
3319
7257
28283
25334
41874
65290
7348
9387
43552
37412
44862
70225
58176
51635
23370
50630
59548
57112
27460
66368
29119
8083
23873
52264
58652
58180
65106
57897
74570
18599
11874
12649
50488
19995
79574
52543
71000
51807
72810
74021
58139
66281
55140
19357
41851
26533
63244
24099
15051
59433
75691
51205
60161
1364
68361
43714
11992
37590
59149
1625
28105
30130
66622
26649
38562
23510
6942
79282
25734
53070
14219
45579
66984
75945
75125
13067
61662
28810
33443
45797
50538
40562
67039
14007
12020
55729
39356
69584
47496
71493
33774
54150
8194
27670
31541
45396
53883
50617
54188
17446
73419
2767
2080
21837
1175
33452
58138
74862
71708
30318
6233
48713
44338
54848
68883
50988
28302
12149
61965
18072
44229
61801
34419
5136
75835
35926
12000
76775
11047
4900
72003
61384
68033
62514
61338
77217
32351
36839
47843
55372
23246
21650
75081
68623
50715
2744
37571
4952
61028
14733
23632
866
40556
52189
68281
1552
5150
67184
66340
49568
22866
35342
656
13342
41890
22462
56708
78408
47506
34470
57354
57356
59864
66515
5520
79630
59810
75187
39134
53587
59078
20855
19674
10471
48932
71607
35638
25418
72119
77142
53111
19175
67961
63005
45503
14751
33244
526
46683
17778
67194
55691
59443
23951
70192
66626
72811
57514
11601
40801
77180
4109
36994
66898
15812
29641
76181
13572
45655
60691
73321
34109
14992
59853
3211
3276
71821
49019
26707
24009
26869
25123
12641
34144
18637
58182
75667
3087
40326
48795
69601
36603
6395
21936
38504
75078
34885
78032
25694
70260
32313
65343
48727
70500
26292
40265
61420
43443
51623
5533
64429
62451
52000
67680
40876
52746
27419
57256
4262
26428
75819
68555
16645
12601
51991
34294
45556
13347
6058
69237
12646
19874
57542
1264
79533
1824
78636
55410
38756
64627
75261
10721
21204
58452
43230
15164
61397
13522
44643
2231
77189
45852
56241
4266
11892
56598
22194
21267
1455
40547
61471
53254
28871
20913
10418
16866
61073
43677
51973
17735
9886
61281
47614
59520
59796
24327
70887
39750
16503
20264
28564
20232
60356
12969
49803
35343
5101
39819
66142
78956
16762
61828
7067
49684
72875
20683
8446
30977
68311
45408
20992
68962
73140
35211
65693
70668
16033
14926
56259
36093
10176
38216
4640
62462
3412
15567
21014
20803
69900
41422
46918
77309
42631
64700
28240
14041
28971
18128
49662
40595
22060
10460
32636
46997
37752
378
43441
68657
12174
41196
21942
69794
30002
61678
72422
18168
32376
5362
11193
17267
11685
35110
57383
27680
67322
78744
35988
39864
22015
47066
30921
23756
43761
20920
62805
12188
30836
25147
27879
50991
29457
66569
33399
18026
37945
9787
18676
71442
71742
21993
46477
57581
25830
75888
19005
67864
29891
56331
9728
60258
61785
16120
36988
49134
42564
19602
1511
38031
61696
6410
21992
19440
61041
26539
78611
17155
74479
18033
524
8041
74103
39603
41850
11650
14896
68000
27817
15583
62728
47844
56998
47434
15574
39212
77425
17742
